#! FIELDS time d metad.bias metad.rct
 0.000000 0.101150 0.000000 0.000000
 0.200000 0.073388 0.000000 0.000000
 0.400000 0.070675 0.000000 0.000000
 0.600000 0.074899 0.000000 0.000000
 0.800000 0.106414 0.000000 0.000000
 1.000000 0.140813 0.000000 0.000000
 1.200000 0.107193 0.138846 0.000000
 1.400000 0.068567 0.000000 0.000000
 1.600000 0.067454 0.000000 0.000000
 1.800000 0.087857 0.000069 0.000000
 2.000000 0.102491 0.063689 0.000000
 2.200000 0.107821 1.790787 0.000000
 2.400000 0.109925 1.750034 0.000000
 2.600000 0.096630 1.636039 0.000000
 2.800000 0.099574 1.748936 0.000000
 3.000000 0.117287 1.580669 0.000000
 3.200000 0.114799 3.240338 0.000000
 3.400000 0.109316 3.178954 0.000000
 3.600000 0.102108 2.780085 0.000000
 3.800000 0.127880 2.890038 0.000000
 4.000000 0.121406 3.112556 0.000000
 4.200000 0.111563 4.455406 0.000000
 4.400000 0.099523 3.078549 0.000000
 4.600000 0.105272 3.853373 0.000000
 4.800000 0.117310 4.678867 0.000000
 5.000000 0.118700 4.682493 1.549854
 5.200000 0.105826 4.900824 1.549854
 5.400000 0.092519 2.363362 1.549854
 5.600000 0.105317 4.811968 1.549854
 5.800000 0.098508 3.502715 1.549854
 6.000000 0.085197 1.253347 1.549854
 6.200000 0.086662 3.089922 1.549854
 6.400000 0.091796 3.738972 1.549854
 6.600000 0.083603 2.711867 1.549854
 6.800000 0.089414 3.435049 1.549854
 7.000000 0.080247 2.303225 1.549854
 7.200000 0.089731 4.767905 1.549854
 7.400000 0.102709 5.677757 1.549854
 7.600000 0.088124 4.647788 1.549854
 7.800000 0.091366 4.882938 1.549854
 8.000000 0.104079 5.780274 1.549854
 8.200000 0.093994 6.138727 1.549854
 8.400000 0.090787 5.755485 1.549854
 8.600000 0.102575 7.013625 1.549854
 8.800000 0.096584 6.428636 1.549854
 9.000000 0.097943 6.573190 1.549854
 9.200000 0.110005 8.371142 1.549854
 9.400000 0.111498 8.311267 1.549854
 9.600000 0.112433 8.259284 1.549854
 9.800000 0.097407 7.821760 1.549854
 10.000000 0.084059 5.700640 3.829891
 10.200000 0.101032 8.870418 3.829891
 10.400000 0.112742 8.455610 3.829891
 10.600000 0.103915 8.890576 3.829891
 10.800000 0.114725 8.250590 3.829891
 11.000000 0.099838 8.839414 3.829891
 11.200000 0.066740 2.931991 3.829891
 11.400000 0.064465 2.401400 3.829891
 11.600000 0.070886 4.026453 3.829891
 11.800000 0.081833 7.162694 3.829891
 12.000000 0.086209 8.241878 3.829891
 12.200000 0.093098 10.562917 3.829891
 12.400000 0.126967 6.501882 3.829891
 12.600000 0.126962 6.503073 3.829891
 12.800000 0.134344 4.833892 3.829891
 13.000000 0.158431 1.020579 3.829891
 13.200000 0.165312 1.996849 3.829891
 13.400000 0.152536 3.227870 3.829891
 13.600000 0.140163 4.450641 3.829891
 13.800000 0.135959 5.033886 3.829891
 14.000000 0.118847 8.389874 3.829891
 14.200000 0.129112 7.202092 3.829891
 14.400000 0.112478 10.679089 3.829891
 14.600000 0.111734 10.775009 3.829891
 14.800000 0.106144 11.274265 3.829891
 15.000000 0.113907 10.475825 6.624458
 15.200000 0.114597 11.465161 6.624458
 15.400000 0.129282 7.809139 6.624458
 15.600000 0.123157 9.549329 6.624458
 15.800000 0.137738 5.623839 6.624458
 16.000000 0.151116 3.517891 6.624458
 16.200000 0.138709 6.477653 6.624458
 16.400000 0.128918 8.412038 6.624458
 16.600000 0.116889 11.158694 6.624458
 16.800000 0.131874 7.737955 6.624458
 17.000000 0.134664 7.167817 6.624458
 17.200000 0.121904 10.990822 6.624458
 17.400000 0.127083 9.972749 6.624458
 17.600000 0.136550 8.087041 6.624458
 17.800000 0.112442 12.249937 6.624458
 18.000000 0.119845 11.348216 6.624458
 18.200000 0.120365 12.316391 6.624458
 18.400000 0.105810 13.131270 6.624458
 18.600000 0.121244 12.160318 6.624458
 18.800000 0.134066 9.227118 6.624458
 19.000000 0.156035 4.921059 6.624458
 19.200000 0.154271 6.646841 6.624458
 19.400000 0.155965 6.339775 6.624458
 19.600000 0.133805 9.755639 6.624458
 19.800000 0.146433 7.819247 6.624458
 20.000000 0.165408 4.262001 7.917132
 20.200000 0.166716 5.389957 7.917132
 20.400000 0.161158 6.649795 7.917132
 20.600000 0.174964 3.303572 7.917132
 20.800000 0.172993 3.790742 7.917132
 21.000000 0.160769 6.726685 7.917132
 21.200000 0.181708 2.341458 7.917132
 21.400000 0.196536 0.348508 7.917132
 21.600000 0.201045 0.158539 7.917132
 21.800000 0.192159 0.675357 7.917132
 22.000000 0.178891 3.032902 7.917132
 22.200000 0.175609 5.435536 7.917132
 22.400000 0.193189 1.551952 7.917132
 22.600000 0.190904 1.912274 7.917132
 22.800000 0.203370 0.501363 7.917132
 23.000000 0.181533 3.886756 7.917132
 23.200000 0.183195 4.946385 7.917132
 23.400000 0.195986 2.101997 7.917132
 23.600000 0.201564 1.231088 7.917132
 23.800000 0.194529 2.374091 7.917132
 24.000000 0.194786 2.324678 7.917132
 24.200000 0.203921 2.258284 7.917132
 24.400000 0.213204 1.012433 7.917132
 24.600000 0.202981 2.413445 7.917132
 24.800000 0.203847 2.270362 7.917132
 25.000000 0.222784 0.322880 8.161112
 25.200000 0.212783 2.436838 8.161112
 25.400000 0.199277 3.565644 8.161112
 25.600000 0.197541 3.798812 8.161112
 25.800000 0.205922 2.859264 8.161112
 26.000000 0.213086 2.423634 8.161112
 26.200000 0.226927 2.860061 8.161112
 26.400000 0.213757 3.964715 8.161112
 26.600000 0.185073 6.104984 8.161112
 26.800000 0.189561 5.509144 8.161112
 27.000000 0.206894 4.224494 8.161112
 27.200000 0.211635 5.432710 8.161112
 27.400000 0.234286 2.179232 8.161112
 27.600000 0.227027 3.435170 8.161112
 27.800000 0.228817 3.120141 8.161112
 28.000000 0.225473 3.704069 8.161112
 28.200000 0.226191 5.062730 8.161112
 28.400000 0.250177 0.793709 8.161112
 28.600000 0.236421 2.979287 8.161112
 28.800000 0.216864 6.219025 8.161112
 29.000000 0.202509 6.254283 8.161112
 29.200000 0.202749 7.584518 8.161112
 29.400000 0.205559 7.628833 8.161112
 29.600000 0.207543 7.626228 8.161112
 29.800000 0.205630 7.629295 8.161112
 30.000000 0.185967 7.288614 8.390233
 30.200000 0.161337 9.767889 8.390233
 30.400000 0.156262 9.808501 8.390233
 30.600000 0.162459 9.734316 8.390233
 30.800000 0.175520 8.996719 8.390233
 31.000000 0.187390 8.518066 8.390233
 31.200000 0.174808 9.879562 8.390233
 31.400000 0.159463 10.014520 8.390233
 31.600000 0.136807 9.852242 8.390233
 31.800000 0.131437 10.531569 8.390233
 32.000000 0.151201 9.760195 8.390233
 32.200000 0.148075 10.750544 8.390233
 32.400000 0.136516 10.580070 8.390233
 32.600000 0.139841 10.493998 8.390233
 32.800000 0.130294 11.145029 8.390233
 33.000000 0.126854 11.627114 8.390233
 33.200000 0.142214 11.132589 8.390233
 33.400000 0.125128 12.924025 8.390233
 33.600000 0.135940 11.478202 8.390233
 33.800000 0.140989 11.165198 8.390233
 34.000000 0.141586 11.147411 8.390233
 34.200000 0.139021 12.300689 8.390233
 34.400000 0.132198 12.774306 8.390233
 34.600000 0.136116 12.458566 8.390233
 34.800000 0.114491 14.100321 8.390233
 35.000000 0.113326 14.084623 10.158556
 35.200000 0.104219 14.189228 10.158556
 35.400000 0.092584 11.826015 10.158556
 35.600000 0.073044 5.529167 10.158556
 35.800000 0.084908 9.651553 10.158556
 36.000000 0.095245 12.463528 10.158556
 36.200000 0.108304 15.395192 10.158556
 36.400000 0.082020 9.384615 10.158556
 36.600000 0.085551 10.668050 10.158556
 36.800000 0.088055 11.499567 10.158556
 37.000000 0.099638 14.355221 10.158556
 37.200000 0.105529 16.026006 10.158556
 37.400000 0.094197 14.085686 10.158556
 37.600000 0.065974 3.463805 10.158556
 37.800000 0.072103 5.674556 10.158556
 38.000000 0.068035 4.148026 10.158556
 38.200000 0.061964 3.676521 10.158556
 38.400000 0.063939 4.258829 10.158556
 38.600000 0.054099 1.842663 10.158556
 38.800000 0.059543 3.027741 10.158556
 39.000000 0.057003 2.427549 10.158556
 39.200000 0.064279 5.759503 10.158556
 39.400000 0.080310 10.637257 10.158556
 39.600000 0.078142 9.943136 10.158556
 39.800000 0.065887 6.193588 10.158556
 40.000000 0.076328 9.359634 11.356566
 40.200000 0.076922 10.702957 11.356566
 40.400000 0.072145 9.144124 11.356566
 40.600000 0.081220 12.018859 11.356566
 40.800000 0.079639 11.548792 11.356566
 41.000000 0.061158 5.654406 11.356566
 41.200000 0.067076 8.737394 11.356566
 41.400000 0.080017 12.278640 11.356566
 41.600000 0.080254 12.337202 11.356566
 41.800000 0.074757 10.904992 11.356566
 42.000000 0.058160 6.142846 11.356566
 42.200000 0.068613 10.224442 11.356566
 42.400000 0.082835 13.299022 11.356566
 42.600000 0.078698 12.465888 11.356566
 42.800000 0.056009 6.841547 11.356566
 43.000000 0.038215 1.979208 11.356566
 43.200000 0.041450 4.250292 11.356566
 43.400000 0.040081 3.961409 11.356566
 43.600000 0.049441 6.070033 11.356566
 43.800000 0.058775 8.275484 11.356566
 44.000000 0.064253 9.496008 11.356566
 44.200000 0.073620 12.414012 11.356566
 44.400000 0.077538 13.045335 11.356566
 44.600000 0.073032 12.315288 11.356566
 44.800000 0.091707 15.074258 11.356566
 45.000000 0.079847 13.400376 11.910462
 45.200000 0.077178 13.937187 11.910462
 45.400000 0.068246 12.169995 11.910462
 45.600000 0.058738 9.695113 11.910462
 45.800000 0.046522 6.033434 11.910462
 46.000000 0.058230 9.547301 11.910462
 46.200000 0.078474 14.608599 11.910462
 46.400000 0.072438 13.796369 11.910462
 46.600000 0.076725 14.393931 11.910462
 46.800000 0.075275 14.203978 11.910462
 47.000000 0.062775 11.910035 11.910462
 47.200000 0.044063 6.542851 11.910462
 47.400000 0.064777 13.395877 11.910462
 47.600000 0.048790 8.303752 11.910462
 47.800000 0.051463 9.314494 11.910462
 48.000000 0.052460 9.686080 11.910462
 48.200000 0.035702 4.471118 11.910462
 48.400000 0.050066 9.909876 11.910462
 48.600000 0.067155 14.563309 11.910462
 48.800000 0.078489 15.454797 11.910462
 49.000000 0.047911 9.056268 11.910462
 49.200000 0.057883 13.566996 11.910462
 49.400000 0.059031 13.839579 11.910462
 49.600000 0.057643 13.506590 11.910462
 49.800000 0.063436 14.649624 11.910462
 50.000000 0.043274 8.317238 12.520864
 50.200000 0.054449 13.512905 12.520864
 50.400000 0.054637 13.562968 12.520864
 50.600000 0.054793 13.604232 12.520864
 50.800000 0.044637 10.087230 12.520864
 51.000000 0.035945 6.471000 12.520864
 51.200000 0.029320 5.226866 12.520864
 51.400000 0.033733 6.899740 12.520864
 51.600000 0.040309 9.537204 12.520864
 51.800000 0.040744 9.709765 12.520864
 52.000000 0.046960 12.014841 12.520864
 52.200000 0.049082 13.716658 12.520864
 52.400000 0.044237 12.056974 12.520864
 52.600000 0.048200 13.445588 12.520864
 52.800000 0.076152 15.826505 12.520864
 53.000000 0.084934 15.864895 12.520864
 53.200000 0.070958 16.480296 12.520864
 53.400000 0.080097 16.622954 12.520864
 53.600000 0.095509 16.931994 12.520864
 53.800000 0.088628 16.809298 12.520864
 54.000000 0.090292 16.844649 12.520864
 54.200000 0.080267 17.286945 12.520864
 54.400000 0.077809 17.164532 12.520864
 54.600000 0.061301 16.223214 12.520864
 54.800000 0.072572 16.913660 12.520864
 55.000000 0.082826 17.410406 14.088385
 55.200000 0.081966 18.174216 14.088385
 55.400000 0.070321 17.378663 14.088385
 55.600000 0.060028 16.337263 14.088385
 55.800000 0.050937 14.409784 14.088385
 56.000000 0.080616 18.101213 14.088385
 56.200000 0.058943 16.448866 14.088385
 56.400000 0.052997 15.109870 14.088385
 56.600000 0.039342 10.086639 14.088385
 56.800000 0.033008 7.284980 14.088385
 57.000000 0.036000 8.604098 14.088385
 57.200000 0.042026 12.343710 14.088385
 57.400000 0.045201 13.517605 14.088385
 57.600000 0.044227 13.172753 14.088385
 57.800000 0.062421 17.272207 14.088385
 58.000000 0.060671 17.055525 14.088385
 58.200000 0.067987 18.584658 14.088385
 58.400000 0.047092 14.688101 14.088385
 58.600000 0.040753 12.173018 14.088385
 58.800000 0.024230 4.784238 14.088385
 59.000000 0.038055 10.961482 14.088385
 59.200000 0.023298 5.094324 14.088385
 59.400000 0.035144 10.659804 14.088385
 59.600000 0.045741 15.142334 14.088385
 59.800000 0.027209 6.816606 14.088385
 60.000000 0.029878 8.085860 15.114279
 60.200000 0.037134 12.693715 15.114279
 60.400000 0.040031 13.890015 15.114279
 60.600000 0.030731 9.719586 15.114279
 60.800000 0.035172 11.819861 15.114279
 61.000000 0.045906 15.886758 15.114279
 61.200000 0.056665 18.655461 15.114279
 61.400000 0.051854 18.075704 15.114279
 61.600000 0.034207 12.011103 15.114279
 61.800000 0.028477 9.066445 15.114279
 62.000000 0.027015 8.314459 15.114279
 62.200000 0.059176 18.944104 15.114279
 62.400000 0.072526 19.161972 15.114279
 62.600000 0.063426 19.042027 15.114279
 62.800000 0.076242 19.236320 15.114279
 63.000000 0.083378 19.319858 15.114279
 63.200000 0.050814 18.306896 15.114279
 63.400000 0.040154 15.571978 15.114279
 63.600000 0.048142 17.828142 15.114279
 63.800000 0.064448 19.387615 15.114279
 64.000000 0.067327 19.502348 15.114279
 64.200000 0.056645 19.542942 15.114279
 64.400000 0.052386 18.979524 15.114279
 64.600000 0.033701 12.910885 15.114279
 64.800000 0.038488 15.053711 15.114279
 65.000000 0.049314 18.409706 16.542696
 65.200000 0.048817 19.073159 16.542696
 65.400000 0.042257 17.161812 16.542696
 65.600000 0.032788 12.887295 16.542696
 65.800000 0.042691 17.317548 16.542696
 66.000000 0.054671 20.034301 16.542696
 66.200000 0.045583 18.844507 16.542696
 66.400000 0.034629 14.121369 16.542696
 66.600000 0.031876 12.634246 16.542696
 66.800000 0.044778 18.584081 16.542696
 67.000000 0.047705 19.458320 16.542696
 67.200000 0.052384 21.142943 16.542696
 67.400000 0.046426 19.834108 16.542696
 67.600000 0.041114 17.877286 16.542696
 67.800000 0.023912 8.441001 16.542696
 68.000000 0.031569 12.876564 16.542696
 68.200000 0.022882 8.710223 16.542696
 68.400000 0.040260 18.330230 16.542696
 68.600000 0.054229 21.682431 16.542696
 68.800000 0.038659 17.621902 16.542696
 69.000000 0.039521 18.011209 16.542696
 69.200000 0.036222 17.197397 16.542696
 69.400000 0.047718 21.424333 16.542696
 69.600000 0.049991 21.805441 16.542696
 69.800000 0.047064 21.287670 16.542696
 70.000000 0.039438 18.758934 17.915413
 70.200000 0.043902 21.175650 17.915413
 70.400000 0.048631 22.223190 17.915413
 70.600000 0.050659 22.464407 17.915413
 70.800000 0.035738 17.676246 17.915413
 71.000000 0.061577 22.275457 17.915413
 71.200000 0.080954 21.138747 17.915413
 71.400000 0.087550 20.519926 17.915413
 71.600000 0.083691 20.901986 17.915413
 71.800000 0.067777 22.309076 17.915413
 72.000000 0.075276 21.603793 17.915413
 72.200000 0.087805 20.963445 17.915413
 72.400000 0.091600 20.417983 17.915413
 72.600000 0.118876 15.943109 17.915413
 72.800000 0.105622 18.193627 17.915413
 73.000000 0.081055 21.750912 17.915413
 73.200000 0.065068 23.495241 17.915413
 73.400000 0.073291 23.018972 17.915413
 73.600000 0.079105 22.596129 17.915413
 73.800000 0.078927 22.611417 17.915413
 74.000000 0.079627 22.550067 17.915413
 74.200000 0.075132 23.511281 17.915413
 74.400000 0.089982 21.719022 17.915413
 74.600000 0.093121 21.091822 17.915413
 74.800000 0.094534 20.795348 17.915413
 75.000000 0.099341 19.769137 19.688627
 75.200000 0.099363 20.490027 19.688627
 75.400000 0.078378 23.568404 19.688627
 75.600000 0.063792 23.967713 19.688627
 75.800000 0.080060 23.467911 19.688627
 76.000000 0.082949 23.237503 19.688627
 76.200000 0.093404 22.190897 19.688627
 76.400000 0.096556 21.487510 19.688627
 76.600000 0.077085 24.207010 19.688627
 76.800000 0.067125 24.263300 19.688627
 77.000000 0.081178 24.005273 19.688627
 77.200000 0.097822 21.517080 19.688627
 77.400000 0.111368 18.144358 19.688627
 77.600000 0.112967 17.766396 19.688627
 77.800000 0.103899 19.958163 19.688627
 78.000000 0.110118 18.440959 19.688627
 78.200000 0.108217 19.659485 19.688627
 78.400000 0.101974 21.110233 19.688627
 78.600000 0.114882 18.044647 19.688627
 78.800000 0.111503 18.878602 19.688627
 79.000000 0.102379 21.016526 19.688627
 79.200000 0.096757 22.947661 19.688627
 79.400000 0.095078 23.288991 19.688627
 79.600000 0.116924 17.949230 19.688627
 79.800000 0.131075 14.016630 19.688627
 80.000000 0.135988 13.105246 20.774956
 80.200000 0.107447 20.645844 20.774956
 80.400000 0.097551 22.814659 20.774956
 80.600000 0.099821 22.335615 20.774956
 80.800000 0.092821 23.726735 20.774956
 81.000000 0.078048 25.022544 20.774956
 81.200000 0.078661 25.595204 20.774956
 81.400000 0.101617 22.113456 20.774956
 81.600000 0.096379 23.325582 20.774956
 81.800000 0.105268 21.247937 20.774956
 82.000000 0.133824 14.425452 20.774956
 82.200000 0.130749 15.909638 20.774956
 82.400000 0.111460 20.063747 20.774956
 82.600000 0.108257 20.749232 20.774956
 82.800000 0.071255 25.380032 20.774956
 83.000000 0.055001 24.226219 20.774956
 83.200000 0.056158 24.948014 20.774956
 83.400000 0.062708 25.395366 20.774956
 83.600000 0.066994 25.567519 20.774956
 83.800000 0.074863 25.785365 20.774956
 84.000000 0.078606 25.767137 20.774956
 84.200000 0.076954 26.343227 20.774956
 84.400000 0.079312 26.302369 20.774956
 84.600000 0.101826 22.327349 20.774956
 84.800000 0.103661 21.888950 20.774956
 85.000000 0.104178 21.766831 22.082654
 85.200000 0.116586 19.455477 22.082654
 85.400000 0.105723 22.065965 22.082654
 85.600000 0.091588 25.209529 22.082654
 85.800000 0.098541 23.744033 22.082654
 86.000000 0.094812 24.570075 22.082654
 86.200000 0.091423 25.810702 22.082654
 86.400000 0.065250 25.979558 22.082654
 86.600000 0.072586 26.523060 22.082654
 86.800000 0.059465 25.505955 22.082654
 87.000000 0.047401 23.408422 22.082654
 87.200000 0.048262 24.267766 22.082654
 87.400000 0.034506 17.813381 22.082654
 87.600000 0.035238 18.283139 22.082654
 87.800000 0.035207 18.263042 22.082654
 88.000000 0.031261 15.627518 22.082654
 88.200000 0.029137 15.002069 22.082654
 88.400000 0.031373 16.577213 22.082654
 88.600000 0.032450 17.314187 22.082654
 88.800000 0.036394 19.824526 22.082654
 89.000000 0.028515 14.556525 22.082654
 89.200000 0.039992 22.448903 22.082654
 89.400000 0.047059 24.848496 22.082654
 89.600000 0.050994 25.570148 22.082654
 89.800000 0.064833 26.378119 22.082654
 90.000000 0.080446 26.869953 23.100974
 90.200000 0.082782 27.319403 23.100974
 90.400000 0.078212 27.398463 23.100974
 90.600000 0.054999 26.105280 23.100974
 90.800000 0.053978 26.011016 23.100974
 91.000000 0.067872 26.863501 23.100974
 91.200000 0.071863 27.628309 23.100974
 91.400000 0.093030 26.021480 23.100974
 91.600000 0.105012 22.859600 23.100974
 91.800000 0.113620 20.497266 23.100974
 92.000000 0.115557 19.969097 23.100974
 92.200000 0.104336 23.589689 23.100974
 92.400000 0.109801 22.209393 23.100974
 92.600000 0.111366 21.804309 23.100974
 92.800000 0.092027 26.454960 23.100974
 93.000000 0.089093 26.982402 23.100974
 93.200000 0.080451 28.261006 23.100974
 93.400000 0.076578 28.199019 23.100974
 93.600000 0.069716 27.738911 23.100974
 93.800000 0.070188 27.777076 23.100974
 94.000000 0.072726 27.972663 23.100974
 94.200000 0.071913 28.415128 23.100974
 94.400000 0.084433 28.450269 23.100974
 94.600000 0.082129 28.631094 23.100974
 94.800000 0.091559 27.293118 23.100974
 95.000000 0.082334 28.618954 24.604208
 95.200000 0.082613 29.090239 24.604208
 95.400000 0.092837 27.389798 24.604208
 95.600000 0.106700 23.429243 24.604208
 95.800000 0.098790 25.754061 24.604208
 96.000000 0.105172 23.876953 24.604208
 96.200000 0.129499 16.999413 24.604208
 96.400000 0.141685 14.432282 24.604208
 96.600000 0.136718 15.285683 24.604208
 96.800000 0.102809 25.169902 24.604208
 97.000000 0.101099 25.659415 24.604208
 97.200000 0.105224 25.003267 24.604208
 97.400000 0.093007 28.264009 24.604208
 97.600000 0.106333 24.663885 24.604208
 97.800000 0.098609 26.906021 24.604208
 98.000000 0.103670 25.470333 24.604208
 98.200000 0.106819 25.063977 24.604208
 98.400000 0.106994 25.008314 24.604208
 98.600000 0.127273 17.918691 24.604208
 98.800000 0.157207 12.426796 24.604208
 99.000000 0.154552 12.776003 24.604208
 99.200000 0.123428 19.345586 24.604208
 99.400000 0.134604 16.245381 24.604208
 99.600000 0.117460 21.438651 24.604208
 99.800000 0.112802 23.080334 24.604208
 100.000000 0.134808 16.204913 25.211754
 100.200000 0.141576 15.932941 25.211754
 100.400000 0.131784 17.703614 25.211754
 100.600000 0.112940 23.325379 25.211754
 100.800000 0.104613 25.862453 25.211754
 101.000000 0.116092 22.314857 25.211754
 101.200000 0.102252 26.948889 25.211754
 101.400000 0.104432 26.392918 25.211754
 101.600000 0.103819 26.552229 25.211754
 101.800000 0.118127 22.300349 25.211754
 102.000000 0.099819 27.534041 25.211754
 102.200000 0.094333 29.163680 25.211754
 102.400000 0.107310 26.067833 25.211754
 102.600000 0.125433 20.033631 25.211754
 102.800000 0.132495 17.944069 25.211754
 103.000000 0.138615 16.603524 25.211754
 103.200000 0.149849 15.506306 25.211754
 103.400000 0.177837 10.499059 25.211754
 103.600000 0.175926 10.690184 25.211754
 103.800000 0.166860 12.066722 25.211754
 104.000000 0.146207 16.135744 25.211754
 104.200000 0.122822 21.643183 25.211754
 104.400000 0.142169 17.634861 25.211754
 104.600000 0.135061 18.786436 25.211754
 104.800000 0.122097 21.849392 25.211754
 105.000000 0.139843 17.995839 25.585867
 105.200000 0.138188 19.037612 25.585867
 105.400000 0.121989 22.266300 25.585867
 105.600000 0.146467 17.656614 25.585867
 105.800000 0.160693 14.173793 25.585867
 106.000000 0.156263 15.386526 25.585867
 106.200000 0.145467 18.523667 25.585867
 106.400000 0.132801 20.173407 25.585867
 106.600000 0.121647 22.414162 25.585867
 106.800000 0.127386 21.116646 25.585867
 107.000000 0.133792 20.029442 25.585867
 107.200000 0.132305 20.962242 25.585867
 107.400000 0.129868 21.342945 25.585867
 107.600000 0.124996 22.226276 25.585867
 107.800000 0.116297 24.181247 25.585867
 108.000000 0.127221 21.801209 25.585867
 108.200000 0.136802 20.875799 25.585867
 108.400000 0.133119 21.455883 25.585867
 108.600000 0.131640 21.697259 25.585867
 108.800000 0.120045 23.882006 25.585867
 109.000000 0.104091 27.392817 25.585867
 109.200000 0.113259 25.789590 25.585867
 109.400000 0.136885 20.909233 25.585867
 109.600000 0.117748 24.714227 25.585867
 109.800000 0.107752 27.091890 25.585867
 110.000000 0.122427 23.633874 25.974974
 110.200000 0.119521 24.896202 25.974974
 110.400000 0.129083 22.812426 25.974974
 110.600000 0.135440 21.565259 25.974974
 110.800000 0.124909 23.697260 25.974974
 111.000000 0.124405 23.807504 25.974974
 111.200000 0.137241 21.645214 25.974974
 111.400000 0.124640 24.361996 25.974974
 111.600000 0.152563 17.858814 25.974974
 111.800000 0.162428 14.703336 25.974974
 112.000000 0.126777 23.893408 25.974974
 112.200000 0.127110 24.423909 25.974974
 112.400000 0.156335 16.773599 25.974974
 112.600000 0.165156 13.864323 25.974974
 112.800000 0.158182 16.157331 25.974974
 113.000000 0.132240 23.272642 25.974974
 113.200000 0.142184 21.419132 25.974974
 113.400000 0.129074 24.595241 25.974974
 113.600000 0.123622 25.701318 25.974974
 113.800000 0.132695 23.788796 25.974974
 114.000000 0.133855 23.520002 25.974974
 114.200000 0.144015 21.396178 25.974974
 114.400000 0.148549 19.930963 25.974974
 114.600000 0.157820 16.592913 25.974974
 114.800000 0.161774 15.149648 25.974974
 115.000000 0.146867 20.491637 26.264396
 115.200000 0.155039 18.226336 26.264396
 115.400000 0.175915 11.366819 26.264396
 115.600000 0.173620 11.836329 26.264396
 115.800000 0.164515 14.551120 26.264396
 116.000000 0.169851 12.800959 26.264396
 116.200000 0.177804 11.901439 26.264396
 116.400000 0.179171 11.653508 26.264396
 116.600000 0.150940 20.226425 26.264396
 116.800000 0.178399 11.790971 26.264396
 117.000000 0.194852 9.774460 26.264396
 117.200000 0.185183 11.692389 26.264396
 117.400000 0.174536 13.032198 26.264396
 117.600000 0.151329 20.113090 26.264396
 117.800000 0.144808 22.092912 26.264396
 118.000000 0.166326 15.059701 26.264396
 118.200000 0.183705 12.278353 26.264396
 118.400000 0.158260 18.519844 26.264396
 118.600000 0.150582 20.870820 26.264396
 118.800000 0.173586 14.011869 26.264396
 119.000000 0.178029 13.121298 26.264396
 119.200000 0.167278 16.424289 26.264396
 119.400000 0.193725 11.737362 26.264396
 119.600000 0.197502 11.171965 26.264396
 119.800000 0.180579 13.668840 26.264396
 120.000000 0.159343 18.619181 26.246945
 120.200000 0.163002 18.322296 26.246945
 120.400000 0.171100 16.049917 26.246945
 120.600000 0.170697 16.154850 26.246945
 120.800000 0.183403 13.441334 26.246945
 121.000000 0.181570 13.765669 26.246945
 121.200000 0.172443 16.496853 26.246945
 121.400000 0.168305 17.441266 26.246945
 121.600000 0.188665 13.426153 26.246945
 121.800000 0.192219 12.761614 26.246945
 122.000000 0.207849 9.701231 26.246945
 122.200000 0.176670 15.759764 26.246945
 122.400000 0.178045 15.522010 26.246945
 122.600000 0.175195 16.027400 26.246945
 122.800000 0.173497 16.352963 26.246945
 123.000000 0.165724 18.092954 26.246945
 123.200000 0.154719 21.442198 26.246945
 123.400000 0.157463 20.844651 26.246945
 123.600000 0.164445 19.188524 26.246945
 123.800000 0.150309 22.327309 26.246945
 124.000000 0.136001 24.706873 26.246945
 124.200000 0.145960 23.581124 26.246945
 124.400000 0.151658 22.403676 26.246945
 124.600000 0.162935 19.673014 26.246945
 124.800000 0.172694 17.243341 26.246945
 125.000000 0.164585 19.248172 26.301164
 125.200000 0.146692 23.802193 26.301164
 125.400000 0.120257 27.246649 26.301164
 125.600000 0.116387 27.619451 26.301164
 125.800000 0.123545 26.913856 26.301164
 126.000000 0.144337 24.186287 26.301164
 126.200000 0.144242 24.797097 26.301164
 126.400000 0.153177 23.120112 26.301164
 126.600000 0.148826 24.004635 26.301164
 126.800000 0.162332 20.851639 26.301164
 127.000000 0.186468 14.803366 26.301164
 127.200000 0.189844 15.039461 26.301164
 127.400000 0.187355 15.532763 26.301164
 127.600000 0.184142 16.169363 26.301164
 127.800000 0.189579 15.092313 26.301164
 128.000000 0.165242 20.377185 26.301164
 128.200000 0.144308 25.068086 26.301164
 128.400000 0.126004 26.951334 26.301164
 128.600000 0.119053 27.512216 26.301164
 128.800000 0.124523 27.074618 26.301164
 129.000000 0.116276 27.734734 26.301164
 129.200000 0.123328 27.627648 26.301164
 129.400000 0.113634 28.456953 26.301164
 129.600000 0.116976 28.186040 26.301164
 129.800000 0.106458 29.058662 26.301164
 130.000000 0.106259 29.076271 26.763484
 130.200000 0.127729 27.355295 26.763484
 130.400000 0.124478 27.744923 26.763484
 130.600000 0.114585 28.791101 26.763484
 130.800000 0.111089 29.118941 26.763484
 131.000000 0.111538 29.077326 26.763484
 131.200000 0.099215 30.497558 26.763484
 131.400000 0.131645 27.060176 26.763484
 131.600000 0.145386 25.053282 26.763484
 131.800000 0.134392 26.662540 26.763484
 132.000000 0.106493 29.987534 26.763484
 132.200000 0.111370 30.008468 26.763484
 132.400000 0.120061 28.951399 26.763484
 132.600000 0.124967 28.223240 26.763484
 132.800000 0.126233 28.026154 26.763484
 133.000000 0.123129 28.504449 26.763484
 133.200000 0.128047 28.206463 26.763484
 133.400000 0.138258 26.449636 26.763484
 133.600000 0.135755 26.879013 26.763484
 133.800000 0.118789 29.598906 26.763484
 134.000000 0.135543 26.915613 26.763484
 134.200000 0.145131 25.705148 26.763484
 134.400000 0.130111 28.349563 26.763484
 134.600000 0.107913 30.720727 26.763484
 134.800000 0.096148 31.142020 26.763484
 135.000000 0.098720 31.084522 27.777595
 135.200000 0.110311 30.906945 27.777595
 135.400000 0.132974 27.910781 27.777595
 135.600000 0.109704 30.954533 27.777595
 135.800000 0.109241 30.989437 27.777595
 136.000000 0.105826 31.216273 27.777595
 136.200000 0.116936 30.606505 27.777595
 136.400000 0.116018 30.721909 27.777595
 136.600000 0.127065 29.052253 27.777595
 136.800000 0.124122 29.548934 27.777595
 137.000000 0.113011 31.063394 27.777595
 137.200000 0.122822 30.112721 27.777595
 137.400000 0.137328 27.312279 27.777595
 137.600000 0.136820 27.412832 27.777595
 137.800000 0.136034 27.568602 27.777595
 138.000000 0.144535 25.884086 27.777595
 138.200000 0.169188 20.273978 27.777595
 138.400000 0.166270 21.090472 27.777595
 138.600000 0.146073 26.125011 27.777595
 138.800000 0.146007 26.138620 27.777595
 139.000000 0.148527 25.608045 27.777595
 139.200000 0.151799 25.424093 27.777595
 139.400000 0.210315 10.608502 27.777595
 139.600000 0.239144 2.636903 27.777595
 139.800000 0.229003 5.370167 27.777595
 140.000000 0.219881 8.079968 28.387561
 140.200000 0.197676 13.909487 28.387561
 140.400000 0.183699 16.706263 28.387561
 140.600000 0.174807 18.895818 28.387561
 140.800000 0.157246 24.021966 28.387561
 141.000000 0.149222 26.015701 28.387561
 141.200000 0.167808 21.158094 28.387561
 141.400000 0.161782 23.106891 28.387561
 141.600000 0.160625 23.472540 28.387561
 141.800000 0.163555 22.537042 28.387561
 142.000000 0.170223 20.392056 28.387561
 142.200000 0.190245 15.621472 28.387561
 142.400000 0.184550 16.996432 28.387561
 142.600000 0.178538 18.612250 28.387561
 142.800000 0.187306 16.310992 28.387561
 143.000000 0.170585 20.984763 28.387561
 143.200000 0.174129 20.567642 28.387561
 143.400000 0.172816 20.976411 28.387561
 143.600000 0.172909 20.947606 28.387561
 143.800000 0.188627 16.328565 28.387561
 144.000000 0.200172 13.654712 28.387561
 144.200000 0.196515 15.352459 28.387561
 144.400000 0.201238 14.389733 28.387561
 144.600000 0.186165 17.605571 28.387561
 144.800000 0.177411 19.853121 28.387561
 145.000000 0.181476 18.766773 28.444039
 145.200000 0.196223 15.879756 28.444039
 145.400000 0.198900 15.251633 28.444039
 145.600000 0.173810 21.534190 28.444039
 145.800000 0.176485 20.827844 28.444039
 146.000000 0.186578 18.223968 28.444039
 146.200000 0.179881 20.641267 28.444039
 146.400000 0.182862 19.922129 28.444039
 146.600000 0.184837 19.436050 28.444039
 146.800000 0.196817 16.355094 28.444039
 147.000000 0.190795 17.928338 28.444039
 147.200000 0.184321 20.281111 28.444039
 147.400000 0.181797 20.838391 28.444039
 147.600000 0.183520 20.460895 28.444039
 147.800000 0.158555 25.593212 28.444039
 148.000000 0.157724 25.750842 28.444039
 148.200000 0.172420 23.114104 28.444039
 148.400000 0.179847 21.438904 28.444039
 148.600000 0.192737 18.240512 28.444039
 148.800000 0.212000 12.547401 28.444039
 149.000000 0.228051 6.930243 28.444039
 149.200000 0.235691 5.373919 28.444039
 149.400000 0.231672 6.859285 28.444039
 149.600000 0.236670 5.025472 28.444039
 149.800000 0.222407 10.208879 28.444039
 150.000000 0.203224 15.550335 28.459095
 150.200000 0.181807 21.312077 28.459095
 150.400000 0.181808 21.311992 28.459095
 150.600000 0.178682 21.935460 28.459095
 150.800000 0.171881 23.333060 28.459095
 151.000000 0.168800 23.997255 28.459095
 151.200000 0.162054 25.997861 28.459095
 151.400000 0.161233 26.153615 28.459095
 151.600000 0.167561 24.866723 28.459095
 151.800000 0.170845 24.149868 28.459095
 152.000000 0.159665 26.439495 28.459095
 152.200000 0.163527 26.229845 28.459095
 152.400000 0.208179 15.115543 28.459095
 152.600000 0.226540 9.029579 28.459095
 152.800000 0.203306 16.452794 28.459095
 153.000000 0.173443 23.929956 28.459095
 153.200000 0.144183 28.842429 28.459095
 153.400000 0.127179 30.138267 28.459095
 153.600000 0.126644 30.195850 28.459095
 153.800000 0.135339 29.392518 28.459095
 154.000000 0.127835 30.068514 28.459095
 154.200000 0.125483 30.776100 28.459095
 154.400000 0.124814 30.847016 28.459095
 154.600000 0.124137 30.918734 28.459095
 154.800000 0.132818 30.025529 28.459095
 155.000000 0.130908 30.212400 28.863862
 155.200000 0.109026 32.285129 28.863862
 155.400000 0.091269 32.003497 28.863862
 155.600000 0.082627 31.134101 28.863862
 155.800000 0.069023 28.861293 28.863862
 156.000000 0.084646 31.395688 28.863862
 156.200000 0.112490 32.236735 28.863862
 156.400000 0.125156 31.244461 28.863862
 156.600000 0.152220 28.556457 28.863862
 156.800000 0.157593 27.826741 28.863862
 157.000000 0.150651 28.739236 28.863862
 157.200000 0.120968 31.699684 28.863862
 157.400000 0.110648 32.342733 28.863862
 157.600000 0.125796 31.304479 28.863862
 157.800000 0.100639 32.587503 28.863862
 158.000000 0.109156 32.404398 28.863862
 158.200000 0.086205 32.130522 28.863862
 158.400000 0.057380 27.291747 28.863862
 158.600000 0.057639 27.329348 28.863862
 158.800000 0.105184 32.923521 28.863862
 159.000000 0.101709 32.945444 28.863862
 159.200000 0.078286 31.034145 28.863862
 159.400000 0.081513 31.636386 28.863862
 159.600000 0.084084 32.061660 28.863862
 159.800000 0.085908 32.326708 28.863862
 160.000000 0.092399 33.004016 29.851766
 160.200000 0.091388 33.325739 29.851766
 160.400000 0.090834 33.276982 29.851766
 160.600000 0.069837 29.446230 29.851766
 160.800000 0.070662 29.619919 29.851766
 161.000000 0.105405 33.587125 29.851766
 161.200000 0.125152 31.911543 29.851766
 161.400000 0.129728 31.325320 29.851766
 161.600000 0.127589 31.592412 29.851766
 161.800000 0.097463 33.993131 29.851766
 162.000000 0.080779 31.904481 29.851766
 162.200000 0.088624 33.626104 29.851766
 162.400000 0.101169 34.228890 29.851766
 162.600000 0.100271 34.238192 29.851766
 162.800000 0.092094 33.964959 29.851766
 163.000000 0.099829 34.240110 29.851766
 163.200000 0.107179 34.322014 29.851766
 163.400000 0.098613 34.615777 29.851766
 163.600000 0.088343 33.876188 29.851766
 163.800000 0.059455 27.797073 29.851766
 164.000000 0.039638 22.453725 29.851766
 164.200000 0.031859 18.411022 29.851766
 164.400000 0.034705 20.316084 29.851766
 164.600000 0.056384 27.633012 29.851766
 164.800000 0.058032 27.864520 29.851766
 165.000000 0.057870 27.841883 30.599268
 165.200000 0.043991 25.252650 30.599268
 165.400000 0.027925 15.608001 30.599268
 165.600000 0.041674 24.307310 30.599268
 165.800000 0.049672 26.935522 30.599268
 166.000000 0.058478 28.432957 30.599268
 166.200000 0.038665 23.035235 30.599268
 166.400000 0.024188 12.789617 30.599268
 166.600000 0.057695 28.816110 30.599268
 166.800000 0.062370 29.462434 30.599268
 167.000000 0.066129 30.024273 30.599268
 167.200000 0.053746 28.524483 30.599268
 167.400000 0.029649 17.008374 30.599268
 167.600000 0.030254 17.465977 30.599268
 167.800000 0.026306 14.432219 30.599268
 168.000000 0.026367 14.479528 30.599268
 168.200000 0.035147 21.727335 30.599268
 168.400000 0.028223 16.827355 30.599268
 168.600000 0.027819 16.517812 30.599268
 168.800000 0.022260 12.222096 30.599268
 169.000000 0.031167 19.020454 30.599268
 169.200000 0.030338 19.164385 30.599268
 169.400000 0.025019 15.040822 30.599268
 169.600000 0.034165 21.829078 30.599268
 169.800000 0.030968 19.626121 30.599268
 170.000000 0.037054 23.576394 30.767881
 170.200000 0.040421 25.878286 30.767881
 170.400000 0.028705 18.458286 30.767881
 170.600000 0.037106 24.217899 30.767881
 170.800000 0.044796 27.497003 30.767881
 171.000000 0.047556 28.222694 30.767881
 171.200000 0.064872 30.740432 30.767881
 171.400000 0.076700 32.485653 30.767881
 171.600000 0.097310 34.677321 30.767881
 171.800000 0.097571 34.679923 30.767881
 172.000000 0.065238 30.780071 30.767881
 172.200000 0.051535 29.736405 30.767881
 172.400000 0.061717 30.867776 30.767881
 172.600000 0.062321 30.925459 30.767881
 172.800000 0.071769 32.066038 30.767881
 173.000000 0.062998 30.991419 30.767881
 173.200000 0.076512 33.081088 30.767881
 173.400000 0.066768 31.825394 30.767881
 173.600000 0.044623 28.312651 30.767881
 173.800000 0.050910 29.950576 30.767881
 174.000000 0.062579 31.390296 30.767881
 174.200000 0.063306 31.893802 30.767881
 174.400000 0.072930 32.931711 30.767881
 174.600000 0.089217 34.564263 30.767881
 174.800000 0.092342 34.706731 30.767881
 175.000000 0.091226 34.663943 31.343546
 175.200000 0.096204 35.135704 31.343546
 175.400000 0.093920 35.119371 31.343546
 175.600000 0.088141 34.864793 31.343546
 175.800000 0.082530 34.347429 31.343546
 176.000000 0.070687 32.815401 31.343546
 176.200000 0.085495 34.901016 31.343546
 176.400000 0.073780 33.619797 31.343546
 176.600000 0.077504 34.090840 31.343546
 176.800000 0.069151 33.026241 31.343546
 177.000000 0.062027 32.167206 31.343546
 177.200000 0.064021 32.817014 31.343546
 177.400000 0.078456 34.433634 31.343546
 177.600000 0.075067 34.071343 31.343546
 177.800000 0.062615 32.654229 31.343546
 178.000000 0.077248 34.308722 31.343546
 178.200000 0.078510 34.817379 31.343546
 178.400000 0.092555 35.502813 31.343546
 178.600000 0.089215 35.479207 31.343546
 178.800000 0.085685 35.358872 31.343546
 179.000000 0.087370 35.428939 31.343546
 179.200000 0.087539 35.795712 31.343546
 179.400000 0.097016 35.695141 31.343546
 179.600000 0.088519 35.823336 31.343546
 179.800000 0.091281 35.852945 31.343546
 180.000000 0.110622 34.331222 32.222817
 180.200000 0.106601 35.226020 32.222817
 180.400000 0.114688 34.085834 32.222817
 180.600000 0.108806 34.957905 32.222817
 180.800000 0.098278 35.892910 32.222817
 181.000000 0.090275 36.001149 32.222817
 181.200000 0.082366 35.864042 32.222817
 181.400000 0.066511 33.634263 32.222817
 181.600000 0.087711 36.265672 32.222817
 181.800000 0.122754 32.730903 32.222817
 182.000000 0.129012 31.683761 32.222817
 182.200000 0.126171 32.558161 32.222817
 182.400000 0.124143 32.890438 32.222817
 182.600000 0.125025 32.744825 32.222817
 182.800000 0.112882 34.725343 32.222817
 183.000000 0.115089 34.386190 32.222817
 183.200000 0.119071 34.103142 32.222817
 183.400000 0.107580 35.778837 32.222817
 183.600000 0.151015 29.371535 32.222817
 183.800000 0.173729 24.625844 32.222817
 184.000000 0.160210 27.849143 32.222817
 184.200000 0.139680 30.991217 32.222817
 184.400000 0.126123 32.891788 32.222817
 184.600000 0.113895 34.952411 32.222817
 184.800000 0.119940 33.964747 32.222817
 185.000000 0.113224 35.052166 32.897491
 185.200000 0.101351 36.573259 32.897491
 185.400000 0.105115 36.340940 32.897491
 185.600000 0.070998 34.331983 32.897491
 185.800000 0.078908 35.514833 32.897491
 186.000000 0.097489 36.688550 32.897491
 186.200000 0.124706 33.474082 32.897491
 186.400000 0.138659 31.197409 32.897491
 186.600000 0.128312 32.788344 32.897491
 186.800000 0.136320 31.500451 32.897491
 187.000000 0.119424 34.507442 32.897491
 187.200000 0.126944 33.375321 32.897491
 187.400000 0.143686 30.724519 32.897491
 187.600000 0.149789 30.000872 32.897491
 187.800000 0.141808 30.951723 32.897491
 188.000000 0.129783 32.820058 32.897491
 188.200000 0.112782 36.240301 32.897491
 188.400000 0.104248 37.033947 32.897491
 188.600000 0.095989 37.182956 32.897491
 188.800000 0.098849 37.195421 32.897491
 189.000000 0.092805 37.086755 32.897491
 189.200000 0.099200 37.498624 32.897491
 189.400000 0.101022 37.449139 32.897491
 189.600000 0.123901 34.405682 32.897491
 189.800000 0.131177 32.976328 32.897491
 190.000000 0.129922 33.214559 33.704892
 190.200000 0.129110 33.769197 33.704892
 190.400000 0.115666 36.186413 33.704892
 190.600000 0.121220 35.268339 33.704892
 190.800000 0.126543 34.266689 33.704892
 191.000000 0.120173 35.454016 33.704892
 191.200000 0.129462 33.999109 33.704892
 191.400000 0.119565 35.920009 33.704892
 191.600000 0.122814 35.332481 33.704892
 191.800000 0.116407 36.423760 33.704892
 192.000000 0.126287 34.648095 33.704892
 192.200000 0.122681 35.720853 33.704892
 192.400000 0.120857 36.043637 33.704892
 192.600000 0.109614 37.433301 33.704892
 192.800000 0.136179 32.965535 33.704892
 193.000000 0.130301 34.188150 33.704892
 193.200000 0.137999 32.938391 33.704892
 193.400000 0.135366 33.490781 33.704892
 193.600000 0.148773 30.844732 33.704892
 193.800000 0.130676 34.490639 33.704892
 194.000000 0.097557 37.764193 33.704892
 194.200000 0.107924 37.926686 33.704892
 194.400000 0.109771 37.804103 33.704892
 194.600000 0.104552 38.077089 33.704892
 194.800000 0.117554 36.964108 33.704892
 195.000000 0.126459 35.406599 34.456733
 195.200000 0.132397 34.479240 34.456733
 195.400000 0.116594 37.386567 34.456733
 195.600000 0.123515 36.337007 34.456733
 195.800000 0.129363 35.154810 34.456733
 196.000000 0.131406 34.702934 34.456733
 196.200000 0.141210 32.814035 34.456733
 196.400000 0.147245 31.480853 34.456733
 196.600000 0.157403 29.297442 34.456733
 196.800000 0.163315 27.872854 34.456733
 197.000000 0.163073 27.935086 34.456733
 197.200000 0.157872 29.665890 34.456733
 197.400000 0.151671 30.918307 34.456733
 197.600000 0.142023 32.816972 34.456733
 197.800000 0.163241 28.396239 34.456733
 198.000000 0.154517 30.361795 34.456733
 198.200000 0.146632 32.282885 34.456733
 198.400000 0.134677 34.598027 34.456733
 198.600000 0.142226 33.097911 34.456733
 198.800000 0.138373 33.849333 34.456733
 199.000000 0.146117 32.376618 34.456733
 199.200000 0.147905 32.462849 34.456733
 199.400000 0.135912 34.674207 34.456733
 199.600000 0.134670 34.908405 34.456733
 199.800000 0.127666 36.194282 34.456733
 200.000000 0.118787 37.471936 34.830995
 200.200000 0.115215 38.137053 34.830995
 200.400000 0.085728 37.185608 34.830995
 200.600000 0.087734 37.450526 34.830995
 200.800000 0.096429 38.235559 34.830995
 201.000000 0.078854 36.061900 34.830995
 201.200000 0.078943 36.429036 34.830995
 201.400000 0.095483 38.367390 34.830995
 201.600000 0.088124 37.788146 34.830995
 201.800000 0.086548 37.605728 34.830995
 202.000000 0.101271 38.554032 34.830995
 202.200000 0.113778 38.483522 34.830995
 202.400000 0.087872 37.971023 34.830995
 202.600000 0.080869 36.890478 34.830995
 202.800000 0.074457 35.639649 34.830995
 203.000000 0.090317 38.246970 34.830995
 203.200000 0.066411 34.128079 34.830995
 203.400000 0.056636 32.260913 34.830995
 203.600000 0.054866 31.894998 34.830995
 203.800000 0.050320 30.798157 34.830995
 204.000000 0.068465 34.543656 34.830995
 204.200000 0.074982 36.276933 34.830995
 204.400000 0.099581 39.137763 34.830995
 204.600000 0.108620 38.949379 34.830995
 204.800000 0.122147 37.533935 34.830995
 205.000000 0.116700 38.279224 35.631387
 205.200000 0.109085 39.203820 35.631387
 205.400000 0.089035 38.630121 35.631387
 205.600000 0.061756 33.576898 35.631387
 205.800000 0.062934 33.808800 35.631387
 206.000000 0.066186 34.455401 35.631387
 206.200000 0.069798 35.563441 35.631387
 206.400000 0.067243 35.045793 35.631387
 206.600000 0.058041 33.157206 35.631387
 206.800000 0.071469 35.901542 35.631387
 207.000000 0.078316 37.228571 35.631387
 207.200000 0.085648 38.665942 35.631387
 207.400000 0.070262 35.946012 35.631387
 207.600000 0.054662 32.472938 35.631387
 207.800000 0.056464 32.919394 35.631387
 208.000000 0.050304 31.246518 35.631387
 208.200000 0.064513 34.991069 35.631387
 208.400000 0.053531 32.601889 35.631387
 208.600000 0.056459 33.318132 35.631387
 208.800000 0.031596 21.382692 35.631387
 209.000000 0.025293 16.067659 35.631387
 209.200000 0.039554 27.513898 35.631387
 209.400000 0.028479 19.639748 35.631387
 209.600000 0.028960 20.041096 35.631387
 209.800000 0.034941 24.634790 35.631387
 210.000000 0.052989 32.612335 35.895115
 210.200000 0.064448 35.310670 35.895115
 210.400000 0.067355 35.824932 35.895115
 210.600000 0.068655 36.056380 35.895115
 210.800000 0.054762 33.444125 35.895115
 211.000000 0.042258 29.217806 35.895115
 211.200000 0.041567 29.349019 35.895115
 211.400000 0.053192 33.437028 35.895115
 211.600000 0.076448 37.463383 35.895115
 211.800000 0.067175 35.912021 35.895115
 212.000000 0.048624 32.213218 35.895115
 212.200000 0.052785 33.743453 35.895115
 212.400000 0.049062 32.764572 35.895115
 212.600000 0.031723 23.006299 35.895115
 212.800000 0.020971 13.501525 35.895115
 213.000000 0.034843 25.457103 35.895115
 213.200000 0.032037 23.816667 35.895115
 213.400000 0.041584 30.239641 35.895115
 213.600000 0.036745 27.371949 35.895115
 213.800000 0.036951 27.511247 35.895115
 214.000000 0.020202 13.183135 35.895115
 214.200000 0.028301 21.422420 35.895115
 214.400000 0.025090 18.565414 35.895115
 214.600000 0.042100 30.830549 35.895115
 214.800000 0.061419 35.406855 35.895115
 215.000000 0.066971 36.136861 36.032019
 215.200000 0.074291 37.528962 36.032019
 215.400000 0.048916 33.405666 36.032019
 215.600000 0.056815 35.061548 36.032019
 215.800000 0.057180 35.119348 36.032019
 216.000000 0.054926 34.742973 36.032019
 216.200000 0.083467 38.765319 36.032019
 216.400000 0.109508 39.231921 36.032019
 216.600000 0.109412 39.237464 36.032019
 216.800000 0.119748 38.210127 36.032019
 217.000000 0.112090 39.057579 36.032019
 217.200000 0.123865 37.761898 36.032019
 217.400000 0.126020 37.327672 36.032019
 217.600000 0.105981 39.674379 36.032019
 217.800000 0.103133 39.722168 36.032019
 218.000000 0.083060 38.772149 36.032019
 218.200000 0.055496 35.272007 36.032019
 218.400000 0.057113 35.546440 36.032019
 218.600000 0.067516 37.008644 36.032019
 218.800000 0.085238 39.296727 36.032019
 219.000000 0.091409 39.709159 36.032019
 219.200000 0.107059 39.900859 36.032019
 219.400000 0.088504 39.841540 36.032019
 219.600000 0.067560 37.098582 36.032019
 219.800000 0.054531 35.108177 36.032019
 220.000000 0.084918 39.539217 36.783391
 220.200000 0.130279 36.404374 36.783391
 220.400000 0.161804 29.406779 36.783391
 220.600000 0.146549 32.837989 36.783391
 220.800000 0.129241 36.642679 36.783391
 221.000000 0.145762 32.995430 36.783391
 221.200000 0.164377 28.850784 36.783391
 221.400000 0.203971 16.366702 36.783391
 221.600000 0.207346 15.402290 36.783391
 221.800000 0.205448 15.945835 36.783391
 222.000000 0.198018 18.075439 36.783391
 222.200000 0.235470 5.571686 36.783391
 222.400000 0.267343 0.089996 36.783391
 222.600000 0.271093 0.037769 36.783391
 222.800000 0.270964 0.039054 36.783391
 223.000000 0.269617 0.054430 36.783391
 223.200000 0.248802 2.327096 36.783391
 223.400000 0.255333 1.825272 36.783391
 223.600000 0.259855 1.770800 36.783391
 223.800000 0.262542 1.789087 36.783391
 224.000000 0.262150 1.785620 36.783391
 224.200000 0.256390 3.298713 36.783391
 224.400000 0.268217 3.301870 36.783391
 224.600000 0.281568 1.967537 36.783391
 224.800000 0.281933 1.920776 36.783391
 225.000000 0.264849 3.398282 36.786379
 225.200000 0.236416 5.980619 36.786379
 225.400000 0.247373 4.286907 36.786379
 225.600000 0.245072 4.416624 36.786379
 225.800000 0.251593 4.310984 36.786379
 226.000000 0.245420 4.389687 36.786379
 226.200000 0.253043 5.640629 36.786379
 226.400000 0.247326 5.716030 36.786379
 226.600000 0.262309 5.648031 36.786379
 226.800000 0.282781 2.609266 36.786379
 227.000000 0.268692 5.164462 36.786379
 227.200000 0.243906 6.311925 36.786379
 227.400000 0.256891 6.707518 36.786379
 227.600000 0.255354 6.604054 36.786379
 227.800000 0.255909 6.642179 36.786379
 228.000000 0.249395 6.257565 36.786379
 228.200000 0.266713 7.432077 36.786379
 228.400000 0.293880 1.224089 36.786379
 228.600000 0.307707 0.146310 36.786379
 228.800000 0.308500 0.125348 36.786379
 229.000000 0.284319 3.204640 36.786379
 229.200000 0.255569 8.074596 36.786379
 229.400000 0.246107 7.576747 36.786379
 229.600000 0.239540 7.843241 36.786379
 229.800000 0.229716 9.588956 36.786379
 230.000000 0.260035 8.307082 36.754157
 230.200000 0.265434 9.404027 36.754157
 230.400000 0.281606 5.852661 36.754157
 230.600000 0.276511 7.328448 36.754157
 230.800000 0.270834 8.671607 36.754157
 231.000000 0.268499 9.063971 36.754157
 231.200000 0.260221 10.524728 36.754157
 231.400000 0.257590 10.288520 36.754157
 231.600000 0.266290 10.485602 36.754157
 231.800000 0.276786 8.256145 36.754157
 232.000000 0.276082 8.473004 36.754157
 232.200000 0.269184 11.206969 36.754157
 232.400000 0.256547 10.676737 36.754157
 232.600000 0.246670 8.974385 36.754157
 232.800000 0.253668 10.156669 36.754157
 233.000000 0.257109 10.770886 36.754157
 233.200000 0.257226 11.873098 36.754157
 233.400000 0.257973 11.989258 36.754157
 233.600000 0.262569 12.430676 36.754157
 233.800000 0.250872 10.632220 36.754157
 234.000000 0.250966 10.651603 36.754157
 234.200000 0.227464 10.779185 36.754157
 234.400000 0.227637 10.746539 36.754157
 234.600000 0.247478 11.024633 36.754157
 234.800000 0.241258 10.057559 36.754157
 235.000000 0.232069 10.083416 36.723251
 235.200000 0.235561 10.931365 36.723251
 235.400000 0.243168 11.136763 36.723251
 235.600000 0.247739 11.722368 36.723251
 235.800000 0.235784 10.921736 36.723251
 236.000000 0.235469 10.935649 36.723251
 236.200000 0.236042 11.986097 36.723251
 236.400000 0.223119 13.425240 36.723251
 236.600000 0.227653 12.751260 36.723251
 236.800000 0.240641 11.959953 36.723251
 237.000000 0.232528 12.207564 36.723251
 237.200000 0.226428 13.855412 36.723251
 237.400000 0.208536 16.608999 36.723251
 237.600000 0.230100 13.451951 36.723251
 237.800000 0.254503 13.626793 36.723251
 238.000000 0.261813 13.765430 36.723251
 238.200000 0.230664 13.503547 36.723251
 238.400000 0.228772 13.673443 36.723251
 238.600000 0.251541 14.146990 36.723251
 238.800000 0.252577 14.265581 36.723251
 239.000000 0.217290 15.074517 36.723251
 239.200000 0.259286 14.772567 36.723251
 239.400000 0.270437 13.171760 36.723251
 239.600000 0.260525 14.768002 36.723251
 239.800000 0.249538 13.998837 36.723251
 240.000000 0.224559 14.916019 36.691924
 240.200000 0.204965 18.400405 36.691924
 240.400000 0.226008 15.609099 36.691924
 240.600000 0.235176 14.358657 36.691924
 240.800000 0.228458 15.251619 36.691924
 241.000000 0.242596 13.921418 36.691924
 241.200000 0.229986 15.689980 36.691924
 241.400000 0.218025 16.923461 36.691924
 241.600000 0.218741 16.854509 36.691924
 241.800000 0.229097 15.785525 36.691924
 242.000000 0.224989 16.227312 36.691924
 242.200000 0.241916 15.316099 36.691924
 242.400000 0.243714 15.254707 36.691924
 242.600000 0.238165 15.566223 36.691924
 242.800000 0.252649 15.387422 36.691924
 243.000000 0.235657 15.812921 36.691924
 243.200000 0.237564 16.478763 36.691924
 243.400000 0.238457 16.391240 36.691924
 243.600000 0.241863 16.112616 36.691924
 243.800000 0.241791 16.117495 36.691924
 244.000000 0.241105 16.166126 36.691924
 244.200000 0.272910 12.592018 36.691924
 244.400000 0.296575 2.789511 36.691924
 244.600000 0.291099 4.548668 36.691924
 244.800000 0.302493 1.483377 36.691924
 245.000000 0.314197 0.294336 36.660911
 245.200000 0.309045 2.270400 36.660911
 245.400000 0.289300 5.672062 36.660911
 245.600000 0.315139 1.975818 36.660911
 245.800000 0.313345 2.062053 36.660911
 246.000000 0.293970 4.253025 36.660911
 246.200000 0.284360 8.783333 36.660911
 246.400000 0.278080 11.232891 36.660911
 246.600000 0.272252 13.391383 36.660911
 246.800000 0.264687 15.412084 36.660911
 247.000000 0.245895 16.730384 36.660911
 247.200000 0.251244 17.325037 36.660911
 247.400000 0.257583 16.899025 36.660911
 247.600000 0.251843 17.296338 36.660911
 247.800000 0.256973 16.956477 36.660911
 248.000000 0.291081 6.508318 36.660911
 248.200000 0.316200 2.724072 36.660911
 248.400000 0.311630 3.376202 36.660911
 248.600000 0.309084 3.774746 36.660911
 248.800000 0.302422 4.982234 36.660911
 249.000000 0.284803 9.844304 36.660911
 249.200000 0.275390 14.071274 36.660911
 249.400000 0.273989 14.480696 36.660911
 249.600000 0.257852 17.205246 36.660911
 249.800000 0.231035 18.374692 36.660911
 250.000000 0.243725 17.696980 36.629961
 250.200000 0.282126 11.918738 36.629961
 250.400000 0.288884 9.588538 36.629961
 250.600000 0.282470 11.799962 36.629961
 250.800000 0.285582 10.719972 36.629961
 251.000000 0.289531 9.370725 36.629961
 251.200000 0.284520 12.178579 36.629961
 251.400000 0.298111 7.670009 36.629961
 251.600000 0.297301 7.931062 36.629961
 251.800000 0.305189 5.562294 36.629961
 252.000000 0.301099 6.737986 36.629961
 252.200000 0.296844 9.324577 36.629961
 252.400000 0.298241 8.901142 36.629961
 252.600000 0.288858 11.677247 36.629961
 252.800000 0.288953 11.650529 36.629961
 253.000000 0.296281 9.494562 36.629961
 253.200000 0.308012 6.838820 36.629961
 253.400000 0.292135 11.834514 36.629961
 253.600000 0.268529 16.797109 36.629961
 253.800000 0.265952 17.150051 36.629961
 254.000000 0.258448 17.857984 36.629961
 254.200000 0.237275 19.057866 36.629961
 254.400000 0.238115 19.048807 36.629961
 254.600000 0.226701 19.013885 36.629961
 254.800000 0.228432 19.049304 36.629961
 255.000000 0.232552 19.083090 36.600089
 255.200000 0.240166 19.683080 36.600089
 255.400000 0.233026 19.830796 36.600089
 255.600000 0.243825 19.551502 36.600089
 255.800000 0.245022 19.505947 36.600089
 256.000000 0.229100 19.787806 36.600089
 256.200000 0.244053 19.983296 36.600089
 256.400000 0.270708 17.064467 36.600089
 256.600000 0.279607 15.082132 36.600089
 256.800000 0.287973 13.023276 36.600089
 257.000000 0.297238 10.375668 36.600089
 257.200000 0.319837 3.748005 36.600089
 257.400000 0.322685 3.005608 36.600089
 257.600000 0.321402 3.327757 36.600089
 257.800000 0.311115 6.559944 36.600089
 258.000000 0.301301 10.131473 36.600089
 258.200000 0.322358 3.500404 36.600089
 258.400000 0.304576 10.046596 36.600089
 258.600000 0.275968 16.593660 36.600089
 258.800000 0.271249 17.346011 36.600089
 259.000000 0.286643 14.914075 36.600089
 259.200000 0.290068 15.169686 36.600089
 259.400000 0.286254 15.879398 36.600089
 259.600000 0.273408 17.612225 36.600089
 259.800000 0.281000 16.647915 36.600089
 260.000000 0.303263 11.026836 36.571084
 260.200000 0.297203 14.251789 36.571084
 260.400000 0.289635 15.967571 36.571084
 260.600000 0.300822 13.043542 36.571084
 260.800000 0.314476 7.119665 36.571084
 261.000000 0.334187 1.218343 36.571084
 261.200000 0.335107 2.743497 36.571084
 261.400000 0.338127 2.338343 36.571084
 261.600000 0.326416 4.255105 36.571084
 261.800000 0.314631 7.758161 36.571084
 262.000000 0.324241 4.755919 36.571084
 262.200000 0.331353 4.583074 36.571084
 262.400000 0.350009 1.381222 36.571084
 262.600000 0.353038 1.033726 36.571084
 262.800000 0.339530 3.004967 36.571084
 263.000000 0.323038 6.470977 36.571084
 263.200000 0.321488 8.178650 36.571084
 263.400000 0.311828 10.844709 36.571084
 263.600000 0.316601 9.480080 36.571084
 263.800000 0.332270 5.480199 36.571084
 264.000000 0.333173 5.256666 36.571084
 264.200000 0.338301 5.314531 36.571084
 264.400000 0.338069 5.376177 36.571084
 264.600000 0.323786 8.731593 36.571084
 264.800000 0.314964 10.598585 36.571084
 265.000000 0.301799 13.927830 36.540935
 265.200000 0.321807 9.520596 36.540935
 265.400000 0.331260 7.239215 36.540935
 265.600000 0.340795 4.677846 36.540935
 265.800000 0.340618 4.726288 36.540935
 266.000000 0.330634 7.397664 36.540935
 266.200000 0.331510 8.432117 36.540935
 266.400000 0.338540 6.390899 36.540935
 266.600000 0.338475 6.411209 36.540935
 266.800000 0.345360 4.245244 36.540935
 267.000000 0.344580 4.484176 36.540935
 267.200000 0.351790 3.758379 36.540935
 267.400000 0.362872 1.349575 36.540935
 267.600000 0.353311 3.345072 36.540935
 267.800000 0.357538 2.327528 36.540935
 268.000000 0.379418 0.121654 36.540935
 268.200000 0.367993 2.026217 36.540935
 268.400000 0.359597 2.633741 36.540935
 268.600000 0.367122 2.053843 36.540935
 268.800000 0.377438 1.898228 36.540935
 269.000000 0.381573 1.803007 36.540935
 269.200000 0.382426 3.385627 36.540935
 269.400000 0.382930 3.362365 36.540935
 269.600000 0.373291 3.328709 36.540935
 269.800000 0.353907 3.888616 36.540935
 270.000000 0.346110 5.685341 36.511566
 270.200000 0.361410 3.886812 36.511566
 270.400000 0.356795 4.510917 36.511566
 270.600000 0.366617 3.586018 36.511566
 270.800000 0.372828 3.584774 36.511566
 271.000000 0.367857 3.565463 36.511566
 271.200000 0.369532 5.042546 36.511566
 271.400000 0.371753 5.016874 36.511566
 271.600000 0.367844 5.058597 36.511566
 271.800000 0.356200 5.720054 36.511566
 272.000000 0.342817 8.292972 36.511566
 272.200000 0.349405 7.959166 36.511566
 272.400000 0.376772 4.949260 36.511566
 272.600000 0.395744 2.261146 36.511566
 272.800000 0.381128 4.570497 36.511566
 273.000000 0.366369 5.428749 36.511566
 273.200000 0.353631 7.976038 36.511566
 273.400000 0.346182 9.281512 36.511566
 273.600000 0.361162 7.127439 36.511566
 273.800000 0.364981 6.878484 36.511566
 274.000000 0.367031 6.767780 36.511566
 274.200000 0.339659 10.670855 36.511566
 274.400000 0.318038 12.176175 36.511566
 274.600000 0.324589 11.738756 36.511566
 274.800000 0.310143 13.353557 36.511566
 275.000000 0.311551 13.088211 36.482710
 275.200000 0.341440 10.572956 36.482710
 275.400000 0.360110 8.380254 36.482710
 275.600000 0.369848 7.885581 36.482710
 275.800000 0.373286 7.561189 36.482710
 276.000000 0.366232 8.102836 36.482710
 276.200000 0.345772 10.381518 36.482710
 276.400000 0.334806 11.608833 36.482710
 276.600000 0.327439 12.214966 36.482710
 276.800000 0.322340 12.618327 36.482710
 277.000000 0.312426 13.908916 36.482710
 277.200000 0.309042 15.455422 36.482710
 277.400000 0.300562 16.815814 36.482710
 277.600000 0.321684 13.456417 36.482710
 277.800000 0.325561 12.997258 36.482710
 278.000000 0.311333 15.044063 36.482710
 278.200000 0.308526 16.427736 36.482710
 278.400000 0.321634 14.169641 36.482710
 278.600000 0.321709 14.157675 36.482710
 278.800000 0.316183 15.076594 36.482710
 279.000000 0.320738 14.312740 36.482710
 279.200000 0.316201 15.957010 36.482710
 279.400000 0.325683 14.425288 36.482710
 279.600000 0.323034 14.865156 36.482710
 279.800000 0.317344 15.778088 36.482710
 280.000000 0.317178 15.804106 36.454831
 280.200000 0.308998 17.774087 36.454831
 280.400000 0.279396 17.819660 36.454831
 280.600000 0.268552 18.388391 36.454831
 280.800000 0.267124 18.504930 36.454831
 281.000000 0.269071 18.346690 36.454831
 281.200000 0.276728 18.554902 36.454831
 281.400000 0.265974 19.355490 36.454831
 281.600000 0.273235 18.789553 36.454831
 281.800000 0.290582 18.440857 36.454831
 282.000000 0.279119 18.439545 36.454831
 282.200000 0.270893 19.634495 36.454831
 282.400000 0.272913 19.520355 36.454831
 282.600000 0.270945 19.631571 36.454831
 282.800000 0.255169 20.062787 36.454831
 283.000000 0.251510 20.078261 36.454831
 283.200000 0.284484 19.131522 36.454831
 283.400000 0.308435 17.969470 36.454831
 283.600000 0.299667 18.765020 36.454831
 283.800000 0.267174 20.241864 36.454831
 284.000000 0.268476 20.141616 36.454831
 284.200000 0.290172 19.292826 36.454831
 284.400000 0.292703 19.199287 36.454831
 284.600000 0.290852 19.268111 36.454831
 284.800000 0.284091 19.555881 36.454831
 285.000000 0.310613 17.700836 36.427593
 285.200000 0.321442 16.581016 36.427593
 285.400000 0.337543 12.744279 36.427593
 285.600000 0.338999 12.392856 36.427593
 285.800000 0.337829 12.674602 36.427593
 286.000000 0.321518 16.565002 36.427593
 286.200000 0.298130 19.753323 36.427593
 286.400000 0.308338 19.355342 36.427593
 286.600000 0.319427 17.823081 36.427593
 286.800000 0.342055 12.017597 36.427593
 287.000000 0.350087 10.398666 36.427593
 287.200000 0.351298 11.330426 36.427593
 287.400000 0.327551 16.334732 36.427593
 287.600000 0.293349 19.725764 36.427593
 287.800000 0.289853 19.697426 36.427593
 288.000000 0.287036 19.702562 36.427593
 288.200000 0.288116 20.421803 36.427593
 288.400000 0.289675 20.413085 36.427593
 288.600000 0.304540 19.981080 36.427593
 288.800000 0.307883 19.687583 36.427593
 289.000000 0.304479 19.985575 36.427593
 289.200000 0.304710 20.686681 36.427593
 289.400000 0.302412 20.833870 36.427593
 289.600000 0.330512 15.826747 36.427593
 289.800000 0.338455 13.834039 36.427593
 290.000000 0.322095 17.875859 36.400560
 290.200000 0.292676 21.037701 36.400560
 290.400000 0.266993 21.302785 36.400560
 290.600000 0.268899 21.227889 36.400560
 290.800000 0.269521 21.200571 36.400560
 291.000000 0.273056 21.035163 36.400560
 291.200000 0.278594 21.462093 36.400560
 291.400000 0.291723 21.318751 36.400560
 291.600000 0.277305 21.517855 36.400560
 291.800000 0.259985 21.869346 36.400560
 292.000000 0.247798 21.286053 36.400560
 292.200000 0.247257 21.943992 36.400560
 292.400000 0.253363 22.186915 36.400560
 292.600000 0.282998 21.368562 36.400560
 292.800000 0.315227 20.014734 36.400560
 293.000000 0.337722 14.469704 36.400560
 293.200000 0.341791 14.277623 36.400560
 293.400000 0.357294 11.126353 36.400560
 293.600000 0.369153 9.734397 36.400560
 293.800000 0.384567 6.106246 36.400560
 294.000000 0.363965 10.372634 36.400560
 294.200000 0.350343 12.974289 36.400560
 294.400000 0.361002 11.774622 36.400560
 294.600000 0.362291 11.649576 36.400560
 294.800000 0.357826 12.073265 36.400560
 295.000000 0.355381 12.321277 36.373645
 295.200000 0.356073 13.257744 36.373645
 295.400000 0.341211 15.427049 36.373645
 295.600000 0.325233 18.731840 36.373645
 295.800000 0.341965 15.282744 36.373645
 296.000000 0.341013 15.465441 36.373645
 296.200000 0.327970 18.791390 36.373645
 296.400000 0.328213 18.750281 36.373645
 296.600000 0.355696 13.841682 36.373645
 296.800000 0.373649 10.424264 36.373645
 297.000000 0.398725 2.247591 36.373645
 297.200000 0.425160 0.366576 36.373645
 297.400000 0.425420 0.354393 36.373645
 297.600000 0.403479 2.841076 36.373645
 297.800000 0.389805 6.147024 36.373645
 298.000000 0.405493 2.473540 36.373645
 298.200000 0.413217 2.708906 36.373645
 298.400000 0.401799 4.691842 36.373645
 298.600000 0.389818 7.049928 36.373645
 298.800000 0.404501 4.214855 36.373645
 299.000000 0.419615 1.711429 36.373645
 299.200000 0.392484 6.782546 36.373645
 299.400000 0.388103 7.619194 36.373645
 299.600000 0.408069 4.795913 36.373645
 299.800000 0.377891 10.009737 36.373645
 300.000000 0.385724 8.137065 36.345868
 300.200000 0.411757 4.636742 36.345868
 300.400000 0.407899 5.221757 36.345868
 300.600000 0.393708 7.634447 36.345868
 300.800000 0.387882 8.870758 36.345868
 301.000000 0.393749 7.626349 36.345868
 301.200000 0.429920 1.961348 36.345868
 301.400000 0.431978 1.670983 36.345868
 301.600000 0.416944 4.215542 36.345868
 301.800000 0.416842 4.235387 36.345868
 302.000000 0.420031 3.627899 36.345868
 302.200000 0.417116 5.643147 36.345868
 302.400000 0.434082 2.360141 36.345868
 302.600000 0.446327 0.690803 36.345868
 302.800000 0.447301 0.610178 36.345868
 303.000000 0.427134 3.720616 36.345868
 303.200000 0.408484 7.690291 36.345868
 303.400000 0.411986 7.374038 36.345868
 303.600000 0.418981 6.588909 36.345868
 303.800000 0.396294 8.963001 36.345868
 304.000000 0.399274 8.595390 36.345868
 304.200000 0.404088 9.223321 36.345868
 304.400000 0.395485 10.226436 36.345868
 304.600000 0.388888 10.993925 36.345868
 304.800000 0.385736 11.362037 36.345868
 305.000000 0.394145 10.381700 36.318969
 305.200000 0.390709 11.854786 36.318969
 305.400000 0.392609 11.656383 36.318969
 305.600000 0.392669 11.649855 36.318969
 305.800000 0.388620 12.054861 36.318969
 306.000000 0.387365 12.166417 36.318969
 306.200000 0.395774 12.158105 36.318969
 306.400000 0.415158 8.327662 36.318969
 306.600000 0.413190 8.753999 36.318969
 306.800000 0.384441 13.405254 36.318969
 307.000000 0.377448 13.699457 36.318969
 307.200000 0.357845 14.491875 36.318969
 307.400000 0.345483 15.650134 36.318969
 307.600000 0.354950 14.609975 36.318969
 307.800000 0.381123 14.504528 36.318969
 308.000000 0.372501 14.671847 36.318969
 308.200000 0.350148 15.317044 36.318969
 308.400000 0.341644 16.405925 36.318969
 308.600000 0.366041 15.360062 36.318969
 308.800000 0.379421 15.406307 36.318969
 309.000000 0.383622 15.020250 36.318969
 309.200000 0.408294 10.186164 36.318969
 309.400000 0.422303 6.753480 36.318969
 309.600000 0.404073 11.302301 36.318969
 309.800000 0.368219 15.988435 36.318969
 310.000000 0.342378 16.306115 36.293131
 310.200000 0.333545 18.547776 36.293131
 310.400000 0.347331 16.444571 36.293131
 310.600000 0.353738 15.859674 36.293131
 310.800000 0.351378 16.019214 36.293131
 311.000000 0.365152 16.002531 36.293131
 311.200000 0.354940 16.486724 36.293131
 311.400000 0.340877 17.619220 36.293131
 311.600000 0.342610 17.392767 36.293131
 311.800000 0.334779 18.468331 36.293131
 312.000000 0.316911 20.561738 36.293131
 312.200000 0.325382 20.283768 36.293131
 312.400000 0.345927 17.112196 36.293131
 312.600000 0.341614 17.700891 36.293131
 312.800000 0.339061 18.102185 36.293131
 313.000000 0.348758 16.818902 36.293131
 313.200000 0.324912 20.581381 36.293131
 313.400000 0.314016 21.545442 36.293131
 313.600000 0.289258 21.440742 36.293131
 313.800000 0.279117 21.544856 36.293131
 314.000000 0.294509 21.599813 36.293131
 314.200000 0.296931 22.343075 36.293131
 314.400000 0.280052 21.925488 36.293131
 314.600000 0.276231 22.013350 36.293131
 314.800000 0.275312 22.044965 36.293131
 315.000000 0.269870 22.260152 36.267738
 315.200000 0.247189 22.150952 36.267738
 315.400000 0.237436 21.665319 36.267738
 315.600000 0.236652 21.626920 36.267738
 315.800000 0.265588 23.014133 36.267738
 316.000000 0.268467 22.957894 36.267738
 316.200000 0.249573 22.583806 36.267738
 316.400000 0.241106 21.953742 36.267738
 316.600000 0.239003 21.829000 36.267738
 316.800000 0.249417 22.569904 36.267738
 317.000000 0.251998 22.806405 36.267738
 317.200000 0.240479 22.387302 36.267738
 317.400000 0.243858 22.678085 36.267738
 317.600000 0.241541 22.477276 36.267738
 317.800000 0.236761 22.076449 36.267738
 318.000000 0.229190 21.349430 36.267738
 318.200000 0.244661 23.146443 36.267738
 318.400000 0.249035 23.438462 36.267738
 318.600000 0.253767 23.775773 36.267738
 318.800000 0.237191 22.699087 36.267738
 319.000000 0.231247 22.237137 36.267738
 319.200000 0.230953 22.858567 36.267738
 319.400000 0.244035 23.559092 36.267738
 319.600000 0.244328 23.569633 36.267738
 319.800000 0.237332 23.306436 36.267738
 320.000000 0.215725 20.524245 36.243265
 320.200000 0.215259 21.154595 36.243265
 320.400000 0.208602 20.364611 36.243265
 320.600000 0.215150 21.138148 36.243265
 320.800000 0.210063 20.491039 36.243265
 321.000000 0.197193 20.579349 36.243265
 321.200000 0.207282 20.837021 36.243265
 321.400000 0.221026 22.280202 36.243265
 321.600000 0.223222 22.575332 36.243265
 321.800000 0.217146 21.738613 36.243265
 322.000000 0.216002 21.586737 36.243265
 322.200000 0.195459 21.747301 36.243265
 322.400000 0.197922 21.524538 36.243265
 322.600000 0.222867 23.131387 36.243265
 322.800000 0.206853 21.381246 36.243265
 323.000000 0.211788 21.756851 36.243265
 323.200000 0.187621 23.050889 36.243265
 323.400000 0.194009 22.237777 36.243265
 323.600000 0.200997 21.865499 36.243265
 323.800000 0.198644 21.924979 36.243265
 324.000000 0.208054 22.088608 36.243265
 324.200000 0.207109 22.678507 36.243265
 324.400000 0.203195 22.491637 36.243265
 324.600000 0.196498 22.525161 36.243265
 324.800000 0.207525 22.705918 36.243265
 325.000000 0.216065 23.468470 36.218736
 325.200000 0.216764 24.150591 36.218736
 325.400000 0.187026 23.485589 36.218736
 325.600000 0.190164 23.135881 36.218736
 325.800000 0.221701 24.534132 36.218736
 326.000000 0.233608 24.492369 36.218736
 326.200000 0.253313 24.315473 36.218736
 326.400000 0.260032 24.344072 36.218736
 326.600000 0.261173 24.332650 36.218736
 326.800000 0.251882 24.308284 36.218736
 327.000000 0.245312 24.412217 36.218736
 327.200000 0.267075 24.319626 36.218736
 327.400000 0.284220 22.787395 36.218736
 327.600000 0.285619 22.724607 36.218736
 327.800000 0.289510 22.621231 36.218736
 328.000000 0.305868 22.395112 36.218736
 328.200000 0.284966 22.995578 36.218736
 328.400000 0.265773 24.436054 36.218736
 328.600000 0.260758 24.690209 36.218736
 328.800000 0.283030 23.054317 36.218736
 329.000000 0.309378 22.832683 36.218736
 329.200000 0.316611 22.663621 36.218736
 329.400000 0.325564 21.209515 36.218736
 329.600000 0.325300 21.255728 36.218736
 329.800000 0.297603 23.594810 36.218736
 330.000000 0.292815 23.376582 36.195708
 330.200000 0.287632 23.769584 36.195708
 330.400000 0.279610 23.744150 36.195708
 330.600000 0.264763 24.614426 36.195708
 330.800000 0.249177 24.896453 36.195708
 331.000000 0.234460 25.488737 36.195708
 331.200000 0.259717 24.911761 36.195708
 331.400000 0.267188 24.536997 36.195708
 331.600000 0.265512 24.643143 36.195708
 331.800000 0.288163 23.788364 36.195708
 332.000000 0.310576 23.673330 36.195708
 332.200000 0.344342 18.216879 36.195708
 332.400000 0.369357 17.387399 36.195708
 332.600000 0.366568 17.347031 36.195708
 332.800000 0.358749 17.223810 36.195708
 333.000000 0.343084 18.393614 36.195708
 333.200000 0.358219 17.688158 36.195708
 333.400000 0.348677 18.424631 36.195708
 333.600000 0.368792 17.558922 36.195708
 333.800000 0.391290 14.805957 36.195708
 334.000000 0.397765 13.086472 36.195708
 334.200000 0.395713 14.619201 36.195708
 334.400000 0.392182 15.494565 36.195708
 334.600000 0.391872 15.565398 36.195708
 334.800000 0.361629 17.657480 36.195708
 335.000000 0.334949 20.424020 36.172176
 335.200000 0.327570 22.294477 36.172176
 335.400000 0.322367 23.085078 36.172176
 335.600000 0.333146 21.418760 36.172176
 335.800000 0.346327 19.244288 36.172176
 336.000000 0.359232 17.878997 36.172176
 336.200000 0.382005 17.473626 36.172176
 336.400000 0.416845 8.504693 36.172176
 336.600000 0.432309 4.312060 36.172176
 336.800000 0.429512 5.052560 36.172176
 337.000000 0.418161 8.140377 36.172176
 337.200000 0.426571 6.887433 36.172176
 337.400000 0.442870 2.232520 36.172176
 337.600000 0.426778 6.823299 36.172176
 337.800000 0.418783 9.185670 36.172176
 338.000000 0.418531 9.255676 36.172176
 338.200000 0.432781 5.683362 36.172176
 338.400000 0.433287 5.504735 36.172176
 338.600000 0.418468 10.432006 36.172176
 338.800000 0.412425 11.951913 36.172176
 339.000000 0.411925 12.066087 36.172176
 339.200000 0.429237 7.474929 36.172176
 339.400000 0.433983 5.606316 36.172176
 339.600000 0.432452 6.199668 36.172176
 339.800000 0.425425 8.965230 36.172176
 340.000000 0.418123 11.465302 36.147479
