#! FIELDS time d metad.bias metad.rct
 0.000000 0.101150 0.000000 0.000000
 0.200000 0.071409 0.000000 0.000000
 0.400000 0.072728 0.000000 0.000000
 0.600000 0.083860 0.000000 0.000000
 0.800000 0.091181 0.000000 0.000000
 1.000000 0.108155 0.000000 0.000000
 1.200000 0.112225 1.686613 0.000000
 1.400000 0.083943 0.473166 0.000000
 1.600000 0.084630 0.509212 0.000000
 1.800000 0.082858 0.419540 0.000000
 2.000000 0.082195 0.388783 0.000000
 2.200000 0.080155 2.007769 0.000000
 2.400000 0.077636 1.860066 0.000000
 2.600000 0.076927 1.814287 0.000000
 2.800000 0.082767 2.133951 0.000000
 3.000000 0.075585 1.723100 0.000000
 3.200000 0.072921 3.123196 0.000000
 3.400000 0.068837 2.673451 0.000000
 3.600000 0.074282 3.244285 0.000000
 3.800000 0.072182 3.050741 0.000000
 4.000000 0.071389 2.968099 0.000000
 4.200000 0.080586 4.833478 0.000000
 4.400000 0.090569 4.007945 0.000000
 4.600000 0.102134 2.844196 0.000000
 4.800000 0.098818 3.142264 0.000000
 5.000000 0.085804 4.494716 1.547472
 5.200000 0.083404 6.100694 1.547472
 5.400000 0.079824 6.178369 1.547472
 5.600000 0.073457 5.711711 1.547472
 5.800000 0.092603 5.076692 1.547472
 6.000000 0.089383 5.528819 1.547472
 6.200000 0.098624 5.285051 1.547472
 6.400000 0.103398 4.339697 1.547472
 6.600000 0.105257 3.982761 1.547472
 6.800000 0.107344 3.595789 1.547472
 7.000000 0.098533 5.303100 1.547472
 7.200000 0.099893 6.408639 1.547472
 7.400000 0.114513 3.183248 1.547472
 7.600000 0.110263 4.099826 1.547472
 7.800000 0.111541 3.817216 1.547472
 8.000000 0.103285 5.675584 1.547472
 8.200000 0.131831 0.872815 1.547472
 8.400000 0.135483 0.540067 1.547472
 8.600000 0.116970 3.587265 1.547472
 8.800000 0.113976 4.348608 1.547472
 9.000000 0.098337 8.010585 1.547472
 9.200000 0.115678 4.538190 1.547472
 9.400000 0.134021 0.729194 1.547472
 9.600000 0.129437 1.299470 1.547472
 9.800000 0.120389 3.193434 1.547472
 10.000000 0.123255 2.482182 4.414805
 10.200000 0.118073 5.307827 4.414805
 10.400000 0.116969 5.587540 4.414805
 10.600000 0.113130 6.568039 4.414805
 10.800000 0.137587 1.428699 4.414805
 11.000000 0.158392 0.101010 4.414805
 11.200000 0.128196 3.207770 4.414805
 11.400000 0.118238 5.311506 4.414805
 11.600000 0.109448 7.491404 4.414805
 11.800000 0.108029 7.826631 4.414805
 12.000000 0.106425 8.189840 4.414805
 12.200000 0.102614 10.140490 4.414805
 12.400000 0.104664 9.771931 4.414805
 12.600000 0.125953 4.131207 4.414805
 12.800000 0.139978 2.056318 4.414805
 13.000000 0.126626 3.974783 4.414805
 13.200000 0.126534 5.461816 4.414805
 13.400000 0.129668 4.770575 4.414805
 13.600000 0.142635 2.763740 4.414805
 13.800000 0.136388 3.530102 4.414805
 14.000000 0.127776 5.181171 4.414805
 14.200000 0.131519 5.738462 4.414805
 14.400000 0.141704 3.755055 4.414805
 14.600000 0.126506 6.852643 4.414805
 14.800000 0.103895 10.770404 4.414805
 15.000000 0.078892 8.953009 6.327205
 15.200000 0.089091 11.723589 6.327205
 15.400000 0.097177 11.705797 6.327205
 15.600000 0.114945 9.268968 6.327205
 15.800000 0.129523 6.182769 6.327205
 16.000000 0.151479 2.636960 6.327205
 16.200000 0.135003 5.839465 6.327205
 16.400000 0.113961 9.518556 6.327205
 16.600000 0.139469 5.256201 6.327205
 16.800000 0.166090 2.611398 6.327205
 17.000000 0.158849 3.517396 6.327205
 17.200000 0.147596 5.623083 6.327205
 17.400000 0.131058 6.721464 6.327205
 17.600000 0.115160 9.326958 6.327205
 17.800000 0.115430 9.280285 6.327205
 18.000000 0.127456 7.239954 6.327205
 18.200000 0.128331 8.372375 6.327205
 18.400000 0.107415 11.103188 6.327205
 18.600000 0.113445 10.438978 6.327205
 18.800000 0.112522 10.547102 6.327205
 19.000000 0.101657 11.616202 6.327205
 19.200000 0.116176 10.758093 6.327205
 19.400000 0.116067 10.776316 6.327205
 19.600000 0.100441 12.740133 6.327205
 19.800000 0.087961 12.366319 6.327205
 20.000000 0.085584 12.005373 8.151893
 20.200000 0.108435 12.259972 8.151893
 20.400000 0.122523 9.691250 8.151893
 20.600000 0.119493 10.264173 8.151893
 20.800000 0.115989 10.918961 8.151893
 21.000000 0.132782 7.819036 8.151893
 21.200000 0.135121 8.668209 8.151893
 21.400000 0.129097 9.659971 8.151893
 21.600000 0.122721 10.639599 8.151893
 21.800000 0.126743 10.034238 8.151893
 22.000000 0.143426 7.424354 8.151893
 22.200000 0.153279 7.228058 8.151893
 22.400000 0.152005 7.440780 8.151893
 22.600000 0.153860 7.127515 8.151893
 22.800000 0.127398 10.640730 8.151893
 23.000000 0.089736 13.575610 8.151893
 23.200000 0.092854 14.684032 8.151893
 23.400000 0.095787 14.632837 8.151893
 23.600000 0.105292 13.586996 8.151893
 23.800000 0.122279 11.256680 8.151893
 24.000000 0.122358 11.247781 8.151893
 24.200000 0.105443 14.124797 8.151893
 24.400000 0.115523 13.034313 8.151893
 24.600000 0.126090 11.855875 8.151893
 24.800000 0.110145 13.607886 8.151893
 25.000000 0.120235 12.542114 10.093867
 25.200000 0.115552 13.984516 10.093867
 25.400000 0.119733 13.596031 10.093867
 25.600000 0.150907 7.910041 10.093867
 25.800000 0.170527 3.416596 10.093867
 26.000000 0.172435 2.969269 10.093867
 26.200000 0.165836 5.964304 10.093867
 26.400000 0.153504 8.083856 10.093867
 26.600000 0.153148 8.135146 10.093867
 26.800000 0.136870 10.826107 10.093867
 27.000000 0.112148 14.255468 10.093867
 27.200000 0.104942 15.599344 10.093867
 27.400000 0.104723 15.607958 10.093867
 27.600000 0.119104 14.492977 10.093867
 27.800000 0.117812 14.648577 10.093867
 28.000000 0.089140 14.965266 10.093867
 28.200000 0.087809 15.629688 10.093867
 28.400000 0.095515 16.434356 10.093867
 28.600000 0.110419 15.634025 10.093867
 28.800000 0.133918 11.736653 10.093867
 29.000000 0.147624 8.992428 10.093867
 29.200000 0.115203 15.230560 10.093867
 29.400000 0.102937 16.266309 10.093867
 29.600000 0.109706 15.749028 10.093867
 29.800000 0.094959 16.417137 10.093867
 30.000000 0.093814 16.363271 12.001403
 30.200000 0.104254 16.843610 12.001403
 30.400000 0.117395 15.242840 12.001403
 30.600000 0.120697 14.778942 12.001403
 30.800000 0.102837 16.976583 12.001403
 31.000000 0.098975 17.232653 12.001403
 31.200000 0.106892 17.267746 12.001403
 31.400000 0.127553 13.816589 12.001403
 31.600000 0.147355 10.210908 12.001403
 31.800000 0.138908 11.639806 12.001403
 32.000000 0.123202 14.620986 12.001403
 32.200000 0.114233 16.907415 12.001403
 32.400000 0.126017 15.002406 12.001403
 32.600000 0.128244 14.546873 12.001403
 32.800000 0.113083 17.056435 12.001403
 33.000000 0.096480 18.270654 12.001403
 33.200000 0.089684 18.203184 12.001403
 33.400000 0.078615 14.051944 12.001403
 33.600000 0.070324 9.566518 12.001403
 33.800000 0.066711 7.626861 12.001403
 34.000000 0.074998 12.147906 12.001403
 34.200000 0.067032 8.678553 12.001403
 34.400000 0.075998 13.705566 12.001403
 34.600000 0.076084 13.751169 12.001403
 34.800000 0.080290 15.825676 12.001403
 35.000000 0.074908 13.117407 14.357728
 35.200000 0.060567 5.989004 14.357728
 35.400000 0.059733 5.583083 14.357728
 35.600000 0.049053 1.814051 14.357728
 35.800000 0.059888 5.657215 14.357728
 36.000000 0.071869 12.374096 14.357728
 36.200000 0.064559 9.003616 14.357728
 36.400000 0.068674 11.479555 14.357728
 36.600000 0.060294 6.602781 14.357728
 36.800000 0.066839 10.368747 14.357728
 37.000000 0.060077 6.488520 14.357728
 37.200000 0.049313 3.210861 14.357728
 37.400000 0.071960 14.392304 14.357728
 37.600000 0.091840 20.220572 14.357728
 37.800000 0.102357 19.394837 14.357728
 38.000000 0.117156 16.846995 14.357728
 38.200000 0.115913 17.894036 14.357728
 38.400000 0.117275 17.651818 14.357728
 38.600000 0.125860 15.846555 14.357728
 38.800000 0.135751 13.277880 14.357728
 39.000000 0.127913 15.340131 14.357728
 39.200000 0.129082 15.922845 14.357728
 39.400000 0.135577 14.099017 14.357728
 39.600000 0.146186 11.227827 14.357728
 39.800000 0.159997 8.056610 14.357728
 40.000000 0.142039 12.280515 15.570840
 40.200000 0.127548 16.949560 15.570840
 40.400000 0.144241 12.711039 15.570840
 40.600000 0.161204 8.208556 15.570840
 40.800000 0.148011 11.729432 15.570840
 41.000000 0.125990 17.262020 15.570840
 41.200000 0.122272 18.697763 15.570840
 41.400000 0.105875 20.133271 15.570840
 41.600000 0.112315 19.681440 15.570840
 41.800000 0.107626 20.011604 15.570840
 42.000000 0.107390 20.028012 15.570840
 42.200000 0.107419 20.743087 15.570840
 42.400000 0.110041 20.548937 15.570840
 42.600000 0.126059 18.389617 15.570840
 42.800000 0.148046 12.011524 15.570840
 43.000000 0.148157 11.979448 15.570840
 43.200000 0.144097 14.163537 15.570840
 43.400000 0.120968 19.547575 15.570840
 43.600000 0.112520 20.401992 15.570840
 43.800000 0.121112 19.528264 15.570840
 44.000000 0.120239 19.642003 15.570840
 44.200000 0.122726 20.017594 15.570840
 44.400000 0.108530 21.230536 15.570840
 44.600000 0.083683 19.474990 15.570840
 44.800000 0.062717 9.232088 15.570840
 45.000000 0.084780 19.780926 17.264272
 45.200000 0.114655 21.005440 17.264272
 45.400000 0.123659 19.886931 17.264272
 45.600000 0.117364 20.753942 17.264272
 45.800000 0.106307 21.568984 17.264272
 46.000000 0.103655 21.714656 17.264272
 46.200000 0.109875 21.961939 17.264272
 46.400000 0.102711 22.424826 17.264272
 46.600000 0.102721 22.424378 17.264272
 46.800000 0.112043 21.773929 17.264272
 47.000000 0.092444 22.265570 17.264272
 47.200000 0.078187 18.716721 17.264272
 47.400000 0.067848 12.737076 17.264272
 47.600000 0.043213 1.682482 17.264272
 47.800000 0.055218 5.577944 17.264272
 48.000000 0.053958 5.017206 17.264272
 48.200000 0.062442 10.611394 17.264272
 48.400000 0.069814 14.760080 17.264272
 48.600000 0.091046 22.815356 17.264272
 48.800000 0.074137 17.116346 17.264272
 49.000000 0.057113 7.857866 17.264272
 49.200000 0.054175 7.720184 17.264272
 49.400000 0.057840 9.443843 17.264272
 49.600000 0.055071 8.128055 17.264272
 49.800000 0.049022 5.561185 17.264272
 50.000000 0.045576 4.317444 18.370037
 50.200000 0.037565 3.364413 18.370037
 50.400000 0.050423 7.484444 18.370037
 50.600000 0.055007 9.283373 18.370037
 50.800000 0.054201 8.955185 18.370037
 51.000000 0.058964 10.966237 18.370037
 51.200000 0.055589 10.570123 18.370037
 51.400000 0.077844 20.037485 18.370037
 51.600000 0.069534 16.715254 18.370037
 51.800000 0.054720 10.197233 18.370037
 52.000000 0.058917 12.019199 18.370037
 52.200000 0.065427 15.841092 18.370037
 52.400000 0.050907 9.484020 18.370037
 52.600000 0.062481 14.593137 18.370037
 52.800000 0.050884 9.473861 18.370037
 53.000000 0.052395 10.145790 18.370037
 53.200000 0.052874 11.472554 18.370037
 53.400000 0.060628 14.750176 18.370037
 53.600000 0.060484 14.692442 18.370037
 53.800000 0.067194 17.254823 18.370037
 54.000000 0.063219 15.766808 18.370037
 54.200000 0.063567 16.767308 18.370037
 54.400000 0.048509 10.040885 18.370037
 54.600000 0.045370 8.508490 18.370037
 54.800000 0.039998 6.021384 18.370037
 55.000000 0.053908 12.643379 18.833676
 55.200000 0.055406 14.327683 18.833676
 55.400000 0.048908 11.178396 18.833676
 55.600000 0.047513 10.462433 18.833676
 55.800000 0.037313 5.443095 18.833676
 56.000000 0.061103 16.685623 18.833676
 56.200000 0.071705 20.717766 18.833676
 56.400000 0.066970 19.465640 18.833676
 56.600000 0.089909 23.439761 18.833676
 56.800000 0.103032 22.996250 18.833676
 57.000000 0.092608 23.502791 18.833676
 57.200000 0.076145 22.030568 18.833676
 57.400000 0.079619 22.756897 18.833676
 57.600000 0.056378 15.583849 18.833676
 57.800000 0.069700 20.407087 18.833676
 58.000000 0.086352 23.772363 18.833676
 58.200000 0.088458 24.558415 18.833676
 58.400000 0.083646 24.033543 18.833676
 58.600000 0.071144 21.163940 18.833676
 58.800000 0.051426 13.172536 18.833676
 59.000000 0.052606 13.793159 18.833676
 59.200000 0.039668 7.466963 18.833676
 59.400000 0.053110 14.999794 18.833676
 59.600000 0.060121 18.162988 18.833676
 59.800000 0.071659 21.734448 18.833676
 60.000000 0.088398 24.607619 20.426432
 60.200000 0.073886 22.640131 20.426432
 60.400000 0.084753 24.851407 20.426432
 60.600000 0.061628 18.848026 20.426432
 60.800000 0.044663 10.291324 20.426432
 61.000000 0.042402 8.989110 20.426432
 61.200000 0.052909 15.847807 20.426432
 61.400000 0.041564 9.685628 20.426432
 61.600000 0.034765 6.063670 20.426432
 61.800000 0.039645 8.609467 20.426432
 62.000000 0.039094 8.306445 20.426432
 62.200000 0.054212 17.182075 20.426432
 62.400000 0.040037 10.033388 20.426432
 62.600000 0.032849 6.282618 20.426432
 62.800000 0.044539 12.512051 20.426432
 63.000000 0.034981 7.332376 20.426432
 63.200000 0.054242 17.746291 20.426432
 63.400000 0.038459 10.397295 20.426432
 63.600000 0.027048 4.940501 20.426432
 63.800000 0.041946 12.222521 20.426432
 64.000000 0.048932 15.617627 20.426432
 64.200000 0.048589 16.337399 20.426432
 64.400000 0.030357 6.762572 20.426432
 64.600000 0.039132 11.455148 20.426432
 64.800000 0.032268 7.721529 20.426432
 65.000000 0.040621 12.280327 20.588404
 65.200000 0.040137 13.025206 20.588404
 65.400000 0.047189 16.610554 20.588404
 65.600000 0.056341 19.820728 20.588404
 65.800000 0.040905 13.449382 20.588404
 66.000000 0.026558 5.684174 20.588404
 66.200000 0.031983 9.705140 20.588404
 66.400000 0.032485 9.963305 20.588404
 66.600000 0.041079 14.393556 20.588404
 66.800000 0.032077 9.753562 20.588404
 67.000000 0.028738 8.077248 20.588404
 67.200000 0.058693 20.687608 20.588404
 67.400000 0.069036 22.374255 20.588404
 67.600000 0.061557 21.181294 20.588404
 67.800000 0.061682 21.201705 20.588404
 68.000000 0.043114 16.139523 20.588404
 68.200000 0.032721 11.934898 20.588404
 68.400000 0.026983 8.930336 20.588404
 68.600000 0.039722 15.481849 20.588404
 68.800000 0.037631 14.468329 20.588404
 69.000000 0.034211 12.718189 20.588404
 69.200000 0.061503 21.762004 20.588404
 69.400000 0.080384 24.386678 20.588404
 69.600000 0.071566 22.984066 20.588404
 69.800000 0.069109 22.639530 20.588404
 70.000000 0.063220 21.946633 20.913159
 70.200000 0.068677 23.198915 20.913159
 70.400000 0.075515 24.072736 20.913159
 70.600000 0.064125 22.701945 20.913159
 70.800000 0.043438 18.222810 20.913159
 71.000000 0.057185 21.863006 20.913159
 71.200000 0.062662 23.162706 20.913159
 71.400000 0.061783 23.077966 20.913159
 71.600000 0.062996 23.193821 20.913159
 71.800000 0.086607 25.420413 20.913159
 72.000000 0.072644 24.074458 20.913159
 72.200000 0.081325 25.530011 20.913159
 72.400000 0.080380 25.450814 20.913159
 72.600000 0.073654 24.777987 20.913159
 72.800000 0.066982 24.099824 20.913159
 73.000000 0.062721 23.649142 20.913159
 73.200000 0.067656 24.745503 20.913159
 73.400000 0.065800 24.577778 20.913159
 73.600000 0.076337 25.462968 20.913159
 73.800000 0.099623 24.864307 20.913159
 74.000000 0.131376 18.328120 20.913159
 74.200000 0.163402 8.309725 20.913159
 74.400000 0.156720 10.646692 20.913159
 74.600000 0.156449 10.740359 20.913159
 74.800000 0.162197 8.733900 20.913159
 75.000000 0.188413 1.455717 21.764137
 75.200000 0.192944 2.452294 21.764137
 75.400000 0.172659 6.109506 21.764137
 75.600000 0.153226 11.944030 21.764137
 75.800000 0.153832 11.748513 21.764137
 76.000000 0.135969 17.665394 21.764137
 76.200000 0.144685 15.418782 21.764137
 76.400000 0.164936 8.372124 21.764137
 76.600000 0.181797 4.174944 21.764137
 76.800000 0.151770 12.871792 21.764137
 77.000000 0.152923 12.461658 21.764137
 77.200000 0.160837 10.586196 21.764137
 77.400000 0.177621 5.247958 21.764137
 77.600000 0.170301 7.288314 21.764137
 77.800000 0.190633 2.813962 21.764137
 78.000000 0.189800 2.939548 21.764137
 78.200000 0.203941 2.137153 21.764137
 78.400000 0.203208 2.255688 21.764137
 78.600000 0.202820 2.319150 21.764137
 78.800000 0.196665 3.361797 21.764137
 79.000000 0.207523 1.595412 21.764137
 79.200000 0.191138 5.164364 21.764137
 79.400000 0.180722 6.156556 21.764137
 79.600000 0.164432 9.668607 21.764137
 79.800000 0.179458 6.313923 21.764137
 80.000000 0.221232 1.392346 21.789606
 80.200000 0.224383 2.669230 21.789606
 80.400000 0.196601 5.047221 21.789606
 80.600000 0.159290 11.352658 21.789606
 80.800000 0.142929 16.862598 21.789606
 81.000000 0.179501 6.339396 21.789606
 81.200000 0.181280 7.446329 21.789606
 81.400000 0.188125 6.690704 21.789606
 81.600000 0.185012 7.029619 21.789606
 81.800000 0.173946 8.448710 21.789606
 82.000000 0.176341 8.080039 21.789606
 82.200000 0.187982 7.609179 21.789606
 82.400000 0.179391 8.868552 21.789606
 82.600000 0.185654 7.966225 21.789606
 82.800000 0.163970 11.452354 21.789606
 83.000000 0.167848 10.676257 21.789606
 83.200000 0.182885 9.031380 21.789606
 83.400000 0.184381 8.747516 21.789606
 83.600000 0.185941 8.447230 21.789606
 83.800000 0.199539 5.883004 21.789606
 84.000000 0.181941 9.207915 21.789606
 84.200000 0.182568 10.251186 21.789606
 84.400000 0.176579 11.273791 21.789606
 84.600000 0.173551 11.718717 21.789606
 84.800000 0.168768 12.382012 21.789606
 85.000000 0.151865 15.229366 21.771365
 85.200000 0.155475 15.366393 21.771365
 85.400000 0.167081 13.147967 21.771365
 85.600000 0.180513 10.769504 21.771365
 85.800000 0.192065 8.198000 21.771365
 86.000000 0.234930 1.411259 21.771365
 86.200000 0.255471 0.766816 21.771365
 86.400000 0.247679 1.531473 21.771365
 86.600000 0.220667 4.225656 21.771365
 86.800000 0.188658 9.020645 21.771365
 87.000000 0.178193 11.209059 21.771365
 87.200000 0.178366 12.239137 21.771365
 87.400000 0.176213 12.619033 21.771365
 87.600000 0.188276 9.956073 21.771365
 87.800000 0.213066 4.799688 21.771365
 88.000000 0.193019 8.649860 21.771365
 88.200000 0.175421 13.346658 21.771365
 88.400000 0.168938 14.026500 21.771365
 88.600000 0.171424 13.774496 21.771365
 88.800000 0.167265 14.200384 21.771365
 89.000000 0.165741 14.365250 21.771365
 89.200000 0.187340 11.639378 21.771365
 89.400000 0.204156 6.919959 21.771365
 89.600000 0.192646 10.126402 21.771365
 89.800000 0.190593 10.730293 21.771365
 90.000000 0.168035 15.031534 21.748195
 90.200000 0.195422 9.465465 21.748195
 90.400000 0.203279 7.184211 21.748195
 90.600000 0.202485 7.388104 21.748195
 90.800000 0.197706 8.752002 21.748195
 91.000000 0.190810 10.948900 21.748195
 91.200000 0.199808 9.022892 21.748195
 91.400000 0.197895 9.655301 21.748195
 91.600000 0.227739 3.873052 21.748195
 91.800000 0.245460 1.791655 21.748195
 92.000000 0.248948 1.389494 21.748195
 92.200000 0.203808 7.804442 21.748195
 92.400000 0.196045 10.279188 21.748195
 92.600000 0.180160 14.775565 21.748195
 92.800000 0.174707 15.613689 21.748195
 93.000000 0.175249 15.545445 21.748195
 93.200000 0.176760 16.210391 21.748195
 93.400000 0.194480 11.193448 21.748195
 93.600000 0.210360 6.278119 21.748195
 93.800000 0.219092 5.022460 21.748195
 94.000000 0.221468 4.827917 21.748195
 94.200000 0.213194 6.971415 21.748195
 94.400000 0.202867 8.889946 21.748195
 94.600000 0.207408 7.857900 21.748195
 94.800000 0.221718 6.221291 21.748195
 95.000000 0.214355 6.841734 21.714732
 95.200000 0.199510 10.630853 21.714732
 95.400000 0.196089 11.545558 21.714732
 95.600000 0.191055 13.009443 21.714732
 95.800000 0.197162 11.248100 21.714732
 96.000000 0.206941 9.091285 21.714732
 96.200000 0.205332 10.527654 21.714732
 96.400000 0.202138 11.118300 21.714732
 96.600000 0.183510 15.374515 21.714732
 96.800000 0.163671 17.250792 21.714732
 97.000000 0.166094 17.169985 21.714732
 97.200000 0.163600 18.056252 21.714732
 97.400000 0.149935 18.374133 21.714732
 97.600000 0.141814 19.133058 21.714732
 97.800000 0.157747 18.142237 21.714732
 98.000000 0.173899 17.432547 21.714732
 98.200000 0.164896 18.695472 21.714732
 98.400000 0.120737 22.311038 21.714732
 98.600000 0.101866 24.661049 21.714732
 98.800000 0.094077 25.653062 21.714732
 99.000000 0.077518 25.554720 21.714732
 99.200000 0.071867 25.621756 21.714732
 99.400000 0.093347 26.038770 21.714732
 99.600000 0.099682 25.165429 21.714732
 99.800000 0.077882 26.142635 21.714732
 100.000000 0.083553 26.438632 22.455788
 100.200000 0.087135 26.969095 22.455788
 100.400000 0.083167 26.967026 22.455788
 100.600000 0.085385 26.998188 22.455788
 100.800000 0.098255 25.721796 22.455788
 101.000000 0.096265 26.054874 22.455788
 101.200000 0.096078 26.632760 22.455788
 101.400000 0.110096 24.011902 22.455788
 101.600000 0.112667 23.596627 22.455788
 101.800000 0.118813 22.741627 22.455788
 102.000000 0.161514 18.665402 22.455788
 102.200000 0.180117 17.586864 22.455788
 102.400000 0.183161 16.800372 22.455788
 102.600000 0.181723 17.186168 22.455788
 102.800000 0.157484 19.322319 22.455788
 103.000000 0.164174 19.444983 22.455788
 103.200000 0.147016 19.593916 22.455788
 103.400000 0.129064 21.375609 22.455788
 103.600000 0.099408 26.053272 22.455788
 103.800000 0.108573 24.278259 22.455788
 104.000000 0.121607 22.402243 22.455788
 104.200000 0.121290 23.088135 22.455788
 104.400000 0.118515 23.429402 22.455788
 104.600000 0.131191 21.588438 22.455788
 104.800000 0.118138 23.474273 22.455788
 105.000000 0.124673 22.628384 23.056086
 105.200000 0.143148 20.226760 23.056086
 105.400000 0.125067 23.209415 23.056086
 105.600000 0.116505 24.217831 23.056086
 105.800000 0.116791 24.189755 23.056086
 106.000000 0.126189 23.038874 23.056086
 106.200000 0.148840 20.103439 23.056086
 106.400000 0.135676 21.837252 23.056086
 106.600000 0.138998 21.192963 23.056086
 106.800000 0.147465 20.167857 23.056086
 107.000000 0.133047 22.383437 23.056086
 107.200000 0.141642 21.308104 23.056086
 107.400000 0.139093 21.771053 23.056086
 107.600000 0.118207 24.987504 23.056086
 107.800000 0.134627 22.696458 23.056086
 108.000000 0.148150 20.520833 23.056086
 108.200000 0.140761 22.081647 23.056086
 108.400000 0.133727 23.328396 23.056086
 108.600000 0.104282 26.003493 23.056086
 108.800000 0.113166 25.292870 23.056086
 109.000000 0.136624 22.794853 23.056086
 109.200000 0.170734 20.125976 23.056086
 109.400000 0.180073 18.100029 23.056086
 109.600000 0.164621 20.788766 23.056086
 109.800000 0.120382 25.326412 23.056086
 110.000000 0.096295 26.990618 23.727737
 110.200000 0.085000 27.873288 23.727737
 110.400000 0.092759 27.831735 23.727737
 110.600000 0.117548 25.583972 23.727737
 110.800000 0.130700 24.477017 23.727737
 111.000000 0.119270 25.518670 23.727737
 111.200000 0.136228 23.811368 23.727737
 111.400000 0.153133 21.370658 23.727737
 111.600000 0.148456 21.748596 23.727737
 111.800000 0.146930 21.922695 23.727737
 112.000000 0.161315 20.992975 23.727737
 112.200000 0.142400 22.908711 23.727737
 112.400000 0.142481 22.896877 23.727737
 112.600000 0.154672 21.908753 23.727737
 112.800000 0.142871 22.840405 23.727737
 113.000000 0.123449 25.859548 23.727737
 113.200000 0.112185 26.730224 23.727737
 113.400000 0.113335 26.711653 23.727737
 113.600000 0.126869 26.063900 23.727737
 113.800000 0.146514 22.565438 23.727737
 114.000000 0.134935 24.637024 23.727737
 114.200000 0.135162 25.172948 23.727737
 114.400000 0.133175 25.580403 23.727737
 114.600000 0.134833 25.242262 23.727737
 114.800000 0.131625 25.872983 23.727737
 115.000000 0.151967 22.406770 24.327653
 115.200000 0.152230 23.030870 24.327653
 115.400000 0.149901 23.231509 24.327653
 115.600000 0.146072 23.658575 24.327653
 115.800000 0.150540 23.172700 24.327653
 116.000000 0.151314 23.105442 24.327653
 116.200000 0.145561 24.307012 24.327653
 116.400000 0.141673 24.828796 24.327653
 116.600000 0.160982 22.893498 24.327653
 116.800000 0.154568 23.468744 24.327653
 117.000000 0.157525 23.228352 24.327653
 117.200000 0.155525 24.009501 24.327653
 117.400000 0.172002 21.381505 24.327653
 117.600000 0.174628 20.630574 24.327653
 117.800000 0.177306 19.780776 24.327653
 118.000000 0.161591 23.424560 24.327653
 118.200000 0.151998 24.756982 24.327653
 118.400000 0.147919 24.957987 24.327653
 118.600000 0.120910 27.140792 24.327653
 118.800000 0.105218 27.123882 24.327653
 119.000000 0.106848 27.042048 24.327653
 119.200000 0.119901 27.487397 24.327653
 119.400000 0.124345 27.378332 24.327653
 119.600000 0.134952 26.315865 24.327653
 119.800000 0.140002 25.660281 24.327653
 120.000000 0.148910 24.913808 24.895648
 120.200000 0.141027 26.045442 24.895648
 120.400000 0.115499 27.513071 24.895648
 120.600000 0.119213 27.569676 24.895648
 120.800000 0.138214 26.327982 24.895648
 121.000000 0.171549 22.179911 24.895648
 121.200000 0.191393 14.986605 24.895648
 121.400000 0.185816 17.306687 24.895648
 121.600000 0.199954 12.044211 24.895648
 121.800000 0.217040 8.801642 24.895648
 122.000000 0.214340 9.201082 24.895648
 122.200000 0.228421 7.707858 24.895648
 122.400000 0.230145 7.321490 24.895648
 122.600000 0.265595 1.123522 24.895648
 122.800000 0.265370 1.146935 24.895648
 123.000000 0.254064 2.641521 24.895648
 123.200000 0.256087 3.874484 24.895648
 123.400000 0.264048 2.535502 24.895648
 123.600000 0.264547 2.452633 24.895648
 123.800000 0.264529 2.455553 24.895648
 124.000000 0.271011 1.470837 24.895648
 124.200000 0.262873 4.147044 24.895648
 124.400000 0.227290 8.292427 24.895648
 124.600000 0.193147 14.733150 24.895648
 124.800000 0.211820 10.754462 24.895648
 125.000000 0.214813 10.339737 24.904333
 125.200000 0.229701 8.542882 24.904333
 125.400000 0.247284 5.750754 24.904333
 125.600000 0.243459 6.169329 24.904333
 125.800000 0.209258 12.141475 24.904333
 126.000000 0.188288 16.742049 24.904333
 126.200000 0.189855 17.012661 24.904333
 126.400000 0.197128 14.750090 24.904333
 126.600000 0.191131 16.571579 24.904333
 126.800000 0.202441 13.553356 24.904333
 127.000000 0.225891 9.415492 24.904333
 127.200000 0.224885 10.789343 24.904333
 127.400000 0.253209 5.395324 24.904333
 127.600000 0.253061 5.413538 24.904333
 127.800000 0.246340 6.300908 24.904333
 128.000000 0.221085 11.554611 24.904333
 128.200000 0.192553 16.363825 24.904333
 128.400000 0.203991 14.211994 24.904333
 128.600000 0.219530 12.865419 24.904333
 128.800000 0.228581 10.864119 24.904333
 129.000000 0.223443 12.128965 24.904333
 129.200000 0.207738 14.520232 24.904333
 129.400000 0.204951 14.603619 24.904333
 129.600000 0.234285 10.079142 24.904333
 129.800000 0.252396 5.768709 24.904333
 130.000000 0.260718 4.550815 24.884720
 130.200000 0.228109 12.093257 24.884720
 130.400000 0.217951 14.071725 24.884720
 130.600000 0.237958 9.418312 24.884720
 130.800000 0.233945 10.473186 24.884720
 131.000000 0.247112 7.658512 24.884720
 131.200000 0.234856 11.113845 24.884720
 131.400000 0.198496 15.213315 24.884720
 131.600000 0.177021 21.688147 24.884720
 131.800000 0.170146 23.664103 24.884720
 132.000000 0.155916 25.529897 24.884720
 132.200000 0.134873 26.939245 24.884720
 132.400000 0.126548 27.524476 24.884720
 132.600000 0.133685 27.042378 24.884720
 132.800000 0.126913 27.508962 24.884720
 133.000000 0.105793 27.624468 24.884720
 133.200000 0.106659 28.096462 24.884720
 133.400000 0.106858 28.088084 24.884720
 133.600000 0.105329 28.158577 24.884720
 133.800000 0.108916 28.015518 24.884720
 134.000000 0.137334 26.786938 24.884720
 134.200000 0.148552 26.639723 24.884720
 134.400000 0.145469 26.761130 24.884720
 134.600000 0.125135 28.175863 24.884720
 134.800000 0.110188 28.085726 24.884720
 135.000000 0.116207 28.138548 25.632753
 135.200000 0.144100 26.916556 25.632753
 135.400000 0.174125 22.886216 25.632753
 135.600000 0.195782 15.719849 25.632753
 135.800000 0.182731 19.829558 25.632753
 136.000000 0.176998 21.919156 25.632753
 136.200000 0.198181 15.514444 25.632753
 136.400000 0.234316 11.234767 25.632753
 136.600000 0.274235 3.872253 25.632753
 136.800000 0.284522 1.843261 25.632753
 137.000000 0.255899 7.637660 25.632753
 137.200000 0.240439 10.700998 25.632753
 137.400000 0.232336 12.048269 25.632753
 137.600000 0.219268 14.208020 25.632753
 137.800000 0.191485 17.229585 25.632753
 138.000000 0.178443 22.062421 25.632753
 138.200000 0.167885 25.701207 25.632753
 138.400000 0.165478 26.105323 25.632753
 138.600000 0.161646 26.537124 25.632753
 138.800000 0.163545 26.353912 25.632753
 139.000000 0.156264 26.800727 25.632753
 139.200000 0.126877 28.582696 25.632753
 139.400000 0.112185 28.570039 25.632753
 139.600000 0.107201 28.562487 25.632753
 139.800000 0.098494 28.811343 25.632753
 140.000000 0.108467 28.551169 26.054331
 140.200000 0.116749 29.085442 26.054331
 140.400000 0.115999 29.079801 26.054331
 140.600000 0.111913 29.043984 26.054331
 140.800000 0.103615 29.110144 26.054331
 141.000000 0.092284 29.129614 26.054331
 141.200000 0.098159 29.650685 26.054331
 141.400000 0.120531 29.155229 26.054331
 141.600000 0.140643 27.597103 26.054331
 141.800000 0.155239 27.351464 26.054331
 142.000000 0.134150 28.166259 26.054331
 142.200000 0.125934 29.341119 26.054331
 142.400000 0.122126 29.468605 26.054331
 142.600000 0.118647 29.483417 26.054331
 142.800000 0.136223 28.452178 26.054331
 143.000000 0.146080 27.747111 26.054331
 143.200000 0.128834 29.418574 26.054331
 143.400000 0.111276 29.443466 26.054331
 143.600000 0.118760 29.580070 26.054331
 143.800000 0.131916 29.214146 26.054331
 144.000000 0.140769 28.519228 26.054331
 144.200000 0.124998 29.855336 26.054331
 144.400000 0.100379 29.644347 26.054331
 144.600000 0.094152 29.679862 26.054331
 144.800000 0.072682 26.748695 26.054331
 145.000000 0.037306 15.897860 26.789651
 145.200000 0.032502 13.974608 26.789651
 145.400000 0.040197 18.302193 26.789651
 145.600000 0.046904 21.302689 26.789651
 145.800000 0.032684 14.083326 26.789651
 146.000000 0.043970 20.098687 26.789651
 146.200000 0.046409 21.817318 26.789651
 146.400000 0.073143 26.988810 26.789651
 146.600000 0.091646 29.590513 26.789651
 146.800000 0.083951 28.808016 26.789651
 147.000000 0.090484 29.520951 26.789651
 147.200000 0.107591 29.739097 26.789651
 147.400000 0.105305 29.811333 26.789651
 147.600000 0.072282 27.074002 26.789651
 147.800000 0.085505 29.468142 26.789651
 148.000000 0.089349 29.904239 26.789651
 148.200000 0.086017 29.988774 26.789651
 148.400000 0.075962 28.071261 26.789651
 148.600000 0.096604 30.544645 26.789651
 148.800000 0.099602 30.417472 26.789651
 149.000000 0.093313 30.567083 26.789651
 149.200000 0.082227 29.700387 26.789651
 149.400000 0.050429 23.201692 26.789651
 149.600000 0.064085 25.965328 26.789651
 149.800000 0.062933 25.778086 26.789651
 150.000000 0.070905 27.196212 27.523570
 150.200000 0.068702 27.282123 27.523570
 150.400000 0.082114 30.070869 27.523570
 150.600000 0.059710 25.643861 27.523570
 150.800000 0.062900 26.224467 27.523570
 151.000000 0.063962 26.413172 27.523570
 151.200000 0.078282 29.637544 27.523570
 151.400000 0.082140 30.334100 27.523570
 151.600000 0.056899 25.565187 27.523570
 151.800000 0.063667 26.900263 27.523570
 152.000000 0.063516 26.873219 27.523570
 152.200000 0.081870 30.538695 27.523570
 152.400000 0.061788 27.084801 27.523570
 152.600000 0.057414 26.167596 27.523570
 152.800000 0.086110 31.062651 27.523570
 153.000000 0.084576 30.899277 27.523570
 153.200000 0.071582 29.090776 27.523570
 153.400000 0.084688 31.354086 27.523570
 153.600000 0.090899 31.743276 27.523570
 153.800000 0.067249 28.272982 27.523570
 154.000000 0.062847 27.435373 27.523570
 154.200000 0.060478 27.460502 27.523570
 154.400000 0.059682 27.283178 27.523570
 154.600000 0.091516 31.826519 27.523570
 154.800000 0.096558 31.560865 27.523570
 155.000000 0.120737 30.026024 28.199098
 155.200000 0.112433 30.523780 28.199098
 155.400000 0.121454 30.480973 28.199098
 155.600000 0.112630 30.519452 28.199098
 155.800000 0.083588 31.436309 28.199098
 156.000000 0.086404 31.710764 28.199098
 156.200000 0.063938 28.300304 28.199098
 156.400000 0.073196 30.097717 28.199098
 156.600000 0.093322 32.242684 28.199098
 156.800000 0.100903 31.577066 28.199098
 157.000000 0.082108 31.659749 28.199098
 157.200000 0.092258 32.620759 28.199098
 157.400000 0.086292 32.539010 28.199098
 157.600000 0.083495 32.268921 28.199098
 157.800000 0.062963 28.287585 28.199098
 158.000000 0.060140 27.622954 28.199098
 158.200000 0.067050 29.633774 28.199098
 158.400000 0.084336 32.503014 28.199098
 158.600000 0.096669 32.306332 28.199098
 158.800000 0.110076 30.798323 28.199098
 159.000000 0.102963 31.515236 28.199098
 159.200000 0.108276 31.337770 28.199098
 159.400000 0.113663 30.961781 28.199098
 159.600000 0.111045 31.111266 28.199098
 159.800000 0.107392 31.424449 28.199098
 160.000000 0.113218 30.983032 29.173597
 160.200000 0.107711 31.803841 29.173597
 160.400000 0.108358 31.747766 29.173597
 160.600000 0.076414 31.498520 29.173597
 160.800000 0.089305 33.149180 29.173597
 161.000000 0.104636 32.108847 29.173597
 161.200000 0.103668 32.632701 29.173597
 161.400000 0.097470 33.244293 29.173597
 161.600000 0.081443 32.500920 29.173597
 161.800000 0.081115 32.445611 29.173597
 162.000000 0.080757 32.384032 29.173597
 162.200000 0.102188 32.941876 29.173597
 162.400000 0.105709 32.516276 29.173597
 162.600000 0.110941 31.990764 29.173597
 162.800000 0.101229 33.057612 29.173597
 163.000000 0.101695 33.001573 29.173597
 163.200000 0.107127 32.734243 29.173597
 163.400000 0.108415 32.587248 29.173597
 163.600000 0.091141 34.098242 29.173597
 163.800000 0.086386 33.800121 29.173597
 164.000000 0.091885 34.105718 29.173597
 164.200000 0.106822 33.003146 29.173597
 164.400000 0.097132 34.241737 29.173597
 164.600000 0.101836 33.694080 29.173597
 164.800000 0.097017 34.252027 29.173597
 165.000000 0.074069 31.734695 30.329062
 165.200000 0.061318 28.963654 30.329062
 165.400000 0.067009 30.445203 30.329062
 165.600000 0.065977 30.187657 30.329062
 165.800000 0.075121 32.408352 30.329062
 166.000000 0.088327 34.616759 30.329062
 166.200000 0.085993 34.791210 30.329062
 166.400000 0.085308 34.710479 30.329062
 166.600000 0.084374 34.585081 30.329062
 166.800000 0.078982 33.578251 30.329062
 167.000000 0.062902 29.482756 30.329062
 167.200000 0.053911 27.010805 30.329062
 167.400000 0.081304 34.284244 30.329062
 167.600000 0.069332 31.614022 30.329062
 167.800000 0.068194 31.332241 30.329062
 168.000000 0.070045 31.789029 30.329062
 168.200000 0.101037 34.212624 30.329062
 168.400000 0.126288 31.108726 30.329062
 168.600000 0.102818 33.912319 30.329062
 168.800000 0.084762 35.063520 30.329062
 169.000000 0.079733 34.336556 30.329062
 169.200000 0.065332 31.247521 30.329062
 169.400000 0.067429 31.829403 30.329062
 169.600000 0.082507 35.158830 30.329062
 169.800000 0.086947 35.579093 30.329062
 170.000000 0.091337 35.582704 31.379135
 170.200000 0.089664 35.987441 31.379135
 170.400000 0.081011 35.217535 31.379135
 170.600000 0.079097 34.855376 31.379135
 170.800000 0.079474 34.930766 31.379135
 171.000000 0.088020 35.968773 31.379135
 171.200000 0.104066 34.248955 31.379135
 171.400000 0.103571 34.353077 31.379135
 171.600000 0.103968 34.269520 31.379135
 171.800000 0.092343 36.221338 31.379135
 172.000000 0.080758 35.486248 31.379135
 172.200000 0.075764 34.710000 31.379135
 172.400000 0.062443 30.701683 31.379135
 172.600000 0.074920 34.487239 31.379135
 172.800000 0.077995 35.260909 31.379135
 173.000000 0.061811 30.486272 31.379135
 173.200000 0.073062 34.316676 31.379135
 173.400000 0.065922 32.271376 31.379135
 173.600000 0.064587 31.853125 31.379135
 173.800000 0.068817 33.137200 31.379135
 174.000000 0.066882 32.564275 31.379135
 174.200000 0.076622 35.537201 31.379135
 174.400000 0.087482 36.889648 31.379135
 174.600000 0.104152 34.362818 31.379135
 174.800000 0.099581 35.393758 31.379135
 175.000000 0.101887 34.878188 32.417725
 175.200000 0.127983 31.028228 32.417725
 175.400000 0.132556 30.401239 32.417725
 175.600000 0.135073 30.049976 32.417725
 175.800000 0.146763 28.842021 32.417725
 176.000000 0.130731 30.656184 32.417725
 176.200000 0.133691 30.680086 32.417725
 176.400000 0.131640 30.975324 32.417725
 176.600000 0.112267 33.288538 32.417725
 176.800000 0.114578 32.966779 32.417725
 177.000000 0.147148 29.061663 32.417725
 177.200000 0.152569 29.092393 32.417725
 177.400000 0.148439 29.435186 32.417725
 177.600000 0.112653 33.264378 32.417725
 177.800000 0.120333 32.420020 32.417725
 178.000000 0.118790 32.563727 32.417725
 178.200000 0.119554 32.901531 32.417725
 178.400000 0.134479 31.137623 32.417725
 178.600000 0.151905 29.185075 32.417725
 178.800000 0.123732 32.495518 32.417725
 179.000000 0.124197 32.447164 32.417725
 179.200000 0.138993 30.762241 32.417725
 179.400000 0.136576 31.131764 32.417725
 179.600000 0.167340 26.760222 32.417725
 179.800000 0.181793 21.641051 32.417725
 180.000000 0.173825 24.771191 32.698605
 180.200000 0.167596 27.225836 32.698605
 180.400000 0.178244 23.659672 32.698605
 180.600000 0.198852 15.806897 32.698605
 180.800000 0.191398 18.043531 32.698605
 181.000000 0.200891 15.426318 32.698605
 181.200000 0.187830 20.091076 32.698605
 181.400000 0.195127 17.581863 32.698605
 181.600000 0.171738 26.182700 32.698605
 181.800000 0.146545 29.910661 32.698605
 182.000000 0.151113 29.523650 32.698605
 182.200000 0.151031 29.999967 32.698605
 182.400000 0.145347 30.463076 32.698605
 182.600000 0.134816 31.688500 32.698605
 182.800000 0.146921 30.327586 32.698605
 183.000000 0.138707 31.174598 32.698605
 183.200000 0.128467 32.855036 32.698605
 183.400000 0.104061 35.299651 32.698605
 183.600000 0.113443 33.983924 32.698605
 183.800000 0.137242 31.797109 32.698605
 184.000000 0.137856 31.718522 32.698605
 184.200000 0.129886 33.076595 32.698605
 184.400000 0.111089 34.317396 32.698605
 184.600000 0.104359 35.280715 32.698605
 184.800000 0.121104 33.668325 32.698605
 185.000000 0.141587 31.677009 32.864213
 185.200000 0.154016 30.549017 32.864213
 185.400000 0.178100 24.132702 32.864213
 185.600000 0.190390 19.138567 32.864213
 185.800000 0.189228 19.573607 32.864213
 186.000000 0.179179 23.696476 32.864213
 186.200000 0.200234 16.645245 32.864213
 186.400000 0.200813 16.534698 32.864213
 186.600000 0.185585 21.585805 32.864213
 186.800000 0.182765 22.799661 32.864213
 187.000000 0.191413 19.207609 32.864213
 187.200000 0.194648 18.809198 32.864213
 187.400000 0.185051 22.495261 32.864213
 187.600000 0.182075 23.707106 32.864213
 187.800000 0.182706 23.453450 32.864213
 188.000000 0.206163 16.269457 32.864213
 188.200000 0.213105 16.310791 32.864213
 188.400000 0.212953 16.329535 32.864213
 188.600000 0.171771 27.393339 32.864213
 188.800000 0.144400 31.807007 32.864213
 189.000000 0.151758 30.991037 32.864213
 189.200000 0.179321 25.034786 32.864213
 189.400000 0.214512 16.128581 32.864213
 189.600000 0.237216 11.324688 32.864213
 189.800000 0.245797 10.117521 32.864213
 190.000000 0.266906 6.478512 32.882674
 190.200000 0.292447 1.193765 32.882674
 190.400000 0.300480 0.403763 32.882674
 190.600000 0.303884 0.234327 32.882674
 190.800000 0.312257 0.046495 32.882674
 191.000000 0.289356 1.686889 32.882674
 191.200000 0.282703 4.624537 32.882674
 191.400000 0.288519 3.461685 32.882674
 191.600000 0.278625 5.545174 32.882674
 191.800000 0.300576 1.624206 32.882674
 192.000000 0.328612 0.049825 32.882674
 192.200000 0.319573 1.671950 32.882674
 192.400000 0.291037 3.089839 32.882674
 192.600000 0.301363 1.862274 32.882674
 192.800000 0.287006 3.779639 32.882674
 193.000000 0.289629 3.318067 32.882674
 193.200000 0.303277 2.727122 32.882674
 193.400000 0.324503 1.881546 32.882674
 193.600000 0.303740 2.671711 32.882674
 193.800000 0.304317 2.605042 32.882674
 194.000000 0.294595 4.004383 32.882674
 194.200000 0.297902 4.906382 32.882674
 194.400000 0.288424 6.373675 32.882674
 194.600000 0.257027 10.110143 32.882674
 194.800000 0.255882 10.186644 32.882674
 195.000000 0.259045 9.950361 32.847172
 195.200000 0.232312 12.667657 32.847172
 195.400000 0.235303 12.156026 32.847172
 195.600000 0.258720 11.101417 32.847172
 195.800000 0.230726 12.982330 32.847172
 196.000000 0.233645 12.424997 32.847172
 196.200000 0.250916 11.916264 32.847172
 196.400000 0.265969 10.289214 32.847172
 196.600000 0.247699 12.048147 32.847172
 196.800000 0.233998 13.370281 32.847172
 197.000000 0.221845 15.651130 32.847172
 197.200000 0.230875 14.667599 32.847172
 197.400000 0.247431 12.261286 32.847172
 197.600000 0.263374 10.740443 32.847172
 197.800000 0.264328 10.583707 32.847172
 198.000000 0.253780 11.856327 32.847172
 198.200000 0.237443 13.920528 32.847172
 198.400000 0.215307 17.337719 32.847172
 198.600000 0.206584 17.785944 32.847172
 198.800000 0.212508 17.501335 32.847172
 199.000000 0.218659 17.039008 32.847172
 199.200000 0.233693 14.975248 32.847172
 199.400000 0.248789 13.260589 32.847172
 199.600000 0.238855 14.084423 32.847172
 199.800000 0.246175 13.404116 32.847172
 200.000000 0.245120 13.469117 32.813414
 200.200000 0.223946 17.414280 32.813414
 200.400000 0.199100 18.995473 32.813414
 200.600000 0.179550 24.990392 32.813414
 200.800000 0.193932 20.055150 32.813414
 201.000000 0.196407 19.475533 32.813414
 201.200000 0.205159 19.073973 32.813414
 201.400000 0.188763 22.273988 32.813414
 201.600000 0.182142 24.503633 32.813414
 201.800000 0.181540 24.708840 32.813414
 202.000000 0.212036 18.776037 32.813414
 202.200000 0.222811 18.324281 32.813414
 202.400000 0.213453 19.464959 32.813414
 202.600000 0.185145 23.625863 32.813414
 202.800000 0.187916 22.754556 32.813414
 203.000000 0.194307 21.063199 32.813414
 203.200000 0.177084 26.589294 32.813414
 203.400000 0.177073 26.592503 32.813414
 203.600000 0.167225 29.062210 32.813414
 203.800000 0.181892 25.174007 32.813414
 204.000000 0.205322 20.272420 32.813414
 204.200000 0.197392 21.772378 32.813414
 204.400000 0.187896 23.746086 32.813414
 204.600000 0.166778 29.181912 32.813414
 204.800000 0.143800 32.258556 32.813414
 205.000000 0.159696 30.440455 32.819645
 205.200000 0.161652 30.578129 32.819645
 205.400000 0.139483 32.874574 32.819645
 205.600000 0.134372 33.300476 32.819645
 205.800000 0.143663 32.526533 32.819645
 206.000000 0.140673 32.774288 32.819645
 206.200000 0.136232 33.538203 32.819645
 206.400000 0.157874 31.362565 32.819645
 206.600000 0.205300 20.986774 32.819645
 206.800000 0.239502 15.101537 32.819645
 207.000000 0.236750 15.529445 32.819645
 207.200000 0.232987 17.134167 32.819645
 207.400000 0.215140 20.495036 32.819645
 207.600000 0.177058 26.966796 32.819645
 207.800000 0.163635 30.349999 32.819645
 208.000000 0.176491 27.130773 32.819645
 208.200000 0.213378 20.670971 32.819645
 208.400000 0.205489 21.152428 32.819645
 208.600000 0.195763 22.300410 32.819645
 208.800000 0.186547 24.612542 32.819645
 209.000000 0.208012 21.007842 32.819645
 209.200000 0.226289 18.955317 32.819645
 209.400000 0.247608 15.021809 32.819645
 209.600000 0.248104 14.966389 32.819645
 209.800000 0.227088 18.754799 32.819645
 210.000000 0.203773 21.930465 32.877898
 210.200000 0.195238 23.439109 32.877898
 210.400000 0.178820 27.233988 32.877898
 210.600000 0.193795 23.667866 32.877898
 210.800000 0.217740 21.192993 32.877898
 211.000000 0.224296 19.700915 32.877898
 211.200000 0.243908 15.764038 32.877898
 211.400000 0.239370 16.535363 32.877898
 211.600000 0.250742 14.811690 32.877898
 211.800000 0.269908 10.475605 32.877898
 212.000000 0.275460 9.064546 32.877898
 212.200000 0.267465 12.155627 32.877898
 212.400000 0.273199 10.768441 32.877898
 212.600000 0.281192 8.955301 32.877898
 212.800000 0.271835 11.097937 32.877898
 213.000000 0.267687 12.102575 32.877898
 213.200000 0.282054 9.415262 32.877898
 213.400000 0.307803 3.399322 32.877898
 213.600000 0.281990 9.431648 32.877898
 213.800000 0.275096 11.221427 32.877898
 214.000000 0.274368 11.413585 32.877898
 214.200000 0.292311 7.361494 32.877898
 214.400000 0.277581 11.597555 32.877898
 214.600000 0.279342 11.107065 32.877898
 214.800000 0.280261 10.848345 32.877898
 215.000000 0.286068 9.179238 32.845705
 215.200000 0.304881 4.582316 32.845705
 215.400000 0.315205 2.712650 32.845705
 215.600000 0.312642 3.028309 32.845705
 215.800000 0.301055 5.649116 32.845705
 216.000000 0.296317 7.133840 32.845705
 216.200000 0.318234 2.881431 32.845705
 216.400000 0.336832 1.575013 32.845705
 216.600000 0.332902 1.840387 32.845705
 216.800000 0.322695 2.467971 32.845705
 217.000000 0.300770 6.953094 32.845705
 217.200000 0.291020 11.073195 32.845705
 217.400000 0.321153 3.099370 32.845705
 217.600000 0.317561 3.646654 32.845705
 217.800000 0.301307 8.062341 32.845705
 218.000000 0.313802 4.398071 32.845705
 218.200000 0.292144 11.299336 32.845705
 218.400000 0.255826 15.897263 32.845705
 218.600000 0.238327 17.007964 32.845705
 218.800000 0.234902 17.677606 32.845705
 219.000000 0.226634 19.823466 32.845705
 219.200000 0.229150 19.847371 32.845705
 219.400000 0.220649 21.976006 32.845705
 219.600000 0.245052 16.592102 32.845705
 219.800000 0.241757 16.966746 32.845705
 220.000000 0.231368 19.226913 32.813852
 220.200000 0.237961 18.288682 32.813852
 220.400000 0.260192 15.845548 32.813852
 220.600000 0.249101 16.680905 32.813852
 220.800000 0.239089 18.048122 32.813852
 221.000000 0.254780 16.274611 32.813852
 221.200000 0.237699 18.789429 32.813852
 221.400000 0.250231 17.402160 32.813852
 221.600000 0.273402 14.612633 32.813852
 221.800000 0.267386 15.636222 32.813852
 222.000000 0.271539 14.935480 32.813852
 222.200000 0.279220 14.422656 32.813852
 222.400000 0.286904 12.880878 32.813852
 222.600000 0.298056 10.131015 32.813852
 222.800000 0.285224 13.234213 32.813852
 223.000000 0.280046 14.264370 32.813852
 223.200000 0.308249 7.400622 32.813852
 223.400000 0.323055 4.068759 32.813852
 223.600000 0.328949 3.160101 32.813852
 223.800000 0.331858 2.749268 32.813852
 224.000000 0.312401 6.270040 32.813852
 224.200000 0.304440 9.702609 32.813852
 224.400000 0.299275 11.096674 32.813852
 224.600000 0.304616 9.654582 32.813852
 224.800000 0.327372 4.194102 32.813852
 225.000000 0.335468 2.666039 32.781865
 225.200000 0.338777 3.636302 32.781865
 225.400000 0.340507 3.326503 32.781865
 225.600000 0.338325 3.717088 32.781865
 225.800000 0.301765 10.550376 32.781865
 226.000000 0.305012 9.742111 32.781865
 226.200000 0.325322 6.303415 32.781865
 226.400000 0.355266 1.056618 32.781865
 226.600000 0.353096 1.315608 32.781865
 226.800000 0.342777 2.967004 32.781865
 227.000000 0.354053 1.196972 32.781865
 227.200000 0.362151 1.899055 32.781865
 227.400000 0.357903 2.394816 32.781865
 227.600000 0.331290 5.685629 32.781865
 227.800000 0.323690 6.833250 32.781865
 228.000000 0.338973 4.686424 32.781865
 228.200000 0.333658 6.700520 32.781865
 228.400000 0.325925 7.442222 32.781865
 228.600000 0.333136 6.752436 32.781865
 228.800000 0.335354 6.525025 32.781865
 229.000000 0.314616 8.980856 32.781865
 229.200000 0.309488 11.102117 32.781865
 229.400000 0.309792 11.045009 32.781865
 229.600000 0.325958 8.319611 32.781865
 229.800000 0.337945 6.580608 32.781865
 230.000000 0.340274 6.209463 32.749739
 230.200000 0.339814 7.610687 32.749739
 230.400000 0.339362 7.681497 32.749739
 230.600000 0.311593 10.918786 32.749739
 230.800000 0.300952 12.717105 32.749739
 231.000000 0.320694 9.682811 32.749739
 231.200000 0.335003 8.994647 32.749739
 231.400000 0.352793 5.028961 32.749739
 231.600000 0.366111 2.048033 32.749739
 231.800000 0.389414 0.105964 32.749739
 232.000000 0.402804 0.005244 32.749739
 232.200000 0.392857 1.459272 32.749739
 232.400000 0.380887 1.002808 32.749739
 232.600000 0.377923 1.035361 32.749739
 232.800000 0.371136 1.468007 32.749739
 233.000000 0.382102 1.013276 32.749739
 233.200000 0.392625 2.754430 32.749739
 233.400000 0.363676 3.342241 32.749739
 233.600000 0.359607 3.933822 32.749739
 233.800000 0.391392 2.763016 32.749739
 234.000000 0.400488 2.526928 32.749739
 234.200000 0.399270 4.141993 32.749739
 234.400000 0.387676 3.839833 32.749739
 234.600000 0.368519 3.045493 32.749739
 234.800000 0.373598 2.984534 32.749739
 235.000000 0.368408 3.050389 32.717946
 235.200000 0.381586 4.421823 32.717946
 235.400000 0.424270 1.097968 32.717946
 235.600000 0.435328 0.266113 32.717946
 235.800000 0.401829 4.138092 32.717946
 236.000000 0.383095 4.441832 32.717946
 236.200000 0.372829 5.572469 32.717946
 236.400000 0.357173 5.865524 32.717946
 236.600000 0.373120 5.581912 32.717946
 236.800000 0.370384 5.503341 32.717946
 237.000000 0.346282 7.340517 32.717946
 237.200000 0.365128 6.033710 32.717946
 237.400000 0.383521 5.938841 32.717946
 237.600000 0.396288 5.437906 32.717946
 237.800000 0.388205 5.891592 32.717946
 238.000000 0.382740 5.935745 32.717946
 238.200000 0.401893 5.378979 32.717946
 238.400000 0.422227 1.427976 32.717946
 238.600000 0.436333 0.227854 32.717946
 238.800000 0.444224 0.054644 32.717946
 239.000000 0.436224 0.231822 32.717946
 239.200000 0.433329 2.063390 32.717946
 239.400000 0.393382 6.734268 32.717946
 239.600000 0.386933 7.213600 32.717946
 239.800000 0.388668 7.129952 32.717946
 240.000000 0.392442 6.832065 32.687097
