#! FIELDS time d metad.bias metad.rct
 0.000000 0.227901 0.000000 0.000000
 0.200000 0.232606 0.000000 0.000000
 0.400000 0.247928 0.000000 0.000000
 0.600000 0.252673 0.000000 0.000000
 0.800000 0.261295 0.000000 0.000000
 1.000000 0.264782 0.000000 0.000000
 1.200000 0.268631 1.693194 0.000000
 1.400000 0.266119 1.743037 0.000000
 1.600000 0.258321 1.594656 0.000000
 1.800000 0.262515 1.730094 0.000000
 2.000000 0.271383 1.588198 0.000000
 2.200000 0.277480 2.722905 0.000000
 2.400000 0.254743 2.277934 0.000000
 2.600000 0.261997 3.060102 0.000000
 2.800000 0.240277 0.645406 0.000000
 3.000000 0.226939 0.086467 0.000000
 3.200000 0.210532 0.956931 0.000000
 3.400000 0.194214 0.158307 0.000000
 3.600000 0.201705 0.420950 0.000000
 3.800000 0.233933 1.840756 0.000000
 4.000000 0.247459 2.033270 0.000000
 4.200000 0.247474 3.632548 0.000000
 4.400000 0.253341 3.944481 0.000000
 4.600000 0.266640 4.040664 0.000000
 4.800000 0.225836 2.372111 0.000000
 5.000000 0.225581 2.352435 1.244252
 5.200000 0.220988 3.473050 1.244252
 5.400000 0.230715 4.198561 1.244252
 5.600000 0.248430 4.177440 1.244252
 5.800000 0.274943 3.282514 1.244252
 6.000000 0.303645 0.216262 1.244252
 6.200000 0.299693 2.060127 1.244252
 6.400000 0.269996 3.964235 1.244252
 6.600000 0.262120 4.280485 1.244252
 6.800000 0.242707 4.191617 1.244252
 7.000000 0.256566 4.272639 1.244252
 7.200000 0.235799 4.809191 1.244252
 7.400000 0.214702 2.634017 1.244252
 7.600000 0.204440 1.169275 1.244252
 7.800000 0.217960 3.130126 1.244252
 8.000000 0.223678 3.891540 1.244252
 8.200000 0.225132 5.515589 1.244252
 8.400000 0.213422 3.599162 1.244252
 8.600000 0.217284 4.372861 1.244252
 8.800000 0.216399 4.203383 1.244252
 9.000000 0.219917 4.837324 1.244252
 9.200000 0.199838 1.692891 1.244252
 9.400000 0.211371 4.368364 1.244252
 9.600000 0.212323 4.609883 1.244252
 9.800000 0.207517 3.384644 1.244252
 10.000000 0.191706 0.615191 2.779151
 10.200000 0.196320 2.756101 2.779151
 10.400000 0.204455 3.830554 2.779151
 10.600000 0.189586 2.135473 2.779151
 10.800000 0.198416 2.988615 2.779151
 11.000000 0.216644 6.053478 2.779151
 11.200000 0.201882 4.260233 2.779151
 11.400000 0.202790 4.441931 2.779151
 11.600000 0.198851 3.700318 2.779151
 11.800000 0.200280 3.955099 2.779151
 12.000000 0.200977 4.085466 2.779151
 12.200000 0.187477 3.129856 2.779151
 12.400000 0.188221 3.255547 2.779151
 12.600000 0.205436 6.399474 2.779151
 12.800000 0.200285 5.413394 2.779151
 13.000000 0.204334 6.187200 2.779151
 13.200000 0.204656 7.577339 2.779151
 13.400000 0.207330 8.063609 2.779151
 13.600000 0.192611 4.992918 2.779151
 13.800000 0.184608 3.213858 2.779151
 14.000000 0.184036 3.093930 2.779151
 14.200000 0.182684 4.335768 2.779151
 14.400000 0.195678 6.813359 2.779151
 14.600000 0.212186 9.042607 2.779151
 14.800000 0.199313 7.393149 2.779151
 15.000000 0.196003 6.867142 4.864027
 15.200000 0.185439 5.913754 4.864027
 15.400000 0.167902 1.753295 4.864027
 15.600000 0.162881 1.020266 4.864027
 15.800000 0.175594 3.375835 4.864027
 16.000000 0.172336 2.621182 4.864027
 16.200000 0.182485 6.389682 4.864027
 16.400000 0.189684 7.724774 4.864027
 16.600000 0.221404 9.623140 4.864027
 16.800000 0.243029 6.579951 4.864027
 17.000000 0.245726 6.349770 4.864027
 17.200000 0.242090 7.959409 4.864027
 17.400000 0.232153 9.054195 4.864027
 17.600000 0.230486 9.247179 4.864027
 17.800000 0.226054 9.689847 4.864027
 18.000000 0.210307 9.817145 4.864027
 18.200000 0.197401 9.544888 4.864027
 18.400000 0.211290 10.995970 4.864027
 18.600000 0.225532 10.406567 4.864027
 18.800000 0.235255 8.966051 4.864027
 19.000000 0.239069 8.432235 4.864027
 19.200000 0.230932 10.671429 4.864027
 19.400000 0.225953 11.172690 4.864027
 19.600000 0.236970 9.905766 4.864027
 19.800000 0.239963 9.520177 4.864027
 20.000000 0.248121 8.555533 6.930647
 20.200000 0.233187 11.123067 6.930647
 20.400000 0.201973 10.246144 6.930647
 20.600000 0.183740 6.878356 6.930647
 20.800000 0.182538 6.602510 6.930647
 21.000000 0.178742 5.713599 6.930647
 21.200000 0.172191 5.422479 6.930647
 21.400000 0.177927 6.876067 6.930647
 21.600000 0.202738 10.723610 6.930647
 21.800000 0.201858 10.642523 6.930647
 22.000000 0.194001 9.798433 6.930647
 22.200000 0.183432 8.981769 6.930647
 22.400000 0.167789 4.521779 6.930647
 22.600000 0.168446 4.710179 6.930647
 22.800000 0.185610 9.486729 6.930647
 23.000000 0.212911 11.997623 6.930647
 23.200000 0.205195 12.693181 6.930647
 23.400000 0.198658 12.057599 6.930647
 23.600000 0.195839 11.677042 6.930647
 23.800000 0.202985 12.514399 6.930647
 24.000000 0.177317 7.395752 6.930647
 24.200000 0.186673 10.971083 6.930647
 24.400000 0.190335 11.592230 6.930647
 24.600000 0.182907 10.164047 6.930647
 24.800000 0.167403 5.431649 6.930647
 25.000000 0.156653 2.346053 8.469017
 25.200000 0.165059 6.019137 8.469017
 25.400000 0.157683 4.159402 8.469017
 25.600000 0.156339 3.851574 8.469017
 25.800000 0.162395 5.319523 8.469017
 26.000000 0.160673 4.882316 8.469017
 26.200000 0.151714 4.060493 8.469017
 26.400000 0.159592 6.019166 8.469017
 26.600000 0.146022 2.773077 8.469017
 26.800000 0.141468 1.903663 8.469017
 27.000000 0.138637 1.454939 8.469017
 27.200000 0.131412 2.099295 8.469017
 27.400000 0.137518 2.933729 8.469017
 27.600000 0.146304 4.271302 8.469017
 27.800000 0.161518 7.011002 8.469017
 28.000000 0.148249 4.589733 8.469017
 28.200000 0.141469 4.802691 8.469017
 28.400000 0.146127 5.654793 8.469017
 28.600000 0.150665 6.406903 8.469017
 28.800000 0.158317 7.528824 8.469017
 29.000000 0.162726 8.143463 8.469017
 29.200000 0.165231 9.698404 8.469017
 29.400000 0.162717 9.359763 8.469017
 29.600000 0.164142 9.554877 8.469017
 29.800000 0.172384 10.540370 8.469017
 30.000000 0.175998 10.919723 9.125058
 30.200000 0.176166 12.012680 9.125058
 30.400000 0.177598 12.149814 9.125058
 30.600000 0.180607 12.394010 9.125058
 30.800000 0.193026 12.903973 9.125058
 31.000000 0.196731 12.974125 9.125058
 31.200000 0.198346 13.978512 9.125058
 31.400000 0.184436 13.325877 9.125058
 31.600000 0.174735 12.195673 9.125058
 31.800000 0.186379 13.485292 9.125058
 32.000000 0.208034 13.887680 9.125058
 32.200000 0.214539 14.465538 9.125058
 32.400000 0.206828 14.858556 9.125058
 32.600000 0.192994 14.424639 9.125058
 32.800000 0.202365 14.862429 9.125058
 33.000000 0.205738 14.873724 9.125058
 33.200000 0.192235 14.967491 9.125058
 33.400000 0.192241 14.968076 9.125058
 33.600000 0.173281 12.130647 9.125058
 33.800000 0.169365 11.441708 9.125058
 34.000000 0.186604 14.239736 9.125058
 34.200000 0.183376 14.674358 9.125058
 34.400000 0.176173 13.349370 9.125058
 34.600000 0.168015 11.625051 9.125058
 34.800000 0.179925 14.072489 9.125058
 35.000000 0.182721 14.565582 11.825973
 35.200000 0.167504 12.058620 11.825973
 35.400000 0.170743 12.882452 11.825973
 35.600000 0.177165 14.400254 11.825973
 35.800000 0.191329 16.519548 11.825973
 36.000000 0.186154 15.994435 11.825973
 36.200000 0.177333 15.158443 11.825973
 36.400000 0.200122 17.289693 11.825973
 36.600000 0.211204 16.143489 11.825973
 36.800000 0.205251 16.882261 11.825973
 37.000000 0.200533 17.265978 11.825973
 37.200000 0.187143 17.518902 11.825973
 37.400000 0.180262 16.155657 11.825973
 37.600000 0.167589 12.549667 11.825973
 37.800000 0.151814 8.053005 11.825973
 38.000000 0.164695 11.683124 11.825973
 38.200000 0.174206 15.373856 11.825973
 38.400000 0.169225 14.036497 11.825973
 38.600000 0.175601 15.721417 11.825973
 38.800000 0.188066 17.956850 11.825973
 39.000000 0.190130 18.136679 11.825973
 39.200000 0.165453 13.147902 11.825973
 39.400000 0.147975 7.605836 11.825973
 39.600000 0.156852 10.398371 11.825973
 39.800000 0.144283 6.490907 11.825973
 40.000000 0.141848 5.780311 13.826985
 40.200000 0.144805 7.973046 13.826985
 40.400000 0.160079 12.076203 13.826985
 40.600000 0.180336 17.454423 13.826985
 40.800000 0.185113 18.352464 13.826985
 41.000000 0.183193 18.028784 13.826985
 41.200000 0.161589 12.759590 13.826985
 41.400000 0.145956 8.329077 13.826985
 41.600000 0.144788 7.996246 13.826985
 41.800000 0.153970 10.572195 13.826985
 42.000000 0.145152 8.100347 13.826985
 42.200000 0.132999 5.469317 13.826985
 42.400000 0.149898 10.597404 13.826985
 42.600000 0.152524 11.249434 13.826985
 42.800000 0.153544 11.495956 13.826985
 43.000000 0.153162 11.403954 13.826985
 43.200000 0.153071 12.434918 13.826985
 43.400000 0.154034 12.664709 13.826985
 43.600000 0.136835 7.315980 13.826985
 43.800000 0.127888 4.121035 13.826985
 44.000000 0.125516 3.387962 13.826985
 44.200000 0.137935 8.790832 13.826985
 44.400000 0.166253 15.378838 13.826985
 44.600000 0.160129 14.116465 13.826985
 44.800000 0.142827 10.239624 13.826985
 45.000000 0.155184 13.141262 14.672426
 45.200000 0.160472 15.100201 14.672426
 45.400000 0.173473 17.477213 14.672426
 45.600000 0.166876 16.233108 14.672426
 45.800000 0.160712 15.142514 14.672426
 46.000000 0.168345 16.502782 14.672426
 46.200000 0.159212 15.572279 14.672426
 46.400000 0.150391 13.470728 14.672426
 46.600000 0.138327 9.541369 14.672426
 46.800000 0.128478 6.010245 14.672426
 47.000000 0.104414 0.784488 14.672426
 47.200000 0.114867 3.609832 14.672426
 47.400000 0.110554 3.082331 14.672426
 47.600000 0.109338 2.952590 14.672426
 47.800000 0.108965 2.914092 14.672426
 48.000000 0.103021 2.345353 14.672426
 48.200000 0.120010 5.272911 14.672426
 48.400000 0.116382 4.887711 14.672426
 48.600000 0.119826 5.249764 14.672426
 48.800000 0.113962 4.696018 14.672426
 49.000000 0.120787 5.375281 14.672426
 49.200000 0.115148 6.068139 14.672426
 49.400000 0.095436 3.360580 14.672426
 49.600000 0.112988 5.831175 14.672426
 49.800000 0.111471 5.664618 14.672426
 50.000000 0.133323 9.150442 15.040146
 50.200000 0.145052 13.164563 15.040146
 50.400000 0.116226 6.796037 15.040146
 50.600000 0.129127 9.307321 15.040146
 50.800000 0.117775 7.048611 15.040146
 51.000000 0.116514 6.842226 15.040146
 51.200000 0.104524 5.936376 15.040146
 51.400000 0.101158 5.199556 15.040146
 51.600000 0.098542 4.602924 15.040146
 51.800000 0.091216 2.944329 15.040146
 52.000000 0.099663 4.860425 15.040146
 52.200000 0.096310 5.461423 15.040146
 52.400000 0.096426 5.490646 15.040146
 52.600000 0.098974 6.110183 15.040146
 52.800000 0.087342 3.170232 15.040146
 53.000000 0.088331 3.412521 15.040146
 53.200000 0.076285 2.163900 15.040146
 53.400000 0.059961 0.329020 15.040146
 53.600000 0.066002 0.740178 15.040146
 53.800000 0.068404 0.982703 15.040146
 54.000000 0.083591 3.749661 15.040146
 54.200000 0.082920 5.068815 15.040146
 54.400000 0.094885 7.579511 15.040146
 54.600000 0.092740 7.211285 15.040146
 54.800000 0.085490 5.680495 15.040146
 55.000000 0.082009 4.848370 15.010776
 55.200000 0.102008 9.046332 15.010776
 55.400000 0.074718 4.376084 15.010776
 55.600000 0.083456 6.601606 15.010776
 55.800000 0.088228 7.595553 15.010776
 56.000000 0.078833 5.458166 15.010776
 56.200000 0.077485 6.472625 15.010776
 56.400000 0.076140 6.101456 15.010776
 56.600000 0.076669 6.249078 15.010776
 56.800000 0.078158 6.653350 15.010776
 57.000000 0.098273 9.439693 15.010776
 57.200000 0.092554 10.248762 15.010776
 57.400000 0.067391 3.736676 15.010776
 57.600000 0.060196 1.941909 15.010776
 57.800000 0.076056 6.460365 15.010776
 58.000000 0.072620 5.353754 15.010776
 58.200000 0.065840 4.542648 15.010776
 58.400000 0.065226 4.352044 15.010776
 58.600000 0.062412 3.518454 15.010776
 58.800000 0.075242 7.557281 15.010776
 59.000000 0.055183 1.791341 15.010776
 59.200000 0.070639 7.038911 15.010776
 59.400000 0.081900 9.674369 15.010776
 59.600000 0.090491 10.773304 15.010776
 59.800000 0.077398 8.731970 15.010776
 60.000000 0.071085 7.154922 14.991591
 60.200000 0.060961 5.632589 14.991591
 60.400000 0.066629 7.215184 14.991591
 60.600000 0.069535 8.016098 14.991591
 60.800000 0.073773 9.100377 14.991591
 61.000000 0.080126 10.388782 14.991591
 61.200000 0.089048 12.202103 14.991591
 61.400000 0.071406 9.440617 14.991591
 61.600000 0.064478 7.249618 14.991591
 61.800000 0.063933 7.072158 14.991591
 62.000000 0.056272 4.709563 14.991591
 62.200000 0.060916 7.456617 14.991591
 62.400000 0.066748 9.098995 14.991591
 62.600000 0.070872 10.164646 14.991591
 62.800000 0.077367 11.499462 14.991591
 63.000000 0.072027 10.437858 14.991591
 63.200000 0.074407 12.041620 14.991591
 63.400000 0.093958 12.482142 14.991591
 63.600000 0.098939 11.877482 14.991591
 63.800000 0.090193 12.829524 14.991591
 64.000000 0.087895 12.967556 14.991591
 64.200000 0.082210 13.890652 14.991591
 64.400000 0.102600 11.998958 14.991591
 64.600000 0.106883 11.290071 14.991591
 64.800000 0.115139 10.308301 14.991591
 65.000000 0.106764 11.308577 15.063770
 65.200000 0.100773 13.289780 15.063770
 65.400000 0.096082 13.904199 15.063770
 65.600000 0.091030 14.333853 15.063770
 65.800000 0.097167 13.777090 15.063770
 66.000000 0.096058 13.906870 15.063770
 66.200000 0.096252 14.826838 15.063770
 66.400000 0.105157 13.401956 15.063770
 66.600000 0.101097 14.132360 15.063770
 66.800000 0.083254 14.913652 15.063770
 67.000000 0.073200 12.782723 15.063770
 67.200000 0.093041 15.533886 15.063770
 67.400000 0.093867 15.443119 15.063770
 67.600000 0.115990 11.528803 15.063770
 67.800000 0.108085 12.907465 15.063770
 68.000000 0.105218 13.490139 15.063770
 68.200000 0.092488 16.257833 15.063770
 68.400000 0.073171 13.860634 15.063770
 68.600000 0.063493 10.310441 15.063770
 68.800000 0.074807 14.345126 15.063770
 69.000000 0.073627 14.000202 15.063770
 69.200000 0.066938 12.519679 15.063770
 69.400000 0.064196 11.362178 15.063770
 69.600000 0.078456 16.139654 15.063770
 69.800000 0.072525 14.592779 15.063770
 70.000000 0.080279 16.451852 15.421658
 70.200000 0.072327 15.258696 15.421658
 70.400000 0.074088 15.847337 15.421658
 70.600000 0.069505 14.180772 15.421658
 70.800000 0.068620 13.813503 15.421658
 71.000000 0.078408 16.964892 15.421658
 71.200000 0.069457 14.848877 15.421658
 71.400000 0.067443 13.936232 15.421658
 71.600000 0.066551 13.513696 15.421658
 71.800000 0.066761 13.614210 15.421658
 72.000000 0.073727 16.515476 15.421658
 72.200000 0.069265 15.566907 15.421658
 72.400000 0.055308 8.343706 15.421658
 72.600000 0.071409 16.490327 15.421658
 72.800000 0.070784 16.232748 15.421658
 73.000000 0.073942 17.426086 15.421658
 73.200000 0.065013 14.146681 15.421658
 73.400000 0.065127 14.209257 15.421658
 73.600000 0.056074 9.125933 15.421658
 73.800000 0.058404 10.412216 15.421658
 74.000000 0.060720 11.726287 15.421658
 74.200000 0.070108 17.575682 15.421658
 74.400000 0.069074 17.131786 15.421658
 74.600000 0.070406 17.697731 15.421658
 74.800000 0.070232 17.626664 15.421658
 75.000000 0.070463 17.720548 16.284400
 75.200000 0.086130 20.314988 16.284400
 75.400000 0.073605 19.612044 16.284400
 75.600000 0.050687 7.580558 16.284400
 75.800000 0.048545 6.497679 16.284400
 76.000000 0.055000 9.983896 16.284400
 76.200000 0.046043 6.282289 16.284400
 76.400000 0.055711 11.522128 16.284400
 76.600000 0.054879 11.035028 16.284400
 76.800000 0.080551 20.959521 16.284400
 77.000000 0.073078 19.994488 16.284400
 77.200000 0.081114 21.572539 16.284400
 77.400000 0.070901 20.038362 16.284400
 77.600000 0.050287 8.665358 16.284400
 77.800000 0.053827 10.738473 16.284400
 78.000000 0.065138 17.471661 16.284400
 78.200000 0.065366 18.394712 16.284400
 78.400000 0.059670 15.077930 16.284400
 78.600000 0.061830 16.404856 16.284400
 78.800000 0.056135 12.820918 16.284400
 79.000000 0.059221 14.795259 16.284400
 79.200000 0.052995 11.648052 16.284400
 79.400000 0.055943 13.581162 16.284400
 79.600000 0.053032 11.671789 16.284400
 79.800000 0.058712 15.377709 16.284400
 80.000000 0.063349 18.164390 17.567486
 80.200000 0.063693 19.132492 17.567486
 80.400000 0.059644 16.722744 17.567486
 80.600000 0.070259 21.954369 17.567486
 80.800000 0.077424 23.004004 17.567486
 81.000000 0.057800 15.519653 17.567486
 81.200000 0.051092 11.772775 17.567486
 81.400000 0.053850 13.690365 17.567486
 81.600000 0.060378 18.049991 17.567486
 81.800000 0.055159 14.600314 17.567486
 82.000000 0.064811 20.507072 17.567486
 82.200000 0.049341 10.990839 17.567486
 82.400000 0.044759 7.943706 17.567486
 82.600000 0.059353 18.064852 17.567486
 82.800000 0.054513 14.706138 17.567486
 83.000000 0.058867 17.745121 17.567486
 83.200000 0.061606 20.253776 17.567486
 83.400000 0.062290 20.645853 17.567486
 83.600000 0.066438 22.644185 17.567486
 83.800000 0.064157 21.630108 17.567486
 84.000000 0.064719 21.899906 17.567486
 84.200000 0.053066 14.884157 17.567486
 84.400000 0.054665 16.105653 17.567486
 84.600000 0.065449 22.890226 17.567486
 84.800000 0.060703 20.349330 17.567486
 85.000000 0.072234 24.752268 19.423522
 85.200000 0.102417 16.349958 19.423522
 85.400000 0.100856 16.920129 19.423522
 85.600000 0.099672 17.365331 19.423522
 85.800000 0.103762 15.875185 19.423522
 86.000000 0.101343 16.740215 19.423522
 86.200000 0.097262 19.101765 19.423522
 86.400000 0.074920 25.620667 19.423522
 86.600000 0.090407 21.749901 19.423522
 86.800000 0.106299 15.808286 19.423522
 87.000000 0.101789 17.406947 19.423522
 87.200000 0.115168 13.677542 19.423522
 87.400000 0.114963 13.735276 19.423522
 87.600000 0.116872 13.221285 19.423522
 87.800000 0.105599 16.829409 19.423522
 88.000000 0.107495 16.153439 19.423522
 88.200000 0.128333 11.959151 19.423522
 88.400000 0.120625 12.977249 19.423522
 88.600000 0.131390 11.924442 19.423522
 88.800000 0.127151 12.026148 19.423522
 89.000000 0.109855 16.179056 19.423522
 89.200000 0.114613 15.406124 19.423522
 89.400000 0.114599 15.410850 19.423522
 89.600000 0.121543 13.414466 19.423522
 89.800000 0.124609 12.804181 19.423522
 90.000000 0.123577 12.986455 20.158376
 90.200000 0.113921 16.433468 20.158376
 90.400000 0.105750 18.924689 20.158376
 90.600000 0.106163 18.800958 20.158376
 90.800000 0.113470 16.569070 20.158376
 91.000000 0.115453 15.979217 20.158376
 91.200000 0.116137 16.639099 20.158376
 91.400000 0.096657 21.912012 20.158376
 91.600000 0.083846 25.016024 20.158376
 91.800000 0.079080 25.792039 20.158376
 92.000000 0.072366 25.693236 20.158376
 92.200000 0.101856 20.711771 20.158376
 92.400000 0.111199 18.105505 20.158376
 92.600000 0.112507 17.718210 20.158376
 92.800000 0.120267 15.500464 20.158376
 93.000000 0.121532 15.181615 20.158376
 93.200000 0.118535 16.836606 20.158376
 93.400000 0.111768 18.656855 20.158376
 93.600000 0.118895 16.741630 20.158376
 93.800000 0.132959 14.145447 20.158376
 94.000000 0.141034 14.038243 20.158376
 94.200000 0.135406 14.879641 20.158376
 94.400000 0.112747 18.553104 20.158376
 94.600000 0.124782 15.850818 20.158376
 94.800000 0.130941 15.083042 20.158376
 95.000000 0.127681 15.419811 20.756644
 95.200000 0.124572 16.748689 20.756644
 95.400000 0.123195 16.980426 20.756644
 95.600000 0.110652 19.530573 20.756644
 95.800000 0.108084 20.061830 20.756644
 96.000000 0.120051 17.566544 20.756644
 96.200000 0.106735 20.876520 20.756644
 96.400000 0.103374 21.442104 20.756644
 96.600000 0.086951 24.809696 20.756644
 96.800000 0.086721 24.864246 20.756644
 97.000000 0.108442 20.581062 20.756644
 97.200000 0.133855 16.415882 20.756644
 97.400000 0.129883 16.942241 20.756644
 97.600000 0.119194 19.076520 20.756644
 97.800000 0.112363 20.547689 20.756644
 98.000000 0.110144 20.974784 20.756644
 98.200000 0.104678 22.544994 20.756644
 98.400000 0.102673 22.816414 20.756644
 98.600000 0.088830 24.905402 20.756644
 98.800000 0.072506 26.344274 20.756644
 99.000000 0.062317 22.293294 20.756644
 99.200000 0.057263 19.348329 20.756644
 99.400000 0.057104 19.223836 20.756644
 99.600000 0.057860 19.812472 20.756644
 99.800000 0.064133 24.003068 20.756644
 100.000000 0.061264 22.264457 21.808178
 100.200000 0.070739 27.076194 21.808178
 100.400000 0.093644 24.189547 21.808178
 100.600000 0.114466 20.775345 21.808178
 100.800000 0.097253 23.600296 21.808178
 101.000000 0.077277 27.383272 21.808178
 101.200000 0.082746 27.007462 21.808178
 101.400000 0.092155 24.782583 21.808178
 101.600000 0.109413 21.852235 21.808178
 101.800000 0.108740 21.976528 21.808178
 102.000000 0.113517 21.012073 21.808178
 102.200000 0.113972 21.596452 21.808178
 102.400000 0.125162 18.710877 21.808178
 102.600000 0.134497 16.789059 21.808178
 102.800000 0.142963 16.052580 21.808178
 103.000000 0.125222 18.695717 21.808178
 103.200000 0.118827 21.089319 21.808178
 103.400000 0.127071 18.994725 21.808178
 103.600000 0.130000 18.307465 21.808178
 103.800000 0.133769 17.544922 21.808178
 104.000000 0.139636 16.708952 21.808178
 104.200000 0.146534 17.020449 21.808178
 104.400000 0.155382 16.873352 21.808178
 104.600000 0.135234 18.090940 21.808178
 104.800000 0.118232 21.532302 21.808178
 105.000000 0.113902 22.373954 22.539074
 105.200000 0.133967 18.546833 22.539074
 105.400000 0.147010 17.053379 22.539074
 105.600000 0.145720 17.129435 22.539074
 105.800000 0.117677 22.274332 22.539074
 106.000000 0.116588 22.505718 22.539074
 106.200000 0.131950 19.313744 22.539074
 106.400000 0.144483 17.328076 22.539074
 106.600000 0.126781 20.597130 22.539074
 106.800000 0.139078 17.965060 22.539074
 107.000000 0.110876 24.086856 22.539074
 107.200000 0.131496 19.650132 22.539074
 107.400000 0.144413 17.382395 22.539074
 107.600000 0.124842 21.498468 22.539074
 107.800000 0.139937 17.932331 22.539074
 108.000000 0.137810 18.280919 22.539074
 108.200000 0.136181 19.357450 22.539074
 108.400000 0.132269 20.181011 22.539074
 108.600000 0.136176 19.358362 22.539074
 108.800000 0.137563 19.100153 22.539074
 109.000000 0.154767 17.318919 22.539074
 109.200000 0.158755 18.067475 22.539074
 109.400000 0.162207 18.107270 22.539074
 109.600000 0.162554 18.116350 22.539074
 109.800000 0.147472 18.483082 22.539074
 110.000000 0.144856 18.684719 22.906202
 110.200000 0.158206 18.581325 22.906202
 110.400000 0.166838 18.569873 22.906202
 110.600000 0.147036 19.267274 22.906202
 110.800000 0.144737 19.456227 22.906202
 111.000000 0.132717 20.901589 22.906202
 111.200000 0.131043 21.879951 22.906202
 111.400000 0.147265 19.679631 22.906202
 111.600000 0.162132 18.596662 22.906202
 111.800000 0.153309 19.092341 22.906202
 112.000000 0.147120 19.695149 22.906202
 112.200000 0.156738 19.423157 22.906202
 112.400000 0.141502 21.012943 22.906202
 112.600000 0.131584 22.210032 22.906202
 112.800000 0.127645 22.821827 22.906202
 113.000000 0.133683 21.919386 22.906202
 113.200000 0.133372 22.619881 22.906202
 113.400000 0.135128 22.389887 22.906202
 113.600000 0.131436 22.883260 22.906202
 113.800000 0.142793 21.425545 22.906202
 114.000000 0.142579 21.452619 22.906202
 114.200000 0.149885 21.090823 22.906202
 114.400000 0.178677 19.620455 22.906202
 114.600000 0.145755 21.702522 22.906202
 114.800000 0.137680 22.704116 22.906202
 115.000000 0.156372 20.106444 23.190585
 115.200000 0.181615 20.007596 23.190585
 115.400000 0.160202 20.313943 23.190585
 115.600000 0.151103 21.574307 23.190585
 115.800000 0.153956 21.167390 23.190585
 116.000000 0.154593 21.075631 23.190585
 116.200000 0.157707 21.305735 23.190585
 116.400000 0.162035 20.711134 23.190585
 116.600000 0.171052 19.988608 23.190585
 116.800000 0.187440 20.250569 23.190585
 117.000000 0.188588 20.242149 23.190585
 117.200000 0.174048 20.394766 23.190585
 117.400000 0.155693 21.663030 23.190585
 117.600000 0.167938 20.409044 23.190585
 117.800000 0.166844 20.460636 23.190585
 118.000000 0.154245 21.860384 23.190585
 118.200000 0.150429 22.992491 23.190585
 118.400000 0.177751 20.755312 23.190585
 118.600000 0.190606 20.930660 23.190585
 118.800000 0.153791 22.582125 23.190585
 119.000000 0.149546 23.085565 23.190585
 119.200000 0.146972 23.934437 23.190585
 119.400000 0.140336 24.187991 23.190585
 119.600000 0.120644 24.936592 23.190585
 119.800000 0.138886 24.202875 23.190585
 120.000000 0.145487 24.028282 23.482502
 120.200000 0.136826 24.723024 23.482502
 120.400000 0.151984 23.976350 23.482502
 120.600000 0.159008 22.759452 23.482502
 120.800000 0.167703 21.360081 23.482502
 121.000000 0.163214 22.000614 23.482502
 121.200000 0.151569 24.520713 23.482502
 121.400000 0.133505 24.772153 23.482502
 121.600000 0.115900 25.376752 23.482502
 121.800000 0.115435 25.399661 23.482502
 122.000000 0.125884 24.822618 23.482502
 122.200000 0.129660 25.303265 23.482502
 122.400000 0.137864 25.314147 23.482502
 122.600000 0.125389 25.420467 23.482502
 122.800000 0.122034 25.574435 23.482502
 123.000000 0.100410 25.576756 23.482502
 123.200000 0.078579 28.127179 23.482502
 123.400000 0.069021 27.193024 23.482502
 123.600000 0.054412 17.794037 23.482502
 123.800000 0.049826 13.806672 23.482502
 124.000000 0.044702 9.619375 23.482502
 124.200000 0.044109 10.312572 23.482502
 124.400000 0.040167 7.577561 23.482502
 124.600000 0.046116 11.854134 23.482502
 124.800000 0.034065 4.278979 23.482502
 125.000000 0.038469 6.539628 24.049139
 125.200000 0.034123 5.558232 24.049139
 125.400000 0.038475 7.850795 24.049139
 125.600000 0.042301 10.270702 24.049139
 125.800000 0.059065 22.849819 24.049139
 126.000000 0.039710 8.592407 24.049139
 126.200000 0.040015 9.975040 24.049139
 126.400000 0.035789 7.528647 24.049139
 126.600000 0.046443 14.326981 24.049139
 126.800000 0.043973 12.579845 24.049139
 127.000000 0.045876 13.919348 24.049139
 127.200000 0.033717 7.149396 24.049139
 127.400000 0.026226 3.847936 24.049139
 127.600000 0.034292 7.453956 24.049139
 127.800000 0.032012 6.288809 24.049139
 128.000000 0.045698 14.733481 24.049139
 128.200000 0.031878 6.816936 24.049139
 128.400000 0.029246 5.524617 24.049139
 128.600000 0.034035 7.987385 24.049139
 128.800000 0.029562 5.671671 24.049139
 129.000000 0.053911 21.431631 24.049139
 129.200000 0.037157 10.206331 24.049139
 129.400000 0.050701 19.875544 24.049139
 129.600000 0.050544 19.763220 24.049139
 129.800000 0.040186 12.248854 24.049139
 130.000000 0.041704 13.318375 24.526924
 130.200000 0.043191 15.349487 24.526924
 130.400000 0.035765 10.211600 24.526924
 130.600000 0.046544 17.761846 24.526924
 130.800000 0.055834 23.975166 24.526924
 131.000000 0.038612 12.116784 24.526924
 131.200000 0.048215 19.782572 24.526924
 131.400000 0.051609 21.997861 24.526924
 131.600000 0.037560 12.417827 24.526924
 131.800000 0.044112 16.966053 24.526924
 132.000000 0.040586 14.503286 24.526924
 132.200000 0.037990 13.614292 24.526924
 132.400000 0.032596 9.980719 24.526924
 132.600000 0.035283 11.757930 24.526924
 132.800000 0.029644 8.145919 24.526924
 133.000000 0.036888 12.853038 24.526924
 133.200000 0.046869 20.501351 24.526924
 133.400000 0.051802 23.413494 24.526924
 133.600000 0.063043 28.262117 24.526924
 133.800000 0.047746 21.044550 24.526924
 134.000000 0.048316 21.391359 24.526924
 134.200000 0.055860 26.098231 24.526924
 134.400000 0.078728 28.813197 24.526924
 134.600000 0.101450 26.165289 24.526924
 134.800000 0.080314 28.498862 24.526924
 135.000000 0.086068 27.298303 25.157677
 135.200000 0.093097 26.767206 25.157677
 135.400000 0.076280 29.648486 25.157677
 135.600000 0.058602 27.347221 25.157677
 135.800000 0.046413 20.899760 25.157677
 136.000000 0.045852 20.539058 25.157677
 136.200000 0.034263 13.000191 25.157677
 136.400000 0.043123 19.417878 25.157677
 136.600000 0.047908 22.532048 25.157677
 136.800000 0.050073 23.806133 25.157677
 137.000000 0.068294 30.048476 25.157677
 137.200000 0.070781 30.599681 25.157677
 137.400000 0.084865 28.327414 25.157677
 137.600000 0.091665 27.059662 25.157677
 137.800000 0.109202 26.507979 25.157677
 138.000000 0.114498 26.324210 25.157677
 138.200000 0.102173 26.897245 25.157677
 138.400000 0.102977 26.916996 25.157677
 138.600000 0.105717 26.983445 25.157677
 138.800000 0.101038 26.873335 25.157677
 139.000000 0.112593 26.952038 25.157677
 139.200000 0.117241 27.187972 25.157677
 139.400000 0.110293 27.528837 25.157677
 139.600000 0.102833 27.339474 25.157677
 139.800000 0.098488 27.189658 25.157677
 140.000000 0.093849 27.261393 26.053297
 140.200000 0.102172 27.756140 26.053297
 140.400000 0.124634 26.495702 26.053297
 140.600000 0.128616 26.105586 26.053297
 140.800000 0.122803 26.706492 26.053297
 141.000000 0.117967 27.265173 26.053297
 141.200000 0.139309 25.776743 26.053297
 141.400000 0.130860 26.294456 26.053297
 141.600000 0.155336 24.133265 26.053297
 141.800000 0.173907 21.446201 26.053297
 142.000000 0.176876 21.345259 26.053297
 142.200000 0.195232 20.951599 26.053297
 142.400000 0.197917 20.510190 26.053297
 142.600000 0.197962 20.502237 26.053297
 142.800000 0.214255 16.709059 26.053297
 143.000000 0.214655 16.605024 26.053297
 143.200000 0.214973 17.357332 26.053297
 143.400000 0.195822 21.240435 26.053297
 143.600000 0.184925 21.985028 26.053297
 143.800000 0.177533 22.046388 26.053297
 144.000000 0.169602 22.386124 26.053297
 144.200000 0.191053 21.946083 26.053297
 144.400000 0.208278 19.016414 26.053297
 144.600000 0.222390 15.332939 26.053297
 144.800000 0.228893 13.559651 26.053297
 145.000000 0.229861 13.310991 26.196712
 145.200000 0.253556 9.406024 26.196712
 145.400000 0.275397 4.653259 26.196712
 145.600000 0.294450 2.255697 26.196712
 145.800000 0.300942 2.044620 26.196712
 146.000000 0.275526 4.625501 26.196712
 146.200000 0.264075 8.313480 26.196712
 146.400000 0.279081 5.295984 26.196712
 146.600000 0.295461 2.803462 26.196712
 146.800000 0.314363 1.417018 26.196712
 147.000000 0.293496 2.990953 26.196712
 147.200000 0.295507 4.317392 26.196712
 147.400000 0.282525 5.779038 26.196712
 147.600000 0.261644 8.873777 26.196712
 147.800000 0.263186 8.660199 26.196712
 148.000000 0.277410 6.508163 26.196712
 148.200000 0.268507 8.979355 26.196712
 148.400000 0.254373 10.228187 26.196712
 148.600000 0.249221 10.732112 26.196712
 148.800000 0.275896 8.041496 26.196712
 149.000000 0.277712 7.772085 26.196712
 149.200000 0.276477 9.190316 26.196712
 149.400000 0.291174 6.447288 26.196712
 149.600000 0.293884 5.889652 26.196712
 149.800000 0.285350 7.642928 26.196712
 150.000000 0.276281 9.217623 26.157233
 150.200000 0.292291 6.872203 26.157233
 150.400000 0.285560 8.559126 26.157233
 150.600000 0.271277 10.886951 26.157233
 150.800000 0.257209 10.989848 26.157233
 151.000000 0.230651 14.115887 26.157233
 151.200000 0.229768 15.262555 26.157233
 151.400000 0.237836 13.384564 26.157233
 151.600000 0.246315 11.914032 26.157233
 151.800000 0.245928 11.964210 26.157233
 152.000000 0.252543 11.345740 26.157233
 152.200000 0.272838 11.205075 26.157233
 152.400000 0.281746 9.577991 26.157233
 152.600000 0.286635 8.375910 26.157233
 152.800000 0.298892 5.263266 26.157233
 153.000000 0.293673 6.546958 26.157233
 153.200000 0.300865 5.972500 26.157233
 153.400000 0.308727 3.950574 26.157233
 153.600000 0.324317 1.035499 26.157233
 153.800000 0.322606 1.249633 26.157233
 154.000000 0.309248 3.823708 26.157233
 154.200000 0.314019 4.140811 26.157233
 154.400000 0.317520 3.316320 26.157233
 154.600000 0.328703 1.242827 26.157233
 154.800000 0.302155 6.952523 26.157233
 155.000000 0.303489 6.654315 26.120264
 155.200000 0.283974 11.018882 26.120264
 155.400000 0.268945 12.078652 26.120264
 155.600000 0.275044 11.813412 26.120264
 155.800000 0.291988 10.008259 26.120264
 156.000000 0.294612 9.621051 26.120264
 156.200000 0.314334 5.545059 26.120264
 156.400000 0.316295 4.901937 26.120264
 156.600000 0.333092 0.971480 26.120264
 156.800000 0.342704 0.227811 26.120264
 157.000000 0.346612 0.108304 26.120264
 157.200000 0.344907 1.882154 26.120264
 157.400000 0.338084 1.965471 26.120264
 157.600000 0.333335 2.117517 26.120264
 157.800000 0.322650 3.487680 26.120264
 158.000000 0.323336 3.344647 26.120264
 158.200000 0.352093 1.899054 26.120264
 158.400000 0.362041 1.076018 26.120264
 158.600000 0.334606 3.195575 26.120264
 158.800000 0.332146 3.455836 26.120264
 159.000000 0.335317 3.128314 26.120264
 159.200000 0.360328 1.593147 26.120264
 159.400000 0.361561 1.441954 26.120264
 159.600000 0.355329 2.258723 26.120264
 159.800000 0.348794 3.163179 26.120264
 160.000000 0.352793 2.614268 26.081422
 160.200000 0.334264 5.472399 26.081422
 160.400000 0.330783 5.604182 26.081422
 160.600000 0.340497 5.262512 26.081422
 160.800000 0.353274 4.103515 26.081422
 161.000000 0.324406 6.066068 26.081422
 161.200000 0.316410 8.370286 26.081422
 161.400000 0.313644 8.764364 26.081422
 161.600000 0.313274 8.818474 26.081422
 161.800000 0.318826 8.047444 26.081422
 162.000000 0.327923 7.066132 26.081422
 162.200000 0.319692 9.036555 26.081422
 162.400000 0.301615 10.739678 26.081422
 162.600000 0.314273 9.516565 26.081422
 162.800000 0.308654 10.060220 26.081422
 163.000000 0.305113 10.409310 26.081422
 163.200000 0.304915 11.529136 26.081422
 163.400000 0.316922 10.082304 26.081422
 163.600000 0.301890 11.790182 26.081422
 163.800000 0.314764 10.365458 26.081422
 164.000000 0.320093 9.670569 26.081422
 164.200000 0.320782 10.718432 26.081422
 164.400000 0.301441 12.347481 26.081422
 164.600000 0.299679 12.392088 26.081422
 164.800000 0.298379 12.416878 26.081422
 165.000000 0.302812 12.301869 26.044497
 165.200000 0.320754 11.215850 26.044497
 165.400000 0.324978 10.470335 26.044497
 165.600000 0.303211 13.297857 26.044497
 165.800000 0.278296 12.737981 26.044497
 166.000000 0.259408 12.314357 26.044497
 166.200000 0.274367 13.240018 26.044497
 166.400000 0.274014 13.244630 26.044497
 166.600000 0.289428 13.275738 26.044497
 166.800000 0.297894 13.418781 26.044497
 167.000000 0.286660 13.221742 26.044497
 167.200000 0.289423 14.230340 26.044497
 167.400000 0.289035 14.226172 26.044497
 167.600000 0.284900 14.161750 26.044497
 167.800000 0.287590 14.207269 26.044497
 168.000000 0.271347 13.854104 26.044497
 168.200000 0.266816 14.623826 26.044497
 168.400000 0.294178 14.531075 26.044497
 168.600000 0.310376 13.045988 26.044497
 168.800000 0.299098 14.270746 26.044497
 169.000000 0.301635 14.078117 26.044497
 169.200000 0.317664 12.373142 26.044497
 169.400000 0.337035 8.227725 26.044497
 169.600000 0.355097 4.313624 26.044497
 169.800000 0.340684 7.459125 26.044497
 170.000000 0.324548 10.876049 26.010206
 170.200000 0.331647 10.322143 26.010206
 170.400000 0.351943 5.216191 26.010206
 170.600000 0.355242 4.412546 26.010206
 170.800000 0.373273 1.048191 26.010206
 171.000000 0.367676 1.835181 26.010206
 171.200000 0.354843 5.625733 26.010206
 171.400000 0.349667 6.565241 26.010206
 171.600000 0.348867 6.715861 26.010206
 171.800000 0.346950 7.084583 26.010206
 172.000000 0.338361 8.890051 26.010206
 172.200000 0.339912 9.718979 26.010206
 172.400000 0.356021 6.006870 26.010206
 172.600000 0.356168 5.974631 26.010206
 172.800000 0.360138 5.121958 26.010206
 173.000000 0.354067 6.442990 26.010206
 173.200000 0.357649 6.928083 26.010206
 173.400000 0.343860 9.849509 26.010206
 173.600000 0.341717 10.241185 26.010206
 173.800000 0.358623 6.696781 26.010206
 174.000000 0.351438 8.335396 26.010206
 174.200000 0.342786 11.069598 26.010206
 174.400000 0.339883 11.461267 26.010206
 174.600000 0.320986 13.576622 26.010206
 174.800000 0.334285 12.120782 26.010206
 175.000000 0.340684 11.357787 25.974048
 175.200000 0.324255 13.785117 25.974048
 175.400000 0.331093 13.325794 25.974048
 175.600000 0.345196 11.712723 25.974048
 175.800000 0.373198 3.740611 25.974048
 176.000000 0.376504 2.901728 25.974048
 176.200000 0.361993 8.166121 25.974048
 176.400000 0.367106 6.810923 25.974048
 176.600000 0.365987 7.107127 25.974048
 176.800000 0.354674 10.011822 25.974048
 177.000000 0.353809 10.212968 25.974048
 177.200000 0.359946 9.723327 25.974048
 177.400000 0.350920 11.934938 25.974048
 177.600000 0.362367 9.010705 25.974048
 177.800000 0.351938 11.731611 25.974048
 178.000000 0.356422 10.685252 25.974048
 178.200000 0.356950 11.634631 25.974048
 178.400000 0.367891 8.129077 25.974048
 178.600000 0.369959 7.408439 25.974048
 178.800000 0.361126 10.414860 25.974048
 179.000000 0.330857 13.949993 25.974048
 179.200000 0.329988 14.891505 25.974048
 179.400000 0.346330 14.099707 25.974048
 179.600000 0.341567 14.580726 25.974048
 179.800000 0.341264 14.601966 25.974048
 180.000000 0.368546 7.938832 25.939349
 180.200000 0.362374 11.243793 25.939349
 180.400000 0.351997 13.774775 25.939349
 180.600000 0.347123 14.431633 25.939349
 180.800000 0.331366 14.943407 25.939349
 181.000000 0.344204 14.678323 25.939349
 181.200000 0.367189 9.926225 25.939349
 181.400000 0.380771 4.915204 25.939349
 181.600000 0.361836 11.864599 25.939349
 181.800000 0.359879 12.510233 25.939349
 182.000000 0.384887 3.650244 25.939349
 182.200000 0.385154 5.061896 25.939349
 182.400000 0.363732 11.750912 25.939349
 182.600000 0.349884 15.043182 25.939349
 182.800000 0.369886 9.797523 25.939349
 183.000000 0.369358 9.968342 25.939349
 183.200000 0.366603 11.957196 25.939349
 183.400000 0.381915 6.793970 25.939349
 183.600000 0.377884 8.189830 25.939349
 183.800000 0.374853 9.243372 25.939349
 184.000000 0.361242 13.461868 25.939349
 184.200000 0.348259 16.334194 25.939349
 184.400000 0.351088 16.154118 25.939349
 184.600000 0.357244 15.309005 25.939349
 184.800000 0.382607 6.905018 25.939349
 185.000000 0.387007 5.325936 25.905673
 185.200000 0.369422 12.590726 25.905673
 185.400000 0.382672 8.204589 25.905673
 185.600000 0.367519 13.146863 25.905673
 185.800000 0.370519 12.257818 25.905673
 186.000000 0.369325 12.619879 25.905673
 186.200000 0.355140 16.448387 25.905673
 186.400000 0.353510 16.580355 25.905673
 186.600000 0.350111 16.733022 25.905673
 186.800000 0.375015 11.747170 25.905673
 187.000000 0.378394 10.511813 25.905673
 187.200000 0.380082 10.961603 25.905673
 187.400000 0.378131 11.705784 25.905673
 187.600000 0.382412 10.032998 25.905673
 187.800000 0.374053 13.135003 25.905673
 188.000000 0.357120 16.634817 25.905673
 188.200000 0.347654 17.564431 25.905673
 188.400000 0.361003 17.007892 25.905673
 188.600000 0.361853 16.870602 25.905673
 188.800000 0.384999 9.115797 25.905673
 189.000000 0.405016 2.023203 25.905673
 189.200000 0.392252 7.160605 25.905673
 189.400000 0.378399 12.238495 25.905673
 189.600000 0.368732 15.382951 25.905673
 189.800000 0.391817 7.307791 25.905673
 190.000000 0.394932 6.289563 25.873349
 190.200000 0.372058 14.820038 25.873349
 190.400000 0.360834 17.148829 25.873349
 190.600000 0.358567 17.406413 25.873349
 190.800000 0.353020 17.701326 25.873349
 191.000000 0.356529 17.568801 25.873349
 191.200000 0.363557 17.452487 25.873349
 191.400000 0.362458 17.655473 25.873349
 191.600000 0.367523 16.559266 25.873349
 191.800000 0.368114 16.406969 25.873349
 192.000000 0.391564 8.734144 25.873349
 192.200000 0.389768 10.510846 25.873349
 192.400000 0.386236 11.649674 25.873349
 192.600000 0.384458 12.209229 25.873349
 192.800000 0.396774 8.177825 25.873349
 193.000000 0.390094 10.404237 25.873349
 193.200000 0.399289 8.246450 25.873349
 193.400000 0.406038 5.780485 25.873349
 193.600000 0.389762 11.613656 25.873349
 193.800000 0.394484 10.002070 25.873349
 194.000000 0.405969 5.804779 25.873349
 194.200000 0.416682 3.652449 25.873349
 194.400000 0.408343 6.327737 25.873349
 194.600000 0.393440 11.322969 25.873349
 194.800000 0.382285 14.227645 25.873349
 195.000000 0.382529 14.171210 25.843344
 195.200000 0.407315 6.921312 25.843344
 195.400000 0.402691 8.682359 25.843344
 195.600000 0.384624 14.598388 25.843344
 195.800000 0.391130 12.778774 25.843344
 196.000000 0.409487 6.117833 25.843344
 196.200000 0.418976 4.165954 25.843344
 196.400000 0.411552 6.701917 25.843344
 196.600000 0.400050 10.776427 25.843344
 196.800000 0.393841 12.675730 25.843344
 197.000000 0.421320 3.463490 25.843344
 197.200000 0.424387 4.118286 25.843344
 197.400000 0.429018 2.972554 25.843344
 197.600000 0.430828 2.576931 25.843344
 197.800000 0.456301 0.107620 25.843344
 198.000000 0.438883 1.214493 25.843344
 198.200000 0.432158 3.806015 25.843344
 198.400000 0.419414 6.229943 25.843344
 198.600000 0.396162 12.392145 25.843344
 198.800000 0.421533 5.750328 25.843344
 199.000000 0.426359 4.777807 25.843344
 199.200000 0.426969 6.079319 25.843344
 199.400000 0.438340 3.970036 25.843344
 199.600000 0.430021 5.514030 25.843344
 199.800000 0.438712 3.901371 25.843344
 200.000000 0.424510 6.535720 25.808380
 200.200000 0.426742 7.414910 25.808380
 200.400000 0.447527 2.753284 25.808380
 200.600000 0.438583 4.766588 25.808380
 200.800000 0.426845 7.394545 25.808380
 201.000000 0.424967 7.758149 25.808380
 201.200000 0.423549 9.253214 25.808380
 201.400000 0.437379 5.931416 25.808380
 201.600000 0.450032 2.572542 25.808380
 201.800000 0.442203 4.555278 25.808380
 202.000000 0.431191 7.618046 25.808380
 202.200000 0.419641 10.785878 25.808380
 202.400000 0.437021 7.189368 25.808380
 202.600000 0.434727 7.892016 25.808380
 202.800000 0.439994 6.229979 25.808380
 203.000000 0.452443 2.531535 25.808380
 203.200000 0.431756 9.322044 25.808380
 203.400000 0.418270 11.017177 25.808380
 203.600000 0.414784 11.212470 25.808380
 203.800000 0.430141 9.636565 25.808380
 204.000000 0.422383 10.704052 25.808380
 204.200000 0.413116 12.197861 25.808380
 204.400000 0.398986 12.948828 25.808380
 204.600000 0.428185 10.983813 25.808380
 204.800000 0.441372 7.454595 25.808380
 205.000000 0.441301 7.476623 25.775255
 205.200000 0.436008 10.258015 25.775255
 205.400000 0.432862 11.010498 25.775255
 205.600000 0.419807 12.432557 25.775255
 205.800000 0.395491 13.402462 25.775255
 206.000000 0.388068 14.562745 25.775255
 206.200000 0.405475 12.949050 25.775255
 206.400000 0.391589 14.873787 25.775255
 206.600000 0.391252 14.931979 25.775255
 206.800000 0.388434 15.415485 25.775255
 207.000000 0.389021 15.315694 25.775255
 207.200000 0.385997 16.688290 25.775255
 207.400000 0.372776 18.147197 25.775255
 207.600000 0.359040 18.925786 25.775255
 207.800000 0.379795 17.490102 25.775255
 208.000000 0.379647 17.506067 25.775255
 208.200000 0.372361 18.894199 25.775255
 208.400000 0.353424 19.003028 25.775255
 208.600000 0.339451 17.309395 25.775255
 208.800000 0.349169 18.629710 25.775255
 209.000000 0.348845 18.594405 25.775255
 209.200000 0.328799 16.203501 25.775255
 209.400000 0.335254 17.200801 25.775255
 209.600000 0.357626 19.848274 25.775255
 209.800000 0.343198 18.576068 25.775255
 210.000000 0.327997 16.101320 25.754121
 210.200000 0.329121 17.097900 25.754121
 210.400000 0.321772 16.306955 25.754121
 210.600000 0.311260 15.843558 25.754121
 210.800000 0.332478 17.557719 25.754121
 211.000000 0.336791 18.186957 25.754121
 211.200000 0.336082 18.859967 25.754121
 211.400000 0.338575 19.221433 25.754121
 211.600000 0.353255 20.354679 25.754121
 211.800000 0.357027 20.286222 25.754121
 212.000000 0.354599 20.345852 25.754121
 212.200000 0.359851 20.822372 25.754121
 212.400000 0.355070 21.045127 25.754121
 212.600000 0.312816 16.097266 25.754121
 212.800000 0.299460 15.783325 25.754121
 213.000000 0.326823 17.563873 25.754121
 213.200000 0.337857 20.108966 25.754121
 213.400000 0.315527 16.848985 25.754121
 213.600000 0.318047 17.117340 25.754121
 213.800000 0.323159 17.796397 25.754121
 214.000000 0.339564 20.341282 25.754121
 214.200000 0.346006 21.657229 25.754121
 214.400000 0.323942 18.323639 25.754121
 214.600000 0.311977 16.680678 25.754121
 214.800000 0.307953 16.380771 25.754121
 215.000000 0.318609 17.449654 25.748161
 215.200000 0.318052 18.173735 25.748161
 215.400000 0.324936 19.240054 25.748161
 215.600000 0.309035 17.107323 25.748161
 215.800000 0.307143 16.931713 25.748161
 216.000000 0.314074 17.650860 25.748161
 216.200000 0.322801 19.568386 25.748161
 216.400000 0.302340 17.115770 25.748161
 216.600000 0.281795 15.376833 25.748161
 216.800000 0.289589 15.855076 25.748161
 217.000000 0.288096 15.742337 25.748161
 217.200000 0.290505 16.785873 25.748161
 217.400000 0.306936 18.018444 25.748161
 217.600000 0.314790 18.711466 25.748161
 217.800000 0.304583 17.836732 25.748161
 218.000000 0.290192 16.762891 25.748161
 218.200000 0.313451 18.828485 25.748161
 218.400000 0.310644 18.650478 25.748161
 218.600000 0.312930 18.792678 25.748161
 218.800000 0.299695 18.149396 25.748161
 219.000000 0.305102 18.381711 25.748161
 219.200000 0.287355 17.754327 25.748161
 219.400000 0.286892 17.702419 25.748161
 219.600000 0.309680 19.333449 25.748161
 219.800000 0.340531 21.660520 25.748161
 220.000000 0.316262 19.630303 25.735715
 220.200000 0.291125 18.336863 25.735715
 220.400000 0.294196 18.700210 25.735715
 220.600000 0.292979 18.559034 25.735715
 220.800000 0.296153 18.916874 25.735715
 221.000000 0.314951 20.287744 25.735715
 221.200000 0.310474 20.719831 25.735715
 221.400000 0.312230 20.836910 25.735715
 221.600000 0.296369 19.268230 25.735715
 221.800000 0.290391 18.431625 25.735715
 222.000000 0.295184 19.108003 25.735715
 222.200000 0.299484 20.381938 25.735715
 222.400000 0.288508 18.837965 25.735715
 222.600000 0.299847 20.420525 25.735715
 222.800000 0.309248 21.111224 25.735715
 223.000000 0.321597 21.475737 25.735715
 223.200000 0.324216 22.201970 25.735715
 223.400000 0.309355 21.597575 25.735715
 223.600000 0.300364 20.719939 25.735715
 223.800000 0.299502 20.610241 25.735715
 224.000000 0.329486 22.272828 25.735715
 224.200000 0.315873 22.388144 25.735715
 224.400000 0.300676 20.860259 25.735715
 224.600000 0.292740 19.639659 25.735715
 224.800000 0.265506 15.229895 25.735715
 225.000000 0.288597 18.925667 25.753066
 225.200000 0.304513 21.776577 25.753066
 225.400000 0.299121 21.231482 25.753066
 225.600000 0.280170 18.112102 25.753066
 225.800000 0.291704 20.200920 25.753066
 226.000000 0.306513 21.941885 25.753066
 226.200000 0.296602 21.449411 25.753066
 226.400000 0.270249 16.288673 25.753066
 226.600000 0.273116 16.827388 25.753066
 226.800000 0.294119 21.041143 25.753066
 227.000000 0.286731 19.621531 25.753066
 227.200000 0.266211 15.873322 25.753066
 227.400000 0.284720 19.928041 25.753066
 227.600000 0.287177 20.442820 25.753066
 227.800000 0.282917 19.533692 25.753066
 228.000000 0.284352 19.848468 25.753066
 228.200000 0.279738 19.505915 25.753066
 228.400000 0.284453 20.593231 25.753066
 228.600000 0.258477 14.792281 25.753066
 228.800000 0.244238 13.974587 25.753066
 229.000000 0.253901 14.245188 25.753066
 229.200000 0.268638 17.341187 25.753066
 229.400000 0.266849 16.999746 25.753066
 229.600000 0.248632 14.814861 25.753066
 229.800000 0.256927 15.487975 25.753066
 230.000000 0.246385 14.745062 25.757032
 230.200000 0.240218 15.676864 25.757032
 230.400000 0.227045 16.851525 25.757032
 230.600000 0.239026 15.720301 25.757032
 230.800000 0.262628 16.776506 25.757032
 231.000000 0.258011 16.290264 25.757032
 231.200000 0.284431 20.916826 25.757032
 231.400000 0.270915 18.621245 25.757032
 231.600000 0.255962 16.958557 25.757032
 231.800000 0.260889 17.407584 25.757032
 232.000000 0.263593 17.687679 25.757032
 232.200000 0.269527 19.158322 25.757032
 232.400000 0.269571 19.163526 25.757032
 232.600000 0.260814 18.182462 25.757032
 232.800000 0.262092 18.320410 25.757032
 233.000000 0.275058 19.866755 25.757032
 233.200000 0.272317 20.214686 25.757032
 233.400000 0.258557 18.332735 25.757032
 233.600000 0.270739 19.998538 25.757032
 233.800000 0.273341 20.354567 25.757032
 234.000000 0.258525 18.328383 25.757032
 234.200000 0.241400 16.829847 25.757032
 234.400000 0.251554 18.089232 25.757032
 234.600000 0.262115 19.571767 25.757032
 234.800000 0.263856 19.784537 25.757032
 235.000000 0.271879 20.674602 25.757458
 235.200000 0.289030 22.781934 25.757458
 235.400000 0.303455 23.270907 25.757458
 235.600000 0.295547 23.097464 25.757458
 235.800000 0.271538 21.334941 25.757458
 236.000000 0.295283 23.087774 25.757458
 236.200000 0.291559 23.528916 25.757458
 236.400000 0.289422 23.384784 25.757458
 236.600000 0.282694 22.786333 25.757458
 236.800000 0.286944 23.186609 25.757458
 237.000000 0.302471 23.817402 25.757458
 237.200000 0.299282 24.400262 25.757458
 237.400000 0.302883 24.420401 25.757458
 237.600000 0.296054 24.292850 25.757458
 237.800000 0.302045 24.424562 25.757458
 238.000000 0.318549 23.804634 25.757458
 238.200000 0.314064 24.604530 25.757458
 238.400000 0.292461 24.198922 25.757458
 238.600000 0.286495 23.551347 25.757458
 238.800000 0.310012 24.731566 25.757458
 239.000000 0.323638 24.140972 25.757458
 239.200000 0.324689 24.675263 25.757458
 239.400000 0.312700 25.111129 25.757458
 239.600000 0.310539 25.125862 25.757458
 239.800000 0.290956 24.106976 25.757458
 240.000000 0.282336 23.039340 25.860775
 240.200000 0.268387 21.555074 25.860775
 240.400000 0.260905 20.232448 25.860775
 240.600000 0.267421 21.391968 25.860775
 240.800000 0.307070 25.266381 25.860775
 241.000000 0.308987 25.252325 25.860775
 241.200000 0.285870 24.281386 25.860775
 241.400000 0.299639 25.634530 25.860775
 241.600000 0.312355 25.752400 25.860775
 241.800000 0.300317 25.668181 25.860775
 242.000000 0.291027 24.921737 25.860775
 242.200000 0.283946 24.530439 25.860775
 242.400000 0.279663 23.816306 25.860775
 242.600000 0.271571 22.348941 25.860775
 242.800000 0.272246 22.474421 25.860775
 243.000000 0.267566 21.597110 25.860775
 243.200000 0.273216 23.276730 25.860775
 243.400000 0.268017 22.350773 25.860775
 243.600000 0.280858 24.473639 25.860775
 243.800000 0.278096 24.062725 25.860775
 244.000000 0.273847 23.382621 25.860775
 244.200000 0.248896 18.444020 25.860775
 244.400000 0.253621 19.547780 25.860775
 244.600000 0.281098 25.057287 25.860775
 244.800000 0.287594 25.749559 25.860775
 245.000000 0.264319 22.133904 25.986934
 245.200000 0.255157 20.468408 25.986934
 245.400000 0.264808 22.895315 25.986934
 245.600000 0.277607 25.026504 25.986934
 245.800000 0.291866 26.187085 25.986934
 246.000000 0.287995 25.971188 25.986934
 246.200000 0.293670 26.773156 25.986934
 246.400000 0.286697 26.430394 25.986934
 246.600000 0.286401 26.407940 25.986934
 246.800000 0.274060 24.921234 25.986934
 247.000000 0.276467 25.296522 25.986934
 247.200000 0.276797 25.911518 25.986934
 247.400000 0.264187 23.317946 25.986934
 247.600000 0.272888 25.274110 25.986934
 247.800000 0.281394 26.471666 25.986934
 248.000000 0.270061 24.717432 25.986934
 248.200000 0.243071 17.765658 25.986934
 248.400000 0.240383 17.317540 25.986934
 248.600000 0.259634 22.506089 25.986934
 248.800000 0.262052 23.242755 25.986934
 249.000000 0.232545 16.839700 25.986934
 249.200000 0.245959 18.949033 25.986934
 249.400000 0.253071 20.737846 25.986934
 249.600000 0.255050 21.311117 25.986934
 249.800000 0.262768 23.560382 25.986934
 250.000000 0.279134 26.710455 26.176406
 250.200000 0.287104 27.667944 26.176406
 250.400000 0.272058 26.196259 26.176406
 250.600000 0.267720 25.222111 26.176406
 250.800000 0.247212 19.275649 26.176406
 251.000000 0.251033 20.263017 26.176406
 251.200000 0.265356 25.046782 26.176406
 251.400000 0.269360 25.954045 26.176406
 251.600000 0.265112 24.986113 26.176406
 251.800000 0.233039 18.009763 26.176406
 252.000000 0.238890 18.411853 26.176406
 252.200000 0.269329 26.044619 26.176406
 252.400000 0.274077 26.829542 26.176406
 252.600000 0.289089 27.701758 26.176406
 252.800000 0.301305 27.123142 26.176406
 253.000000 0.292928 27.606865 26.176406
 253.200000 0.287279 28.186107 26.176406
 253.400000 0.281670 27.941520 26.176406
 253.600000 0.284828 28.119570 26.176406
 253.800000 0.292075 28.146839 26.176406
 254.000000 0.294865 28.032124 26.176406
 254.200000 0.307787 27.270368 26.176406
 254.400000 0.284964 28.528385 26.176406
 254.600000 0.263591 24.923970 26.176406
 254.800000 0.234374 18.788289 26.176406
 255.000000 0.234459 18.793116 26.372027
 255.200000 0.245368 20.817210 26.372027
 255.400000 0.246186 20.963953 26.372027
 255.600000 0.230309 19.385135 26.372027
 255.800000 0.252628 22.319365 26.372027
 256.000000 0.260122 24.172686 26.372027
 256.200000 0.235868 19.802281 26.372027
 256.400000 0.228416 19.416712 26.372027
 256.600000 0.243553 20.838899 26.372027
 256.800000 0.273152 27.520266 26.372027
 257.000000 0.279069 28.275834 26.372027
 257.200000 0.273819 28.089443 26.372027
 257.400000 0.270845 27.560492 26.372027
 257.600000 0.256281 23.937855 26.372027
 257.800000 0.246437 21.448765 26.372027
 258.000000 0.262843 25.716258 26.372027
 258.200000 0.266753 27.221756 26.372027
 258.400000 0.262949 26.300189 26.372027
 258.600000 0.243643 21.129419 26.372027
 258.800000 0.233863 19.735545 26.372027
 259.000000 0.263008 26.315465 26.372027
 259.200000 0.285161 29.509299 26.372027
 259.400000 0.282004 29.496409 26.372027
 259.600000 0.272086 28.704504 26.372027
 259.800000 0.293238 29.115082 26.372027
 260.000000 0.286480 29.485070 26.781816
 260.200000 0.276432 29.578315 26.781816
 260.400000 0.260166 26.184265 26.781816
 260.600000 0.260771 26.362158 26.781816
 260.800000 0.281224 29.919618 26.781816
 261.000000 0.280342 29.879574 26.781816
 261.200000 0.296175 29.486785 26.781816
 261.400000 0.268723 28.720614 26.781816
 261.600000 0.277501 30.134888 26.781816
 261.800000 0.284409 30.427323 26.781816
 262.000000 0.282258 30.412132 26.781816
 262.200000 0.268551 28.978888 26.781816
 262.400000 0.262970 27.417698 26.781816
 262.600000 0.254741 24.702847 26.781816
 262.800000 0.237707 20.275819 26.781816
 263.000000 0.238348 20.372550 26.781816
 263.200000 0.261305 27.110664 26.781816
 263.400000 0.257584 25.971600 26.781816
 263.600000 0.253449 24.695877 26.781816
 263.800000 0.247631 23.037283 26.781816
 264.000000 0.248230 23.195617 26.781816
 264.200000 0.245548 23.125840 26.781816
 264.400000 0.247471 23.617471 26.781816
 264.600000 0.243398 22.610467 26.781816
 264.800000 0.250944 24.564335 26.781816
 265.000000 0.261496 27.588627 27.238253
 265.200000 0.249379 24.498351 27.238253
 265.400000 0.245666 23.448103 27.238253
 265.600000 0.242864 22.725201 27.238253
 265.800000 0.241983 22.513869 27.238253
 266.000000 0.248196 24.154587 27.238253
 266.200000 0.242285 23.137442 27.238253
 266.400000 0.247144 24.450758 27.238253
 266.600000 0.249611 25.160711 27.238253
 266.800000 0.242475 23.185531 27.238253
 267.000000 0.231954 21.063000 27.238253
 267.200000 0.249201 25.394359 27.238253
 267.400000 0.249978 25.599619 27.238253
 267.600000 0.256217 27.269875 27.238253
 267.800000 0.247164 24.865558 27.238253
 268.000000 0.266760 29.726660 27.238253
 268.200000 0.253758 26.933330 27.238253
 268.400000 0.232604 21.878064 27.238253
 268.600000 0.218331 20.466505 27.238253
 268.800000 0.231637 21.731172 27.238253
 269.000000 0.226765 21.105212 27.238253
 269.200000 0.237429 23.261629 27.238253
 269.400000 0.247499 25.417282 27.238253
 269.600000 0.243723 24.515249 27.238253
 269.800000 0.234131 22.731447 27.238253
 270.000000 0.251212 26.380992 27.535111
 270.200000 0.279222 31.555746 27.535111
 270.400000 0.286675 31.200469 27.535111
 270.600000 0.281193 31.530176 27.535111
 270.800000 0.276450 31.506014 27.535111
 271.000000 0.262230 29.669383 27.535111
 271.200000 0.273070 31.664621 27.535111
 271.400000 0.275168 31.769489 27.535111
 271.600000 0.262254 30.141128 27.535111
 271.800000 0.265321 30.735380 27.535111
 272.000000 0.263525 30.401770 27.535111
 272.200000 0.269537 31.763448 27.535111
 272.400000 0.274271 32.081353 27.535111
 272.600000 0.275139 32.102964 27.535111
 272.800000 0.262677 30.681005 27.535111
 273.000000 0.243867 25.438059 27.535111
 273.200000 0.232566 23.297571 27.535111
 273.400000 0.230900 22.978660 27.535111
 273.600000 0.246789 26.827493 27.535111
 273.800000 0.234644 23.723422 27.535111
 274.000000 0.223578 21.815313 27.535111
 274.200000 0.221149 22.173473 27.535111
 274.400000 0.219510 21.986374 27.535111
 274.600000 0.257598 29.874643 27.535111
 274.800000 0.241667 25.724157 27.535111
 275.000000 0.237601 24.814320 27.959166
 275.200000 0.242823 26.550482 27.959166
 275.400000 0.247690 27.729122 27.959166
 275.600000 0.239676 25.837344 27.959166
 275.800000 0.238972 25.684581 27.959166
 276.000000 0.252610 28.947939 27.959166
 276.200000 0.248711 28.447885 27.959166
 276.400000 0.261855 31.357022 27.959166
 276.600000 0.260575 31.141419 27.959166
 276.800000 0.260026 31.042990 27.959166
 277.000000 0.263163 31.556816 27.959166
 277.200000 0.267314 32.457444 27.959166
 277.400000 0.279946 32.391777 27.959166
 277.600000 0.287063 31.575894 27.959166
 277.800000 0.288977 31.287707 27.959166
 278.000000 0.276231 32.620835 27.959166
 278.200000 0.263009 32.240744 27.959166
 278.400000 0.254621 30.419892 27.959166
 278.600000 0.280727 32.716375 27.959166
 278.800000 0.310945 27.223735 27.959166
 279.000000 0.318557 26.049967 27.959166
 279.200000 0.312847 27.414196 27.959166
 279.400000 0.306147 28.499389 27.959166
 279.600000 0.331501 24.814567 27.959166
 279.800000 0.320129 26.383302 27.959166
 280.000000 0.317706 26.715303 28.568820
 280.200000 0.312548 27.960950 28.568820
 280.400000 0.303140 29.370210 28.568820
 280.600000 0.306779 28.798187 28.568820
 280.800000 0.333563 24.842846 28.568820
 281.000000 0.331585 25.149936 28.568820
 281.200000 0.350930 22.835566 28.568820
 281.400000 0.347000 23.393721 28.568820
 281.600000 0.347832 23.276498 28.568820
 281.800000 0.339086 24.543009 28.568820
 282.000000 0.350593 22.884344 28.568820
 282.200000 0.377101 19.103709 28.568820
 282.400000 0.378008 18.963186 28.568820
 282.600000 0.346300 24.098527 28.568820
 282.800000 0.351667 23.358005 28.568820
 283.000000 0.363599 21.329641 28.568820
 283.200000 0.360487 22.552002 28.568820
 283.400000 0.373352 20.229003 28.568820
 283.600000 0.391995 16.408101 28.568820
 283.800000 0.381555 18.719985 28.568820
 284.000000 0.377122 19.550851 28.568820
 284.200000 0.371444 21.254172 28.568820
 284.400000 0.358446 23.225394 28.568820
 284.600000 0.347113 24.459508 28.568820
 284.800000 0.332431 25.974649 28.568820
 285.000000 0.338211 25.310493 28.604637
 285.200000 0.355227 23.925820 28.604637
 285.400000 0.343174 25.355230 28.604637
 285.600000 0.335384 26.181438 28.604637
 285.800000 0.336045 26.109861 28.604637
 286.000000 0.348693 24.758173 28.604637
 286.200000 0.379520 19.913749 28.604637
 286.400000 0.375653 20.684235 28.604637
 286.600000 0.376352 20.548416 28.604637
 286.800000 0.372701 21.246882 28.604637
 287.000000 0.379981 19.817503 28.604637
 287.200000 0.371583 22.077315 28.604637
 287.400000 0.348874 25.401342 28.604637
 287.600000 0.347486 25.540392 28.604637
 287.800000 0.346495 25.635430 28.604637
 288.000000 0.367163 22.803408 28.604637
 288.200000 0.387901 18.829633 28.604637
 288.400000 0.400121 15.118571 28.604637
 288.600000 0.408688 13.463929 28.604637
 288.800000 0.388025 18.791800 28.604637
 289.000000 0.374974 22.052699 28.604637
 289.200000 0.365341 24.261787 28.604637
 289.400000 0.363010 24.560655 28.604637
 289.600000 0.379615 21.690838 28.604637
 289.800000 0.392589 17.687896 28.604637
 290.000000 0.403468 14.435511 28.611837
 290.200000 0.375209 22.816106 28.611837
 290.400000 0.394536 17.795348 28.611837
 290.600000 0.409044 14.328081 28.611837
 290.800000 0.425993 12.485143 28.611837
 291.000000 0.414844 13.651222 28.611837
 291.200000 0.405561 15.704870 28.611837
 291.400000 0.391342 19.057293 28.611837
 291.600000 0.368931 23.818178 28.611837
 291.800000 0.364799 24.366909 28.611837
 292.000000 0.363818 24.487435 28.611837
 292.200000 0.365021 24.925191 28.611837
 292.400000 0.357929 25.675080 28.611837
 292.600000 0.363501 25.113284 28.611837
 292.800000 0.358206 25.651997 28.611837
 293.000000 0.371926 23.885507 28.611837
 293.200000 0.389389 20.041935 28.611837
 293.400000 0.389777 19.919624 28.611837
 293.600000 0.385881 21.131361 28.611837
 293.800000 0.405718 15.737035 28.611837
 294.000000 0.408754 15.282314 28.611837
 294.200000 0.405106 16.702990 28.611837
 294.400000 0.394746 18.948747 28.611837
 294.600000 0.401687 17.321608 28.611837
 294.800000 0.385657 21.468525 28.611837
 295.000000 0.364937 25.488328 28.624819
 295.200000 0.374227 24.593730 28.624819
 295.400000 0.353724 26.685020 28.624819
 295.600000 0.329352 27.192303 28.624819
 295.800000 0.339394 26.741849 28.624819
 296.000000 0.355547 26.649277 28.624819
 296.200000 0.349322 27.195116 28.624819
 296.400000 0.356889 27.141575 28.624819
 296.600000 0.364981 26.483780 28.624819
 296.800000 0.367304 26.155603 28.624819
 297.000000 0.383805 22.310450 28.624819
 297.200000 0.388386 21.539441 28.624819
 297.400000 0.392463 20.242248 28.624819
 297.600000 0.375838 25.028138 28.624819
 297.800000 0.394595 19.584206 28.624819
 298.000000 0.402396 17.509746 28.624819
 298.200000 0.410196 16.825694 28.624819
 298.400000 0.412305 16.481939 28.624819
 298.600000 0.394747 20.242532 28.624819
 298.800000 0.396472 19.770998 28.624819
 299.000000 0.393469 20.600327 28.624819
 299.200000 0.411083 17.029941 28.624819
 299.400000 0.439160 9.845025 28.624819
 299.600000 0.450098 6.001307 28.624819
 299.800000 0.458236 3.576919 28.624819
 300.000000 0.444286 8.009654 28.639901
