#! FIELDS time d metad.bias metad.rct
 0.000000 0.193135 0.000000 0.000000
 0.200000 0.179906 0.000000 0.000000
 0.400000 0.202399 0.000000 0.000000
 0.600000 0.211249 0.000000 0.000000
 0.800000 0.208060 0.000000 0.000000
 1.000000 0.190992 0.000000 0.000000
 1.200000 0.195987 1.655355 0.000000
 1.400000 0.202558 1.299147 0.000000
 1.600000 0.206682 1.011568 0.000000
 1.800000 0.197361 1.598589 0.000000
 2.000000 0.191948 1.745665 0.000000
 2.200000 0.201280 2.715963 0.000000
 2.400000 0.204143 2.353349 0.000000
 2.600000 0.217005 0.785251 0.000000
 2.800000 0.232868 0.068361 0.000000
 3.000000 0.229209 0.135832 0.000000
 3.200000 0.208054 2.465130 0.000000
 3.400000 0.197333 3.296326 0.000000
 3.600000 0.185994 3.175230 0.000000
 3.800000 0.188476 3.341612 0.000000
 4.000000 0.184891 3.078051 0.000000
 4.200000 0.198119 4.283260 0.000000
 4.400000 0.174400 2.957198 0.000000
 4.600000 0.175477 3.161401 0.000000
 4.800000 0.181919 4.254972 0.000000
 5.000000 0.185832 4.684171 0.603762
 5.200000 0.186237 6.133966 0.603762
 5.400000 0.184889 6.020058 0.603762
 5.600000 0.191080 6.166253 0.603762
 5.800000 0.176089 4.426187 0.603762
 6.000000 0.181665 5.585720 0.603762
 6.200000 0.184502 7.319302 0.603762
 6.400000 0.175927 5.655373 0.603762
 6.600000 0.175381 5.506065 0.603762
 6.800000 0.161637 1.863416 0.603762
 7.000000 0.170399 4.075636 0.603762
 7.200000 0.170620 5.598332 0.603762
 7.400000 0.167152 4.592416 0.603762
 7.600000 0.167239 4.617486 0.603762
 7.800000 0.168942 5.111924 0.603762
 8.000000 0.168875 5.092593 0.603762
 8.200000 0.165005 5.331731 0.603762
 8.400000 0.162035 4.449635 0.603762
 8.600000 0.172805 7.562111 0.603762
 8.800000 0.174660 8.001020 0.603762
 9.000000 0.180808 8.960550 0.603762
 9.200000 0.179278 9.973913 0.603762
 9.400000 0.164833 5.944728 0.603762
 9.600000 0.158521 3.854571 0.603762
 9.800000 0.160030 4.326327 0.603762
 10.000000 0.140590 0.526624 2.265468
 10.200000 0.179080 10.008040 2.265468
 10.400000 0.193568 8.578196 2.265468
 10.600000 0.185247 10.181520 2.265468
 10.800000 0.191574 9.122452 2.265468
 11.000000 0.204805 4.911216 2.265468
 11.200000 0.205354 6.153497 2.265468
 11.400000 0.203091 6.840666 2.265468
 11.600000 0.208118 5.370324 2.265468
 11.800000 0.209554 4.997137 2.265468
 12.000000 0.217688 3.415356 2.265468
 12.200000 0.210735 6.061079 2.265468
 12.400000 0.201819 8.095852 2.265468
 12.600000 0.196672 9.377698 2.265468
 12.800000 0.156746 4.294494 2.265468
 13.000000 0.174178 9.285129 2.265468
 13.200000 0.171709 9.724129 2.265468
 13.400000 0.176443 10.993876 2.265468
 13.600000 0.185058 11.811511 2.265468
 13.800000 0.188904 11.461421 2.265468
 14.000000 0.196598 9.772356 2.265468
 14.200000 0.187107 12.604451 2.265468
 14.400000 0.188535 12.492643 2.265468
 14.600000 0.195627 11.162319 2.265468
 14.800000 0.200359 9.814685 2.265468
 15.000000 0.197624 10.619214 4.848152
 15.200000 0.208861 8.148458 4.848152
 15.400000 0.223631 4.598866 4.848152
 15.600000 0.214776 6.491017 4.848152
 15.800000 0.195683 12.229201 4.848152
 16.000000 0.210878 7.545897 4.848152
 16.200000 0.209221 9.281000 4.848152
 16.400000 0.206855 9.985439 4.848152
 16.600000 0.214423 7.796052 4.848152
 16.800000 0.217163 7.061957 4.848152
 17.000000 0.201656 11.507534 4.848152
 17.200000 0.197406 13.611899 4.848152
 17.400000 0.188132 14.514487 4.848152
 17.600000 0.190410 14.509498 4.848152
 17.800000 0.189801 14.525859 4.848152
 18.000000 0.208937 10.296550 4.848152
 18.200000 0.223417 6.577432 4.848152
 18.400000 0.228041 5.188925 4.848152
 18.600000 0.220266 7.591068 4.848152
 18.800000 0.197334 14.446655 4.848152
 19.000000 0.191447 15.017135 4.848152
 19.200000 0.196045 15.499345 4.848152
 19.400000 0.198972 14.934284 4.848152
 19.600000 0.208439 12.035247 4.848152
 19.800000 0.194628 15.692815 4.848152
 20.000000 0.201860 14.191596 7.978007
 20.200000 0.184293 15.718819 7.978007
 20.400000 0.171148 10.723393 7.978007
 20.600000 0.169065 9.773734 7.978007
 20.800000 0.150060 3.498243 7.978007
 21.000000 0.156993 5.088162 7.978007
 21.200000 0.150723 4.894224 7.978007
 21.400000 0.166705 9.847171 7.978007
 21.600000 0.184312 15.987343 7.978007
 21.800000 0.180451 15.001328 7.978007
 22.000000 0.189191 16.668911 7.978007
 22.200000 0.172800 12.730785 7.978007
 22.400000 0.181955 16.167280 7.978007
 22.600000 0.193282 17.486748 7.978007
 22.800000 0.180800 15.816287 7.978007
 23.000000 0.183708 16.635192 7.978007
 23.200000 0.175932 14.767048 7.978007
 23.400000 0.192067 18.264425 7.978007
 23.600000 0.195754 17.806839 7.978007
 23.800000 0.178786 15.921839 7.978007
 24.000000 0.187235 18.117097 7.978007
 24.200000 0.190777 19.068694 7.978007
 24.400000 0.183572 18.193143 7.978007
 24.600000 0.155772 6.436738 7.978007
 24.800000 0.160245 8.022351 7.978007
 25.000000 0.158707 7.438447 10.558522
 25.200000 0.160843 9.502693 10.558522
 25.400000 0.168567 12.777939 10.558522
 25.600000 0.161576 9.791578 10.558522
 25.800000 0.157061 8.107122 10.558522
 26.000000 0.172276 14.437231 10.558522
 26.200000 0.158776 9.333064 10.558522
 26.400000 0.155972 8.244549 10.558522
 26.600000 0.173411 15.853700 10.558522
 26.800000 0.178279 17.764882 10.558522
 27.000000 0.156268 8.355039 10.558522
 27.200000 0.159553 10.827614 10.558522
 27.400000 0.162072 11.837909 10.558522
 27.600000 0.167433 14.058890 10.558522
 27.800000 0.168477 14.493701 10.558522
 28.000000 0.188734 19.817195 10.558522
 28.200000 0.170348 15.605483 10.558522
 28.400000 0.167523 14.361754 10.558522
 28.600000 0.174617 17.398481 10.558522
 28.800000 0.178762 18.899017 10.558522
 29.000000 0.176957 18.285939 10.558522
 29.200000 0.169046 15.708986 10.558522
 29.400000 0.144215 5.600923 10.558522
 29.600000 0.146087 6.186055 10.558522
 29.800000 0.143224 5.303717 10.558522
 30.000000 0.161082 12.010783 12.896248
 30.200000 0.159710 12.419434 12.896248
 30.400000 0.165987 15.246991 12.896248
 30.600000 0.164158 14.423581 12.896248
 30.800000 0.149281 8.010073 12.896248
 31.000000 0.139962 4.766942 12.896248
 31.200000 0.148438 8.890183 12.896248
 31.400000 0.154483 11.019621 12.896248
 31.600000 0.158510 12.542717 12.896248
 31.800000 0.165328 15.287723 12.896248
 32.000000 0.161509 13.730380 12.896248
 32.200000 0.155842 12.407588 12.896248
 32.400000 0.130908 3.774577 12.896248
 32.600000 0.143202 7.632321 12.896248
 32.800000 0.154690 11.951331 12.896248
 33.000000 0.161713 14.761437 12.896248
 33.200000 0.172865 19.706170 12.896248
 33.400000 0.184681 21.842784 12.896248
 33.600000 0.180130 21.427299 12.896248
 33.800000 0.177384 20.905446 12.896248
 34.000000 0.163670 16.445209 12.896248
 34.200000 0.168037 18.900024 12.896248
 34.400000 0.171087 19.889144 12.896248
 34.600000 0.175933 21.163404 12.896248
 34.800000 0.198730 18.964592 12.896248
 35.000000 0.210430 13.175064 14.304249
 35.200000 0.207518 15.644675 14.304249
 35.400000 0.224045 7.579561 14.304249
 35.600000 0.227388 6.243649 14.304249
 35.800000 0.200729 18.868947 14.304249
 36.000000 0.210772 13.971352 14.304249
 36.200000 0.217827 11.246386 14.304249
 36.400000 0.220377 9.963903 14.304249
 36.600000 0.221665 9.334821 14.304249
 36.800000 0.225415 7.597487 14.304249
 37.000000 0.223272 8.571654 14.304249
 37.200000 0.213201 14.600126 14.304249
 37.400000 0.213090 14.653386 14.304249
 37.600000 0.204639 18.492956 14.304249
 37.800000 0.184894 22.636133 14.304249
 38.000000 0.187052 22.670004 14.304249
 38.200000 0.190669 23.056524 14.304249
 38.400000 0.197668 21.492396 14.304249
 38.600000 0.189022 23.220524 14.304249
 38.800000 0.183232 23.143918 14.304249
 39.000000 0.195388 22.148379 14.304249
 39.200000 0.191322 23.597676 14.304249
 39.400000 0.181384 23.340725 14.304249
 39.600000 0.187832 23.862031 14.304249
 39.800000 0.185929 23.838160 14.304249
 40.000000 0.184824 23.772087 16.406034
 40.200000 0.194335 23.552639 16.406034
 40.400000 0.187198 24.466462 16.406034
 40.600000 0.202022 20.823818 16.406034
 40.800000 0.200969 21.280712 16.406034
 41.000000 0.195891 23.129019 16.406034
 41.200000 0.209309 17.648112 16.406034
 41.400000 0.218273 12.677356 16.406034
 41.600000 0.213217 15.472783 16.406034
 41.800000 0.211590 16.381338 16.406034
 42.000000 0.196232 23.650710 16.406034
 42.200000 0.192438 25.162572 16.406034
 42.400000 0.215581 14.420386 16.406034
 42.600000 0.223679 9.961564 16.406034
 42.800000 0.207963 18.833462 16.406034
 43.000000 0.213394 15.690632 16.406034
 43.200000 0.221902 11.633796 16.406034
 43.400000 0.236102 4.814626 16.406034
 43.600000 0.223275 10.870174 16.406034
 43.800000 0.242716 2.708551 16.406034
 44.000000 0.249139 1.366969 16.406034
 44.200000 0.228668 8.702288 16.406034
 44.400000 0.216235 15.043450 16.406034
 44.600000 0.207728 19.809032 16.406034
 44.800000 0.229391 8.394517 16.406034
 45.000000 0.240061 4.831967 17.716819
 45.200000 0.224030 11.657015 17.716819
 45.400000 0.229765 9.352748 17.716819
 45.600000 0.216196 15.461840 17.716819
 45.800000 0.228887 9.676872 17.716819
 46.000000 0.205479 21.080595 17.716819
 46.200000 0.227950 10.255686 17.716819
 46.400000 0.231594 8.860145 17.716819
 46.600000 0.220435 13.739344 17.716819
 46.800000 0.221695 13.102923 17.716819
 47.000000 0.216529 15.809641 17.716819
 47.200000 0.230900 9.657524 17.716819
 47.400000 0.237976 7.159491 17.716819
 47.600000 0.217080 16.374772 17.716819
 47.800000 0.215375 17.304482 17.716819
 48.000000 0.227956 10.900263 17.716819
 48.200000 0.225450 13.112402 17.716819
 48.400000 0.214671 18.415272 17.716819
 48.600000 0.207141 22.047892 17.716819
 48.800000 0.214557 18.472663 17.716819
 49.000000 0.203015 23.762842 17.716819
 49.200000 0.183651 25.852026 17.716819
 49.400000 0.190433 26.765017 17.716819
 49.600000 0.221826 15.116789 17.716819
 49.800000 0.224246 13.898712 17.716819
 50.000000 0.220135 15.989533 19.093081
 50.200000 0.229183 12.287496 19.093081
 50.400000 0.216103 18.937053 19.093081
 50.600000 0.243019 6.670393 19.093081
 50.800000 0.221125 16.333355 19.093081
 51.000000 0.231460 11.226834 19.093081
 51.200000 0.239472 8.836322 19.093081
 51.400000 0.230421 12.763651 19.093081
 51.600000 0.227666 14.045931 19.093081
 51.800000 0.231280 12.370027 19.093081
 52.000000 0.224103 15.739110 19.093081
 52.200000 0.212941 21.684779 19.093081
 52.400000 0.207809 23.719661 19.093081
 52.600000 0.223495 16.897864 19.093081
 52.800000 0.228120 14.669680 19.093081
 53.000000 0.232223 12.691853 19.093081
 53.200000 0.248216 6.434389 19.093081
 53.400000 0.232437 13.583973 19.093081
 53.600000 0.215902 20.955758 19.093081
 53.800000 0.210549 23.014563 19.093081
 54.000000 0.217585 20.270789 19.093081
 54.200000 0.218141 20.749645 19.093081
 54.400000 0.219258 20.278204 19.093081
 54.600000 0.222694 18.760595 19.093081
 54.800000 0.226792 16.830398 19.093081
 55.000000 0.236560 11.927126 19.694556
 55.200000 0.244202 9.147169 19.694556
 55.400000 0.231267 15.576321 19.694556
 55.600000 0.222479 19.520080 19.694556
 55.800000 0.221793 19.800798 19.694556
 56.000000 0.210519 23.886677 19.694556
 56.200000 0.203209 26.476467 19.694556
 56.400000 0.200518 26.988757 19.694556
 56.600000 0.193845 27.553428 19.694556
 56.800000 0.173996 22.609875 19.694556
 57.000000 0.188856 27.196535 19.694556
 57.200000 0.190465 27.905425 19.694556
 57.400000 0.179386 25.163498 19.694556
 57.600000 0.160925 16.721964 19.694556
 57.800000 0.160062 16.301342 19.694556
 58.000000 0.162329 17.406224 19.694556
 58.200000 0.149317 11.687177 19.694556
 58.400000 0.154856 14.480031 19.694556
 58.600000 0.165436 19.703394 19.694556
 58.800000 0.156316 15.219388 19.694556
 59.000000 0.155172 14.640106 19.694556
 59.200000 0.151733 13.785681 19.694556
 59.400000 0.165660 20.522352 19.694556
 59.600000 0.169863 22.304085 19.694556
 59.800000 0.175491 24.494867 19.694556
 60.000000 0.162389 19.052868 20.913330
 60.200000 0.146991 11.772346 20.913330
 60.400000 0.152578 14.826929 20.913330
 60.600000 0.162500 19.852356 20.913330
 60.800000 0.160707 19.011687 20.913330
 61.000000 0.162597 19.896853 20.913330
 61.200000 0.164853 21.619153 20.913330
 61.400000 0.180481 26.885280 20.913330
 61.600000 0.173842 24.982264 20.913330
 61.800000 0.162523 20.584232 20.913330
 62.000000 0.160131 19.446156 20.913330
 62.200000 0.163814 21.880707 20.913330
 62.400000 0.171987 24.899278 20.913330
 62.600000 0.178096 26.623308 20.913330
 62.800000 0.171053 24.599229 20.913330
 63.000000 0.160475 20.349740 20.913330
 63.200000 0.143316 10.890778 20.913330
 63.400000 0.138956 8.391038 20.913330
 63.600000 0.130515 4.511355 20.913330
 63.800000 0.145556 12.265337 20.913330
 64.000000 0.144255 11.461520 20.913330
 64.200000 0.149230 15.572349 20.913330
 64.400000 0.144119 12.428327 20.913330
 64.600000 0.137896 8.787677 20.913330
 64.800000 0.158399 20.679341 20.913330
 65.000000 0.170242 25.134940 21.738621
 65.200000 0.139122 9.536450 21.738621
 65.400000 0.146258 13.902857 21.738621
 65.600000 0.134579 7.087499 21.738621
 65.800000 0.144027 12.495421 21.738621
 66.000000 0.139544 9.780289 21.738621
 66.200000 0.159546 22.127649 21.738621
 66.400000 0.161565 22.980319 21.738621
 66.600000 0.153233 18.988678 21.738621
 66.800000 0.139805 11.063671 21.738621
 67.000000 0.137199 9.575996 21.738621
 67.200000 0.149437 17.644796 21.738621
 67.400000 0.147080 16.340696 21.738621
 67.600000 0.145671 15.545204 21.738621
 67.800000 0.147996 16.852343 21.738621
 68.000000 0.141752 13.302341 21.738621
 68.200000 0.149977 18.769028 21.738621
 68.400000 0.156829 21.928341 21.738621
 68.600000 0.145611 16.446846 21.738621
 68.800000 0.139847 13.172003 21.738621
 69.000000 0.141744 14.265285 21.738621
 69.200000 0.151285 20.180047 21.738621
 69.400000 0.149332 19.254325 21.738621
 69.600000 0.140016 14.189775 21.738621
 69.800000 0.150260 19.701148 21.738621
 70.000000 0.150669 19.894320 21.973713
 70.200000 0.165039 25.497267 21.973713
 70.400000 0.159307 23.970256 21.973713
 70.600000 0.157424 23.356851 21.973713
 70.800000 0.165464 25.593487 21.973713
 71.000000 0.164683 25.415231 21.973713
 71.200000 0.169135 26.890766 21.973713
 71.400000 0.162748 25.501500 21.973713
 71.600000 0.163279 25.638386 21.973713
 71.800000 0.153166 22.147835 21.973713
 72.000000 0.158042 24.076501 21.973713
 72.200000 0.179264 28.587372 21.973713
 72.400000 0.186289 29.031314 21.973713
 72.600000 0.175121 28.152773 21.973713
 72.800000 0.174317 28.057309 21.973713
 73.000000 0.161805 25.827011 21.973713
 73.200000 0.149032 21.035558 21.973713
 73.400000 0.144473 18.295558 21.973713
 73.600000 0.142212 16.836029 21.973713
 73.800000 0.137768 13.866760 21.973713
 74.000000 0.144765 18.480191 21.973713
 74.200000 0.117447 3.010548 21.973713
 74.400000 0.137396 14.296807 21.973713
 74.600000 0.143785 18.623375 21.973713
 74.800000 0.145921 19.965240 21.973713
 75.000000 0.144372 18.999490 22.830788
 75.200000 0.130314 9.973125 22.830788
 75.400000 0.136489 14.320164 22.830788
 75.600000 0.152721 24.280924 22.830788
 75.800000 0.154431 24.988649 22.830788
 76.000000 0.150069 23.028976 22.830788
 76.200000 0.145610 21.122269 22.830788
 76.400000 0.124838 6.718861 22.830788
 76.600000 0.129524 9.690738 22.830788
 76.800000 0.156891 26.434687 22.830788
 77.000000 0.162817 27.801399 22.830788
 77.200000 0.157254 27.018110 22.830788
 77.400000 0.132176 11.620886 22.830788
 77.600000 0.131229 10.934340 22.830788
 77.800000 0.140278 17.680997 22.830788
 78.000000 0.152135 25.035157 22.830788
 78.200000 0.138923 17.065492 22.830788
 78.400000 0.143629 20.555924 22.830788
 78.600000 0.135364 14.300878 22.830788
 78.800000 0.147236 22.945021 22.830788
 79.000000 0.135776 14.621747 22.830788
 79.200000 0.126800 8.828464 22.830788
 79.400000 0.125736 8.121238 22.830788
 79.600000 0.133475 13.744000 22.830788
 79.800000 0.130345 11.358508 22.830788
 80.000000 0.122033 5.889260 23.528580
 80.200000 0.113471 3.447700 23.528580
 80.400000 0.113508 3.460042 23.528580
 80.600000 0.139475 19.057325 23.528580
 80.800000 0.132006 13.691282 23.528580
 81.000000 0.118113 5.270476 23.528580
 81.200000 0.117341 6.311709 23.528580
 81.400000 0.120997 8.035956 23.528580
 81.600000 0.105247 2.377959 23.528580
 81.800000 0.100573 1.489867 23.528580
 82.000000 0.108423 3.164576 23.528580
 82.200000 0.130553 14.149886 23.528580
 82.400000 0.105814 4.003758 23.528580
 82.600000 0.099794 2.656999 23.528580
 82.800000 0.094586 1.732105 23.528580
 83.000000 0.089842 1.089220 23.528580
 83.200000 0.103630 4.572529 23.528580
 83.400000 0.100219 4.054021 23.528580
 83.600000 0.099460 3.947688 23.528580
 83.800000 0.097995 3.749852 23.528580
 84.000000 0.073259 1.015512 23.528580
 84.200000 0.064096 1.783550 23.528580
 84.400000 0.076997 2.984147 23.528580
 84.600000 0.085602 3.468505 23.528580
 84.800000 0.069318 2.320019 23.528580
 85.000000 0.094540 3.921282 23.520650
 85.200000 0.102594 5.923246 23.520650
 85.400000 0.095885 5.475806 23.520650
 85.600000 0.089590 5.042079 23.520650
 85.800000 0.089569 5.040414 23.520650
 86.000000 0.093064 5.293132 23.520650
 86.200000 0.096824 6.874167 23.520650
 86.400000 0.088610 6.286110 23.520650
 86.600000 0.083283 5.584594 23.520650
 86.800000 0.086869 6.083366 23.520650
 87.000000 0.098914 6.946928 23.520650
 87.200000 0.102518 8.297199 23.520650
 87.400000 0.118846 9.687387 23.520650
 87.600000 0.086136 6.882892 23.520650
 87.800000 0.051772 0.718748 23.520650
 88.000000 0.055184 1.035391 23.520650
 88.200000 0.076836 5.493535 23.520650
 88.400000 0.075352 5.241935 23.520650
 88.600000 0.076748 5.478517 23.520650
 88.800000 0.084430 6.807314 23.520650
 89.000000 0.119767 9.926928 23.520650
 89.200000 0.100354 8.766838 23.520650
 89.400000 0.096892 8.531312 23.520650
 89.600000 0.110095 9.369684 23.520650
 89.800000 0.092742 8.122212 23.520650
 90.000000 0.091730 7.999627 23.513831
 90.200000 0.091383 9.180288 23.513831
 90.400000 0.089263 8.871245 23.513831
 90.600000 0.082175 7.472920 23.513831
 90.800000 0.079615 6.891703 23.513831
 91.000000 0.076904 6.273079 23.513831
 91.200000 0.063364 4.664148 23.513831
 91.400000 0.086800 9.502476 23.513831
 91.600000 0.085790 9.352031 23.513831
 91.800000 0.089751 9.864350 23.513831
 92.000000 0.119436 11.204210 23.513831
 92.200000 0.092793 10.322249 23.513831
 92.400000 0.075519 7.294836 23.513831
 92.600000 0.078017 7.866348 23.513831
 92.800000 0.088354 9.830498 23.513831
 93.000000 0.094609 10.454418 23.513831
 93.200000 0.100272 11.686669 23.513831
 93.400000 0.108138 11.561221 23.513831
 93.600000 0.096535 11.645690 23.513831
 93.800000 0.093959 11.508244 23.513831
 94.000000 0.073282 7.178485 23.513831
 94.200000 0.089462 11.721758 23.513831
 94.400000 0.076694 9.340714 23.513831
 94.600000 0.066448 6.609963 23.513831
 94.800000 0.057389 4.363280 23.513831
 95.000000 0.071891 8.075511 23.507164
 95.200000 0.073775 9.792223 23.507164
 95.400000 0.079932 11.180080 23.507164
 95.600000 0.068785 8.430429 23.507164
 95.800000 0.052648 3.881611 23.507164
 96.000000 0.054145 4.259186 23.507164
 96.200000 0.049276 4.466602 23.507164
 96.400000 0.072879 10.222051 23.507164
 96.600000 0.059160 6.993999 23.507164
 96.800000 0.052211 5.209925 23.507164
 97.000000 0.039660 2.299981 23.507164
 97.200000 0.034745 2.961565 23.507164
 97.400000 0.043842 4.691066 23.507164
 97.600000 0.033123 2.674524 23.507164
 97.800000 0.057685 7.383289 23.507164
 98.000000 0.066960 9.206075 23.507164
 98.200000 0.081506 12.489072 23.507164
 98.400000 0.081872 12.518540 23.507164
 98.600000 0.102148 12.094334 23.507164
 98.800000 0.107030 11.774163 23.507164
 99.000000 0.116432 12.073783 23.507164
 99.200000 0.116845 13.148907 23.507164
 99.400000 0.102807 12.718869 23.507164
 99.600000 0.087758 12.955961 23.507164
 99.800000 0.107798 12.609217 23.507164
 100.000000 0.104770 12.655985 23.496877
 100.200000 0.091330 13.692351 23.496877
 100.400000 0.087844 13.485122 23.496877
 100.600000 0.087311 13.444290 23.496877
 100.800000 0.094136 13.782540 23.496877
 101.000000 0.093661 13.771900 23.496877
 101.200000 0.090774 14.596587 23.496877
 101.400000 0.071401 11.591471 23.496877
 101.600000 0.067555 10.737884 23.496877
 101.800000 0.068040 10.847915 23.496877
 102.000000 0.070531 11.402272 23.496877
 102.200000 0.063363 10.705156 23.496877
 102.400000 0.074289 13.219431 23.496877
 102.600000 0.060064 9.802670 23.496877
 102.800000 0.044540 5.441671 23.496877
 103.000000 0.032681 2.722911 23.496877
 103.200000 0.039347 5.554305 23.496877
 103.400000 0.051492 8.054703 23.496877
 103.600000 0.056767 9.290384 23.496877
 103.800000 0.060755 10.262054 23.496877
 104.000000 0.055456 8.975690 23.496877
 104.200000 0.065481 12.333629 23.496877
 104.400000 0.074890 13.862896 23.496877
 104.600000 0.054429 9.902289 23.496877
 104.800000 0.063685 11.979963 23.496877
 105.000000 0.075475 13.939537 23.479276
 105.200000 0.058041 11.232802 23.479276
 105.400000 0.064256 12.804968 23.479276
 105.600000 0.058707 11.410136 23.479276
 105.800000 0.062542 12.393328 23.479276
 106.000000 0.058515 11.359147 23.479276
 106.200000 0.066355 14.200546 23.479276
 106.400000 0.084552 15.856520 23.479276
 106.600000 0.103361 14.733771 23.479276
 106.800000 0.106333 14.451914 23.479276
 107.000000 0.109525 14.215270 23.479276
 107.200000 0.103777 15.555644 23.479276
 107.400000 0.095299 16.076920 23.479276
 107.600000 0.098694 15.911474 23.479276
 107.800000 0.118022 15.055869 23.479276
 108.000000 0.107507 15.274632 23.479276
 108.200000 0.115814 15.740326 23.479276
 108.400000 0.104208 16.387491 23.479276
 108.600000 0.118411 15.758469 23.479276
 108.800000 0.127539 16.943464 23.479276
 109.000000 0.119128 15.784154 23.479276
 109.200000 0.084412 16.410675 23.479276
 109.400000 0.078276 15.899046 23.479276
 109.600000 0.078088 15.880632 23.479276
 109.800000 0.062934 13.513524 23.479276
 110.000000 0.053775 11.077152 23.481459
 110.200000 0.053928 12.190614 23.481459
 110.400000 0.063466 14.499617 23.481459
 110.600000 0.056446 12.900084 23.481459
 110.800000 0.055476 12.634091 23.481459
 111.000000 0.086402 16.645399 23.481459
 111.200000 0.093613 17.681211 23.481459
 111.400000 0.075075 16.574035 23.481459
 111.600000 0.077593 16.834330 23.481459
 111.800000 0.073859 16.434754 23.481459
 112.000000 0.079391 16.998412 23.481459
 112.200000 0.097456 18.037364 23.481459
 112.400000 0.115587 16.753183 23.481459
 112.600000 0.129166 18.075834 23.481459
 112.800000 0.131494 18.712698 23.481459
 113.000000 0.128842 17.996805 23.481459
 113.200000 0.116087 17.288052 23.481459
 113.400000 0.094150 18.240152 23.481459
 113.600000 0.101025 17.935704 23.481459
 113.800000 0.092488 18.272906 23.481459
 114.000000 0.076945 17.580740 23.481459
 114.200000 0.090245 18.826561 23.481459
 114.400000 0.109074 17.531243 23.481459
 114.600000 0.109316 17.516568 23.481459
 114.800000 0.127908 18.567581 23.481459
 115.000000 0.109662 17.496275 23.523005
 115.200000 0.101184 18.825926 23.523005
 115.400000 0.123935 18.365136 23.523005
 115.600000 0.110513 18.251376 23.523005
 115.800000 0.121384 18.151748 23.523005
 116.000000 0.122871 18.261667 23.523005
 116.200000 0.120323 18.861330 23.523005
 116.400000 0.118395 18.784626 23.523005
 116.600000 0.102460 19.057526 23.523005
 116.800000 0.087843 19.203370 23.523005
 117.000000 0.070740 17.485041 23.523005
 117.200000 0.045856 9.977732 23.523005
 117.400000 0.061720 15.933178 23.523005
 117.600000 0.076378 19.136654 23.523005
 117.800000 0.100870 19.213108 23.523005
 118.000000 0.061668 15.916302 23.523005
 118.200000 0.063969 17.477237 23.523005
 118.400000 0.054760 14.228665 23.523005
 118.600000 0.044854 10.049693 23.523005
 118.800000 0.038588 7.542389 23.523005
 119.000000 0.045073 10.141382 23.523005
 119.200000 0.041510 9.761976 23.523005
 119.400000 0.036003 7.522426 23.523005
 119.600000 0.035873 7.471412 23.523005
 119.800000 0.047299 12.185632 23.523005
 120.000000 0.034903 7.094818 23.539537
 120.200000 0.057312 16.448818 23.539537
 120.400000 0.063043 17.966258 23.539537
 120.600000 0.045792 12.536404 23.539537
 120.800000 0.042178 11.174625 23.539537
 121.000000 0.038757 9.859424 23.539537
 121.200000 0.043563 12.772201 23.539537
 121.400000 0.045037 13.288354 23.539537
 121.600000 0.033833 9.027259 23.539537
 121.800000 0.036804 10.222666 23.539537
 122.000000 0.050838 15.168544 23.539537
 122.200000 0.045954 14.445955 23.539537
 122.400000 0.037174 10.956629 23.539537
 122.600000 0.039624 11.992595 23.539537
 122.800000 0.043551 13.559089 23.539537
 123.000000 0.066948 19.452720 23.539537
 123.200000 0.067541 20.255174 23.539537
 123.400000 0.058832 18.754699 23.539537
 123.600000 0.071300 20.559896 23.539537
 123.800000 0.058220 18.608475 23.539537
 124.000000 0.041940 13.114709 23.539537
 124.200000 0.039510 13.045013 23.539537
 124.400000 0.052177 17.679489 23.539537
 124.600000 0.033785 10.377577 23.539537
 124.800000 0.041362 13.847125 23.539537
 125.000000 0.045307 15.423421 23.538872
 125.200000 0.048117 17.286915 23.538872
 125.400000 0.033164 10.711636 23.538872
 125.600000 0.030221 9.183390 23.538872
 125.800000 0.039959 14.068697 23.538872
 126.000000 0.039179 13.707612 23.538872
 126.200000 0.052635 19.223558 23.538872
 126.400000 0.051421 18.952844 23.538872
 126.600000 0.037534 13.866124 23.538872
 126.800000 0.032620 11.292572 23.538872
 127.000000 0.040106 15.083768 23.538872
 127.200000 0.067614 21.098315 23.538872
 127.400000 0.062994 20.959012 23.538872
 127.600000 0.058819 20.667031 23.538872
 127.800000 0.064775 21.033346 23.538872
 128.000000 0.056033 20.366183 23.538872
 128.200000 0.055416 20.991421 23.538872
 128.400000 0.045878 18.765644 23.538872
 128.600000 0.047395 19.256800 23.538872
 128.800000 0.033367 12.729907 23.538872
 129.000000 0.045688 18.700274 23.538872
 129.200000 0.055923 21.660751 23.538872
 129.400000 0.058842 21.880557 23.538872
 129.600000 0.055084 21.570154 23.538872
 129.800000 0.059652 21.918197 23.538872
 130.000000 0.059622 21.916983 23.562834
 130.200000 0.075063 21.803870 23.562834
 130.400000 0.084205 20.764870 23.562834
 130.600000 0.096037 19.651421 23.562834
 130.800000 0.093455 19.855253 23.562834
 131.000000 0.095474 19.694277 23.562834
 131.200000 0.085892 21.172650 23.562834
 131.400000 0.080484 21.632767 23.562834
 131.600000 0.080910 21.595822 23.562834
 131.800000 0.081810 21.518035 23.562834
 132.000000 0.085660 21.191788 23.562834
 132.200000 0.084543 21.963728 23.562834
 132.400000 0.056893 22.530111 23.562834
 132.600000 0.051510 21.650308 23.562834
 132.800000 0.039247 16.917731 23.562834
 133.000000 0.031238 12.053425 23.562834
 133.200000 0.028297 11.172142 23.562834
 133.400000 0.040814 18.574828 23.562834
 133.600000 0.052978 22.309423 23.562834
 133.800000 0.034702 15.248607 23.562834
 134.000000 0.050520 21.863361 23.562834
 134.200000 0.076881 22.662740 23.562834
 134.400000 0.073829 22.900793 23.562834
 134.600000 0.086993 21.793272 23.562834
 134.800000 0.086828 21.808212 23.562834
 135.000000 0.076291 22.709814 23.626028
 135.200000 0.080769 22.949740 23.626028
 135.400000 0.102763 20.336565 23.626028
 135.600000 0.112351 19.348973 23.626028
 135.800000 0.105518 20.007882 23.626028
 136.000000 0.098784 20.836438 23.626028
 136.200000 0.122697 19.390393 23.626028
 136.400000 0.126346 19.666258 23.626028
 136.600000 0.103876 20.854253 23.626028
 136.800000 0.104083 20.826318 23.626028
 137.000000 0.114728 19.592558 23.626028
 137.200000 0.095033 22.291659 23.626028
 137.400000 0.093266 22.442374 23.626028
 137.600000 0.091241 22.606251 23.626028
 137.800000 0.095293 22.268763 23.626028
 138.000000 0.112340 20.531023 23.626028
 138.200000 0.117262 20.812056 23.626028
 138.400000 0.104481 21.962419 23.626028
 138.600000 0.116337 20.881768 23.626028
 138.800000 0.109527 21.497402 23.626028
 139.000000 0.112221 21.243351 23.626028
 139.200000 0.126051 21.088506 23.626028
 139.400000 0.120300 21.224523 23.626028
 139.600000 0.112018 21.941532 23.626028
 139.800000 0.101340 22.742346 23.626028
 140.000000 0.100655 22.777093 23.713331
 140.200000 0.079251 23.780305 23.713331
 140.400000 0.066259 24.006774 23.713331
 140.600000 0.046249 21.454507 23.713331
 140.800000 0.046589 21.569980 23.713331
 141.000000 0.072546 23.921078 23.713331
 141.200000 0.074094 24.487518 23.713331
 141.400000 0.088454 24.006722 23.713331
 141.600000 0.091016 23.925463 23.713331
 141.800000 0.096750 23.720189 23.713331
 142.000000 0.104995 23.187421 23.713331
 142.200000 0.112626 22.908887 23.713331
 142.400000 0.109129 23.369600 23.713331
 142.600000 0.085978 24.366367 23.713331
 142.800000 0.078282 24.485902 23.713331
 143.000000 0.103546 23.929781 23.713331
 143.200000 0.124321 21.759982 23.713331
 143.400000 0.116353 22.793749 23.713331
 143.600000 0.126198 21.660769 23.713331
 143.800000 0.119465 22.305046 23.713331
 144.000000 0.124795 21.728018 23.713331
 144.200000 0.125080 22.375401 23.713331
 144.400000 0.116463 23.344967 23.713331
 144.600000 0.132819 22.565646 23.713331
 144.800000 0.131506 22.438401 23.713331
 145.000000 0.122923 22.538366 23.902629
 145.200000 0.135503 23.398513 23.902629
 145.400000 0.116855 23.879393 23.902629
 145.600000 0.119073 23.601157 23.902629
 145.800000 0.112535 24.405047 23.902629
 146.000000 0.134774 23.296751 23.902629
 146.200000 0.162480 29.237017 23.902629
 146.400000 0.146838 26.481875 23.902629
 146.600000 0.121685 23.724887 23.902629
 146.800000 0.126512 23.467642 23.902629
 147.000000 0.134617 23.896331 23.902629
 147.200000 0.123914 24.038222 23.902629
 147.400000 0.118002 24.391874 23.902629
 147.600000 0.128879 24.028540 23.902629
 147.800000 0.139883 25.377569 23.902629
 148.000000 0.134280 24.457469 23.902629
 148.200000 0.116388 24.807347 23.902629
 148.400000 0.115650 24.849241 23.902629
 148.600000 0.114608 24.908238 23.902629
 148.800000 0.109139 25.164331 23.902629
 149.000000 0.093122 24.980742 23.902629
 149.200000 0.109574 25.463583 23.902629
 149.400000 0.128662 24.603532 23.902629
 149.600000 0.142594 26.453799 23.902629
 149.800000 0.140854 26.112042 23.902629
 150.000000 0.115281 25.062756 24.281521
 150.200000 0.085680 25.309150 24.281521
 150.400000 0.076870 24.982483 24.281521
 150.600000 0.071449 24.863778 24.281521
 150.800000 0.074951 24.937854 24.281521
 151.000000 0.082496 25.161634 24.281521
 151.200000 0.079309 25.607080 24.281521
 151.400000 0.090756 26.091371 24.281521
 151.600000 0.085988 25.880139 24.281521
 151.800000 0.059376 24.489078 24.281521
 152.000000 0.062019 24.743320 24.281521
 152.200000 0.078981 25.900793 24.281521
 152.400000 0.078956 25.900425 24.281521
 152.600000 0.064764 25.518884 24.281521
 152.800000 0.047119 22.278675 24.281521
 153.000000 0.064317 25.491880 24.281521
 153.200000 0.090917 26.304185 24.281521
 153.400000 0.084285 26.230213 24.281521
 153.600000 0.072606 26.282349 24.281521
 153.800000 0.094172 26.365585 24.281521
 154.000000 0.114639 25.741431 24.281521
 154.200000 0.111814 26.509877 24.281521
 154.400000 0.085422 26.317841 24.281521
 154.600000 0.079013 26.280970 24.281521
 154.800000 0.083269 26.290185 24.281521
 155.000000 0.057921 25.391423 24.545611
 155.200000 0.068989 26.676928 24.545611
 155.400000 0.094110 26.611621 24.545611
 155.600000 0.101084 26.793808 24.545611
 155.800000 0.127608 25.365181 24.545611
 156.000000 0.140731 26.345181 24.545611
 156.200000 0.112019 26.581980 24.545611
 156.400000 0.122332 25.890438 24.545611
 156.600000 0.122213 25.896939 24.545611
 156.800000 0.107834 26.764600 24.545611
 157.000000 0.100577 26.800795 24.545611
 157.200000 0.077833 26.685399 24.545611
 157.400000 0.070241 26.741071 24.545611
 157.600000 0.076902 26.692813 24.545611
 157.800000 0.096750 27.216202 24.545611
 158.000000 0.123079 26.023772 24.545611
 158.200000 0.133042 26.430148 24.545611
 158.400000 0.093854 27.167054 24.545611
 158.600000 0.078551 26.686554 24.545611
 158.800000 0.080480 26.685038 24.545611
 159.000000 0.093697 27.157771 24.545611
 159.200000 0.100123 27.967689 24.545611
 159.400000 0.112615 27.596653 24.545611
 159.600000 0.129471 26.371490 24.545611
 159.800000 0.130990 26.381731 24.545611
 160.000000 0.129233 26.372740 25.037535
 160.200000 0.120456 27.323947 25.037535
 160.400000 0.122530 27.179944 25.037535
 160.600000 0.120171 27.344936 25.037535
 160.800000 0.096209 27.864854 25.037535
 161.000000 0.104632 28.134197 25.037535
 161.200000 0.125600 27.197166 25.037535
 161.400000 0.128887 27.050788 25.037535
 161.600000 0.119561 27.694504 25.037535
 161.800000 0.091468 27.906079 25.037535
 162.000000 0.083369 27.311820 25.037535
 162.200000 0.089794 28.238391 25.037535
 162.400000 0.101523 28.829891 25.037535
 162.600000 0.109480 28.627825 25.037535
 162.800000 0.098414 28.750841 25.037535
 163.000000 0.094730 28.567062 25.037535
 163.200000 0.099084 29.244300 25.037535
 163.400000 0.120089 27.786076 25.037535
 163.600000 0.128592 27.100815 25.037535
 163.800000 0.131050 27.051971 25.037535
 164.000000 0.133899 27.094650 25.037535
 164.200000 0.124146 27.802573 25.037535
 164.400000 0.120958 28.051141 25.037535
 164.600000 0.108755 29.114283 25.037535
 164.800000 0.104048 29.307020 25.037535
 165.000000 0.111736 28.902738 25.617138
 165.200000 0.098434 29.583670 25.617138
 165.400000 0.090859 28.976434 25.617138
 165.600000 0.090027 28.896285 25.617138
 165.800000 0.077432 27.843722 25.617138
 166.000000 0.059679 26.427613 25.617138
 166.200000 0.072095 27.912607 25.617138
 166.400000 0.085608 28.596524 25.617138
 166.600000 0.093659 29.276239 25.617138
 166.800000 0.108260 29.615108 25.617138
 167.000000 0.117458 28.825771 25.617138
 167.200000 0.111629 29.843811 25.617138
 167.400000 0.107688 30.034068 25.617138
 167.600000 0.132402 28.060718 25.617138
 167.800000 0.123754 28.623211 25.617138
 168.000000 0.115969 29.467081 25.617138
 168.200000 0.106106 30.443458 25.617138
 168.400000 0.116467 29.886096 25.617138
 168.600000 0.130171 28.432960 25.617138
 168.800000 0.127733 28.619564 25.617138
 169.000000 0.138239 28.306501 25.617138
 169.200000 0.131360 28.811293 25.617138
 169.400000 0.130183 28.861281 25.617138
 169.600000 0.129742 28.883442 25.617138
 169.800000 0.139354 28.844191 25.617138
 170.000000 0.120107 29.708741 26.244056
 170.200000 0.116249 30.528301 26.244056
 170.400000 0.121725 30.008498 26.244056
 170.600000 0.120324 30.152678 26.244056
 170.800000 0.130570 29.208440 26.244056
 171.000000 0.126372 29.538310 26.244056
 171.200000 0.115416 30.951205 26.244056
 171.400000 0.107479 31.039064 26.244056
 171.600000 0.125601 30.080653 26.244056
 171.800000 0.122978 30.335346 26.244056
 172.000000 0.124273 30.209090 26.244056
 172.200000 0.122663 30.818765 26.244056
 172.400000 0.109659 31.370246 26.244056
 172.600000 0.130641 30.070910 26.244056
 172.800000 0.132506 29.929891 26.244056
 173.000000 0.117929 31.201481 26.244056
 173.200000 0.121752 31.324285 26.244056
 173.400000 0.131983 30.248015 26.244056
 173.600000 0.128380 30.609372 26.244056
 173.800000 0.107491 31.624830 26.244056
 174.000000 0.094899 30.075693 26.244056
 174.200000 0.107618 31.953101 26.244056
 174.400000 0.110116 32.036025 26.244056
 174.600000 0.106467 31.889136 26.244056
 174.800000 0.096363 30.753866 26.244056
 175.000000 0.087088 29.377234 27.052493
 175.200000 0.081201 29.139932 27.052493
 175.400000 0.088682 30.067085 27.052493
 175.600000 0.096993 31.226181 27.052493
 175.800000 0.113421 32.122352 27.052493
 176.000000 0.102641 31.842377 27.052493
 176.200000 0.119211 31.946251 27.052493
 176.400000 0.140048 29.807509 27.052493
 176.600000 0.157437 30.044998 27.052493
 176.800000 0.139217 29.832235 27.052493
 177.000000 0.133275 30.208126 27.052493
 177.200000 0.104236 32.456962 27.052493
 177.400000 0.100774 32.129070 27.052493
 177.600000 0.133564 30.637204 27.052493
 177.800000 0.133824 30.613883 27.052493
 178.000000 0.125382 31.546075 27.052493
 178.200000 0.111804 32.967156 27.052493
 178.400000 0.089729 30.536309 27.052493
 178.600000 0.083668 29.615299 27.052493
 178.800000 0.066789 27.964068 27.052493
 179.000000 0.071126 28.332290 27.052493
 179.200000 0.056340 26.747945 27.052493
 179.400000 0.090855 30.929558 27.052493
 179.600000 0.126690 31.814582 27.052493
 179.800000 0.140416 30.464707 27.052493
 180.000000 0.136129 30.762038 27.828579
 180.200000 0.118294 32.929162 27.828579
 180.400000 0.096361 31.750593 27.828579
 180.600000 0.079032 29.479771 27.828579
 180.800000 0.084152 30.021942 27.828579
 181.000000 0.088455 30.586376 27.828579
 181.200000 0.089960 31.247668 27.828579
 181.400000 0.103893 32.935275 27.828579
 181.600000 0.082944 30.299457 27.828579
 181.800000 0.097532 32.288840 27.828579
 182.000000 0.099374 32.506110 27.828579
 182.200000 0.097150 32.648042 27.828579
 182.400000 0.072132 29.233858 27.828579
 182.600000 0.070648 29.074740 27.828579
 182.800000 0.068436 28.829344 27.828579
 183.000000 0.044924 22.516490 27.828579
 183.200000 0.047776 24.502573 27.828579
 183.400000 0.048644 24.867851 27.828579
 183.600000 0.050100 25.435723 27.828579
 183.800000 0.052976 26.398202 27.828579
 184.000000 0.045842 23.615669 27.828579
 184.200000 0.064590 28.899987 27.828579
 184.400000 0.061428 28.568597 27.828579
 184.600000 0.048253 25.308874 27.828579
 184.800000 0.031844 14.987069 27.828579
 185.000000 0.024212 9.311261 28.194213
 185.200000 0.040888 22.080422 28.194213
 185.400000 0.035966 18.943552 28.194213
 185.600000 0.037791 20.167309 28.194213
 185.800000 0.030273 14.846157 28.194213
 186.000000 0.027664 12.927868 28.194213
 186.200000 0.035966 19.787042 28.194213
 186.400000 0.031843 16.947863 28.194213
 186.600000 0.045320 24.888810 28.194213
 186.800000 0.069484 29.318444 28.194213
 187.000000 0.064409 28.960244 28.194213
 187.200000 0.074667 30.078588 28.194213
 187.400000 0.057292 28.610447 28.194213
 187.600000 0.043804 24.403389 28.194213
 187.800000 0.038188 21.297345 28.194213
 188.000000 0.036744 20.378549 28.194213
 188.200000 0.036870 21.166380 28.194213
 188.400000 0.032687 18.278135 28.194213
 188.600000 0.050194 27.409278 28.194213
 188.800000 0.049690 27.261457 28.194213
 189.000000 0.050502 27.496204 28.194213
 189.200000 0.055634 29.114904 28.194213
 189.400000 0.055892 29.154859 28.194213
 189.600000 0.069086 30.056261 28.194213
 189.800000 0.056116 29.188466 28.194213
 190.000000 0.058306 29.469718 28.347605
 190.200000 0.066430 30.384048 28.347605
 190.400000 0.074090 30.491210 28.347605
 190.600000 0.106289 33.469895 28.347605
 190.800000 0.093362 32.228669 28.347605
 191.000000 0.049032 27.959611 28.347605
 191.200000 0.042286 25.463714 28.347605
 191.400000 0.039419 23.751812 28.347605
 191.600000 0.041947 25.273964 28.347605
 191.800000 0.052835 29.518751 28.347605
 192.000000 0.047447 27.891881 28.347605
 192.200000 0.029305 16.479542 28.347605
 192.400000 0.040556 24.913934 28.347605
 192.600000 0.034895 20.959701 28.347605
 192.800000 0.045085 27.389141 28.347605
 193.000000 0.059168 30.801487 28.347605
 193.200000 0.047604 28.786501 28.347605
 193.400000 0.039793 24.624357 28.347605
 193.600000 0.047706 28.826523 28.347605
 193.800000 0.082981 31.172319 28.347605
 194.000000 0.091384 32.021880 28.347605
 194.200000 0.067399 31.342779 28.347605
 194.400000 0.063733 31.405789 28.347605
 194.600000 0.050510 29.804497 28.347605
 194.800000 0.053940 30.642062 28.347605
 195.000000 0.059255 31.291816 28.740812
 195.200000 0.071740 31.542209 28.740812
 195.400000 0.081991 31.593761 28.740812
 195.600000 0.067091 31.729209 28.740812
 195.800000 0.054364 31.132015 28.740812
 196.000000 0.042882 26.756871 28.740812
 196.200000 0.036157 22.658713 28.740812
 196.400000 0.029219 16.877252 28.740812
 196.600000 0.036806 23.160998 28.740812
 196.800000 0.032069 19.312825 28.740812
 197.000000 0.035019 21.755460 28.740812
 197.200000 0.029693 17.907703 28.740812
 197.400000 0.027900 16.340498 28.740812
 197.600000 0.027228 15.754368 28.740812
 197.800000 0.036876 23.873576 28.740812
 198.000000 0.039008 25.426036 28.740812
 198.200000 0.037498 24.901819 28.740812
 198.400000 0.050818 31.521509 28.740812
 198.600000 0.065528 32.152092 28.740812
 198.800000 0.040631 27.071651 28.740812
 199.000000 0.044226 29.117441 28.740812
 199.200000 0.042799 28.842005 28.740812
 199.400000 0.036873 24.853311 28.740812
 199.600000 0.042361 28.593509 28.740812
 199.800000 0.046354 30.555767 28.740812
 200.000000 0.045088 30.008360 29.008561
 200.200000 0.046073 30.898706 29.008561
 200.400000 0.041818 28.723071 29.008561
 200.600000 0.043811 29.843359 29.008561
 200.800000 0.036198 24.706170 29.008561
 201.000000 0.035890 24.453676 29.008561
 201.200000 0.035548 24.758710 29.008561
 201.400000 0.030847 20.568178 29.008561
 201.600000 0.047310 31.818685 29.008561
 201.800000 0.031089 20.793406 29.008561
 202.000000 0.035772 24.945353 29.008561
 202.200000 0.032446 22.605930 29.008561
 202.400000 0.041859 29.822230 29.008561
 202.600000 0.055585 33.482048 29.008561
 202.800000 0.093415 32.728118 29.008561
 203.000000 0.075574 31.682156 29.008561
 203.200000 0.069583 32.570191 29.008561
 203.400000 0.080975 32.035469 29.008561
 203.600000 0.068125 32.722611 29.008561
 203.800000 0.078611 32.024656 29.008561
 204.000000 0.074789 32.148759 29.008561
 204.200000 0.067229 33.188433 29.008561
 204.400000 0.084218 32.498887 29.008561
 204.600000 0.075743 32.518297 29.008561
 204.800000 0.092987 33.095651 29.008561
 205.000000 0.088812 32.763855 29.565581
 205.200000 0.088299 33.133759 29.565581
 205.400000 0.091035 33.337399 29.565581
 205.600000 0.107947 34.007231 29.565581
 205.800000 0.102147 33.996748 29.565581
 206.000000 0.081933 32.797612 29.565581
 206.200000 0.082121 33.209234 29.565581
 206.400000 0.095076 33.916027 29.565581
 206.600000 0.090873 33.664798 29.565581
 206.800000 0.085857 33.366891 29.565581
 207.000000 0.078791 33.148383 29.565581
 207.200000 0.093649 34.079957 29.565581
 207.400000 0.101522 34.277753 29.565581
 207.600000 0.068925 33.793512 29.565581
 207.800000 0.072857 33.629280 29.565581
 208.000000 0.088175 33.825746 29.565581
 208.200000 0.100594 34.546982 29.565581
 208.400000 0.108673 34.277120 29.565581
 208.600000 0.110559 34.152587 29.565581
 208.800000 0.119190 33.306845 29.565581
 209.000000 0.123698 32.732524 29.565581
 209.200000 0.103952 34.659857 29.565581
 209.400000 0.110385 34.439393 29.565581
 209.600000 0.106577 34.601157 29.565581
 209.800000 0.091465 34.399917 29.565581
 210.000000 0.102271 34.674050 30.347295
 210.200000 0.099512 35.027288 30.347295
 210.400000 0.084183 34.227398 30.347295
 210.600000 0.101076 35.045596 30.347295
 210.800000 0.092626 34.756603 30.347295
 211.000000 0.068674 34.001852 30.347295
 211.200000 0.076576 34.261038 30.347295
 211.400000 0.103724 35.058908 30.347295
 211.600000 0.107980 34.911111 30.347295
 211.800000 0.111605 34.681300 30.347295
 212.000000 0.100335 35.079964 30.347295
 212.200000 0.079032 34.423890 30.347295
 212.400000 0.094321 35.274875 30.347295
 212.600000 0.071816 34.363141 30.347295
 212.800000 0.088358 34.918006 30.347295
 213.000000 0.097038 35.385302 30.347295
 213.200000 0.100365 35.799612 30.347295
 213.400000 0.084980 34.966211 30.347295
 213.600000 0.105912 35.645492 30.347295
 213.800000 0.114152 34.890475 30.347295
 214.000000 0.121561 33.806672 30.347295
 214.200000 0.122479 34.044505 30.347295
 214.400000 0.109836 35.642203 30.347295
 214.600000 0.097386 35.862795 30.347295
 214.800000 0.094020 35.685711 30.347295
 215.000000 0.106736 35.834203 31.172419
 215.200000 0.111141 35.875444 31.172419
 215.400000 0.111453 35.845730 31.172419
 215.600000 0.109850 35.988068 31.172419
 215.800000 0.108328 36.098914 31.172419
 216.000000 0.104880 36.258730 31.172419
 216.200000 0.110241 36.282094 31.172419
 216.400000 0.118950 35.078499 31.172419
 216.600000 0.127595 33.415845 31.172419
 216.800000 0.125211 33.886777 31.172419
 217.000000 0.110732 36.235363 31.172419
 217.200000 0.117526 35.636755 31.172419
 217.400000 0.142078 31.244997 31.172419
 217.600000 0.144727 31.018125 31.172419
 217.800000 0.161452 30.237328 31.172419
 218.000000 0.156597 30.464469 31.172419
 218.200000 0.153182 31.034795 31.172419
 218.400000 0.124224 34.357500 31.172419
 218.600000 0.127953 33.597889 31.172419
 218.800000 0.159048 30.801080 31.172419
 219.000000 0.174465 29.825526 31.172419
 219.200000 0.192758 29.249466 31.172419
 219.400000 0.213735 23.568770 31.172419
 219.600000 0.223308 19.632141 31.172419
 219.800000 0.215681 22.826784 31.172419
 220.000000 0.213213 23.763129 31.595147
 220.200000 0.217348 22.753017 31.595147
 220.400000 0.218180 22.406801 31.595147
 220.600000 0.183961 30.042487 31.595147
 220.800000 0.188713 29.835978 31.595147
 221.000000 0.193919 29.350625 31.595147
 221.200000 0.192546 29.982930 31.595147
 221.400000 0.197795 29.206557 31.595147
 221.600000 0.201112 28.481478 31.595147
 221.800000 0.214803 23.947695 31.595147
 222.000000 0.210239 25.687584 31.595147
 222.200000 0.228899 17.635127 31.595147
 222.400000 0.246019 8.406129 31.595147
 222.600000 0.241761 10.570391 31.595147
 222.800000 0.243271 9.783333 31.595147
 223.000000 0.246321 8.259424 31.595147
 223.200000 0.259339 4.029217 31.595147
 223.400000 0.250335 7.593105 31.595147
 223.600000 0.238057 13.610635 31.595147
 223.800000 0.258646 4.263451 31.595147
 224.000000 0.247516 8.898431 31.595147
 224.200000 0.238779 14.234918 31.595147
 224.400000 0.248933 9.405527 31.595147
 224.600000 0.255866 6.282745 31.595147
 224.800000 0.287690 0.119593 31.595147
 225.000000 0.284952 0.201190 31.599407
 225.200000 0.265637 3.577035 31.599407
 225.400000 0.273243 2.482177 31.599407
 225.600000 0.263364 4.106207 31.599407
 225.800000 0.275198 2.335861 31.599407
 226.000000 0.277267 2.219915 31.599407
 226.200000 0.261867 5.445787 31.599407
 226.400000 0.287804 3.057502 31.599407
 226.600000 0.271122 4.150949 31.599407
 226.800000 0.278772 3.730318 31.599407
 227.000000 0.275695 3.880958 31.599407
 227.200000 0.287874 4.108387 31.599407
 227.400000 0.277646 5.246502 31.599407
 227.600000 0.266018 5.888957 31.599407
 227.800000 0.250976 9.298800 31.599407
 228.000000 0.241755 13.051519 31.599407
 228.200000 0.267037 6.037109 31.599407
 228.400000 0.263188 6.561116 31.599407
 228.600000 0.255155 8.586891 31.599407
 228.800000 0.266526 6.092967 31.599407
 229.000000 0.289214 3.890788 31.599407
 229.200000 0.289146 5.373170 31.599407
 229.400000 0.295801 4.022201 31.599407
 229.600000 0.314330 0.734651 31.599407
 229.800000 0.323571 0.180574 31.599407
 230.000000 0.315089 0.664829 31.582379
 230.200000 0.320633 1.881985 31.582379
 230.400000 0.332362 0.902466 31.582379
 230.600000 0.336730 0.605932 31.582379
 230.800000 0.311607 2.683285 31.582379
 231.000000 0.309243 2.919966 31.582379
 231.200000 0.295959 5.776219 31.582379
 231.400000 0.275311 6.569914 31.582379
 231.600000 0.263899 6.811722 31.582379
 231.800000 0.276188 6.593581 31.582379
 232.000000 0.279064 6.655086 31.582379
 232.200000 0.276477 7.882876 31.582379
 232.400000 0.279455 7.960197 31.582379
 232.600000 0.282210 7.935693 31.582379
 232.800000 0.273056 7.713964 31.582379
 233.000000 0.280411 7.962819 31.582379
 233.200000 0.306966 5.171970 31.582379
 233.400000 0.330646 1.590295 31.582379
 233.600000 0.328911 1.829005 31.582379
 233.800000 0.339196 0.673871 31.582379
 234.000000 0.347100 0.232051 31.582379
 234.200000 0.341230 2.129448 31.582379
 234.400000 0.345298 2.022910 31.582379
 234.600000 0.352107 1.738636 31.582379
 234.800000 0.345323 2.022164 31.582379
 235.000000 0.314212 4.225634 31.565312
 235.200000 0.315020 5.571609 31.565312
 235.400000 0.330893 3.302198 31.565312
 235.600000 0.334127 2.952128 31.565312
 235.800000 0.324339 4.211446 31.565312
 236.000000 0.312809 5.848295 31.565312
 236.200000 0.304334 7.946762 31.565312
 236.400000 0.311228 7.374743 31.565312
 236.600000 0.335460 3.258278 31.565312
 236.800000 0.339597 2.786351 31.565312
 237.000000 0.344067 2.407138 31.565312
 237.200000 0.339816 4.274771 31.565312
 237.400000 0.343251 4.038895 31.565312
 237.600000 0.339155 4.319633 31.565312
 237.800000 0.326835 5.524055 31.565312
 238.000000 0.303603 8.035668 31.565312
 238.200000 0.296882 9.623786 31.565312
 238.400000 0.288523 9.977052 31.565312
 238.600000 0.281354 9.860892 31.565312
 238.800000 0.278056 9.600020 31.565312
 239.000000 0.267172 8.415937 31.565312
 239.200000 0.270888 9.930238 31.565312
 239.400000 0.288665 10.403599 31.565312
 239.600000 0.317360 7.665822 31.565312
 239.800000 0.331455 5.177035 31.565312
 240.000000 0.332819 5.005323 31.548200
 240.200000 0.343923 5.084495 31.548200
 240.400000 0.338228 5.778618 31.548200
 240.600000 0.307568 9.337002 31.548200
 240.800000 0.321549 7.933624 31.548200
 241.000000 0.316258 8.618920 31.548200
 241.200000 0.309773 10.288740 31.548200
 241.400000 0.306584 10.356129 31.548200
 241.600000 0.289872 10.594016 31.548200
 241.800000 0.289206 10.618180 31.548200
 242.000000 0.289838 10.595277 31.548200
 242.200000 0.295540 11.425504 31.548200
 242.400000 0.262380 9.678271 31.548200
 242.600000 0.265530 9.818964 31.548200
 242.800000 0.272064 10.595129 31.548200
 243.000000 0.280884 11.608613 31.548200
 243.200000 0.277727 12.355497 31.548200
 243.400000 0.266754 10.595597 31.548200
 243.600000 0.261286 10.128774 31.548200
 243.800000 0.271308 11.339553 31.548200
 244.000000 0.275986 12.119910 31.548200
 244.200000 0.262874 10.887137 31.548200
 244.400000 0.263168 10.918085 31.548200
 244.600000 0.270340 12.120142 31.548200
 244.800000 0.252780 11.291317 31.548200
 245.000000 0.247618 12.553375 31.531793
 245.200000 0.258973 11.447594 31.531793
 245.400000 0.247597 13.559980 31.531793
 245.600000 0.268691 12.168567 31.531793
 245.800000 0.252312 12.332595 31.531793
 246.000000 0.244463 14.544714 31.531793
 246.200000 0.263870 11.951357 31.531793
 246.400000 0.274297 13.197421 31.531793
 246.600000 0.258201 12.090769 31.531793
 246.800000 0.259066 12.013156 31.531793
 247.000000 0.267923 12.318441 31.531793
 247.200000 0.271700 13.815640 31.531793
 247.400000 0.252927 13.596926 31.531793
 247.600000 0.252623 13.655897 31.531793
 247.800000 0.263594 12.907718 31.531793
 248.000000 0.267677 13.299195 31.531793
 248.200000 0.245689 15.725900 31.531793
 248.400000 0.251609 14.410231 31.531793
 248.600000 0.256374 13.799364 31.531793
 248.800000 0.275747 15.096099 31.531793
 249.000000 0.284369 14.790089 31.531793
 249.200000 0.291837 14.345326 31.531793
 249.400000 0.309600 11.254273 31.531793
 249.600000 0.300291 12.635366 31.531793
 249.800000 0.304569 11.958920 31.531793
 250.000000 0.295744 13.511281 31.515612
 250.200000 0.311407 11.551545 31.515612
 250.400000 0.306455 12.433064 31.515612
 250.600000 0.288076 15.953255 31.515612
 250.800000 0.297422 14.123204 31.515612
 251.000000 0.306794 12.373775 31.515612
 251.200000 0.332329 7.439556 31.515612
 251.400000 0.330605 7.812557 31.515612
 251.600000 0.338708 6.231271 31.515612
 251.800000 0.318247 10.936105 31.515612
 252.000000 0.316091 11.470815 31.515612
 252.200000 0.328738 8.978785 31.515612
 252.400000 0.341541 5.996913 31.515612
 252.600000 0.340021 6.298876 31.515612
 252.800000 0.320322 11.409656 31.515612
 253.000000 0.324983 10.060637 31.515612
 253.200000 0.314734 13.721399 31.515612
 253.400000 0.342292 6.424114 31.515612
 253.600000 0.362132 2.097202 31.515612
 253.800000 0.380523 0.226982 31.515612
 254.000000 0.372881 0.680242 31.515612
 254.200000 0.360908 3.553688 31.515612
 254.400000 0.342608 6.567446 31.515612
 254.600000 0.317540 13.146891 31.515612
 254.800000 0.308348 14.626585 31.515612
 255.000000 0.314767 13.715387 31.499247
 255.200000 0.322945 12.587041 31.499247
 255.400000 0.342955 6.656785 31.499247
 255.600000 0.333325 9.223885 31.499247
 255.800000 0.339796 7.411183 31.499247
 256.000000 0.346401 5.917220 31.499247
 256.200000 0.354824 5.554510 31.499247
 256.400000 0.386964 1.194597 31.499247
 256.600000 0.397957 0.420616 31.499247
 256.800000 0.404296 0.186502 31.499247
 257.000000 0.390443 0.902897 31.499247
 257.200000 0.378488 3.251759 31.499247
 257.400000 0.371182 3.600606 31.499247
 257.600000 0.394783 2.208309 31.499247
 257.800000 0.404039 1.307051 31.499247
 258.000000 0.391813 2.472463 31.499247
 258.200000 0.398926 3.207769 31.499247
 258.400000 0.404263 2.395692 31.499247
 258.600000 0.408529 1.750486 31.499247
 258.800000 0.414939 0.946779 31.499247
 259.000000 0.427070 0.178345 31.499247
 259.200000 0.424896 1.970575 31.499247
 259.400000 0.423234 2.005551 31.499247
 259.600000 0.427109 1.913321 31.499247
 259.800000 0.433923 1.613023 31.499247
 260.000000 0.446840 0.726508 31.482566
 260.200000 0.457917 1.495701 31.482566
 260.400000 0.440380 2.722380 31.482566
 260.600000 0.411878 2.444255 31.482566
 260.800000 0.411068 2.477796 31.482566
 261.000000 0.425969 2.586452 31.482566
 261.200000 0.422114 3.968634 31.482566
 261.400000 0.419507 3.816477 31.482566
 261.600000 0.423304 4.031475 31.482566
 261.800000 0.443233 3.420397 31.482566
 262.000000 0.457781 1.670095 31.482566
 262.200000 0.470059 1.713461 31.482566
 262.400000 0.479512 0.722402 31.482566
 262.600000 0.483689 0.442465 31.482566
 262.800000 0.483123 0.474750 31.482566
 263.000000 0.516600 -0.000058 31.482566
 263.200000 0.514797 1.736359 31.482566
 263.400000 0.486410 0.537202 31.482566
 263.600000 0.461572 2.827868 31.482566
 263.800000 0.458049 3.263469 31.482566
 264.000000 0.467724 2.019928 31.482566
 264.200000 0.465932 3.842532 31.482566
 264.400000 0.476614 2.364847 31.482566
 264.600000 0.463769 4.085398 31.482566
 264.800000 0.418615 3.818005 31.482566
 265.000000 0.415327 3.606855 31.466109
 265.200000 0.419043 5.293536 31.466109
 265.400000 0.403642 4.638753 31.466109
 265.600000 0.399838 4.628717 31.466109
 265.800000 0.378095 4.376133 31.466109
 266.000000 0.373047 4.236112 31.466109
 266.200000 0.388759 5.521369 31.466109
 266.400000 0.393627 5.247674 31.466109
 266.600000 0.404548 4.808316 31.466109
 266.800000 0.413173 5.015325 31.466109
 267.000000 0.419661 5.331360 31.466109
 267.200000 0.433965 6.279056 31.466109
 267.400000 0.432585 6.392394 31.466109
 267.600000 0.439794 5.778897 31.466109
 267.800000 0.411941 6.168891 31.466109
 268.000000 0.418581 6.658802 31.466109
 268.200000 0.412064 7.362622 31.466109
 268.400000 0.409931 7.104017 31.466109
 268.600000 0.397142 5.958041 31.466109
 268.800000 0.390252 5.860458 31.466109
 269.000000 0.390629 5.860434 31.466109
 269.200000 0.397017 7.184346 31.466109
 269.400000 0.413441 7.942751 31.466109
 269.600000 0.419371 8.210181 31.466109
 269.800000 0.417416 8.158623 31.466109
 270.000000 0.411718 7.821608 31.449954
 270.200000 0.410991 9.002350 31.449954
 270.400000 0.400225 8.133304 31.449954
 270.600000 0.390747 7.671664 31.449954
 270.800000 0.371793 6.326470 31.449954
 271.000000 0.393529 7.788859 31.449954
 271.200000 0.407199 9.498667 31.449954
 271.400000 0.407724 9.518685 31.449954
 271.600000 0.398155 9.187409 31.449954
 271.800000 0.387054 8.620104 31.449954
 272.000000 0.394903 9.079290 31.449954
 272.200000 0.387554 9.697886 31.449954
 272.400000 0.374889 7.623623 31.449954
 272.600000 0.354721 6.572625 31.449954
 272.800000 0.351842 6.872700 31.449954
 273.000000 0.358311 6.326676 31.449954
 273.200000 0.352976 7.984404 31.449954
 273.400000 0.376365 8.525536 31.449954
 273.600000 0.382005 9.273494 31.449954
 273.800000 0.375396 8.401982 31.449954
 274.000000 0.380016 9.011758 31.449954
 274.200000 0.394785 11.029216 31.449954
 274.400000 0.395645 11.008974 31.449954
 274.600000 0.414644 10.259044 31.449954
 274.800000 0.440495 6.380916 31.449954
 275.000000 0.471183 3.146849 31.433781
 275.200000 0.481059 3.010175 31.433781
 275.400000 0.488276 1.945787 31.433781
 275.600000 0.493916 1.477268 31.433781
 275.800000 0.478819 3.400481 31.433781
 276.000000 0.483097 2.671643 31.433781
 276.200000 0.498937 2.251421 31.433781
 276.400000 0.493297 2.743003 31.433781
 276.600000 0.490279 3.122643 31.433781
 276.800000 0.507675 1.991766 31.433781
 277.000000 0.505801 2.012741 31.433781
 277.200000 0.495227 3.787972 31.433781
 277.400000 0.482324 4.816891 31.433781
 277.600000 0.482773 4.767398 31.433781
 277.800000 0.500040 3.674900 31.433781
 278.000000 0.486295 4.398665 31.433781
 278.200000 0.470679 6.777041 31.433781
 278.400000 0.469509 6.776131 31.433781
 278.600000 0.470092 6.777918 31.433781
 278.800000 0.450511 6.073535 31.433781
 279.000000 0.427286 8.838398 31.433781
 279.200000 0.413478 11.089846 31.433781
 279.400000 0.415122 11.081386 31.433781
 279.600000 0.412932 11.088886 31.433781
 279.800000 0.403812 11.037413 31.433781
 280.000000 0.397389 11.114938 31.417775
 280.200000 0.414692 11.633046 31.417775
 280.400000 0.423408 10.820546 31.417775
 280.600000 0.431066 9.378530 31.417775
 280.800000 0.448692 6.499835 31.417775
 281.000000 0.468594 6.792481 31.417775
 281.200000 0.461868 7.794927 31.417775
 281.400000 0.439715 7.754936 31.417775
 281.600000 0.435005 8.610043 31.417775
 281.800000 0.466883 8.055381 31.417775
 282.000000 0.481479 7.169820 31.417775
 282.200000 0.457288 7.784520 31.417775
 282.400000 0.444568 7.251298 31.417775
 282.600000 0.453001 7.355641 31.417775
 282.800000 0.441772 7.503392 31.417775
 283.000000 0.443783 7.306793 31.417775
 283.200000 0.457465 8.638076 31.417775
 283.400000 0.446756 8.396935 31.417775
 283.600000 0.449294 8.340995 31.417775
 283.800000 0.428152 10.758723 31.417775
 284.000000 0.447039 8.386559 31.417775
 284.200000 0.425994 11.495418 31.417775
 284.400000 0.414632 11.940222 31.417775
 284.600000 0.426821 11.425541 31.417775
 284.800000 0.453528 9.518103 31.417775
 285.000000 0.450543 9.515592 31.401742
 285.200000 0.452951 10.643913 31.401742
 285.400000 0.472224 9.980196 31.401742
 285.600000 0.463780 10.490979 31.401742
 285.800000 0.456523 10.621143 31.401742
 286.000000 0.451063 10.656666 31.401742
 286.200000 0.462332 11.352861 31.401742
 286.400000 0.452043 11.735613 31.401742
 286.600000 0.447010 11.754238 31.401742
 286.800000 0.455905 11.658784 31.401742
 287.000000 0.449131 11.754564 31.401742
 287.200000 0.429257 12.416361 31.401742
 287.400000 0.407972 12.044020 31.401742
 287.600000 0.416318 12.171768 31.401742
 287.800000 0.427801 12.399165 31.401742
 288.000000 0.436476 12.533304 31.401742
 288.200000 0.441350 13.608732 31.401742
 288.400000 0.434737 13.490640 31.401742
 288.600000 0.433358 13.451279 31.401742
 288.800000 0.438465 13.574607 31.401742
 289.000000 0.434587 13.486547 31.401742
 289.200000 0.413895 12.804172 31.401742
 289.400000 0.399962 12.270347 31.401742
 289.600000 0.389994 12.038356 31.401742
 289.800000 0.383287 11.277657 31.401742
 290.000000 0.400523 12.270668 31.386250
 290.200000 0.407212 13.290287 31.386250
 290.400000 0.414094 13.494235 31.386250
 290.600000 0.403660 13.277976 31.386250
 290.800000 0.408556 13.309203 31.386250
 291.000000 0.413164 13.450509 31.386250
 291.200000 0.399205 13.901908 31.386250
 291.400000 0.404134 14.078912 31.386250
 291.600000 0.405963 14.136710 31.386250
 291.800000 0.400194 13.943786 31.386250
 292.000000 0.384781 12.235856 31.386250
 292.200000 0.372546 10.300867 31.386250
 292.400000 0.375236 10.961969 31.386250
 292.600000 0.368299 9.392329 31.386250
 292.800000 0.358589 8.328822 31.386250
 293.000000 0.367185 9.193198 31.386250
 293.200000 0.373700 11.635516 31.386250
 293.400000 0.369145 10.707665 31.386250
 293.600000 0.358204 9.287808 31.386250
 293.800000 0.356878 9.208161 31.386250
 294.000000 0.397001 14.675090 31.386250
 294.200000 0.406776 15.277938 31.386250
 294.400000 0.393952 15.531192 31.386250
 294.600000 0.367994 10.634985 31.386250
 294.800000 0.357213 9.251795 31.386250
 295.000000 0.354188 9.115278 31.370577
 295.200000 0.378321 13.368642 31.370577
 295.400000 0.362037 10.704288 31.370577
 295.600000 0.346986 10.171754 31.370577
 295.800000 0.358252 10.445322 31.370577
 296.000000 0.366644 11.206050 31.370577
 296.200000 0.367367 12.367118 31.370577
 296.400000 0.365712 12.146103 31.370577
 296.600000 0.359334 11.450246 31.370577
 296.800000 0.368764 12.567683 31.370577
 297.000000 0.368201 12.485346 31.370577
 297.200000 0.381934 15.400586 31.370577
 297.400000 0.387108 15.856356 31.370577
 297.600000 0.382540 15.467052 31.370577
 297.800000 0.368567 13.541746 31.370577
 298.000000 0.361385 12.553996 31.370577
 298.200000 0.360084 13.383734 31.370577
 298.400000 0.360461 13.433662 31.370577
 298.600000 0.345097 11.419446 31.370577
 298.800000 0.346442 11.558458 31.370577
 299.000000 0.361355 13.550363 31.370577
 299.200000 0.336037 11.386920 31.370577
 299.400000 0.344956 11.931529 31.370577
 299.600000 0.349097 12.561158 31.370577
 299.800000 0.356963 13.875968 31.370577
 300.000000 0.353064 13.235882 31.355013
 300.200000 0.337959 11.957492 31.355013
 300.400000 0.342210 12.361893 31.355013
 300.600000 0.349873 13.639367 31.355013
 300.800000 0.353593 14.295346 31.355013
 301.000000 0.323391 13.338923 31.355013
 301.200000 0.316294 15.538253 31.355013
 301.400000 0.353096 14.346187 31.355013
 301.600000 0.334942 12.615346 31.355013
 301.800000 0.338916 12.583567 31.355013
 302.000000 0.344044 12.997893 31.355013
 302.200000 0.334807 13.433437 31.355013
 302.400000 0.328809 13.877240 31.355013
 302.600000 0.346098 14.239469 31.355013
 302.800000 0.342037 13.756468 31.355013
 303.000000 0.320958 15.072720 31.355013
 303.200000 0.336120 13.958649 31.355013
 303.400000 0.339782 13.969179 31.355013
 303.600000 0.352752 15.215143 31.355013
 303.800000 0.333719 14.088746 31.355013
 304.000000 0.316387 16.556782 31.355013
 304.200000 0.299322 17.041610 31.355013
 304.400000 0.300549 17.095990 31.355013
 304.600000 0.299485 17.047978 31.355013
 304.800000 0.298831 17.024064 31.355013
 305.000000 0.310301 17.616252 31.339969
 305.200000 0.325044 16.480445 31.339969
 305.400000 0.341934 14.362050 31.339969
 305.600000 0.343792 14.449352 31.339969
 305.800000 0.331417 15.109530 31.339969
 306.000000 0.331671 15.065515 31.339969
 306.200000 0.328640 16.535177 31.339969
 306.400000 0.317658 18.539374 31.339969
 306.600000 0.317705 18.534171 31.339969
 306.800000 0.319965 18.237078 31.339969
 307.000000 0.309300 18.681781 31.339969
 307.200000 0.308912 19.417007 31.339969
 307.400000 0.315770 19.400024 31.339969
 307.600000 0.350223 15.447763 31.339969
 307.800000 0.349989 15.432692 31.339969
 308.000000 0.354751 15.736707 31.339969
 308.200000 0.363071 16.824984 31.339969
 308.400000 0.342090 15.745818 31.339969
 308.600000 0.336353 15.880238 31.339969
 308.800000 0.334842 16.026443 31.339969
 309.000000 0.346478 15.979808 31.339969
 309.200000 0.348841 17.011965 31.339969
 309.400000 0.363672 17.265576 31.339969
 309.600000 0.375511 16.708403 31.339969
 309.800000 0.381618 16.576085 31.339969
 310.000000 0.407050 15.342598 31.325079
 310.200000 0.393144 16.848311 31.325079
 310.400000 0.395970 16.777624 31.325079
 310.600000 0.385792 16.839944 31.325079
 310.800000 0.368376 17.062141 31.325079
 311.000000 0.373858 16.843110 31.325079
 311.200000 0.370835 17.761077 31.325079
 311.400000 0.364399 17.924333 31.325079
 311.600000 0.367860 17.849428 31.325079
 311.800000 0.372682 17.704124 31.325079
 312.000000 0.357493 17.851135 31.325079
 312.200000 0.366620 18.537633 31.325079
 312.400000 0.351885 18.231812 31.325079
 312.600000 0.329684 17.448826 31.325079
 312.800000 0.332277 17.130302 31.325079
 313.000000 0.334992 16.932928 31.325079
 313.200000 0.332152 17.951007 31.325079
 313.400000 0.331700 17.993818 31.325079
 313.600000 0.330960 18.070653 31.325079
 313.800000 0.342448 17.879735 31.325079
 314.000000 0.317785 19.798365 31.325079
 314.200000 0.324616 19.614911 31.325079
 314.400000 0.332662 18.348985 31.325079
 314.600000 0.350211 18.608030 31.325079
 314.800000 0.347012 18.365664 31.325079
 315.000000 0.346369 18.316994 31.310792
 315.200000 0.373633 18.293655 31.310792
 315.400000 0.372848 18.360882 31.310792
 315.600000 0.361800 19.328177 31.310792
 315.800000 0.362998 19.244253 31.310792
 316.000000 0.369682 18.650265 31.310792
 316.200000 0.372758 19.115151 31.310792
 316.400000 0.378864 18.553626 31.310792
 316.600000 0.377700 18.653661 31.310792
 316.800000 0.396779 17.179112 31.310792
 317.000000 0.418114 15.742887 31.310792
 317.200000 0.424785 16.270131 31.310792
 317.400000 0.441142 15.012143 31.310792
 317.600000 0.467712 11.583644 31.310792
 317.800000 0.462070 12.507165 31.310792
 318.000000 0.447464 14.437385 31.310792
 318.200000 0.442196 15.787382 31.310792
 318.400000 0.431935 16.291668 31.310792
 318.600000 0.428625 16.424268 31.310792
 318.800000 0.400285 17.307548 31.310792
 319.000000 0.432480 16.268946 31.310792
 319.200000 0.460936 13.438025 31.310792
 319.400000 0.476450 10.144729 31.310792
 319.600000 0.486778 7.849668 31.310792
 319.800000 0.479157 9.551482 31.310792
 320.000000 0.472166 11.063307 31.296203
 320.200000 0.488498 8.063614 31.296203
 320.400000 0.517994 3.230122 31.296203
 320.600000 0.522923 2.574334 31.296203
 320.800000 0.515572 3.534901 31.296203
 321.000000 0.505619 4.733133 31.296203
 321.200000 0.510501 5.484391 31.296203
 321.400000 0.486459 9.223919 31.296203
 321.600000 0.485837 9.355733 31.296203
 321.800000 0.490968 8.318472 31.296203
 322.000000 0.495480 7.533286 31.296203
 322.200000 0.502093 7.734567 31.296203
 322.400000 0.494957 8.867747 31.296203
 322.600000 0.508752 6.578810 31.296203
 322.800000 0.524614 3.167051 31.296203
 323.000000 0.520965 3.971289 31.296203
 323.200000 0.529248 3.495652 31.296203
 323.400000 0.527352 3.940351 31.296203
 323.600000 0.540894 1.271954 31.296203
 323.800000 0.540748 1.292056 31.296203
 324.000000 0.547624 0.558888 31.296203
 324.200000 0.526385 4.794295 31.296203
 324.400000 0.533668 3.627736 31.296203
 324.600000 0.534431 3.525665 31.296203
 324.800000 0.545078 2.462654 31.296203
 325.000000 0.548626 2.189271 31.280783
 325.200000 0.535771 4.454907 31.280783
 325.400000 0.516351 6.752498 31.280783
 325.600000 0.494391 9.261171 31.280783
 325.800000 0.474979 12.187610 31.280783
 326.000000 0.477572 11.778140 31.280783
 326.200000 0.486995 11.136782 31.280783
 326.400000 0.478182 12.715554 31.280783
 326.600000 0.468573 14.040062 31.280783
 326.800000 0.487580 11.027068 31.280783
 327.000000 0.478797 12.614982 31.280783
 327.200000 0.483744 12.687831 31.280783
 327.400000 0.496303 10.011339 31.280783
 327.600000 0.510396 7.738824 31.280783
 327.800000 0.488976 11.559275 31.280783
 328.000000 0.488127 11.746702 31.280783
 328.200000 0.479682 14.347439 31.280783
 328.400000 0.477939 14.573536 31.280783
 328.600000 0.487057 13.016661 31.280783
 328.800000 0.505706 8.953445 31.280783
 329.000000 0.498363 10.446811 31.280783
 329.200000 0.486431 13.949483 31.280783
 329.400000 0.470445 15.377282 31.280783
 329.600000 0.455964 15.883403 31.280783
 329.800000 0.460079 15.676066 31.280783
 330.000000 0.457855 15.780446 31.265993
 330.200000 0.459877 16.543132 31.265993
 330.400000 0.459307 16.572439 31.265993
 330.600000 0.480247 15.078117 31.265993
 330.800000 0.502345 10.679629 31.265993
 331.000000 0.484952 14.354287 31.265993
 331.200000 0.479913 15.994575 31.265993
 331.400000 0.457534 16.835603 31.265993
 331.600000 0.457717 16.830151 31.265993
 331.800000 0.453685 16.957406 31.265993
 332.000000 0.450068 17.072026 31.265993
 332.200000 0.468578 16.984463 31.265993
 332.400000 0.476356 16.484256 31.265993
 332.600000 0.475346 16.569836 31.265993
 332.800000 0.479480 16.159326 31.265993
 333.000000 0.499830 11.805157 31.265993
 333.200000 0.516765 8.088224 31.265993
 333.400000 0.520489 7.101149 31.265993
 333.600000 0.522320 6.654842 31.265993
 333.800000 0.543926 4.085594 31.265993
 334.000000 0.545089 4.020286 31.265993
 334.200000 0.541362 5.638563 31.265993
 334.400000 0.563097 2.743808 31.265993
 334.600000 0.555404 4.246671 31.265993
 334.800000 0.534292 5.818662 31.265993
 335.000000 0.513470 9.172979 31.251322
 335.200000 0.500151 13.552342 31.251322
 335.400000 0.500895 13.392935 31.251322
 335.600000 0.500061 13.571455 31.251322
 335.800000 0.497967 14.005510 31.251322
 336.000000 0.495827 14.428329 31.251322
 336.200000 0.494672 15.565186 31.251322
 336.400000 0.496371 15.242447 31.251322
 336.600000 0.517212 9.682592 31.251322
 336.800000 0.518949 9.183717 31.251322
 337.000000 0.517164 9.696466 31.251322
 337.200000 0.518900 10.325818 31.251322
 337.400000 0.504495 14.160495 31.251322
 337.600000 0.488717 16.661667 31.251322
 337.800000 0.488817 16.651765 31.251322
 338.000000 0.477044 17.253827 31.251322
 338.200000 0.479857 17.998697 31.251322
 338.400000 0.500829 15.134347 31.251322
 338.600000 0.492952 16.633761 31.251322
 338.800000 0.490538 17.009850 31.251322
 339.000000 0.506063 13.933496 31.251322
 339.200000 0.508480 14.248249 31.251322
 339.400000 0.522824 9.726935 31.251322
 339.600000 0.543337 6.019929 31.251322
 339.800000 0.570507 1.426031 31.251322
 340.000000 0.585637 0.173445 31.236777
