#! FIELDS time d metad.bias metad.rct
 0.000000 0.063046 0.000000 0.000000
 0.200000 0.052970 0.000000 0.000000
 0.400000 0.048704 0.000000 0.000000
 0.600000 0.045185 0.000000 0.000000
 0.800000 0.071834 0.000000 0.000000
 1.000000 0.071084 0.000000 0.000000
 1.200000 0.051496 0.744071 0.000000
 1.400000 0.061113 1.402439 0.000000
 1.600000 0.058985 1.263120 0.000000
 1.800000 0.052667 0.821794 0.000000
 2.000000 0.047415 0.501541 0.000000
 2.200000 0.049273 2.304053 0.000000
 2.400000 0.034180 1.240133 0.000000
 2.600000 0.054887 2.486702 0.000000
 2.800000 0.049575 2.317477 0.000000
 3.000000 0.066747 2.422219 0.000000
 3.200000 0.101876 0.308132 0.000000
 3.400000 0.087221 1.644039 0.000000
 3.600000 0.067064 3.982560 0.000000
 3.800000 0.081853 2.416144 0.000000
 4.000000 0.078781 2.860825 0.000000
 4.200000 0.082105 3.882149 0.000000
 4.400000 0.093559 1.841669 0.000000
 4.600000 0.072589 5.027780 0.000000
 4.800000 0.078088 4.496187 0.000000
 5.000000 0.065086 5.044529 1.657020
 5.200000 0.089205 2.975342 1.657020
 5.400000 0.122895 0.018579 1.657020
 5.600000 0.102723 0.758166 1.657020
 5.800000 0.103625 0.674497 1.657020
 6.000000 0.110032 0.264520 1.657020
 6.200000 0.117258 1.609147 1.657020
 6.400000 0.116460 1.659721 1.657020
 6.600000 0.099236 2.489211 1.657020
 6.800000 0.108048 2.075277 1.657020
 7.000000 0.108756 2.046967 1.657020
 7.200000 0.093945 3.949190 1.657020
 7.400000 0.094224 3.935191 1.657020
 7.600000 0.074889 6.215012 1.657020
 7.800000 0.067562 6.568175 1.657020
 8.000000 0.080938 5.418249 1.657020
 8.200000 0.082101 6.616536 1.657020
 8.400000 0.060847 6.650242 1.657020
 8.600000 0.059708 6.446981 1.657020
 8.800000 0.046456 3.676160 1.657020
 9.000000 0.043230 3.040424 1.657020
 9.200000 0.041565 4.252039 1.657020
 9.400000 0.050708 5.924029 1.657020
 9.600000 0.056432 6.838156 1.657020
 9.800000 0.057359 6.971174 1.657020
 10.000000 0.035581 3.109020 3.242798
 10.200000 0.059242 7.660512 3.242798
 10.400000 0.050205 6.783765 3.242798
 10.600000 0.040194 5.442601 3.242798
 10.800000 0.041731 5.684381 3.242798
 11.000000 0.041243 5.609196 3.242798
 11.200000 0.047036 7.677744 3.242798
 11.400000 0.077113 7.508046 3.242798
 11.600000 0.079234 7.187185 3.242798
 11.800000 0.083807 6.409527 3.242798
 12.000000 0.057469 8.268244 3.242798
 12.200000 0.053288 9.262899 3.242798
 12.400000 0.056187 9.428789 3.242798
 12.600000 0.047430 8.680204 3.242798
 12.800000 0.055929 9.417006 3.242798
 13.000000 0.041448 7.687300 3.242798
 13.200000 0.049400 9.995260 3.242798
 13.400000 0.049149 9.977048 3.242798
 13.600000 0.062443 9.997156 3.242798
 13.800000 0.075199 8.458715 3.242798
 14.000000 0.072395 8.939867 3.242798
 14.200000 0.087625 6.626974 3.242798
 14.400000 0.083537 7.635549 3.242798
 14.600000 0.090555 5.986371 3.242798
 14.800000 0.088716 6.377796 3.242798
 15.000000 0.075587 9.535416 6.291507
 15.200000 0.078277 10.070473 6.291507
 15.400000 0.087825 7.400277 6.291507
 15.600000 0.071802 11.314263 6.291507
 15.800000 0.080473 9.497735 6.291507
 16.000000 0.084276 8.414886 6.291507
 16.200000 0.079867 10.813157 6.291507
 16.400000 0.073755 11.962054 6.291507
 16.600000 0.083474 9.849103 6.291507
 16.800000 0.104210 4.972693 6.291507
 17.000000 0.112499 3.864182 6.291507
 17.200000 0.062331 12.128832 6.291507
 17.400000 0.073164 12.076762 6.291507
 17.600000 0.094534 7.465215 6.291507
 17.800000 0.087028 9.151875 6.291507
 18.000000 0.047564 10.393768 6.291507
 18.200000 0.069775 12.678679 6.291507
 18.400000 0.055666 12.443726 6.291507
 18.600000 0.053870 12.290505 6.291507
 18.800000 0.045566 11.133912 6.291507
 19.000000 0.044795 10.977511 6.291507
 19.200000 0.044846 12.061270 6.291507
 19.400000 0.032636 8.062407 6.291507
 19.600000 0.031660 7.655586 6.291507
 19.800000 0.026337 5.440969 6.291507
 20.000000 0.047688 12.568950 8.725744
 20.200000 0.052534 14.046314 8.725744
 20.400000 0.060078 14.069082 8.725744
 20.600000 0.046172 13.313275 8.725744
 20.800000 0.071586 13.014788 8.725744
 21.000000 0.080709 10.995748 8.725744
 21.200000 0.052625 14.235151 8.725744
 21.400000 0.060089 14.484274 8.725744
 21.600000 0.075177 13.349463 8.725744
 21.800000 0.043495 12.769526 8.725744
 22.000000 0.026261 5.770042 8.725744
 22.200000 0.036022 11.259910 8.725744
 22.400000 0.061424 14.565915 8.725744
 22.600000 0.052075 14.497958 8.725744
 22.800000 0.037042 11.631565 8.725744
 23.000000 0.048506 14.238007 8.725744
 23.200000 0.054500 15.434923 8.725744
 23.400000 0.043020 14.233462 8.725744
 23.600000 0.052929 15.422090 8.725744
 23.800000 0.044959 14.652007 8.725744
 24.000000 0.045564 14.762211 8.725744
 24.200000 0.025795 7.594311 8.725744
 24.400000 0.035151 12.263524 8.725744
 24.600000 0.040883 14.518490 8.725744
 24.800000 0.031082 10.281149 8.725744
 25.000000 0.038706 13.760178 11.284963
 25.200000 0.037917 14.400371 11.284963
 25.400000 0.064515 15.619561 11.284963
 25.600000 0.051840 16.868141 11.284963
 25.800000 0.060176 16.175021 11.284963
 26.000000 0.067349 15.209273 11.284963
 26.200000 0.057053 17.219951 11.284963
 26.400000 0.060010 16.982988 11.284963
 26.600000 0.033281 12.331255 11.284963
 26.800000 0.047879 17.161341 11.284963
 27.000000 0.040475 15.505227 11.284963
 27.200000 0.072891 15.137483 11.284963
 27.400000 0.087711 10.414438 11.284963
 27.600000 0.075077 14.579652 11.284963
 27.800000 0.046675 17.814926 11.284963
 28.000000 0.052465 18.028268 11.284963
 28.200000 0.076461 14.408711 11.284963
 28.400000 0.077022 14.231423 11.284963
 28.600000 0.064477 17.308487 11.284963
 28.800000 0.088487 10.194907 11.284963
 29.000000 0.085858 11.120348 11.284963
 29.200000 0.111189 5.908705 11.284963
 29.400000 0.143583 0.413250 11.284963
 29.600000 0.111175 5.911146 11.284963
 29.800000 0.080386 14.095519 11.284963
 30.000000 0.097579 8.461418 13.452886
 30.200000 0.094297 10.516158 13.452886
 30.400000 0.070933 16.842767 13.452886
 30.600000 0.063152 17.965334 13.452886
 30.800000 0.062405 18.057620 13.452886
 31.000000 0.035597 14.737102 13.452886
 31.200000 0.035764 15.732202 13.452886
 31.400000 0.034226 14.896923 13.452886
 31.600000 0.037543 16.611620 13.452886
 31.800000 0.036990 16.349423 13.452886
 32.000000 0.059740 18.615373 13.452886
 32.200000 0.052190 20.079048 13.452886
 32.400000 0.044972 19.490837 13.452886
 32.600000 0.032580 14.088582 13.452886
 32.800000 0.031859 13.642419 13.452886
 33.000000 0.046280 19.730238 13.452886
 33.200000 0.040406 18.801721 13.452886
 33.400000 0.034653 15.860186 13.452886
 33.600000 0.055851 20.434483 13.452886
 33.800000 0.040784 18.952217 13.452886
 34.000000 0.041862 19.348476 13.452886
 34.200000 0.042843 20.404083 13.452886
 34.400000 0.050952 21.400043 13.452886
 34.600000 0.032991 15.450615 13.452886
 34.800000 0.029328 12.933320 13.452886
 35.000000 0.022051 7.989248 15.917858
 35.200000 0.038791 19.474382 15.917858
 35.400000 0.051239 21.571494 15.917858
 35.600000 0.056700 20.860877 15.917858
 35.800000 0.070061 17.990216 15.917858
 36.000000 0.074906 16.744135 15.917858
 36.200000 0.074173 17.773501 15.917858
 36.400000 0.078208 16.594060 15.917858
 36.600000 0.081419 15.519530 15.917858
 36.800000 0.081188 15.600386 15.917858
 37.000000 0.081105 15.629303 15.917858
 37.200000 0.092808 12.056661 15.917858
 37.400000 0.104020 8.627135 15.917858
 37.600000 0.112544 6.525948 15.917858
 37.800000 0.094854 11.329088 15.917858
 38.000000 0.089690 13.235569 15.917858
 38.200000 0.100246 10.394126 15.917858
 38.400000 0.099465 10.646787 15.917858
 38.600000 0.069454 19.946227 15.917858
 38.800000 0.052645 21.911925 15.917858
 39.000000 0.068490 20.087085 15.917858
 39.200000 0.067433 20.948284 15.917858
 39.400000 0.054612 22.241778 15.917858
 39.600000 0.055746 22.169723 15.917858
 39.800000 0.054651 22.239582 15.917858
 40.000000 0.074211 19.782068 17.537373
 40.200000 0.051677 22.566245 17.537373
 40.400000 0.049319 22.449170 17.537373
 40.600000 0.060437 22.228462 17.537373
 40.800000 0.089540 14.960000 17.537373
 41.000000 0.092863 13.509439 17.537373
 41.200000 0.087255 16.861635 17.537373
 41.400000 0.093145 14.347815 17.537373
 41.600000 0.099397 11.800909 17.537373
 41.800000 0.102426 10.675379 17.537373
 42.000000 0.097901 12.384516 17.537373
 42.200000 0.138644 0.874378 17.537373
 42.400000 0.161734 0.005302 17.537373
 42.600000 0.163180 0.002117 17.537373
 42.800000 0.144250 0.388209 17.537373
 43.000000 0.132807 1.761891 17.537373
 43.200000 0.124352 5.238029 17.537373
 43.400000 0.136925 2.648331 17.537373
 43.600000 0.135367 2.912449 17.537373
 43.800000 0.135745 2.847129 17.537373
 44.000000 0.128825 4.194621 17.537373
 44.200000 0.132087 4.936976 17.537373
 44.400000 0.139083 3.455380 17.537373
 44.600000 0.116442 8.410964 17.537373
 44.800000 0.110997 9.732000 17.537373
 45.000000 0.122401 7.058494 17.777511
 45.200000 0.131844 6.037332 17.777511
 45.400000 0.118044 9.264999 17.777511
 45.600000 0.109717 10.954859 17.777511
 45.800000 0.118481 9.174769 17.777511
 46.000000 0.129630 6.608670 17.777511
 46.200000 0.127012 8.545272 17.777511
 46.400000 0.111093 11.274986 17.777511
 46.600000 0.101488 13.153685 17.777511
 46.800000 0.101253 13.212836 17.777511
 47.000000 0.123274 9.332050 17.777511
 47.200000 0.143830 4.269362 17.777511
 47.400000 0.140306 5.449706 17.777511
 47.600000 0.153205 1.786596 17.777511
 47.800000 0.162754 0.507871 17.777511
 48.000000 0.142006 4.870592 17.777511
 48.200000 0.138304 7.509988 17.777511
 48.400000 0.131500 9.515614 17.777511
 48.600000 0.114097 12.028749 17.777511
 48.800000 0.106539 12.752359 17.777511
 49.000000 0.108477 12.523199 17.777511
 49.200000 0.115421 12.826108 17.777511
 49.400000 0.114587 12.912851 17.777511
 49.600000 0.100171 14.731508 17.777511
 49.800000 0.096283 15.597518 17.777511
 50.000000 0.103837 14.107063 17.881449
 50.200000 0.106323 14.692770 17.881449
 50.400000 0.094461 16.839460 17.881449
 50.600000 0.090474 17.855383 17.881449
 50.800000 0.096081 16.464723 17.881449
 51.000000 0.054721 22.599172 17.881449
 51.200000 0.035316 18.145015 17.881449
 51.400000 0.039181 20.228137 17.881449
 51.600000 0.031142 15.457489 17.881449
 51.800000 0.032191 16.162267 17.881449
 52.000000 0.029103 14.054881 17.881449
 52.200000 0.026232 12.981912 17.881449
 52.400000 0.036244 19.523245 17.881449
 52.600000 0.031407 16.562035 17.881449
 52.800000 0.038178 20.513826 17.881449
 53.000000 0.039974 21.311288 17.881449
 53.200000 0.036196 20.152949 17.881449
 53.400000 0.062677 23.115564 17.881449
 53.600000 0.054943 23.855792 17.881449
 53.800000 0.048439 23.949633 17.881449
 54.000000 0.054153 23.911108 17.881449
 54.200000 0.055963 24.372723 17.881449
 54.400000 0.051154 24.618198 17.881449
 54.600000 0.030967 17.014429 17.881449
 54.800000 0.036556 20.653742 17.881449
 55.000000 0.027891 14.763839 19.745783
 55.200000 0.023652 12.513092 19.745783
 55.400000 0.024721 13.305334 19.745783
 55.600000 0.039747 22.937215 19.745783
 55.800000 0.030768 17.762041 19.745783
 56.000000 0.046671 24.720208 19.745783
 56.200000 0.047533 25.385277 19.745783
 56.400000 0.046284 25.254979 19.745783
 56.600000 0.045574 25.152481 19.745783
 56.800000 0.049429 25.470604 19.745783
 57.000000 0.044277 24.909213 19.745783
 57.200000 0.033214 20.252522 19.745783
 57.400000 0.025746 14.557654 19.745783
 57.600000 0.025356 14.250102 19.745783
 57.800000 0.032182 19.521178 19.745783
 58.000000 0.024120 13.279491 19.745783
 58.200000 0.031435 19.835023 19.745783
 58.400000 0.023616 13.855627 19.745783
 58.600000 0.028960 18.009510 19.745783
 58.800000 0.031378 19.794289 19.745783
 59.000000 0.029046 18.074801 19.745783
 59.200000 0.031513 20.661781 19.745783
 59.400000 0.023623 14.593822 19.745783
 59.600000 0.029229 18.995436 19.745783
 59.800000 0.028347 18.323051 19.745783
 60.000000 0.018819 10.881517 21.364331
 60.200000 0.021654 14.098784 21.364331
 60.400000 0.034510 23.243996 21.364331
 60.600000 0.046957 26.769951 21.364331
 60.800000 0.059444 25.041924 21.364331
 61.000000 0.052876 26.283500 21.364331
 61.200000 0.039696 25.937409 21.364331
 61.400000 0.033860 23.115638 21.364331
 61.600000 0.034566 23.531765 21.364331
 61.800000 0.033282 22.761469 21.364331
 62.000000 0.042157 26.663408 21.364331
 62.200000 0.063996 24.739959 21.364331
 62.400000 0.080156 20.972104 21.364331
 62.600000 0.087356 18.872920 21.364331
 62.800000 0.076893 21.828442 21.364331
 63.000000 0.063818 24.780717 21.364331
 63.200000 0.073437 23.125522 21.364331
 63.400000 0.055238 27.268720 21.364331
 63.600000 0.050950 27.933705 21.364331
 63.800000 0.070036 23.938790 21.364331
 64.000000 0.053824 27.529475 21.364331
 64.200000 0.049818 28.528132 21.364331
 64.400000 0.049057 28.564336 21.364331
 64.600000 0.045718 28.453077 21.364331
 64.800000 0.037229 25.827612 21.364331
 65.000000 0.032122 22.685347 23.457051
 65.200000 0.046462 28.921736 23.457051
 65.400000 0.051835 28.607362 23.457051
 65.600000 0.064610 25.635699 23.457051
 65.800000 0.073745 23.273110 23.457051
 66.000000 0.077849 22.106703 23.457051
 66.200000 0.067959 25.306888 23.457051
 66.400000 0.071278 24.521817 23.457051
 66.600000 0.063806 26.263448 23.457051
 66.800000 0.061663 26.759362 23.457051
 67.000000 0.070869 24.620846 23.457051
 67.200000 0.069556 25.515846 23.457051
 67.400000 0.077507 23.391246 23.457051
 67.600000 0.069188 25.601005 23.457051
 67.800000 0.062936 26.972491 23.457051
 68.000000 0.048601 29.213690 23.457051
 68.200000 0.033918 24.862405 23.457051
 68.400000 0.029344 21.475837 23.457051
 68.600000 0.036152 26.253251 23.457051
 68.800000 0.028048 20.422982 23.457051
 69.000000 0.037203 26.833345 23.457051
 69.200000 0.033078 24.798453 23.457051
 69.400000 0.025109 18.338426 23.457051
 69.600000 0.026840 19.835862 23.457051
 69.800000 0.028137 20.936580 23.457051
 70.000000 0.019097 13.170206 24.877878
 70.200000 0.017078 12.503619 24.877878
 70.400000 0.023682 18.022521 24.877878
 70.600000 0.023968 18.266413 24.877878
 70.800000 0.023850 18.166014 24.877878
 71.000000 0.038117 28.259964 24.877878
 71.200000 0.027890 21.942361 24.877878
 71.400000 0.042659 30.241499 24.877878
 71.600000 0.028241 22.231703 24.877878
 71.800000 0.025551 19.959670 24.877878
 72.000000 0.035037 27.147963 24.877878
 72.200000 0.026338 21.076045 24.877878
 72.400000 0.043105 30.780211 24.877878
 72.600000 0.079695 22.765387 24.877878
 72.800000 0.073448 24.751952 24.877878
 73.000000 0.083530 21.386127 24.877878
 73.200000 0.108947 14.617733 24.877878
 73.400000 0.095009 17.833394 24.877878
 73.600000 0.091847 18.921087 24.877878
 73.800000 0.088121 20.314491 24.877878
 74.000000 0.072556 25.524479 24.877878
 74.200000 0.086277 21.391290 24.877878
 74.400000 0.079335 24.045211 24.877878
 74.600000 0.055510 30.071354 24.877878
 74.800000 0.041422 30.498259 24.877878
 75.000000 0.024198 19.188997 26.142820
 75.200000 0.019701 15.899939 26.142820
 75.400000 0.023868 19.638610 26.142820
 75.600000 0.031028 25.618045 26.142820
 75.800000 0.040632 30.676151 26.142820
 76.000000 0.047368 31.436296 26.142820
 76.200000 0.068898 27.139912 26.142820
 76.400000 0.070675 26.689957 26.142820
 76.600000 0.060379 29.275500 26.142820
 76.800000 0.062683 28.683673 26.142820
 77.000000 0.060919 29.135644 26.142820
 77.200000 0.064836 28.605496 26.142820
 77.400000 0.052001 31.703799 26.142820
 77.600000 0.045927 32.170996 26.142820
 77.800000 0.049442 32.057750 26.142820
 78.000000 0.049072 32.092168 26.142820
 78.200000 0.056857 31.015304 26.142820
 78.400000 0.059743 30.242317 26.142820
 78.600000 0.072501 26.685846 26.142820
 78.800000 0.066713 28.333481 26.142820
 79.000000 0.078007 24.859997 26.142820
 79.200000 0.103206 15.872314 26.142820
 79.400000 0.108137 14.859508 26.142820
 79.600000 0.083349 23.312762 26.142820
 79.800000 0.102799 15.969455 26.142820
 80.000000 0.106079 15.248820 27.413185
 80.200000 0.103887 16.592678 27.413185
 80.400000 0.084854 22.986390 27.413185
 80.600000 0.093317 19.629236 27.413185
 80.800000 0.073616 26.980474 27.413185
 81.000000 0.078819 25.307486 27.413185
 81.200000 0.100279 17.654753 27.413185
 81.400000 0.093717 19.830880 27.413185
 81.600000 0.077815 26.222378 27.413185
 81.800000 0.088203 22.082105 27.413185
 82.000000 0.098345 18.227354 27.413185
 82.200000 0.082762 24.825787 27.413185
 82.400000 0.097793 19.177908 27.413185
 82.600000 0.106579 16.806671 27.413185
 82.800000 0.085345 23.835126 27.413185
 83.000000 0.109232 16.202955 27.413185
 83.200000 0.105370 17.915483 27.413185
 83.400000 0.098929 19.496018 27.413185
 83.600000 0.106559 17.648212 27.413185
 83.800000 0.097085 20.018313 27.413185
 84.000000 0.087069 23.436587 27.413185
 84.200000 0.083463 25.354162 27.413185
 84.400000 0.096907 20.567361 27.413185
 84.600000 0.072851 28.340993 27.413185
 84.800000 0.085607 24.590081 27.413185
 85.000000 0.088301 23.595065 27.717042
 85.200000 0.091071 23.173358 27.717042
 85.400000 0.108215 17.759880 27.717042
 85.600000 0.111500 16.886897 27.717042
 85.800000 0.103269 19.115181 27.717042
 86.000000 0.084931 25.430981 27.717042
 86.200000 0.069339 29.650961 27.717042
 86.400000 0.068143 29.824272 27.717042
 86.600000 0.058537 31.375161 27.717042
 86.800000 0.054587 32.088619 27.717042
 87.000000 0.070071 29.543413 27.717042
 87.200000 0.064024 30.866998 27.717042
 87.400000 0.059746 31.525464 27.717042
 87.600000 0.088458 24.917725 27.717042
 87.800000 0.096843 21.613310 27.717042
 88.000000 0.093950 22.718301 27.717042
 88.200000 0.101533 20.535816 27.717042
 88.400000 0.113457 16.730515 27.717042
 88.600000 0.118294 15.214446 27.717042
 88.800000 0.129315 11.418810 27.717042
 89.000000 0.131446 10.617536 27.717042
 89.200000 0.143584 6.730044 27.717042
 89.400000 0.160727 1.492958 27.717042
 89.600000 0.145000 6.156259 27.717042
 89.800000 0.142092 7.347157 27.717042
 90.000000 0.145987 5.765453 28.107028
 90.200000 0.116411 16.662596 28.107028
 90.400000 0.102244 20.470538 28.107028
 90.600000 0.118744 16.089585 28.107028
 90.800000 0.125447 14.353001 28.107028
 91.000000 0.119040 16.016237 28.107028
 91.200000 0.109215 19.156875 28.107028
 91.400000 0.100631 21.395246 28.107028
 91.600000 0.122695 15.923422 28.107028
 91.800000 0.127324 14.556995 28.107028
 92.000000 0.121017 16.372020 28.107028
 92.200000 0.112654 19.091819 28.107028
 92.400000 0.123328 16.582299 28.107028
 92.600000 0.113093 19.003707 28.107028
 92.800000 0.110086 19.601947 28.107028
 93.000000 0.089231 25.437927 28.107028
 93.200000 0.119609 17.643522 28.107028
 93.400000 0.109772 19.884336 28.107028
 93.600000 0.124234 16.352033 28.107028
 93.800000 0.134455 12.609147 28.107028
 94.000000 0.135374 12.218853 28.107028
 94.200000 0.140840 10.746915 28.107028
 94.400000 0.139161 11.536245 28.107028
 94.600000 0.148748 7.008330 28.107028
 94.800000 0.136244 12.856876 28.107028
 95.000000 0.159524 2.941485 28.168566
 95.200000 0.163474 3.432533 28.168566
 95.400000 0.148377 8.340772 28.168566
 95.600000 0.138444 12.437929 28.168566
 95.800000 0.147535 8.678149 28.168566
 96.000000 0.164154 3.270928 28.168566
 96.200000 0.158809 6.104141 28.168566
 96.400000 0.159685 5.877385 28.168566
 96.600000 0.152423 7.908477 28.168566
 96.800000 0.153339 7.631800 28.168566
 97.000000 0.148363 9.214284 28.168566
 97.200000 0.148858 10.208508 28.168566
 97.400000 0.143594 11.995280 28.168566
 97.600000 0.135491 14.651264 28.168566
 97.800000 0.142867 12.241954 28.168566
 98.000000 0.141487 12.708193 28.168566
 98.200000 0.129363 17.098777 28.168566
 98.400000 0.116151 19.303267 28.168566
 98.600000 0.101057 22.131604 28.168566
 98.800000 0.089738 25.828943 28.168566
 99.000000 0.092343 24.900879 28.168566
 99.200000 0.130587 16.846592 28.168566
 99.400000 0.147731 11.499411 28.168566
 99.600000 0.150433 10.513481 28.168566
 99.800000 0.160818 6.843873 28.168566
 100.000000 0.176161 2.550103 28.208170
 100.200000 0.168604 5.813572 28.208170
 100.400000 0.171194 5.211230 28.208170
 100.600000 0.165753 6.500048 28.208170
 100.800000 0.155333 9.334936 28.208170
 101.000000 0.139140 14.545303 28.208170
 101.200000 0.139547 15.334897 28.208170
 101.400000 0.160284 8.251315 28.208170
 101.600000 0.177607 3.839850 28.208170
 101.800000 0.188568 1.809336 28.208170
 102.000000 0.179804 3.379599 28.208170
 102.200000 0.187272 3.340265 28.208170
 102.400000 0.173595 6.116107 28.208170
 102.600000 0.168592 7.085767 28.208170
 102.800000 0.175848 5.677157 28.208170
 103.000000 0.171771 6.468004 28.208170
 103.200000 0.163593 9.250715 28.208170
 103.400000 0.157114 10.543302 28.208170
 103.600000 0.148124 12.927511 28.208170
 103.800000 0.141147 15.036924 28.208170
 104.000000 0.154209 11.237529 28.208170
 104.200000 0.152599 12.710320 28.208170
 104.400000 0.116636 19.729174 28.208170
 104.600000 0.100960 22.680971 28.208170
 104.800000 0.135411 17.088529 28.208170
 105.000000 0.148376 13.835963 28.163635
 105.200000 0.176820 7.219282 28.163635
 105.400000 0.204523 0.816155 28.163635
 105.600000 0.193824 2.570305 28.163635
 105.800000 0.186150 4.544023 28.163635
 106.000000 0.172082 8.509906 28.163635
 106.200000 0.173200 9.406548 28.163635
 106.400000 0.165473 11.296744 28.163635
 106.600000 0.165348 11.324238 28.163635
 106.800000 0.167995 10.724248 28.163635
 107.000000 0.180720 7.120543 28.163635
 107.200000 0.195741 3.274613 28.163635
 107.400000 0.200322 2.092309 28.163635
 107.600000 0.217952 0.159805 28.163635
 107.800000 0.219399 0.120335 28.163635
 108.000000 0.196208 3.140155 28.163635
 108.200000 0.178496 9.855381 28.163635
 108.400000 0.157002 13.543930 28.163635
 108.600000 0.160434 12.980481 28.163635
 108.800000 0.166553 12.083317 28.163635
 109.000000 0.162839 12.619385 28.163635
 109.200000 0.145801 16.329870 28.163635
 109.400000 0.135025 18.044104 28.163635
 109.600000 0.114297 20.098055 28.163635
 109.800000 0.099307 23.165547 28.163635
 110.000000 0.090077 26.281387 28.225333
 110.200000 0.086710 27.952391 28.225333
 110.400000 0.114527 20.213478 28.225333
 110.600000 0.115235 20.120252 28.225333
 110.800000 0.110443 20.845033 28.225333
 111.000000 0.103819 22.298599 28.225333
 111.200000 0.102910 23.189936 28.225333
 111.400000 0.087862 27.946664 28.225333
 111.600000 0.072496 30.752595 28.225333
 111.800000 0.082144 29.456382 28.225333
 112.000000 0.113271 20.920655 28.225333
 112.200000 0.101754 24.023632 28.225333
 112.400000 0.104135 23.436179 28.225333
 112.600000 0.082598 29.440373 28.225333
 112.800000 0.089110 27.746311 28.225333
 113.000000 0.104464 23.358763 28.225333
 113.200000 0.089754 27.936146 28.225333
 113.400000 0.050923 32.874212 28.225333
 113.600000 0.065038 31.258838 28.225333
 113.800000 0.079872 30.117067 28.225333
 114.000000 0.088737 28.212655 28.225333
 114.200000 0.082325 30.159411 28.225333
 114.400000 0.105326 24.047170 28.225333
 114.600000 0.088064 28.889063 28.225333
 114.800000 0.073618 31.061382 28.225333
 115.000000 0.063186 31.529854 28.738699
 115.200000 0.073281 31.418756 28.738699
 115.400000 0.081124 30.566464 28.738699
 115.600000 0.073649 31.396653 28.738699
 115.800000 0.056491 32.658693 28.738699
 116.000000 0.062679 32.000711 28.738699
 116.200000 0.066091 32.174478 28.738699
 116.400000 0.055692 33.130487 28.738699
 116.600000 0.078269 31.228160 28.738699
 116.800000 0.084824 29.961508 28.738699
 117.000000 0.079826 30.991495 28.738699
 117.200000 0.069386 32.331322 28.738699
 117.400000 0.059734 32.875891 28.738699
 117.600000 0.074024 32.096872 28.738699
 117.800000 0.098784 26.045011 28.738699
 118.000000 0.116862 21.578365 28.738699
 118.200000 0.115979 22.417549 28.738699
 118.400000 0.112934 23.014701 28.738699
 118.600000 0.098819 26.358275 28.738699
 118.800000 0.086194 30.095189 28.738699
 119.000000 0.071863 32.230812 28.738699
 119.200000 0.075610 32.385163 28.738699
 119.400000 0.063529 32.953112 28.738699
 119.600000 0.064534 32.909096 28.738699
 119.800000 0.075260 32.418009 28.738699
 120.000000 0.064651 32.904324 29.801880
 120.200000 0.061455 33.458673 29.801880
 120.400000 0.068979 33.146276 29.801880
 120.600000 0.064339 33.321175 29.801880
 120.800000 0.073935 32.858930 29.801880
 121.000000 0.088501 29.792837 29.801880
 121.200000 0.096667 27.530708 29.801880
 121.400000 0.098427 26.960467 29.801880
 121.600000 0.094651 28.203280 29.801880
 121.800000 0.092100 29.068741 29.801880
 122.000000 0.102386 25.760859 29.801880
 122.200000 0.091016 29.850480 29.801880
 122.400000 0.096964 27.953748 29.801880
 122.600000 0.079493 32.687316 29.801880
 122.800000 0.076160 33.080747 29.801880
 123.000000 0.059001 33.679011 29.801880
 123.200000 0.060479 33.992859 29.801880
 123.400000 0.063114 33.878100 29.801880
 123.600000 0.062494 33.902354 29.801880
 123.800000 0.053987 34.320910 29.801880
 124.000000 0.065081 33.811652 29.801880
 124.200000 0.065926 34.174581 29.801880
 124.400000 0.076515 33.535469 29.801880
 124.600000 0.071560 33.964053 29.801880
 124.800000 0.068077 34.109066 29.801880
 125.000000 0.079996 32.992550 30.802519
 125.200000 0.071416 34.313447 30.802519
 125.400000 0.076788 33.894156 30.802519
 125.600000 0.082502 32.860039 30.802519
 125.800000 0.113479 23.487167 30.802519
 126.000000 0.105680 25.505631 30.802519
 126.200000 0.099101 28.017515 30.802519
 126.400000 0.100828 27.484756 30.802519
 126.600000 0.111963 24.369753 30.802519
 126.800000 0.083788 32.731296 30.802519
 127.000000 0.065383 34.454971 30.802519
 127.200000 0.057941 34.945615 30.802519
 127.400000 0.053500 34.983985 30.802519
 127.600000 0.055299 34.984396 30.802519
 127.800000 0.048031 34.637929 30.802519
 128.000000 0.050043 34.846466 30.802519
 128.200000 0.038362 31.759239 30.802519
 128.400000 0.029184 24.970821 30.802519
 128.600000 0.029621 25.356219 30.802519
 128.800000 0.028064 23.964969 30.802519
 129.000000 0.025062 21.179159 30.802519
 129.200000 0.032900 28.676847 30.802519
 129.400000 0.034522 29.859289 30.802519
 129.600000 0.041392 33.603747 30.802519
 129.800000 0.039439 32.760454 30.802519
 130.000000 0.035706 30.655448 31.647812
 130.200000 0.023185 20.392903 31.647812
 130.400000 0.034693 30.423659 31.647812
 130.600000 0.022501 19.728354 31.647812
 130.800000 0.035095 30.698344 31.647812
 131.000000 0.045000 35.070974 31.647812
 131.200000 0.044352 35.291704 31.647812
 131.400000 0.043639 35.108968 31.647812
 131.600000 0.057468 35.761742 31.647812
 131.800000 0.063680 35.365788 31.647812
 132.000000 0.103885 26.593326 31.647812
 132.200000 0.125773 21.167379 31.647812
 132.400000 0.129431 20.274575 31.647812
 132.600000 0.134892 18.990785 31.647812
 132.800000 0.119603 22.753601 31.647812
 133.000000 0.129586 20.237318 31.647812
 133.200000 0.141995 17.881058 31.647812
 133.400000 0.145509 17.018695 31.647812
 133.600000 0.170528 12.360003 31.647812
 133.800000 0.203800 2.769243 31.647812
 134.000000 0.194742 5.188665 31.647812
 134.200000 0.190487 7.896120 31.647812
 134.400000 0.210565 2.323333 31.647812
 134.600000 0.218044 1.096123 31.647812
 134.800000 0.190437 7.911692 31.647812
 135.000000 0.187583 8.776686 31.895883
 135.200000 0.205117 4.178706 31.895883
 135.400000 0.218512 1.178197 31.895883
 135.600000 0.210879 2.612660 31.895883
 135.800000 0.220689 0.902078 31.895883
 136.000000 0.230140 0.222876 31.895883
 136.200000 0.206496 4.268028 31.895883
 136.400000 0.194134 7.935742 31.895883
 136.600000 0.214236 2.874668 31.895883
 136.800000 0.206839 4.187689 31.895883
 137.000000 0.207420 4.055463 31.895883
 137.200000 0.226919 2.694748 31.895883
 137.400000 0.205546 5.948189 31.895883
 137.600000 0.211088 4.752559 31.895883
 137.800000 0.220141 3.372190 31.895883
 138.000000 0.207063 5.596482 31.895883
 138.200000 0.202477 8.006044 31.895883
 138.400000 0.195551 9.556498 31.895883
 138.600000 0.198109 8.993542 31.895883
 138.800000 0.199676 8.641750 31.895883
 139.000000 0.203635 7.741686 31.895883
 139.200000 0.198131 10.147295 31.895883
 139.400000 0.170531 13.596603 31.895883
 139.600000 0.164932 14.008530 31.895883
 139.800000 0.167804 13.792443 31.895883
 140.000000 0.170079 13.629118 31.853845
 140.200000 0.166240 14.830145 31.853845
 140.400000 0.194435 11.077554 31.853845
 140.600000 0.236493 2.179947 31.853845
 140.800000 0.207715 8.046864 31.853845
 141.000000 0.191469 11.654123 31.853845
 141.200000 0.201555 10.377773 31.853845
 141.400000 0.217628 5.782424 31.853845
 141.600000 0.261361 0.195410 31.853845
 141.800000 0.249433 0.814029 31.853845
 142.000000 0.235774 2.285886 31.853845
 142.200000 0.215836 6.915738 31.853845
 142.400000 0.212144 7.769960 31.853845
 142.600000 0.211094 8.030019 31.853845
 142.800000 0.234374 4.053530 31.853845
 143.000000 0.264887 0.353059 31.853845
 143.200000 0.260331 2.282166 31.853845
 143.400000 0.206697 9.164014 31.853845
 143.600000 0.209927 8.325460 31.853845
 143.800000 0.229111 4.829060 31.853845
 144.000000 0.217046 6.666775 31.853845
 144.200000 0.207847 9.940170 31.853845
 144.400000 0.200593 11.442219 31.853845
 144.600000 0.183378 14.060755 31.853845
 144.800000 0.194351 12.560763 31.853845
 145.000000 0.182183 14.185524 31.813164
 145.200000 0.185509 14.727180 31.813164
 145.400000 0.206656 10.441488 31.813164
 145.600000 0.205137 10.808078 31.813164
 145.800000 0.196061 12.878730 31.813164
 146.000000 0.177776 15.461257 31.813164
 146.200000 0.150791 16.607104 31.813164
 146.400000 0.162752 16.136781 31.813164
 146.600000 0.195843 13.349015 31.813164
 146.800000 0.222040 7.030033 31.813164
 147.000000 0.240423 4.042605 31.813164
 147.200000 0.240287 5.523017 31.813164
 147.400000 0.228360 6.957537 31.813164
 147.600000 0.222016 7.721604 31.813164
 147.800000 0.212435 9.373307 31.813164
 148.000000 0.217243 8.452830 31.813164
 148.200000 0.217766 9.564357 31.813164
 148.400000 0.212169 10.563568 31.813164
 148.600000 0.190893 14.743492 31.813164
 148.800000 0.180112 16.225762 31.813164
 149.000000 0.167413 16.315349 31.813164
 149.200000 0.156200 16.797758 31.813164
 149.400000 0.182414 16.521188 31.813164
 149.600000 0.215534 9.955217 31.813164
 149.800000 0.238289 6.240853 31.813164
 150.000000 0.235918 6.647813 31.773651
 150.200000 0.207381 11.717587 31.773651
 150.400000 0.203722 12.383396 31.773651
 150.600000 0.212052 10.959119 31.773651
 150.800000 0.225973 9.284512 31.773651
 151.000000 0.196438 13.845224 31.773651
 151.200000 0.168180 17.349783 31.773651
 151.400000 0.178001 17.466195 31.773651
 151.600000 0.178620 17.434911 31.773651
 151.800000 0.141930 18.342844 31.773651
 152.000000 0.138931 18.943300 31.773651
 152.200000 0.161446 17.190876 31.773651
 152.400000 0.161620 17.195206 31.773651
 152.600000 0.158601 17.160718 31.773651
 152.800000 0.153525 17.359830 31.773651
 153.000000 0.180105 17.354507 31.773651
 153.200000 0.175257 18.349136 31.773651
 153.400000 0.167391 17.990550 31.773651
 153.600000 0.172147 18.284114 31.773651
 153.800000 0.164628 17.776480 31.773651
 154.000000 0.150330 17.787911 31.773651
 154.200000 0.154560 18.238493 31.773651
 154.400000 0.171851 18.553637 31.773651
 154.600000 0.194617 15.678063 31.773651
 154.800000 0.216536 10.766270 31.773651
 155.000000 0.215613 10.924036 31.736967
 155.200000 0.200432 14.903423 31.736967
 155.400000 0.186001 17.635775 31.736967
 155.600000 0.208252 13.351336 31.736967
 155.800000 0.217813 11.622656 31.736967
 156.000000 0.203865 14.212073 31.736967
 156.200000 0.195815 16.645084 31.736967
 156.400000 0.214159 12.989360 31.736967
 156.600000 0.198548 16.159275 31.736967
 156.800000 0.179757 18.616778 31.736967
 157.000000 0.188152 17.827178 31.736967
 157.200000 0.171079 19.045659 31.736967
 157.400000 0.163211 18.440262 31.736967
 157.600000 0.157215 18.241597 31.736967
 157.800000 0.143245 19.576102 31.736967
 158.000000 0.154000 18.330381 31.736967
 158.200000 0.155385 19.043653 31.736967
 158.400000 0.154498 19.079632 31.736967
 158.600000 0.163844 19.105969 31.736967
 158.800000 0.145523 19.881051 31.736967
 159.000000 0.152049 19.224151 31.736967
 159.200000 0.150278 20.105038 31.736967
 159.400000 0.150437 20.091761 31.736967
 159.600000 0.144580 20.656070 31.736967
 159.800000 0.153942 19.844092 31.736967
 160.000000 0.193086 17.890533 31.701030
 160.200000 0.233152 9.138837 31.701030
 160.400000 0.251669 4.804627 31.701030
 160.600000 0.250346 5.086797 31.701030
 160.800000 0.235117 8.698052 31.701030
 161.000000 0.222504 11.443410 31.701030
 161.200000 0.193079 18.832159 31.701030
 161.400000 0.207957 15.771230 31.701030
 161.600000 0.216344 13.865850 31.701030
 161.800000 0.219231 13.222876 31.701030
 162.000000 0.224187 12.116135 31.701030
 162.200000 0.233231 10.784908 31.701030
 162.400000 0.232588 10.973314 31.701030
 162.600000 0.241307 8.237422 31.701030
 162.800000 0.254336 4.515841 31.701030
 163.000000 0.262728 3.009130 31.701030
 163.200000 0.248847 6.901766 31.701030
 163.400000 0.230587 11.690712 31.701030
 163.600000 0.213149 15.367007 31.701030
 163.800000 0.240197 9.091761 31.701030
 164.000000 0.254797 5.744579 31.701030
 164.200000 0.236334 10.796421 31.701030
 164.400000 0.217270 14.645387 31.701030
 164.600000 0.219618 14.216659 31.701030
 164.800000 0.215497 14.967303 31.701030
 165.000000 0.201005 17.622252 31.663183
 165.200000 0.197981 18.939644 31.663183
 165.400000 0.200787 18.459548 31.663183
 165.600000 0.210921 16.441501 31.663183
 165.800000 0.224672 13.491006 31.663183
 166.000000 0.237888 10.486203 31.663183
 166.200000 0.226519 13.907404 31.663183
 166.400000 0.212580 16.351498 31.663183
 166.600000 0.210362 16.761570 31.663183
 166.800000 0.207789 17.242206 31.663183
 167.000000 0.211001 16.642952 31.663183
 167.200000 0.209038 17.835347 31.663183
 167.400000 0.204572 18.598565 31.663183
 167.600000 0.201681 19.041983 31.663183
 167.800000 0.224037 14.916285 31.663183
 168.000000 0.214556 16.804611 31.663183
 168.200000 0.197702 20.014700 31.663183
 168.400000 0.190626 20.487620 31.663183
 168.600000 0.174468 20.385745 31.663183
 168.800000 0.168330 20.028342 31.663183
 169.000000 0.160539 19.732056 31.663183
 169.200000 0.187872 20.725776 31.663183
 169.400000 0.185122 20.829511 31.663183
 169.600000 0.167924 20.648822 31.663183
 169.800000 0.172541 20.805086 31.663183
 170.000000 0.165022 20.551565 31.628489
 170.200000 0.178387 21.387701 31.628489
 170.400000 0.181820 21.276220 31.628489
 170.600000 0.187497 20.969203 31.628489
 170.800000 0.189689 20.816554 31.628489
 171.000000 0.200820 19.766855 31.628489
 171.200000 0.197287 20.859238 31.628489
 171.400000 0.180353 21.617374 31.628489
 171.600000 0.169183 21.444301 31.628489
 171.800000 0.180899 21.612321 31.628489
 172.000000 0.191869 21.253854 31.628489
 172.200000 0.178300 22.074268 31.628489
 172.400000 0.150076 21.143518 31.628489
 172.600000 0.133730 22.100683 31.628489
 172.800000 0.159577 21.189150 31.628489
 173.000000 0.172474 21.836226 31.628489
 173.200000 0.217514 17.593807 31.628489
 173.400000 0.222102 16.396672 31.628489
 173.600000 0.234652 12.947483 31.628489
 173.800000 0.212678 18.793033 31.628489
 174.000000 0.185463 22.597815 31.628489
 174.200000 0.142594 21.555595 31.628489
 174.400000 0.138382 21.782552 31.628489
 174.600000 0.120302 23.779036 31.628489
 174.800000 0.122994 23.352165 31.628489
 175.000000 0.149823 21.397387 31.599381
 175.200000 0.159957 22.354948 31.599381
 175.400000 0.168022 22.875237 31.599381
 175.600000 0.142589 22.156293 31.599381
 175.800000 0.152157 22.090521 31.599381
 176.000000 0.189901 22.996389 31.599381
 176.200000 0.215335 18.379901 31.599381
 176.400000 0.240368 11.335477 31.599381
 176.600000 0.232080 13.685932 31.599381
 176.800000 0.229549 14.401975 31.599381
 177.000000 0.224257 15.886167 31.599381
 177.200000 0.202177 22.036678 31.599381
 177.400000 0.211338 20.072859 31.599381
 177.600000 0.230953 14.785930 31.599381
 177.800000 0.219586 18.014891 31.599381
 178.000000 0.229586 15.201142 31.599381
 178.200000 0.242141 11.892499 31.599381
 178.400000 0.240702 12.389504 31.599381
 178.600000 0.231630 15.458759 31.599381
 178.800000 0.235368 14.232258 31.599381
 179.000000 0.251052 9.054991 31.599381
 179.200000 0.234090 15.276055 31.599381
 179.400000 0.231655 15.956102 31.599381
 179.600000 0.235402 14.898136 31.599381
 179.800000 0.240386 13.406670 31.599381
 180.000000 0.263850 6.654200 31.566016
 180.200000 0.265787 7.402178 31.566016
 180.400000 0.253922 10.455739 31.566016
 180.600000 0.237018 14.683155 31.566016
 180.800000 0.231026 16.243150 31.566016
 181.000000 0.222364 18.275094 31.566016
 181.200000 0.204965 22.122060 31.566016
 181.400000 0.214466 20.587484 31.566016
 181.600000 0.213298 20.789866 31.566016
 181.800000 0.216012 20.311047 31.566016
 182.000000 0.229430 17.334405 31.566016
 182.200000 0.229929 18.007994 31.566016
 182.400000 0.248683 12.207469 31.566016
 182.600000 0.266791 7.149392 31.566016
 182.800000 0.273668 5.006348 31.566016
 183.000000 0.262682 8.364585 31.566016
 183.200000 0.267802 7.976330 31.566016
 183.400000 0.267506 8.075020 31.566016
 183.600000 0.274438 5.654519 31.566016
 183.800000 0.273161 6.108023 31.566016
 184.000000 0.276308 4.998610 31.566016
 184.200000 0.253932 12.223901 31.566016
 184.400000 0.248572 13.264556 31.566016
 184.600000 0.246388 13.743876 31.566016
 184.800000 0.248628 13.252961 31.566016
 185.000000 0.247104 13.582303 31.531521
 185.200000 0.275978 6.661802 31.531521
 185.400000 0.278016 5.922982 31.531521
 185.600000 0.285670 3.400885 31.531521
 185.800000 0.289407 2.421912 31.531521
 186.000000 0.282757 4.291635 31.531521
 186.200000 0.274232 8.528954 31.531521
 186.400000 0.276470 7.806142 31.531521
 186.600000 0.268496 10.228389 31.531521
 186.800000 0.254871 13.141618 31.531521
 187.000000 0.237124 16.941887 31.531521
 187.200000 0.235306 18.200748 31.531521
 187.400000 0.226168 20.012277 31.531521
 187.600000 0.213820 21.498288 31.531521
 187.800000 0.212294 21.653764 31.531521
 188.000000 0.236255 17.975342 31.531521
 188.200000 0.253666 14.206135 31.531521
 188.400000 0.275567 8.153196 31.531521
 188.600000 0.292859 2.850364 31.531521
 188.800000 0.288918 3.867568 31.531521
 189.000000 0.298948 1.625593 31.531521
 189.200000 0.291747 4.570462 31.531521
 189.400000 0.284110 6.309361 31.531521
 189.600000 0.261778 12.301057 31.531521
 189.800000 0.233540 19.377279 31.531521
 190.000000 0.239362 17.977189 31.497414
 190.200000 0.249725 15.818950 31.497414
 190.400000 0.260482 12.899846 31.497414
 190.600000 0.280292 7.332021 31.497414
 190.800000 0.272133 9.675021 31.497414
 191.000000 0.263479 12.102985 31.497414
 191.200000 0.250327 16.342375 31.497414
 191.400000 0.247744 16.975577 31.497414
 191.600000 0.253860 15.495950 31.497414
 191.800000 0.256613 14.842456 31.497414
 192.000000 0.244086 17.890494 31.497414
 192.200000 0.229096 21.384016 31.497414
 192.400000 0.233481 20.867702 31.497414
 192.600000 0.236271 20.410254 31.497414
 192.800000 0.251802 16.677578 31.497414
 193.000000 0.276407 9.211556 31.497414
 193.200000 0.285677 7.240935 31.497414
 193.400000 0.282985 8.123922 31.497414
 193.600000 0.269556 12.588418 31.497414
 193.800000 0.240479 19.608111 31.497414
 194.000000 0.219689 21.857455 31.497414
 194.200000 0.239124 20.178961 31.497414
 194.400000 0.248382 17.880618 31.497414
 194.600000 0.243451 19.126983 31.497414
 194.800000 0.242621 19.335189 31.497414
 195.000000 0.271319 12.047679 31.465217
 195.200000 0.292657 5.559009 31.465217
 195.400000 0.305071 2.598330 31.465217
 195.600000 0.297018 4.348054 31.465217
 195.800000 0.291132 6.028475 31.465217
 196.000000 0.269509 13.619504 31.465217
 196.200000 0.266940 15.270332 31.465217
 196.400000 0.316158 1.048816 31.465217
 196.600000 0.338579 0.046584 31.465217
 196.800000 0.318214 0.853634 31.465217
 197.000000 0.294078 5.391269 31.465217
 197.200000 0.274575 13.481045 31.465217
 197.400000 0.266486 15.633540 31.465217
 197.600000 0.272579 14.091634 31.465217
 197.800000 0.274185 13.604093 31.465217
 198.000000 0.246927 18.830563 31.465217
 198.200000 0.217098 22.684212 31.465217
 198.400000 0.195497 23.617973 31.465217
 198.600000 0.179631 23.922267 31.465217
 198.800000 0.165882 22.901310 31.465217
 199.000000 0.164282 22.763418 31.465217
 199.200000 0.184216 24.275565 31.465217
 199.400000 0.172388 24.018106 31.465217
 199.600000 0.148545 22.451488 31.465217
 199.800000 0.120663 23.827931 31.465217
 200.000000 0.118036 24.251180 31.448652
 200.200000 0.137680 22.696248 31.448652
 200.400000 0.111964 25.977362 31.448652
 200.600000 0.116753 25.070884 31.448652
 200.800000 0.125749 23.694610 31.448652
 201.000000 0.133454 22.943672 31.448652
 201.200000 0.151280 22.897624 31.448652
 201.400000 0.157148 23.045435 31.448652
 201.600000 0.170021 23.890004 31.448652
 201.800000 0.163878 23.448164 31.448652
 202.000000 0.160500 23.222902 31.448652
 202.200000 0.152267 23.442066 31.448652
 202.400000 0.138601 23.463306 31.448652
 202.600000 0.125545 24.307999 31.448652
 202.800000 0.150510 23.392671 31.448652
 203.000000 0.167028 24.244978 31.448652
 203.200000 0.188174 24.475183 31.448652
 203.400000 0.198705 23.539770 31.448652
 203.600000 0.172449 25.051374 31.448652
 203.800000 0.150654 23.723085 31.448652
 204.000000 0.129669 23.971650 31.448652
 204.200000 0.146676 23.892826 31.448652
 204.400000 0.188185 24.474294 31.448652
 204.600000 0.198066 23.595635 31.448652
 204.800000 0.186173 24.628300 31.448652
 205.000000 0.168695 24.944567 31.437491
 205.200000 0.158341 24.769551 31.437491
 205.400000 0.162837 25.145371 31.437491
 205.600000 0.160366 24.941850 31.437491
 205.800000 0.163003 25.158592 31.437491
 206.000000 0.162484 25.117082 31.437491
 206.200000 0.151565 24.713726 31.437491
 206.400000 0.154862 24.992721 31.437491
 206.600000 0.141813 24.289567 31.437491
 206.800000 0.151338 24.696317 31.437491
 207.000000 0.175930 25.972020 31.437491
 207.200000 0.190089 24.979402 31.437491
 207.400000 0.180181 26.217199 31.437491
 207.600000 0.190862 24.869915 31.437491
 207.800000 0.197450 23.973840 31.437491
 208.000000 0.186418 25.486378 31.437491
 208.200000 0.206462 23.307071 31.437491
 208.400000 0.228970 22.364299 31.437491
 208.600000 0.245232 19.911505 31.437491
 208.800000 0.252089 18.646677 31.437491
 209.000000 0.238447 21.178784 31.437491
 209.200000 0.231520 22.752310 31.437491
 209.400000 0.219693 23.031089 31.437491
 209.600000 0.219720 23.031300 31.437491
 209.800000 0.217782 23.017177 31.437491
 210.000000 0.212595 23.055664 31.427578
 210.200000 0.193629 25.269144 31.427578
 210.400000 0.206417 23.955207 31.427578
 210.600000 0.214183 23.649873 31.427578
 210.800000 0.243930 20.869675 31.427578
 211.000000 0.250647 19.413993 31.427578
 211.200000 0.242153 21.880943 31.427578
 211.400000 0.255466 19.136654 31.427578
 211.600000 0.270234 15.353950 31.427578
 211.800000 0.271559 14.916442 31.427578
 212.000000 0.297793 5.652448 31.427578
 212.200000 0.295372 7.720700 31.427578
 212.400000 0.279738 12.581203 31.427578
 212.600000 0.263605 17.371866 31.427578
 212.800000 0.280647 12.281753 31.427578
 213.000000 0.285124 10.828891 31.427578
 213.200000 0.267318 16.957914 31.427578
 213.400000 0.261722 18.130974 31.427578
 213.600000 0.267067 17.014853 31.427578
 213.800000 0.267416 16.935642 31.427578
 214.000000 0.266991 17.032037 31.427578
 214.200000 0.256829 19.706763 31.427578
 214.400000 0.255360 19.936836 31.427578
 214.600000 0.239260 22.552548 31.427578
 214.800000 0.262529 18.756466 31.427578
 215.000000 0.300818 6.820033 31.395822
 215.200000 0.305968 6.317276 31.395822
 215.400000 0.291229 11.212224 31.395822
 215.600000 0.274286 16.188597 31.395822
 215.800000 0.276192 15.662944 31.395822
 216.000000 0.273819 16.314034 31.395822
 216.200000 0.256980 20.148414 31.395822
 216.400000 0.266180 18.861130 31.395822
 216.600000 0.262846 19.395436 31.395822
 216.800000 0.240135 22.488174 31.395822
 217.000000 0.248970 21.174028 31.395822
 217.200000 0.266285 19.191886 31.395822
 217.400000 0.286827 13.147820 31.395822
 217.600000 0.296965 9.663508 31.395822
 217.800000 0.293875 10.746123 31.395822
 218.000000 0.287799 12.819033 31.395822
 218.200000 0.265854 19.617262 31.395822
 218.400000 0.255833 21.000103 31.395822
 218.600000 0.255042 21.098925 31.395822
 218.800000 0.244826 22.457570 31.395822
 219.000000 0.232022 23.746995 31.395822
 219.200000 0.190738 25.658533 31.395822
 219.400000 0.173504 27.009713 31.395822
 219.600000 0.174806 27.010139 31.395822
 219.800000 0.195760 25.030198 31.395822
 220.000000 0.206217 24.123866 31.373728
 220.200000 0.224680 24.675839 31.373728
 220.400000 0.200280 25.096392 31.373728
 220.600000 0.186080 26.470540 31.373728
 220.800000 0.149783 24.733545 31.373728
 221.000000 0.135808 24.377702 31.373728
 221.200000 0.153043 25.355481 31.373728
 221.400000 0.153542 25.398884 31.373728
 221.600000 0.151424 25.226115 31.373728
 221.800000 0.129392 25.202267 31.373728
 222.000000 0.131871 25.097636 31.373728
 222.200000 0.145065 25.307791 31.373728
 222.400000 0.164774 26.628332 31.373728
 222.600000 0.157205 25.898182 31.373728
 222.800000 0.177148 27.064401 31.373728
 223.000000 0.150457 25.423281 31.373728
 223.200000 0.104564 27.997579 31.373728
 223.400000 0.093088 30.707298 31.373728
 223.600000 0.108281 27.394643 31.373728
 223.800000 0.122299 26.177857 31.373728
 224.000000 0.147978 25.897131 31.373728
 224.200000 0.138235 26.287904 31.373728
 224.400000 0.131031 26.236831 31.373728
 224.600000 0.118421 26.452970 31.373728
 224.800000 0.119978 26.381229 31.373728
 225.000000 0.118379 26.455129 31.390847
 225.200000 0.138213 26.511805 31.390847
 225.400000 0.144899 26.486849 31.390847
 225.600000 0.125104 26.737979 31.390847
 225.800000 0.112017 27.443427 31.390847
 226.000000 0.108018 27.871570 31.390847
 226.200000 0.106930 28.516152 31.390847
 226.400000 0.124172 27.046742 31.390847
 226.600000 0.135384 26.642203 31.390847
 226.800000 0.156874 26.865970 31.390847
 227.000000 0.162447 27.170969 31.390847
 227.200000 0.154386 27.193284 31.390847
 227.400000 0.166722 27.858866 31.390847
 227.600000 0.171572 27.859835 31.390847
 227.800000 0.166430 27.851796 31.390847
 228.000000 0.166767 27.859897 31.390847
 228.200000 0.157242 27.790136 31.390847
 228.400000 0.125321 27.025343 31.390847
 228.600000 0.106496 28.574001 31.390847
 228.800000 0.123844 27.088746 31.390847
 229.000000 0.145885 26.989465 31.390847
 229.200000 0.141741 27.354583 31.390847
 229.400000 0.137841 27.253604 31.390847
 229.600000 0.116075 27.642797 31.390847
 229.800000 0.108523 28.338173 31.390847
 230.000000 0.147387 27.587119 31.453222
 230.200000 0.158362 28.645667 31.453222
 230.400000 0.125505 27.402403 31.453222
 230.600000 0.118377 27.574892 31.453222
 230.800000 0.111846 28.018383 31.453222
 231.000000 0.124675 27.406916 31.453222
 231.200000 0.123057 27.940679 31.453222
 231.400000 0.128730 27.916277 31.453222
 231.600000 0.144784 28.181254 31.453222
 231.800000 0.137139 28.010313 31.453222
 232.000000 0.104732 29.056198 31.453222
 232.200000 0.094698 31.209337 31.453222
 232.400000 0.096775 30.791871 31.453222
 232.600000 0.097913 30.578210 31.453222
 232.800000 0.090261 32.186694 31.453222
 233.000000 0.052755 36.015181 31.453222
 233.200000 0.059887 35.923779 31.453222
 233.400000 0.072032 35.185525 31.453222
 233.600000 0.079982 34.315989 31.453222
 233.800000 0.099309 30.333646 31.453222
 234.000000 0.113791 28.653381 31.453222
 234.200000 0.096568 31.088491 31.453222
 234.400000 0.094261 31.516957 31.453222
 234.600000 0.109129 29.513639 31.453222
 234.800000 0.099617 30.593445 31.453222
 235.000000 0.110593 29.389431 31.814795
 235.200000 0.117953 29.275799 31.814795
 235.400000 0.144049 28.276323 31.814795
 235.600000 0.148570 28.359801 31.814795
 235.800000 0.144923 28.287080 31.814795
 236.000000 0.106040 30.255705 31.814795
 236.200000 0.093503 32.233930 31.814795
 236.400000 0.104279 30.876924 31.814795
 236.600000 0.127955 28.767450 31.814795
 236.800000 0.113556 30.023435 31.814795
 237.000000 0.103775 30.925832 31.814795
 237.200000 0.101909 31.551776 31.814795
 237.400000 0.098336 31.941002 31.814795
 237.600000 0.100876 31.657894 31.814795
 237.800000 0.123613 29.280104 31.814795
 238.000000 0.103827 31.362035 31.814795
 238.200000 0.103590 31.817943 31.814795
 238.400000 0.103586 31.818366 31.814795
 238.600000 0.117589 30.214081 31.814795
 238.800000 0.104927 31.686665 31.814795
 239.000000 0.088563 33.619573 31.814795
 239.200000 0.101068 32.339748 31.814795
 239.400000 0.094728 33.125739 31.814795
 239.600000 0.101504 32.290148 31.814795
 239.800000 0.128528 28.963992 31.814795
 240.000000 0.130059 28.832935 32.149193
 240.200000 0.122563 30.042250 32.149193
 240.400000 0.109874 31.504332 32.149193
 240.600000 0.107993 31.704829 32.149193
 240.800000 0.096706 32.905416 32.149193
 241.000000 0.081728 34.915763 32.149193
 241.200000 0.091172 33.948466 32.149193
 241.400000 0.091780 33.854122 32.149193
 241.600000 0.080661 35.394981 32.149193
 241.800000 0.115492 30.894127 32.149193
 242.000000 0.138538 28.793813 32.149193
 242.200000 0.174320 28.427697 32.149193
 242.400000 0.205673 24.771103 32.149193
 242.600000 0.185582 27.000137 32.149193
 242.800000 0.186245 26.904954 32.149193
 243.000000 0.179118 27.894110 32.149193
 243.200000 0.196794 25.763521 32.149193
 243.400000 0.220388 24.635863 32.149193
 243.600000 0.214285 24.584285 32.149193
 243.800000 0.200884 25.281632 32.149193
 244.000000 0.199746 25.404102 32.149193
 244.200000 0.221966 24.845251 32.149193
 244.400000 0.217671 24.875157 32.149193
 244.600000 0.214764 24.924703 32.149193
 244.800000 0.205379 25.421487 32.149193
 245.000000 0.206653 25.321858 32.340325
 245.200000 0.210848 25.608049 32.340325
 245.400000 0.203002 26.181158 32.340325
 245.600000 0.208694 25.743748 32.340325
 245.800000 0.201235 26.337942 32.340325
 246.000000 0.203432 26.144581 32.340325
 246.200000 0.203582 26.677973 32.340325
 246.400000 0.209661 26.181183 32.340325
 246.600000 0.231918 24.777202 32.340325
 246.800000 0.245056 22.897772 32.340325
 247.000000 0.247627 22.457907 32.340325
 247.200000 0.230418 25.244561 32.340325
 247.400000 0.214780 25.880607 32.340325
 247.600000 0.234007 24.985909 32.340325
 247.800000 0.256158 21.675154 32.340325
 248.000000 0.277406 17.124214 32.340325
 248.200000 0.280315 17.055225 32.340325
 248.400000 0.268677 20.063922 32.340325
 248.600000 0.259237 21.556973 32.340325
 248.800000 0.260708 21.355453 32.340325
 249.000000 0.243316 23.874125 32.340325
 249.200000 0.215198 25.961771 32.340325
 249.400000 0.200801 26.929169 32.340325
 249.600000 0.206810 26.453889 32.340325
 249.800000 0.242766 24.559424 32.340325
 250.000000 0.238824 25.071925 32.325488
 250.200000 0.222807 26.115373 32.325488
 250.400000 0.206850 26.508993 32.325488
 250.600000 0.189329 27.952590 32.325488
 250.800000 0.190479 27.846144 32.325488
 251.000000 0.210337 26.303833 32.325488
 251.200000 0.221391 26.513212 32.325488
 251.400000 0.210505 26.837549 32.325488
 251.600000 0.199151 27.495275 32.325488
 251.800000 0.213759 26.692186 32.325488
 252.000000 0.215366 26.635638 32.325488
 252.200000 0.196531 27.902593 32.325488
 252.400000 0.175392 29.169363 32.325488
 252.600000 0.174501 29.210788 32.325488
 252.800000 0.181284 28.811381 32.325488
 253.000000 0.230483 26.695088 32.325488
 253.200000 0.236374 26.694711 32.325488
 253.400000 0.217212 27.473751 32.325488
 253.600000 0.186684 28.445156 32.325488
 253.800000 0.180216 28.885709 32.325488
 254.000000 0.184537 28.587012 32.325488
 254.200000 0.194723 28.402879 32.325488
 254.400000 0.207518 27.779848 32.325488
 254.600000 0.206606 27.815722 32.325488
 254.800000 0.207505 27.780343 32.325488
 255.000000 0.213783 27.581197 32.340692
 255.200000 0.249930 24.155493 32.340692
 255.400000 0.249610 24.226102 32.340692
 255.600000 0.226177 27.764225 32.340692
 255.800000 0.206755 28.268637 32.340692
 256.000000 0.208913 28.213053 32.340692
 256.200000 0.215057 28.522719 32.340692
 256.400000 0.221241 28.281341 32.340692
 256.600000 0.216673 28.464660 32.340692
 256.800000 0.203769 28.814637 32.340692
 257.000000 0.201150 28.850490 32.340692
 257.200000 0.201447 29.330541 32.340692
 257.400000 0.194254 29.394045 32.340692
 257.600000 0.173684 29.755195 32.340692
 257.800000 0.187192 29.488256 32.340692
 258.000000 0.220015 28.553402 32.340692
 258.200000 0.213105 29.380897 32.340692
 258.400000 0.218662 29.122369 32.340692
 258.600000 0.208780 29.510024 32.340692
 258.800000 0.181349 29.645705 32.340692
 259.000000 0.188494 29.517681 32.340692
 259.200000 0.190209 29.971939 32.340692
 259.400000 0.181827 30.060081 32.340692
 259.600000 0.160342 29.467507 32.340692
 259.800000 0.167839 29.862124 32.340692
 260.000000 0.193917 29.944241 32.394890
 260.200000 0.207162 30.067036 32.394890
 260.400000 0.184000 30.405548 32.394890
 260.600000 0.182343 30.396307 32.394890
 260.800000 0.203738 30.215769 32.394890
 261.000000 0.199097 30.342253 32.394890
 261.200000 0.206285 30.513613 32.394890
 261.400000 0.211482 30.135560 32.394890
 261.600000 0.202668 30.692105 32.394890
 261.800000 0.197159 30.823284 32.394890
 262.000000 0.187208 30.747797 32.394890
 262.200000 0.171994 30.520357 32.394890
 262.400000 0.172068 30.525615 32.394890
 262.600000 0.161841 29.720600 32.394890
 262.800000 0.145658 29.117245 32.394890
 263.000000 0.145786 29.116057 32.394890
 263.200000 0.182186 31.079713 32.394890
 263.400000 0.184527 31.144416 32.394890
 263.600000 0.193963 31.235787 32.394890
 263.800000 0.185915 31.176903 32.394890
 264.000000 0.149990 29.586604 32.394890
 264.200000 0.148319 30.047543 32.394890
 264.400000 0.156295 30.149827 32.394890
 264.600000 0.166071 30.517538 32.394890
 264.800000 0.178556 31.026789 32.394890
 265.000000 0.175355 30.916915 32.493427
 265.200000 0.165643 30.855821 32.493427
 265.400000 0.157438 30.396092 32.493427
 265.600000 0.177331 31.424128 32.493427
 265.800000 0.185706 31.546806 32.493427
 266.000000 0.167573 30.972443 32.493427
 266.200000 0.169002 31.493314 32.493427
 266.400000 0.186009 31.753622 32.493427
 266.600000 0.224864 28.902601 32.493427
 266.800000 0.221727 29.234574 32.493427
 267.000000 0.226602 28.709769 32.493427
 267.200000 0.228824 28.924768 32.493427
 267.400000 0.220079 29.847179 32.493427
 267.600000 0.190115 31.689490 32.493427
 267.800000 0.203774 31.135344 32.493427
 268.000000 0.215161 30.272413 32.493427
 268.200000 0.238933 27.254106 32.493427
 268.400000 0.241147 26.705173 32.493427
 268.600000 0.226201 29.588574 32.493427
 268.800000 0.214145 30.810869 32.493427
 269.000000 0.196452 31.704337 32.493427
 269.200000 0.181645 32.103287 32.493427
 269.400000 0.176063 31.942343 32.493427
 269.600000 0.186952 32.176511 32.493427
 269.800000 0.180111 32.070232 32.493427
 270.000000 0.184785 32.153162 32.621526
 270.200000 0.194564 32.500429 32.621526
 270.400000 0.192351 32.552652 32.621526
 270.600000 0.187345 32.591512 32.621526
 270.800000 0.175208 32.248917 32.621526
 271.000000 0.179543 32.448910 32.621526
 271.200000 0.191917 32.853497 32.621526
 271.400000 0.210920 31.462225 32.621526
 271.600000 0.212260 31.318154 32.621526
 271.800000 0.205033 32.043952 32.621526
 272.000000 0.202074 32.288696 32.621526
 272.200000 0.203914 32.552816 32.621526
 272.400000 0.199846 32.861304 32.621526
 272.600000 0.186992 33.204841 32.621526
 272.800000 0.190482 33.203766 32.621526
 273.000000 0.190943 33.198482 32.621526
 273.200000 0.210755 31.997131 32.621526
 273.400000 0.218653 30.899450 32.621526
 273.600000 0.194973 33.486959 32.621526
 273.800000 0.192246 33.574700 32.621526
 274.000000 0.170862 32.518858 32.621526
 274.200000 0.156014 31.138277 32.621526
 274.400000 0.150311 30.655797 32.621526
 274.600000 0.160833 31.687474 32.621526
 274.800000 0.160074 31.594891 32.621526
 275.000000 0.158183 31.372469 32.843135
 275.200000 0.141692 30.508378 32.843135
 275.400000 0.121725 30.640582 32.843135
 275.600000 0.117860 30.932887 32.843135
 275.800000 0.164275 32.522907 32.843135
 276.000000 0.178995 33.777011 32.843135
 276.200000 0.171818 33.665093 32.843135
 276.400000 0.150899 31.147359 32.843135
 276.600000 0.142838 30.580410 32.843135
 276.800000 0.153487 31.403136 32.843135
 277.000000 0.151146 31.170209 32.843135
 277.200000 0.142455 30.930261 32.843135
 277.400000 0.167043 33.373193 32.843135
 277.600000 0.151112 31.603552 32.843135
 277.800000 0.141107 30.848339 32.843135
 278.000000 0.107676 31.910023 32.843135
 278.200000 0.094450 33.741317 32.843135
 278.400000 0.081475 35.403542 32.843135
 278.600000 0.067578 35.911222 32.843135
 278.800000 0.071731 35.876855 32.843135
 279.000000 0.080710 35.473456 32.843135
 279.200000 0.101659 33.060934 32.843135
 279.400000 0.085213 35.332229 32.843135
 279.600000 0.098140 33.480900 32.843135
 279.800000 0.103522 32.854446 32.843135
 280.000000 0.092428 34.274462 33.224663
 280.200000 0.097905 33.866438 33.224663
 280.400000 0.096444 34.068622 33.224663
 280.600000 0.101246 33.427470 33.224663
 280.800000 0.095600 34.188404 33.224663
 281.000000 0.073096 36.339712 33.224663
 281.200000 0.076239 36.659502 33.224663
 281.400000 0.085893 35.826944 33.224663
 281.600000 0.095175 34.366337 33.224663
 281.800000 0.095038 34.387807 33.224663
 282.000000 0.092892 34.729989 33.224663
 282.200000 0.079975 36.733080 33.224663
 282.400000 0.070546 36.769099 33.224663
 282.600000 0.069442 36.730739 33.224663
 282.800000 0.071095 36.787218 33.224663
 283.000000 0.076756 36.853190 33.224663
 283.200000 0.072550 37.155199 33.224663
 283.400000 0.078386 37.146389 33.224663
 283.600000 0.079740 37.078747 33.224663
 283.800000 0.074428 37.196946 33.224663
 284.000000 0.080459 37.031830 33.224663
 284.200000 0.091795 35.737180 33.224663
 284.400000 0.095596 35.023044 33.224663
 284.600000 0.062507 36.938821 33.224663
 284.800000 0.068320 37.222416 33.224663
 285.000000 0.081308 37.302045 33.982367
 285.200000 0.105464 33.425549 33.982367
 285.400000 0.094649 35.423007 33.982367
 285.600000 0.072511 37.725674 33.982367
 285.800000 0.059747 36.996373 33.982367
 286.000000 0.052290 36.858712 33.982367
 286.200000 0.017615 15.168613 33.982367
 286.400000 0.034277 30.770145 33.982367
 286.600000 0.050418 37.090405 33.982367
 286.800000 0.068038 37.625273 33.982367
 287.000000 0.054339 37.251291 33.982367
 287.200000 0.067333 37.812988 33.982367
 287.400000 0.049331 37.307114 33.982367
 287.600000 0.050063 37.381337 33.982367
 287.800000 0.054730 37.589402 33.982367
 288.000000 0.061543 37.627360 33.982367
 288.200000 0.071709 38.256815 33.982367
 288.400000 0.052634 37.815520 33.982367
 288.600000 0.037577 33.296061 33.982367
 288.800000 0.032848 29.819915 33.982367
 289.000000 0.019534 17.036347 33.982367
 289.200000 0.028049 26.185750 33.982367
 289.400000 0.030356 28.281450 33.982367
 289.600000 0.029425 27.451479 33.982367
 289.800000 0.045282 36.942322 33.982367
 290.000000 0.054368 37.930419 34.653334
 290.200000 0.071841 38.423537 34.653334
 290.400000 0.069622 38.391977 34.653334
 290.600000 0.048048 37.785232 34.653334
 290.800000 0.044338 36.946038 34.653334
 291.000000 0.041717 36.004231 34.653334
 291.200000 0.055164 38.497777 34.653334
 291.400000 0.058734 38.444710 34.653334
 291.600000 0.058614 38.446885 34.653334
 291.800000 0.056175 38.487640 34.653334
 292.000000 0.065883 38.406679 34.653334
 292.200000 0.079786 38.334767 34.653334
 292.400000 0.075854 38.652513 34.653334
 292.600000 0.064277 38.710297 34.653334
 292.800000 0.068289 38.748924 34.653334
 293.000000 0.051182 38.612580 34.653334
 293.200000 0.048250 38.601858 34.653334
 293.400000 0.050510 38.873689 34.653334
 293.600000 0.047632 38.497700 34.653334
 293.800000 0.027505 26.064313 34.653334
 294.000000 0.030574 28.970887 34.653334
 294.200000 0.027464 26.494988 34.653334
 294.400000 0.026505 25.541493 34.653334
 294.600000 0.024735 23.747173 34.653334
 294.800000 0.025523 24.551347 34.653334
 295.000000 0.034105 32.448127 35.306027
 295.200000 0.021607 20.814504 35.306027
 295.400000 0.029178 28.546043 35.306027
 295.600000 0.024588 23.933309 35.306027
 295.800000 0.031633 30.803890 35.306027
 296.000000 0.024469 23.809893 35.306027
 296.200000 0.031100 30.879598 35.306027
 296.400000 0.045297 38.809684 35.306027
 296.600000 0.068894 38.961646 35.306027
 296.800000 0.086176 37.357997 35.306027
 297.000000 0.112092 32.359130 35.306027
 297.200000 0.114893 32.350920 35.306027
 297.400000 0.111332 32.890137 35.306027
 297.600000 0.109688 33.145777 35.306027
 297.800000 0.106857 33.591501 35.306027
 298.000000 0.095023 35.662697 35.306027
 298.200000 0.114603 32.545775 35.306027
 298.400000 0.128675 30.930571 35.306027
 298.600000 0.101648 34.767416 35.306027
 298.800000 0.098206 35.401520 35.306027
 299.000000 0.089396 37.148432 35.306027
 299.200000 0.074390 39.184360 35.306027
 299.400000 0.069340 39.180729 35.306027
 299.600000 0.070657 39.192669 35.306027
 299.800000 0.054748 39.444082 35.306027
 300.000000 0.084229 38.389886 35.750022
 300.200000 0.102472 35.000087 35.750022
 300.400000 0.115112 32.577956 35.750022
 300.600000 0.110753 33.372494 35.750022
 300.800000 0.102233 35.048658 35.750022
 301.000000 0.086739 38.291852 35.750022
 301.200000 0.092864 37.340179 35.750022
 301.400000 0.100805 35.545735 35.750022
 301.600000 0.103158 35.035596 35.750022
 301.800000 0.077189 39.634086 35.750022
 302.000000 0.044943 38.749655 35.750022
 302.200000 0.043826 38.768272 35.750022
 302.400000 0.063673 39.527791 35.750022
 302.600000 0.102624 35.150462 35.750022
 302.800000 0.104094 34.835464 35.750022
 303.000000 0.109911 33.628421 35.750022
 303.200000 0.120861 32.006726 35.750022
 303.400000 0.111928 33.617096 35.750022
 303.600000 0.122223 31.808572 35.750022
 303.800000 0.122259 31.803626 35.750022
 304.000000 0.127571 31.211902 35.750022
 304.200000 0.116158 33.129558 35.750022
 304.400000 0.133860 31.306585 35.750022
 304.600000 0.137503 31.253878 35.750022
 304.800000 0.129058 31.536218 35.750022
 305.000000 0.135837 31.266665 36.080361
 305.200000 0.123879 32.329830 36.080361
 305.400000 0.130603 31.850143 36.080361
 305.600000 0.133827 31.738271 36.080361
 305.800000 0.132793 31.766691 36.080361
 306.000000 0.122858 32.435210 36.080361
 306.200000 0.132148 32.128291 36.080361
 306.400000 0.142055 31.886561 36.080361
 306.600000 0.144652 31.899546 36.080361
 306.800000 0.141176 31.889936 36.080361
 307.000000 0.148112 31.969554 36.080361
 307.200000 0.154908 32.690124 36.080361
 307.400000 0.143298 32.288563 36.080361
 307.600000 0.131947 32.373646 36.080361
 307.800000 0.112043 34.312494 36.080361
 308.000000 0.100466 36.188482 36.080361
 308.200000 0.095314 37.483988 36.080361
 308.400000 0.092754 37.964448 36.080361
 308.600000 0.113203 34.385787 36.080361
 308.800000 0.131551 32.427490 36.080361
 309.000000 0.123380 33.008426 36.080361
 309.200000 0.129775 32.878615 36.080361
 309.400000 0.134947 32.622073 36.080361
 309.600000 0.146808 32.475842 36.080361
 309.800000 0.151596 32.587432 36.080361
 310.000000 0.163884 33.372869 36.225219
 310.200000 0.166520 33.981417 36.225219
 310.400000 0.147223 32.694353 36.225219
 310.600000 0.132076 32.787693 36.225219
 310.800000 0.128978 32.956573 36.225219
 311.000000 0.142790 32.608506 36.225219
 311.200000 0.144621 33.039683 36.225219
 311.400000 0.130927 33.142937 36.225219
 311.600000 0.143572 33.026063 36.225219
 311.800000 0.155738 33.402381 36.225219
 312.000000 0.135956 33.026212 36.225219
 312.200000 0.139347 33.396742 36.225219
 312.400000 0.158256 33.679758 36.225219
 312.600000 0.157848 33.660241 36.225219
 312.800000 0.158005 33.667708 36.225219
 313.000000 0.154690 33.532582 36.225219
 313.200000 0.158520 34.072966 36.225219
 313.400000 0.141830 33.654822 36.225219
 313.600000 0.139276 33.628692 36.225219
 313.800000 0.126149 33.773458 36.225219
 314.000000 0.161560 34.207931 36.225219
 314.200000 0.154529 34.261692 36.225219
 314.400000 0.153786 34.229329 36.225219
 314.600000 0.150040 34.077349 36.225219
 314.800000 0.122303 34.008299 36.225219
 315.000000 0.122546 33.991651 36.312684
 315.200000 0.123772 34.297863 36.312684
 315.400000 0.126621 34.148793 36.312684
 315.600000 0.141137 33.975601 36.312684
 315.800000 0.138441 33.956762 36.312684
 316.000000 0.149454 34.132268 36.312684
 316.200000 0.151351 34.567942 36.312684
 316.400000 0.138111 34.242755 36.312684
 316.600000 0.130495 34.191853 36.312684
 316.800000 0.134355 34.191386 36.312684
 317.000000 0.136573 34.217543 36.312684
 317.200000 0.121778 34.733389 36.312684
 317.400000 0.126009 34.586405 36.312684
 317.600000 0.122295 34.709504 36.312684
 317.800000 0.147527 34.754523 36.312684
 318.000000 0.158609 34.917942 36.312684
 318.200000 0.137112 34.738482 36.312684
 318.400000 0.150296 35.105123 36.312684
 318.600000 0.177631 35.131794 36.312684
 318.800000 0.185616 34.687137 36.312684
 319.000000 0.175499 35.215634 36.312684
 319.200000 0.171696 35.675179 36.312684
 319.400000 0.172421 35.663532 36.312684
 319.600000 0.160619 35.544060 36.312684
 319.800000 0.117410 35.004978 36.312684
 320.000000 0.114835 35.207541 36.446962
 320.200000 0.108635 36.149546 36.446962
 320.400000 0.111131 35.905561 36.446962
 320.600000 0.142542 34.993243 36.446962
 320.800000 0.158105 35.468492 36.446962
 321.000000 0.168979 35.694155 36.446962
 321.200000 0.171453 36.030515 36.446962
 321.400000 0.159283 35.795826 36.446962
 321.600000 0.142944 35.082366 36.446962
 321.800000 0.138390 34.940874 36.446962
 322.000000 0.139952 34.984836 36.446962
 322.200000 0.154898 35.816245 36.446962
 322.400000 0.169264 36.104706 36.446962
 322.600000 0.140023 35.355276 36.446962
 322.800000 0.127427 35.127490 36.446962
 323.000000 0.123315 35.202043 36.446962
 323.200000 0.143042 35.599661 36.446962
 323.400000 0.156496 35.898673 36.446962
 323.600000 0.151988 35.781053 36.446962
 323.800000 0.152106 35.783976 36.446962
 324.000000 0.151875 35.778284 36.446962
 324.200000 0.148795 36.056983 36.446962
 324.400000 0.179421 35.757982 36.446962
 324.600000 0.178244 35.847096 36.446962
 324.800000 0.182352 35.508229 36.446962
 325.000000 0.186829 35.080118 36.598305
 325.200000 0.176083 36.276671 36.598305
 325.400000 0.180710 35.990152 36.598305
 325.600000 0.194765 34.539967 36.598305
 325.800000 0.207469 32.708236 36.598305
 326.000000 0.210725 32.188698 36.598305
 326.200000 0.183944 35.805013 36.598305
 326.400000 0.154134 36.220144 36.598305
 326.600000 0.128838 35.574868 36.598305
 326.800000 0.126527 35.576329 36.598305
 327.000000 0.129604 35.579930 36.598305
 327.200000 0.131300 35.955038 36.598305
 327.400000 0.151310 36.266842 36.598305
 327.600000 0.168038 36.499760 36.598305
 327.800000 0.158757 36.398489 36.598305
 328.000000 0.140916 36.109266 36.598305
 328.200000 0.124415 36.130516 36.598305
 328.400000 0.111579 36.426785 36.598305
 328.600000 0.100180 37.292392 36.598305
 328.800000 0.106555 36.727163 36.598305
 329.000000 0.138970 36.424786 36.598305
 329.200000 0.171389 36.537203 36.598305
 329.400000 0.209020 32.875939 36.598305
 329.600000 0.225904 30.106163 36.598305
 329.800000 0.224932 30.273718 36.598305
 330.000000 0.222470 30.689561 36.724780
 330.200000 0.208317 33.271024 36.724780
 330.400000 0.182944 35.906239 36.724780
 330.600000 0.179774 36.134125 36.724780
 330.800000 0.186558 35.616250 36.724780
 331.000000 0.180302 36.098882 36.724780
 331.200000 0.201420 34.268878 36.724780
 331.400000 0.227688 30.210792 36.724780
 331.600000 0.211457 32.868887 36.724780
 331.800000 0.203480 34.000783 36.724780
 332.000000 0.215342 32.279932 36.724780
 332.200000 0.221378 31.706387 36.724780
 332.400000 0.223907 31.249290 36.724780
 332.600000 0.230298 29.939393 36.724780
 332.800000 0.230001 30.006414 36.724780
 333.000000 0.236423 28.415936 36.724780
 333.200000 0.223105 31.729856 36.724780
 333.400000 0.208599 33.753850 36.724780
 333.600000 0.185992 36.051191 36.724780
 333.800000 0.199665 34.754817 36.724780
 334.000000 0.217703 32.549368 36.724780
 334.200000 0.230818 30.560702 36.724780
 334.400000 0.230122 30.722180 36.724780
 334.600000 0.239252 28.256024 36.724780
 334.800000 0.240715 27.800829 36.724780
 335.000000 0.241527 27.544520 36.770508
 335.200000 0.239052 28.823304 36.770508
 335.400000 0.244169 27.204635 36.770508
 335.600000 0.248787 25.703275 36.770508
 335.800000 0.256730 23.375817 36.770508
 336.000000 0.242667 27.693305 36.770508
 336.200000 0.234511 30.528173 36.770508
 336.400000 0.239481 29.192057 36.770508
 336.600000 0.237838 29.665459 36.770508
 336.800000 0.230418 31.408700 36.770508
 337.000000 0.227676 31.897963 36.770508
 337.200000 0.236013 30.517414 36.770508
 337.400000 0.226958 32.436463 36.770508
 337.600000 0.196324 35.297369 36.770508
 337.800000 0.189076 35.865005 36.770508
 338.000000 0.177238 36.656108 36.770508
 338.200000 0.187251 36.280198 36.770508
 338.400000 0.170027 37.162639 36.770508
 338.600000 0.183284 36.613833 36.770508
 338.800000 0.188368 36.179803 36.770508
 339.000000 0.182434 36.679613 36.770508
 339.200000 0.164764 37.282819 36.770508
 339.400000 0.170014 37.404884 36.770508
 339.600000 0.173008 37.414292 36.770508
 339.800000 0.161740 37.185658 36.770508
 340.000000 0.156265 37.035214 36.901929
 340.200000 0.157786 37.405533 36.901929
 340.400000 0.179599 37.309370 36.901929
 340.600000 0.206773 34.650230 36.901929
 340.800000 0.208734 34.465252 36.901929
 341.000000 0.220478 33.301314 36.901929
 341.200000 0.225223 33.078766 36.901929
 341.400000 0.231717 31.857737 36.901929
 341.600000 0.247918 26.704274 36.901929
 341.800000 0.267202 20.976117 36.901929
 342.000000 0.250978 25.631082 36.901929
 342.200000 0.241972 29.301519 36.901929
 342.400000 0.240454 29.792133 36.901929
 342.600000 0.223067 33.480486 36.901929
 342.800000 0.209481 34.708770 36.901929
 343.000000 0.204431 35.098656 36.901929
 343.200000 0.181607 37.289922 36.901929
 343.400000 0.204126 35.488747 36.901929
 343.600000 0.208600 35.129707 36.901929
 343.800000 0.195430 36.178232 36.901929
 344.000000 0.203831 35.511579 36.901929
 344.200000 0.196359 36.419720 36.901929
 344.400000 0.214894 34.840743 36.901929
 344.600000 0.232933 31.953476 36.901929
 344.800000 0.250317 26.421716 36.901929
 345.000000 0.255289 24.761252 36.956904
 345.200000 0.255267 25.348885 36.956904
 345.400000 0.250022 27.070021 36.956904
 345.600000 0.242945 29.414922 36.956904
 345.800000 0.230232 32.699332 36.956904
 346.000000 0.215175 34.824920 36.956904
 346.200000 0.245283 28.703284 36.956904
 346.400000 0.282516 16.561520 36.956904
 346.600000 0.288798 14.173567 36.956904
 346.800000 0.280995 17.118695 36.956904
 347.000000 0.269324 21.056653 36.956904
 347.200000 0.266609 22.564937 36.956904
 347.400000 0.252730 26.557445 36.956904
 347.600000 0.200673 36.340631 36.956904
 347.800000 0.155324 37.353999 36.956904
 348.000000 0.133390 36.725604 36.956904
 348.200000 0.127712 36.798549 36.956904
 348.400000 0.120239 36.557472 36.956904
 348.600000 0.118167 36.534139 36.956904
 348.800000 0.136436 37.197456 36.956904
 349.000000 0.126482 36.745089 36.956904
 349.200000 0.139390 37.532348 36.956904
 349.400000 0.142800 37.561823 36.956904
 349.600000 0.119083 36.842878 36.956904
 349.800000 0.107344 36.935907 36.956904
 350.000000 0.103991 37.109494 37.125046
 350.200000 0.101297 37.636252 37.125046
 350.400000 0.111513 37.116845 37.125046
 350.600000 0.093156 38.504165 37.125046
 350.800000 0.088432 39.108667 37.125046
 351.000000 0.092844 38.544273 37.125046
 351.200000 0.107859 37.430515 37.125046
 351.400000 0.110794 37.289624 37.125046
 351.600000 0.130881 37.353178 37.125046
 351.800000 0.119763 37.112738 37.125046
 352.000000 0.099413 38.085106 37.125046
 352.200000 0.123462 37.238853 37.125046
 352.400000 0.105119 37.899382 37.125046
 352.600000 0.086365 39.857187 37.125046
 352.800000 0.085444 39.935502 37.125046
 353.000000 0.078885 40.205660 37.125046
 353.200000 0.093568 39.243598 37.125046
 353.400000 0.111002 37.548036 37.125046
 353.600000 0.124049 37.246854 37.125046
 353.800000 0.107313 37.788357 37.125046
 354.000000 0.105939 37.894371 37.125046
 354.200000 0.116528 37.562996 37.125046
 354.400000 0.101146 38.640657 37.125046
 354.600000 0.096364 39.146530 37.125046
 354.800000 0.074063 40.393765 37.125046
 355.000000 0.063019 39.785977 37.606530
 355.200000 0.081169 40.686446 37.606530
 355.400000 0.101455 38.621788 37.606530
 355.600000 0.089002 40.063190 37.606530
 355.800000 0.087981 40.176207 37.606530
 356.000000 0.102372 38.534700 37.606530
 356.200000 0.110998 38.121579 37.606530
 356.400000 0.105278 38.585650 37.606530
 356.600000 0.109096 38.267332 37.606530
 356.800000 0.085815 40.562412 37.606530
 357.000000 0.093227 39.813893 37.606530
 357.200000 0.099246 39.428814 37.606530
 357.400000 0.083774 40.942194 37.606530
 357.600000 0.073268 40.751023 37.606530
 357.800000 0.061599 40.103404 37.606530
 358.000000 0.100775 39.262984 37.606530
 358.200000 0.113323 38.292874 37.606530
 358.400000 0.125888 37.598657 37.606530
 358.600000 0.109937 38.613660 37.606530
 358.800000 0.115506 38.107243 37.606530
 359.000000 0.113347 38.290749 37.606530
 359.200000 0.104850 39.407458 37.606530
 359.400000 0.095770 40.267395 37.606530
 359.600000 0.110829 38.839499 37.606530
 359.800000 0.112722 38.664963 37.606530
 360.000000 0.108002 39.107038 38.044105
 360.200000 0.071541 40.692798 38.044105
 360.400000 0.073036 40.817157 38.044105
 360.600000 0.117813 38.487373 38.044105
 360.800000 0.110226 39.199327 38.044105
 361.000000 0.103579 39.821568 38.044105
 361.200000 0.133344 37.829402 38.044105
 361.400000 0.125476 38.092317 38.044105
 361.600000 0.107754 39.722749 38.044105
 361.800000 0.092482 40.981845 38.044105
 362.000000 0.088541 41.213019 38.044105
 362.200000 0.083482 41.618872 38.044105
 362.400000 0.075511 41.245447 38.044105
 362.600000 0.067348 40.481672 38.044105
 362.800000 0.086868 41.561621 38.044105
 363.000000 0.083134 41.617420 38.044105
 363.200000 0.096975 41.072528 38.044105
 363.400000 0.101490 40.618393 38.044105
 363.600000 0.093450 41.395523 38.044105
 363.800000 0.064906 40.441127 38.044105
 364.000000 0.063130 40.336034 38.044105
 364.200000 0.073386 41.502854 38.044105
 364.400000 0.090327 41.695098 38.044105
 364.600000 0.105467 40.187695 38.044105
 364.800000 0.082932 42.011091 38.044105
 365.000000 0.107310 39.971719 38.608838
 365.200000 0.103182 40.730012 38.608838
 365.400000 0.087969 41.979982 38.608838
 365.600000 0.089009 41.927551 38.608838
 365.800000 0.085998 42.054502 38.608838
 366.000000 0.069231 41.102128 38.608838
 366.200000 0.074745 41.917380 38.608838
 366.400000 0.067535 41.221097 38.608838
 366.600000 0.068011 41.265184 38.608838
 366.800000 0.041825 38.383011 38.608838
 367.000000 0.038190 36.540625 38.608838
 367.200000 0.061536 40.909502 38.608838
 367.400000 0.051860 40.743144 38.608838
 367.600000 0.073457 41.822767 38.608838
 367.800000 0.087023 42.159864 38.608838
 368.000000 0.073233 41.802417 38.608838
 368.200000 0.073434 42.092566 38.608838
 368.400000 0.065917 41.383962 38.608838
 368.600000 0.068501 41.614351 38.608838
 368.800000 0.085068 42.437747 38.608838
 369.000000 0.078083 42.420092 38.608838
 369.200000 0.065252 41.515000 38.608838
 369.400000 0.087228 42.544729 38.608838
 369.600000 0.111695 39.760213 38.608838
 369.800000 0.145558 37.647175 38.608838
 370.000000 0.175333 37.662849 39.076693
 370.200000 0.162301 37.823467 39.076693
 370.400000 0.134014 37.886715 39.076693
 370.600000 0.109619 40.035596 39.076693
 370.800000 0.102038 40.988794 39.076693
 371.000000 0.107454 40.318136 39.076693
 371.200000 0.115113 39.566632 39.076693
 371.400000 0.129148 38.149893 39.076693
 371.600000 0.153797 37.654772 39.076693
 371.800000 0.122768 38.637113 39.076693
 372.000000 0.104287 41.002189 39.076693
 372.200000 0.084222 42.913438 39.076693
 372.400000 0.099204 41.834862 39.076693
 372.600000 0.125001 38.540993 39.076693
 372.800000 0.107183 40.919842 39.076693
 373.000000 0.095151 42.220573 39.076693
 373.200000 0.104873 41.429416 39.076693
 373.400000 0.111789 40.418912 39.076693
 373.600000 0.134046 37.993495 39.076693
 373.800000 0.145030 37.718266 39.076693
 374.000000 0.177567 37.928100 39.076693
 374.200000 0.161806 37.994946 39.076693
 374.400000 0.156822 37.813846 39.076693
 374.600000 0.154410 37.757456 39.076693
 374.800000 0.167064 38.211014 39.076693
 375.000000 0.164301 38.101525 39.439621
 375.200000 0.147523 37.895259 39.439621
 375.400000 0.140953 37.908644 39.439621
 375.600000 0.108823 40.874632 39.439621
 375.800000 0.117694 39.498573 39.439621
 376.000000 0.124746 38.612057 39.439621
 376.200000 0.133079 38.340112 39.439621
 376.400000 0.135158 38.253701 39.439621
 376.600000 0.152233 38.017113 39.439621
 376.800000 0.149626 37.993214 39.439621
 377.000000 0.143854 38.029278 39.439621
 377.200000 0.126152 38.954237 39.439621
 377.400000 0.124409 39.097468 39.439621
 377.600000 0.146152 38.320235 39.439621
 377.800000 0.129515 38.741168 39.439621
 378.000000 0.107989 41.182821 39.439621
 378.200000 0.124657 39.226103 39.439621
 378.400000 0.142886 38.383673 39.439621
 378.600000 0.134316 38.608508 39.439621
 378.800000 0.152243 38.295289 39.439621
 379.000000 0.161838 38.483124 39.439621
 379.200000 0.161596 38.791037 39.439621
 379.400000 0.133328 38.697988 39.439621
 379.600000 0.127781 38.981016 39.439621
 379.800000 0.141321 38.538595 39.439621
 380.000000 0.143993 38.519065 39.666866
 380.200000 0.131616 38.988420 39.666866
 380.400000 0.160397 38.927527 39.666866
 380.600000 0.135661 38.900725 39.666866
 380.800000 0.106341 41.682705 39.666866
 381.000000 0.133631 38.935579 39.666866
 381.200000 0.145934 39.045619 39.666866
 381.400000 0.135469 39.210007 39.666866
 381.600000 0.134659 39.224122 39.666866
 381.800000 0.133043 39.257564 39.666866
 382.000000 0.151138 38.974011 39.666866
 382.200000 0.143165 39.357562 39.666866
 382.400000 0.136297 39.385163 39.666866
 382.600000 0.148504 39.309978 39.666866
 382.800000 0.147502 39.320460 39.666866
 383.000000 0.135048 39.390408 39.666866
 383.200000 0.127798 39.802318 39.666866
 383.400000 0.127937 39.797986 39.666866
 383.600000 0.107670 41.649133 39.666866
 383.800000 0.108039 41.608427 39.666866
 384.000000 0.121363 40.161442 39.666866
 384.200000 0.146504 39.627853 39.666866
 384.400000 0.162753 39.304398 39.666866
 384.600000 0.165687 39.274793 39.666866
 384.800000 0.168940 39.213346 39.666866
 385.000000 0.161644 39.314106 39.882852
 385.200000 0.134029 39.958727 39.882852
 385.400000 0.112894 41.294947 39.882852
 385.600000 0.098126 42.617232 39.882852
 385.800000 0.070926 42.210750 39.882852
 386.000000 0.102355 42.311779 39.882852
 386.200000 0.154840 39.678475 39.882852
 386.400000 0.178539 38.856319 39.882852
 386.600000 0.196250 36.944477 39.882852
 386.800000 0.201440 36.489837 39.882852
 387.000000 0.209060 35.841444 39.882852
 387.200000 0.205872 36.470095 39.882852
 387.400000 0.180413 38.725578 39.882852
 387.600000 0.150525 39.741187 39.882852
 387.800000 0.126701 40.206154 39.882852
 388.000000 0.102972 42.528589 39.882852
 388.200000 0.094056 43.324391 39.882852
 388.400000 0.105416 42.574274 39.882852
 388.600000 0.110787 41.978166 39.882852
 388.800000 0.113622 41.620743 39.882852
 389.000000 0.140569 39.916326 39.882852
 389.200000 0.164546 39.671837 39.882852
 389.400000 0.159237 39.774754 39.882852
 389.600000 0.167863 39.580901 39.882852
 389.800000 0.167050 39.606923 39.882852
 390.000000 0.160229 39.756246 40.188407
 390.200000 0.154641 40.149081 40.188407
 390.400000 0.151529 40.203611 40.188407
 390.600000 0.124329 40.622419 40.188407
 390.800000 0.121885 40.799991 40.188407
 391.000000 0.137222 40.345133 40.188407
 391.200000 0.142020 40.605653 40.188407
 391.400000 0.141415 40.612591 40.188407
 391.600000 0.129067 40.667673 40.188407
 391.800000 0.088233 43.490002 40.188407
 392.000000 0.084152 43.465208 40.188407
 392.200000 0.078192 43.351392 40.188407
 392.400000 0.071151 42.468989 40.188407
 392.600000 0.068429 42.093374 40.188407
 392.800000 0.065630 41.747590 40.188407
 393.000000 0.070877 42.430418 40.188407
 393.200000 0.059332 41.442665 40.188407
 393.400000 0.071711 42.811973 40.188407
 393.600000 0.075472 43.303714 40.188407
 393.800000 0.064921 41.914887 40.188407
 394.000000 0.058975 41.422289 40.188407
 394.200000 0.043755 39.701122 40.188407
 394.400000 0.092956 43.695666 40.188407
 394.600000 0.102114 43.044336 40.188407
 394.800000 0.101542 43.092639 40.188407
 395.000000 0.096486 43.473834 40.661691
 395.200000 0.092209 43.979709 40.661691
 395.400000 0.069943 42.827343 40.661691
 395.600000 0.079682 43.946233 40.661691
 395.800000 0.088445 44.120975 40.661691
 396.000000 0.081102 44.035046 40.661691
 396.200000 0.069545 42.956210 40.661691
 396.400000 0.067247 42.632508 40.661691
 396.600000 0.063513 42.176959 40.661691
 396.800000 0.046663 40.545792 40.661691
 397.000000 0.060789 41.923799 40.661691
 397.200000 0.075436 43.941485 40.661691
 397.400000 0.069592 43.190479 40.661691
 397.600000 0.078260 44.211809 40.661691
 397.800000 0.080283 44.348567 40.661691
 398.000000 0.086788 44.439445 40.661691
 398.200000 0.118669 41.373420 40.661691
 398.400000 0.143915 40.579420 40.661691
 398.600000 0.136312 40.643127 40.661691
 398.800000 0.111851 42.252822 40.661691
 399.000000 0.125631 40.816798 40.661691
 399.200000 0.107765 42.957857 40.661691
 399.400000 0.076053 44.195041 40.661691
 399.600000 0.038973 37.605001 40.661691
 399.800000 0.035879 35.559538 40.661691
 400.000000 0.072934 43.797641 41.178918
