#! FIELDS time d metad.bias metad.rct
 0.000000 0.224251 0.000000 0.000000
 0.200000 0.238743 0.000000 0.000000
 0.400000 0.231859 0.000000 0.000000
 0.600000 0.228417 0.000000 0.000000
 0.800000 0.224433 0.000000 0.000000
 1.000000 0.227368 0.000000 0.000000
 1.200000 0.216297 1.331936 0.000000
 1.400000 0.216393 1.338203 0.000000
 1.600000 0.221250 1.610034 0.000000
 1.800000 0.209184 0.837560 0.000000
 2.000000 0.209221 0.840039 0.000000
 2.200000 0.208323 2.462445 0.000000
 2.400000 0.241808 1.256027 0.000000
 2.600000 0.262073 0.117345 0.000000
 2.800000 0.266922 0.050809 0.000000
 3.000000 0.263551 0.092194 0.000000
 3.200000 0.259392 1.856145 0.000000
 3.400000 0.257214 1.839413 0.000000
 3.600000 0.245143 1.777214 0.000000
 3.800000 0.238822 1.989573 0.000000
 4.000000 0.239796 1.943819 0.000000
 4.200000 0.228803 3.801226 0.000000
 4.400000 0.249256 3.066319 0.000000
 4.600000 0.250117 3.021375 0.000000
 4.800000 0.220463 3.568331 0.000000
 5.000000 0.223294 3.689982 1.315510
 5.200000 0.229515 5.165276 1.315510
 5.400000 0.220377 5.020857 1.315510
 5.600000 0.219494 4.955030 1.315510
 5.800000 0.230233 5.135947 1.315510
 6.000000 0.228357 5.200936 1.315510
 6.200000 0.248262 4.061855 1.315510
 6.400000 0.241483 5.125760 1.315510
 6.600000 0.239027 5.515004 1.315510
 6.800000 0.246349 4.347911 1.315510
 7.000000 0.258558 2.855279 1.315510
 7.200000 0.241149 5.963929 1.315510
 7.400000 0.237662 6.301976 1.315510
 7.600000 0.240558 6.022865 1.315510
 7.800000 0.250430 5.090426 1.315510
 8.000000 0.224373 6.657923 1.315510
 8.200000 0.201414 3.105077 1.315510
 8.400000 0.201626 3.154319 1.315510
 8.600000 0.201247 3.066620 1.315510
 8.800000 0.234824 7.558479 1.315510
 9.000000 0.234018 7.652370 1.315510
 9.200000 0.227452 9.185116 1.315510
 9.400000 0.221114 8.498920 1.315510
 9.600000 0.214282 6.875295 1.315510
 9.800000 0.196633 2.154610 1.315510
 10.000000 0.197580 2.345609 3.866292
 10.200000 0.203345 5.180879 3.866292
 10.400000 0.197579 3.921949 3.866292
 10.600000 0.198489 4.112046 3.866292
 10.800000 0.218089 8.483764 3.866292
 11.000000 0.233979 8.981305 3.866292
 11.200000 0.224410 10.246856 3.866292
 11.400000 0.198659 4.219138 3.866292
 11.600000 0.189551 2.422551 3.866292
 11.800000 0.197854 4.041306 3.866292
 12.000000 0.195028 3.446084 3.866292
 12.200000 0.195983 5.140118 3.866292
 12.400000 0.213579 8.728002 3.866292
 12.600000 0.190256 3.971159 3.866292
 12.800000 0.205080 6.961074 3.866292
 13.000000 0.211954 8.388757 3.866292
 13.200000 0.185136 3.179738 3.866292
 13.400000 0.203083 7.569607 3.866292
 13.600000 0.221446 11.128106 3.866292
 13.800000 0.229762 11.170744 3.866292
 14.000000 0.247716 7.374462 3.866292
 14.200000 0.262892 5.123994 3.866292
 14.400000 0.246082 9.027957 3.866292
 14.600000 0.236712 11.038764 3.866292
 14.800000 0.263440 5.002052 3.866292
 15.000000 0.259743 5.829813 6.408799
 15.200000 0.252379 8.717858 6.408799
 15.400000 0.248616 9.442415 6.408799
 15.600000 0.239262 11.096312 6.408799
 15.800000 0.227470 11.949685 6.408799
 16.000000 0.237759 11.314346 6.408799
 16.200000 0.255322 8.660152 6.408799
 16.400000 0.268641 5.117252 6.408799
 16.600000 0.244633 11.136676 6.408799
 16.800000 0.236737 12.503868 6.408799
 17.000000 0.247270 10.560878 6.408799
 17.200000 0.272402 4.352164 6.408799
 17.400000 0.279554 2.446995 6.408799
 17.600000 0.252557 10.359443 6.408799
 17.800000 0.254325 9.883338 6.408799
 18.000000 0.267302 5.936541 6.408799
 18.200000 0.270995 6.081409 6.408799
 18.400000 0.275951 4.479405 6.408799
 18.600000 0.269226 6.660142 6.408799
 18.800000 0.275206 4.714079 6.408799
 19.000000 0.275749 4.542723 6.408799
 19.200000 0.270329 7.638729 6.408799
 19.400000 0.274755 6.283837 6.408799
 19.600000 0.280231 4.588188 6.408799
 19.800000 0.269286 7.943242 6.408799
 20.000000 0.269490 7.884052 8.451563
 20.200000 0.263211 10.666327 8.451563
 20.400000 0.247969 12.772456 8.451563
 20.600000 0.265061 10.266014 8.451563
 20.800000 0.253225 12.190035 8.451563
 21.000000 0.232637 13.693482 8.451563
 21.200000 0.238763 14.463575 8.451563
 21.400000 0.241839 14.156794 8.451563
 21.600000 0.259185 11.586253 8.451563
 21.800000 0.248996 13.186719 8.451563
 22.000000 0.274672 7.487154 8.451563
 22.200000 0.284092 5.281088 8.451563
 22.400000 0.269642 10.300437 8.451563
 22.600000 0.241421 14.309603 8.451563
 22.800000 0.231590 14.619363 8.451563
 23.000000 0.220369 12.741801 8.451563
 23.200000 0.230894 15.350335 8.451563
 23.400000 0.244388 14.272210 8.451563
 23.600000 0.247942 13.775536 8.451563
 23.800000 0.257488 12.576335 8.451563
 24.000000 0.247291 13.864899 8.451563
 24.200000 0.258597 13.142799 8.451563
 24.400000 0.267456 11.243407 8.451563
 24.600000 0.263682 12.168834 8.451563
 24.800000 0.267717 11.171714 8.451563
 25.000000 0.273854 9.213022 10.759674
 25.200000 0.263727 13.082841 10.759674
 25.400000 0.244889 15.311293 10.759674
 25.600000 0.235004 16.020623 10.759674
 25.800000 0.260232 13.625188 10.759674
 26.000000 0.248277 14.941210 10.759674
 26.200000 0.260861 14.170319 10.759674
 26.400000 0.254845 15.068347 10.759674
 26.600000 0.235829 16.644945 10.759674
 26.800000 0.234031 16.591821 10.759674
 27.000000 0.222244 14.620378 10.759674
 27.200000 0.206996 10.149015 10.759674
 27.400000 0.226931 16.604555 10.759674
 27.600000 0.232602 17.222891 10.759674
 27.800000 0.242826 16.724064 10.759674
 28.000000 0.239356 17.062604 10.759674
 28.200000 0.219835 15.167461 10.759674
 28.400000 0.217573 14.352026 10.759674
 28.600000 0.213405 12.741046 10.759674
 28.800000 0.222130 15.923630 10.759674
 29.000000 0.227866 17.369220 10.759674
 29.200000 0.247332 17.223136 10.759674
 29.400000 0.244708 17.697957 10.759674
 29.600000 0.247107 17.265044 10.759674
 29.800000 0.235649 18.752909 10.759674
 30.000000 0.226058 17.794826 13.778881
 30.200000 0.248599 17.240393 13.778881
 30.400000 0.249289 17.092257 13.778881
 30.600000 0.262259 14.287972 13.778881
 30.800000 0.261888 14.376656 13.778881
 31.000000 0.232887 19.456853 13.778881
 31.200000 0.214199 14.503346 13.778881
 31.400000 0.215577 15.166324 13.778881
 31.600000 0.221752 17.865857 13.778881
 31.800000 0.214045 14.428909 13.778881
 32.000000 0.211607 13.242702 13.778881
 32.200000 0.222546 18.902891 13.778881
 32.400000 0.221632 18.595954 13.778881
 32.600000 0.210528 13.687175 13.778881
 32.800000 0.218219 17.273418 13.778881
 33.000000 0.201420 9.406029 13.778881
 33.200000 0.201178 10.450973 13.778881
 33.400000 0.219511 18.358688 13.778881
 33.600000 0.220754 18.780980 13.778881
 33.800000 0.205099 12.194297 13.778881
 34.000000 0.209309 14.095635 13.778881
 34.200000 0.214322 17.194962 13.778881
 34.400000 0.203862 12.514301 13.778881
 34.600000 0.215994 17.856557 13.778881
 34.800000 0.231585 20.996691 13.778881
 35.000000 0.247410 18.052978 15.842798
 35.200000 0.228445 21.270544 15.842798
 35.400000 0.217951 18.688947 15.842798
 35.600000 0.219839 19.346244 15.842798
 35.800000 0.215919 17.912828 15.842798
 36.000000 0.226912 21.077420 15.842798
 36.200000 0.215353 18.194160 15.842798
 36.400000 0.204687 13.139250 15.842798
 36.600000 0.203359 12.486374 15.842798
 36.800000 0.182009 3.403475 15.842798
 37.000000 0.178362 2.406644 15.842798
 37.200000 0.193432 8.719113 15.842798
 37.400000 0.185212 5.869600 15.842798
 37.600000 0.185597 5.989044 15.842798
 37.800000 0.188171 6.825143 15.842798
 38.000000 0.182524 5.074390 15.842798
 38.200000 0.176666 4.871611 15.842798
 38.400000 0.180107 5.795588 15.842798
 38.600000 0.184406 7.008839 15.842798
 38.800000 0.197065 11.034019 15.842798
 39.000000 0.202559 13.090223 15.842798
 39.200000 0.179329 5.876069 15.842798
 39.400000 0.178187 5.534331 15.842798
 39.600000 0.162858 1.853945 15.842798
 39.800000 0.162361 1.769255 15.842798
 40.000000 0.179607 5.960257 16.676309
 40.200000 0.199335 13.375834 16.676309
 40.400000 0.156253 1.324948 16.676309
 40.600000 0.169100 4.167692 16.676309
 40.800000 0.156007 1.288492 16.676309
 41.000000 0.158165 1.632670 16.676309
 41.200000 0.179682 7.904496 16.676309
 41.400000 0.174655 6.683238 16.676309
 41.600000 0.173538 6.420756 16.676309
 41.800000 0.176493 7.123634 16.676309
 42.000000 0.176314 7.080388 16.676309
 42.200000 0.169190 6.574411 16.676309
 42.400000 0.161332 4.604638 16.676309
 42.600000 0.159162 4.097073 16.676309
 42.800000 0.157994 3.834782 16.676309
 43.000000 0.166955 6.002886 16.676309
 43.200000 0.164249 6.636744 16.676309
 43.400000 0.158297 5.035410 16.676309
 43.600000 0.178739 9.914719 16.676309
 43.800000 0.153839 3.885138 16.676309
 44.000000 0.141646 1.451816 16.676309
 44.200000 0.148704 4.172124 16.676309
 44.400000 0.164595 7.235267 16.676309
 44.600000 0.143376 3.344636 16.676309
 44.800000 0.152088 4.747923 16.676309
 45.000000 0.165935 7.519770 16.648801
 45.200000 0.170664 9.690373 16.648801
 45.400000 0.143275 3.728043 16.648801
 45.600000 0.135392 2.388495 16.648801
 45.800000 0.142471 3.578268 16.648801
 46.000000 0.140799 3.276984 16.648801
 46.200000 0.149451 6.258911 16.648801
 46.400000 0.154097 7.046697 16.648801
 46.600000 0.141523 4.916449 16.648801
 46.800000 0.135697 3.862326 16.648801
 47.000000 0.141648 4.938171 16.648801
 47.200000 0.147236 7.199210 16.648801
 47.400000 0.146347 7.077352 16.648801
 47.600000 0.143060 6.581151 16.648801
 47.800000 0.118688 1.507311 16.648801
 48.000000 0.127052 3.156493 16.648801
 48.200000 0.141377 7.257600 16.648801
 48.400000 0.155520 8.456656 16.648801
 48.600000 0.148947 7.943997 16.648801
 48.800000 0.133318 6.014687 16.648801
 49.000000 0.118947 2.862521 16.648801
 49.200000 0.136814 7.388545 16.648801
 49.400000 0.153835 8.417138 16.648801
 49.600000 0.162450 9.176516 16.648801
 49.800000 0.149663 8.184479 16.648801
 50.000000 0.151543 8.281534 16.602389
 50.200000 0.150240 9.418790 16.602389
 50.400000 0.157874 9.827995 16.602389
 50.600000 0.177754 11.146711 16.602389
 50.800000 0.168584 10.522458 16.602389
 51.000000 0.163694 10.186734 16.602389
 51.200000 0.149783 10.114515 16.602389
 51.400000 0.149416 10.076303 16.602389
 51.600000 0.152757 10.408427 16.602389
 51.800000 0.148271 9.954114 16.602389
 52.000000 0.132578 7.558575 16.602389
 52.200000 0.120072 5.665641 16.602389
 52.400000 0.133803 9.045833 16.602389
 52.600000 0.162845 11.401591 16.602389
 52.800000 0.165007 11.501242 16.602389
 53.000000 0.173543 11.786483 16.602389
 53.200000 0.175210 12.851164 16.602389
 53.400000 0.153021 11.330306 16.602389
 53.600000 0.153194 11.345118 16.602389
 53.800000 0.148510 10.945570 16.602389
 54.000000 0.156010 11.590447 16.602389
 54.200000 0.137801 10.259552 16.602389
 54.400000 0.155058 12.548794 16.602389
 54.600000 0.167718 13.342008 16.602389
 54.800000 0.169539 13.370106 16.602389
 55.000000 0.165947 13.290315 16.635824
 55.200000 0.158647 13.715747 16.635824
 55.400000 0.147662 12.225610 16.635824
 55.600000 0.155344 13.328548 16.635824
 55.800000 0.160323 13.884377 16.635824
 56.000000 0.144800 11.754661 16.635824
 56.200000 0.142946 12.458472 16.635824
 56.400000 0.137773 11.347173 16.635824
 56.600000 0.138448 11.508081 16.635824
 56.800000 0.153160 13.927658 16.635824
 57.000000 0.151712 13.769169 16.635824
 57.200000 0.133735 10.752479 16.635824
 57.400000 0.140083 12.578924 16.635824
 57.600000 0.157974 15.215010 16.635824
 57.800000 0.180692 13.928942 16.635824
 58.000000 0.177191 14.303353 16.635824
 58.200000 0.177520 15.192493 16.635824
 58.400000 0.181110 14.782031 16.635824
 58.600000 0.188437 14.139625 16.635824
 58.800000 0.184285 14.444955 16.635824
 59.000000 0.192763 14.095987 16.635824
 59.200000 0.199647 15.637910 16.635824
 59.400000 0.177542 15.747415 16.635824
 59.600000 0.185460 15.167463 16.635824
 59.800000 0.181261 15.460592 16.635824
 60.000000 0.162257 15.994508 16.892473
 60.200000 0.145967 14.450124 16.892473
 60.400000 0.146683 14.614712 16.892473
 60.600000 0.135482 11.485062 16.892473
 60.800000 0.139316 12.682550 16.892473
 61.000000 0.143924 13.952050 16.892473
 61.200000 0.123342 7.604863 16.892473
 61.400000 0.132871 11.325776 16.892473
 61.600000 0.132564 11.209466 16.892473
 61.800000 0.130403 10.376349 16.892473
 62.000000 0.135794 12.398086 16.892473
 62.200000 0.126548 9.690023 16.892473
 62.400000 0.117619 5.984905 16.892473
 62.600000 0.108033 2.881119 16.892473
 62.800000 0.128299 10.438269 16.892473
 63.000000 0.138561 14.328163 16.892473
 63.200000 0.140480 15.813472 16.892473
 63.400000 0.151296 17.617514 16.892473
 63.600000 0.175329 16.661146 16.892473
 63.800000 0.190562 15.150714 16.892473
 64.000000 0.163758 17.710091 16.892473
 64.200000 0.151592 18.210779 16.892473
 64.400000 0.163834 18.501530 16.892473
 64.600000 0.163889 18.498882 16.892473
 64.800000 0.171652 17.781518 16.892473
 65.000000 0.170239 17.958438 17.259298
 65.200000 0.155107 18.954015 17.259298
 65.400000 0.164867 19.182752 17.259298
 65.600000 0.169848 18.790261 17.259298
 65.800000 0.176701 17.752737 17.259298
 66.000000 0.162538 19.243585 17.259298
 66.200000 0.151572 19.138628 17.259298
 66.400000 0.149356 18.747932 17.259298
 66.600000 0.155908 19.691848 17.259298
 66.800000 0.140463 16.404735 17.259298
 67.000000 0.126083 10.222838 17.259298
 67.200000 0.135353 15.392828 17.259298
 67.400000 0.137731 16.244477 17.259298
 67.600000 0.122520 9.610171 17.259298
 67.800000 0.140912 17.234066 17.259298
 68.000000 0.144381 18.122284 17.259298
 68.200000 0.135307 16.025327 17.259298
 68.400000 0.124767 11.029423 17.259298
 68.600000 0.122472 9.854649 17.259298
 68.800000 0.115523 6.480454 17.259298
 69.000000 0.104349 2.508723 17.259298
 69.200000 0.122058 10.421818 17.259298
 69.400000 0.157489 20.478726 17.259298
 69.600000 0.157302 20.474105 17.259298
 69.800000 0.127736 13.001571 17.259298
 70.000000 0.118425 8.841934 17.639332
 70.200000 0.114323 8.343047 17.639332
 70.400000 0.129147 14.550569 17.639332
 70.600000 0.114435 8.387521 17.639332
 70.800000 0.124745 12.717081 17.639332
 71.000000 0.127271 13.782196 17.639332
 71.200000 0.108345 6.552171 17.639332
 71.400000 0.112586 8.252478 17.639332
 71.600000 0.120850 11.914910 17.639332
 71.800000 0.129279 15.542111 17.639332
 72.000000 0.138518 18.536787 17.639332
 72.200000 0.123890 13.751742 17.639332
 72.400000 0.132677 17.511216 17.639332
 72.600000 0.133238 17.712714 17.639332
 72.800000 0.116466 10.197321 17.639332
 73.000000 0.116927 10.415464 17.639332
 73.200000 0.124523 15.017155 17.639332
 73.400000 0.127947 16.445027 17.639332
 73.600000 0.143370 20.496607 17.639332
 73.800000 0.139481 19.885411 17.639332
 74.000000 0.126100 15.691768 17.639332
 74.200000 0.131305 18.508426 17.639332
 74.400000 0.133592 19.197014 17.639332
 74.600000 0.123841 15.577782 17.639332
 74.800000 0.123779 15.549599 17.639332
 75.000000 0.132150 18.775562 18.225120
 75.200000 0.150919 21.606070 18.225120
 75.400000 0.140569 21.276349 18.225120
 75.600000 0.140365 21.252980 18.225120
 75.800000 0.150425 21.618125 18.225120
 76.000000 0.151436 21.591425 18.225120
 76.200000 0.156767 21.961929 18.225120
 76.400000 0.126476 17.590292 18.225120
 76.600000 0.109824 8.974586 18.225120
 76.800000 0.120525 14.661229 18.225120
 77.000000 0.141968 21.962115 18.225120
 77.200000 0.157489 22.287104 18.225120
 77.400000 0.165906 21.033526 18.225120
 77.600000 0.147842 22.906273 18.225120
 77.800000 0.117650 13.302453 18.225120
 78.000000 0.108706 8.472872 18.225120
 78.200000 0.122254 16.630450 18.225120
 78.400000 0.132781 20.905186 18.225120
 78.600000 0.152442 22.754747 18.225120
 78.800000 0.157860 22.248309 18.225120
 79.000000 0.152802 22.729633 18.225120
 79.200000 0.176616 18.750290 18.225120
 79.400000 0.200470 15.970644 18.225120
 79.600000 0.161654 22.281076 18.225120
 79.800000 0.157032 22.952725 18.225120
 80.000000 0.169536 20.629704 19.426075
 80.200000 0.171062 20.939552 19.426075
 80.400000 0.161854 22.859196 19.426075
 80.600000 0.160156 23.097041 19.426075
 80.800000 0.203776 16.553258 19.426075
 81.000000 0.204615 16.714637 19.426075
 81.200000 0.180255 18.532878 19.426075
 81.400000 0.166865 21.978590 19.426075
 81.600000 0.190089 16.646892 19.426075
 81.800000 0.188663 16.810440 19.426075
 82.000000 0.169084 21.487005 19.426075
 82.200000 0.174889 20.617520 19.426075
 82.400000 0.201533 17.066549 19.426075
 82.600000 0.194461 16.591408 19.426075
 82.800000 0.180715 18.911283 19.426075
 83.000000 0.182540 18.412503 19.426075
 83.200000 0.193974 17.178239 19.426075
 83.400000 0.185754 18.389653 19.426075
 83.600000 0.176711 20.797526 19.426075
 83.800000 0.187366 18.047235 19.426075
 84.000000 0.178257 20.364801 19.426075
 84.200000 0.158481 24.334136 19.426075
 84.400000 0.158233 24.342524 19.426075
 84.600000 0.163907 23.978335 19.426075
 84.800000 0.167453 23.530592 19.426075
 85.000000 0.185897 18.977946 20.313017
 85.200000 0.197618 17.989514 20.313017
 85.400000 0.179282 21.462313 20.313017
 85.600000 0.164487 24.188343 20.313017
 85.800000 0.156124 24.494241 20.313017
 86.000000 0.163930 24.232201 20.313017
 86.200000 0.160625 24.995986 20.313017
 86.400000 0.174071 23.212306 20.313017
 86.600000 0.200752 18.046011 20.313017
 86.800000 0.195975 18.122492 20.313017
 87.000000 0.203471 18.230064 20.313017
 87.200000 0.183371 20.945759 20.313017
 87.400000 0.184489 20.662579 20.313017
 87.600000 0.178023 22.356824 20.313017
 87.800000 0.172502 23.662274 20.313017
 88.000000 0.180737 21.637122 20.313017
 88.200000 0.173661 24.013135 20.313017
 88.400000 0.152016 24.965995 20.313017
 88.600000 0.149929 24.801292 20.313017
 88.800000 0.165251 25.133791 20.313017
 89.000000 0.155311 25.156171 20.313017
 89.200000 0.146128 24.871702 20.313017
 89.400000 0.142266 24.202108 20.313017
 89.600000 0.145117 24.717068 20.313017
 89.800000 0.140011 23.703606 20.313017
 90.000000 0.139465 23.569721 21.616456
 90.200000 0.149232 25.758938 21.616456
 90.400000 0.174065 24.232919 21.616456
 90.600000 0.180997 22.378563 21.616456
 90.800000 0.168955 25.249272 21.616456
 91.000000 0.184012 21.531006 21.616456
 91.200000 0.192279 20.237599 21.616456
 91.400000 0.190445 20.596883 21.616456
 91.600000 0.179728 23.382148 21.616456
 91.800000 0.170631 25.409191 21.616456
 92.000000 0.180586 23.148453 21.616456
 92.200000 0.191501 20.861702 21.616456
 92.400000 0.178103 24.429320 21.616456
 92.600000 0.185623 22.353670 21.616456
 92.800000 0.199320 19.760577 21.616456
 93.000000 0.187984 21.711356 21.616456
 93.200000 0.179414 24.653912 21.616456
 93.400000 0.195383 20.744688 21.616456
 93.600000 0.180416 24.404659 21.616456
 93.800000 0.174099 25.764920 21.616456
 94.000000 0.172616 25.997250 21.616456
 94.200000 0.183461 24.025072 21.616456
 94.400000 0.189578 22.257537 21.616456
 94.600000 0.199756 20.332062 21.616456
 94.800000 0.185419 23.448041 21.616456
 95.000000 0.193645 21.260146 22.744823
 95.200000 0.177464 26.008759 22.744823
 95.400000 0.163010 27.178250 22.744823
 95.600000 0.144983 25.437198 22.744823
 95.800000 0.135821 23.169516 22.744823
 96.000000 0.142740 25.014378 22.744823
 96.200000 0.169425 27.209356 22.744823
 96.400000 0.176381 26.265684 22.744823
 96.600000 0.189721 22.878156 22.744823
 96.800000 0.198690 21.078697 22.744823
 97.000000 0.196661 21.370092 22.744823
 97.200000 0.184156 24.864876 22.744823
 97.400000 0.174373 26.844840 22.744823
 97.600000 0.171138 27.210405 22.744823
 97.800000 0.168536 27.387518 22.744823
 98.000000 0.196411 22.086592 22.744823
 98.200000 0.192047 23.571639 22.744823
 98.400000 0.193424 23.288837 22.744823
 98.600000 0.178350 26.491100 22.744823
 98.800000 0.173262 27.187286 22.744823
 99.000000 0.146016 26.171475 22.744823
 99.200000 0.127374 20.291553 22.744823
 99.400000 0.129172 21.211341 22.744823
 99.600000 0.113170 12.252968 22.744823
 99.800000 0.108264 9.593053 22.744823
 100.000000 0.113468 12.420294 23.584515
 100.200000 0.096180 4.797304 23.584515
 100.400000 0.099794 6.304465 23.584515
 100.600000 0.117965 15.961819 23.584515
 100.800000 0.121745 18.048033 23.584515
 101.000000 0.112006 12.605091 23.584515
 101.200000 0.113072 14.199199 23.584515
 101.400000 0.110493 12.755211 23.584515
 101.600000 0.127466 21.576007 23.584515
 101.800000 0.139430 25.707771 23.584515
 102.000000 0.142811 26.402484 23.584515
 102.200000 0.138797 26.075223 23.584515
 102.400000 0.155840 28.006953 23.584515
 102.600000 0.174022 27.262079 23.584515
 102.800000 0.173624 27.313801 23.584515
 103.000000 0.190942 23.815218 23.584515
 103.200000 0.195149 23.543853 23.584515
 103.400000 0.177327 27.158747 23.584515
 103.600000 0.153003 27.950690 23.584515
 103.800000 0.147936 27.622550 23.584515
 104.000000 0.142854 26.952243 23.584515
 104.200000 0.139591 26.787855 23.584515
 104.400000 0.138551 26.516729 23.584515
 104.600000 0.143815 27.638233 23.584515
 104.800000 0.148307 28.148951 23.584515
 105.000000 0.161724 28.367642 24.658609
 105.200000 0.162350 28.849972 24.658609
 105.400000 0.166696 28.685672 24.658609
 105.600000 0.169055 28.526768 24.658609
 105.800000 0.138800 26.737261 24.658609
 106.000000 0.112438 13.981372 24.658609
 106.200000 0.121910 20.123855 24.658609
 106.400000 0.130947 24.304106 24.658609
 106.600000 0.113693 15.642928 24.658609
 106.800000 0.117886 17.992686 24.658609
 107.000000 0.120375 19.327254 24.658609
 107.200000 0.125621 22.650194 24.658609
 107.400000 0.118068 18.823191 24.658609
 107.600000 0.106321 11.824515 24.658609
 107.800000 0.102431 9.484994 24.658609
 108.000000 0.106719 12.068531 24.658609
 108.200000 0.113392 17.059401 24.658609
 108.400000 0.116204 18.611959 24.658609
 108.600000 0.118443 19.781893 24.658609
 108.800000 0.105666 12.443671 24.658609
 109.000000 0.092769 5.214658 24.658609
 109.200000 0.090025 5.412544 24.658609
 109.400000 0.104674 12.846377 24.658609
 109.600000 0.099243 9.845392 24.658609
 109.800000 0.100451 10.500414 24.658609
 110.000000 0.104994 13.025209 24.817495
 110.200000 0.098741 10.474947 24.817495
 110.400000 0.104113 13.509994 24.817495
 110.600000 0.107543 15.414002 24.817495
 110.800000 0.108099 15.715104 24.817495
 111.000000 0.112171 17.832118 24.817495
 111.200000 0.122885 23.193525 24.817495
 111.400000 0.111079 18.069404 24.817495
 111.600000 0.112460 18.766821 24.817495
 111.800000 0.112815 18.941573 24.817495
 112.000000 0.125095 23.965838 24.817495
 112.200000 0.131955 26.607815 24.817495
 112.400000 0.133547 26.996948 24.817495
 112.600000 0.134278 27.164096 24.817495
 112.800000 0.139740 28.171189 24.817495
 113.000000 0.152718 29.010269 24.817495
 113.200000 0.116494 21.186106 24.817495
 113.400000 0.104526 14.672598 24.817495
 113.600000 0.118977 22.289309 24.817495
 113.800000 0.121004 23.126012 24.817495
 114.000000 0.125384 24.755677 24.817495
 114.200000 0.119812 23.183033 24.817495
 114.400000 0.112112 19.410837 24.817495
 114.600000 0.083718 3.714013 24.817495
 114.800000 0.106843 16.333421 24.817495
 115.000000 0.123496 24.658126 25.633636
 115.200000 0.129103 27.074726 25.633636
 115.400000 0.113058 20.381687 25.633636
 115.600000 0.095904 9.640301 25.633636
 115.800000 0.082990 3.481013 25.633636
 116.000000 0.081743 3.081403 25.633636
 116.200000 0.099675 12.741650 25.633636
 116.400000 0.096358 10.863421 25.633636
 116.600000 0.101249 13.668913 25.633636
 116.800000 0.081976 4.678753 25.633636
 117.000000 0.081295 4.471183 25.633636
 117.200000 0.104085 15.818651 25.633636
 117.400000 0.124284 25.575288 25.633636
 117.600000 0.121719 24.627745 25.633636
 117.800000 0.117915 23.036425 25.633636
 118.000000 0.123123 25.158741 25.633636
 118.200000 0.105027 16.618752 25.633636
 118.400000 0.109643 19.278244 25.633636
 118.600000 0.131715 28.248668 25.633636
 118.800000 0.149884 29.829861 25.633636
 119.000000 0.163241 29.293638 25.633636
 119.200000 0.175020 28.363980 25.633636
 119.400000 0.145929 30.071996 25.633636
 119.600000 0.133465 28.674689 25.633636
 119.800000 0.141763 29.830831 25.633636
 120.000000 0.161039 29.890274 26.384590
 120.200000 0.150430 30.510098 26.384590
 120.400000 0.134306 28.931502 26.384590
 120.600000 0.106436 17.436536 26.384590
 120.800000 0.085147 7.149929 26.384590
 121.000000 0.086950 7.782736 26.384590
 121.200000 0.103179 16.239272 26.384590
 121.400000 0.116108 22.908430 26.384590
 121.600000 0.108854 19.254716 26.384590
 121.800000 0.111355 20.563415 26.384590
 122.000000 0.092375 11.117141 26.384590
 122.200000 0.086378 9.798463 26.384590
 122.400000 0.095948 13.708342 26.384590
 122.600000 0.108057 19.448205 26.384590
 122.800000 0.118009 24.016390 26.384590
 123.000000 0.108661 19.742934 26.384590
 123.200000 0.100026 16.173143 26.384590
 123.400000 0.096906 14.666235 26.384590
 123.600000 0.090772 11.883058 26.384590
 123.800000 0.089109 11.171464 26.384590
 124.000000 0.075685 5.911156 26.384590
 124.200000 0.087787 11.588426 26.384590
 124.400000 0.085295 10.693657 26.384590
 124.600000 0.088419 11.818501 26.384590
 124.800000 0.086571 11.150397 26.384590
 125.000000 0.076699 7.621020 26.414985
 125.200000 0.079013 9.684173 26.414985
 125.400000 0.081349 10.476371 26.414985
 125.600000 0.092987 14.239048 26.414985
 125.800000 0.093772 14.512367 26.414985
 126.000000 0.091485 13.730434 26.414985
 126.200000 0.096129 16.271710 26.414985
 126.400000 0.097547 16.781832 26.414985
 126.600000 0.090025 14.195565 26.414985
 126.800000 0.085484 12.686756 26.414985
 127.000000 0.064934 4.751983 26.414985
 127.200000 0.064029 5.839914 26.414985
 127.400000 0.081870 12.168700 26.414985
 127.600000 0.080409 11.714314 26.414985
 127.800000 0.100871 18.113173 26.414985
 128.000000 0.096563 16.577130 26.414985
 128.200000 0.083788 13.326316 26.414985
 128.400000 0.096035 17.236607 26.414985
 128.600000 0.100869 18.915117 26.414985
 128.800000 0.082833 13.009985 26.414985
 129.000000 0.083420 13.205063 26.414985
 129.200000 0.098870 18.775359 26.414985
 129.400000 0.096713 18.119623 26.414985
 129.600000 0.106579 21.332826 26.414985
 129.800000 0.125516 27.347033 26.414985
 130.000000 0.111935 23.205521 26.490480
 130.200000 0.099179 19.304641 26.490480
 130.400000 0.097320 18.688232 26.490480
 130.600000 0.102376 20.408459 26.490480
 130.800000 0.107025 22.078327 26.490480
 131.000000 0.094579 17.810142 26.490480
 131.200000 0.092647 17.992523 26.490480
 131.400000 0.082950 14.701457 26.490480
 131.600000 0.078926 13.097695 26.490480
 131.800000 0.071109 9.611116 26.490480
 132.000000 0.073905 10.893139 26.490480
 132.200000 0.082423 15.417397 26.490480
 132.400000 0.085288 16.364930 26.490480
 132.600000 0.075336 12.611682 26.490480
 132.800000 0.057754 4.648335 26.490480
 133.000000 0.060169 5.607701 26.490480
 133.200000 0.071241 11.769557 26.490480
 133.400000 0.070049 11.261930 26.490480
 133.600000 0.068502 10.591329 26.490480
 133.800000 0.054776 4.877163 26.490480
 134.000000 0.072131 12.142481 26.490480
 134.200000 0.093457 19.191164 26.490480
 134.400000 0.095707 19.705049 26.490480
 134.600000 0.089251 18.276399 26.490480
 134.800000 0.085968 17.549876 26.490480
 135.000000 0.072946 13.495254 26.476016
 135.200000 0.057138 6.921735 26.476016
 135.400000 0.067559 12.049864 26.476016
 135.600000 0.066835 11.699445 26.476016
 135.800000 0.054610 5.785680 26.476016
 136.000000 0.050905 4.299483 26.476016
 136.200000 0.053458 6.722824 26.476016
 136.400000 0.055640 7.612368 26.476016
 136.600000 0.053398 6.699290 26.476016
 136.800000 0.051912 6.121407 26.476016
 137.000000 0.047531 4.571389 26.476016
 137.200000 0.054005 8.242085 26.476016
 137.400000 0.051239 7.252898 26.476016
 137.600000 0.070712 14.541833 26.476016
 137.800000 0.073722 15.524626 26.476016
 138.000000 0.060399 10.661496 26.476016
 138.200000 0.070976 15.480301 26.476016
 138.400000 0.078622 17.397148 26.476016
 138.600000 0.076765 17.003313 26.476016
 138.800000 0.063883 13.074656 26.476016
 139.000000 0.049977 7.670976 26.476016
 139.200000 0.070759 15.889615 26.476016
 139.400000 0.068925 15.396903 26.476016
 139.600000 0.046155 7.452798 26.476016
 139.800000 0.053738 10.335686 26.476016
 140.000000 0.066389 14.661322 26.437430
 140.200000 0.088488 19.299844 26.437430
 140.400000 0.076997 18.007449 26.437430
 140.600000 0.088457 19.296725 26.437430
 140.800000 0.113425 24.777333 26.437430
 141.000000 0.098321 20.718285 26.437430
 141.200000 0.102343 22.302756 26.437430
 141.400000 0.100193 21.808464 26.437430
 141.600000 0.085662 19.515426 26.437430
 141.800000 0.073531 17.556944 26.437430
 142.000000 0.084406 19.360817 26.437430
 142.200000 0.089954 20.737533 26.437430
 142.400000 0.088066 20.525263 26.437430
 142.600000 0.087679 20.482081 26.437430
 142.800000 0.095372 21.427350 26.437430
 143.000000 0.074265 18.305163 26.437430
 143.200000 0.064786 16.077359 26.437430
 143.400000 0.056240 12.494331 26.437430
 143.600000 0.067175 16.957971 26.437430
 143.800000 0.077975 19.857312 26.437430
 144.000000 0.085438 20.811424 26.437430
 144.200000 0.080507 20.915510 26.437430
 144.400000 0.093750 22.127715 26.437430
 144.600000 0.086916 21.627639 26.437430
 144.800000 0.089699 21.828973 26.437430
 145.000000 0.095741 22.305058 26.493978
 145.200000 0.092599 22.670596 26.493978
 145.400000 0.105066 24.184955 26.493978
 145.600000 0.085536 22.026493 26.493978
 145.800000 0.081617 21.492947 26.493978
 146.000000 0.076335 20.398113 26.493978
 146.200000 0.081789 22.181130 26.493978
 146.400000 0.065336 17.187993 26.493978
 146.600000 0.053385 11.512032 26.493978
 146.800000 0.059361 14.416222 26.493978
 147.000000 0.076563 21.160814 26.493978
 147.200000 0.069015 19.322575 26.493978
 147.400000 0.068031 18.909590 26.493978
 147.600000 0.076597 21.851166 26.493978
 147.800000 0.076210 21.753432 26.493978
 148.000000 0.062548 16.366840 26.493978
 148.200000 0.049678 10.449099 26.493978
 148.400000 0.066436 19.023400 26.493978
 148.600000 0.088967 23.518914 26.493978
 148.800000 0.071132 20.867610 26.493978
 149.000000 0.044373 7.769184 26.493978
 149.200000 0.040957 7.403232 26.493978
 149.400000 0.063816 18.357961 26.493978
 149.600000 0.055966 14.718570 26.493978
 149.800000 0.044719 9.174178 26.493978
 150.000000 0.040750 7.308832 26.488088
 150.200000 0.060135 17.253035 26.488088
 150.400000 0.040368 8.399546 26.488088
 150.600000 0.053237 14.271116 26.488088
 150.800000 0.058067 16.379935 26.488088
 151.000000 0.047488 11.669946 26.488088
 151.200000 0.063982 19.375967 26.488088
 151.400000 0.074717 22.401310 26.488088
 151.600000 0.075947 22.632333 26.488088
 151.800000 0.067540 20.549071 26.488088
 152.000000 0.056564 16.598951 26.488088
 152.200000 0.067129 21.071677 26.488088
 152.400000 0.088698 23.638753 26.488088
 152.600000 0.098028 23.749523 26.488088
 152.800000 0.101708 24.026027 26.488088
 153.000000 0.082487 23.579922 26.488088
 153.200000 0.070220 22.322966 26.488088
 153.400000 0.078328 23.877902 26.488088
 153.600000 0.055710 17.213768 26.488088
 153.800000 0.056780 17.660437 26.488088
 154.000000 0.078543 23.901863 26.488088
 154.200000 0.088586 24.685189 26.488088
 154.400000 0.076967 24.304709 26.488088
 154.600000 0.081223 24.723033 26.488088
 154.800000 0.057490 18.175989 26.488088
 155.000000 0.029432 4.620393 26.507096
 155.200000 0.056628 18.077697 26.507096
 155.400000 0.074968 23.981264 26.507096
 155.600000 0.082180 24.765259 26.507096
 155.800000 0.085387 24.789987 26.507096
 156.000000 0.068773 22.455389 26.507096
 156.200000 0.075189 24.609205 26.507096
 156.400000 0.048040 14.696618 26.507096
 156.600000 0.056970 18.686456 26.507096
 156.800000 0.070566 23.606681 26.507096
 157.000000 0.064493 21.672656 26.507096
 157.200000 0.062771 21.694477 26.507096
 157.400000 0.066650 23.084004 26.507096
 157.600000 0.058510 19.947071 26.507096
 157.800000 0.060230 20.674594 26.507096
 158.000000 0.057889 19.678018 26.507096
 158.200000 0.045594 14.361616 26.507096
 158.400000 0.057762 20.351097 26.507096
 158.600000 0.059221 20.976666 26.507096
 158.800000 0.068143 24.129812 26.507096
 159.000000 0.088919 25.190953 26.507096
 159.200000 0.102896 25.000635 26.507096
 159.400000 0.083487 26.193193 26.507096
 159.600000 0.069719 24.785403 26.507096
 159.800000 0.038968 10.836979 26.507096
 160.000000 0.051571 17.470466 26.591898
 160.200000 0.055275 20.053200 26.591898
 160.400000 0.048991 16.947741 26.591898
 160.600000 0.066000 24.178263 26.591898
 160.800000 0.053123 19.038961 26.591898
 161.000000 0.062453 23.002900 26.591898
 161.200000 0.082009 26.611322 26.591898
 161.400000 0.091651 25.598271 26.591898
 161.600000 0.089015 25.915177 26.591898
 161.800000 0.095047 25.249525 26.591898
 162.000000 0.085353 26.338205 26.591898
 162.200000 0.097761 25.445728 26.591898
 162.400000 0.088469 26.511734 26.591898
 162.600000 0.103933 25.311215 26.591898
 162.800000 0.092687 25.961963 26.591898
 163.000000 0.103612 25.302549 26.591898
 163.200000 0.096109 26.082968 26.591898
 163.400000 0.107589 26.069745 26.591898
 163.600000 0.090483 26.633300 26.591898
 163.800000 0.080771 27.363017 26.591898
 164.000000 0.090701 26.609487 26.591898
 164.200000 0.098799 26.380244 26.591898
 164.400000 0.087733 27.453249 26.591898
 164.600000 0.066829 25.453347 26.591898
 164.800000 0.076955 27.587624 26.591898
 165.000000 0.102873 26.239954 26.895671
 165.200000 0.111103 27.070143 26.895671
 165.400000 0.086971 27.833023 26.895671
 165.600000 0.100696 26.825535 26.895671
 165.800000 0.094635 27.190918 26.895671
 166.000000 0.100976 26.817261 26.895671
 166.200000 0.098275 27.453972 26.895671
 166.400000 0.119049 28.074280 26.895671
 166.600000 0.106556 27.326678 26.895671
 166.800000 0.098965 27.421058 26.895671
 167.000000 0.076342 27.773435 26.895671
 167.200000 0.077777 28.457903 26.895671
 167.400000 0.103987 27.394329 26.895671
 167.600000 0.126732 28.840967 26.895671
 167.800000 0.113985 27.687987 26.895671
 168.000000 0.112482 27.596515 26.895671
 168.200000 0.115273 28.279984 26.895671
 168.400000 0.112250 28.095600 26.895671
 168.600000 0.108292 27.916263 26.895671
 168.800000 0.099671 27.897166 26.895671
 169.000000 0.086118 28.728655 26.895671
 169.200000 0.108381 28.080480 26.895671
 169.400000 0.123863 28.945348 26.895671
 169.600000 0.088484 29.084516 26.895671
 169.800000 0.062011 24.211548 26.895671
 170.000000 0.079039 29.050588 27.383875
 170.200000 0.102462 28.244562 27.383875
 170.400000 0.105862 28.151622 27.383875
 170.600000 0.089857 29.354089 27.383875
 170.800000 0.079253 29.550665 27.383875
 171.000000 0.107004 28.144870 27.383875
 171.200000 0.131653 29.733551 27.383875
 171.400000 0.120968 29.058296 27.383875
 171.600000 0.130977 29.684624 27.383875
 171.800000 0.122036 29.114085 27.383875
 172.000000 0.105223 28.656494 27.383875
 172.200000 0.101769 29.223064 27.383875
 172.400000 0.097017 29.446087 27.383875
 172.600000 0.101879 29.219491 27.383875
 172.800000 0.111874 29.145092 27.383875
 173.000000 0.098618 29.356670 27.383875
 173.200000 0.098597 29.831004 27.383875
 173.400000 0.091146 30.243737 27.383875
 173.600000 0.072278 28.462185 27.383875
 173.800000 0.082810 30.291092 27.383875
 174.000000 0.084523 30.363082 27.383875
 174.200000 0.109093 29.614390 27.383875
 174.400000 0.111336 29.560562 27.383875
 174.600000 0.093311 30.510371 27.383875
 174.800000 0.100738 29.980456 27.383875
 175.000000 0.108338 29.636633 28.097745
 175.200000 0.114432 29.944056 28.097745
 175.400000 0.102153 30.326798 28.097745
 175.600000 0.106802 30.152563 28.097745
 175.800000 0.117519 29.884823 28.097745
 176.000000 0.108220 30.107665 28.097745
 176.200000 0.109469 30.526257 28.097745
 176.400000 0.125373 30.090028 28.097745
 176.600000 0.138812 30.383330 28.097745
 176.800000 0.117811 30.253122 28.097745
 177.000000 0.117053 30.277333 28.097745
 177.200000 0.125204 30.483087 28.097745
 177.400000 0.117281 30.724187 28.097745
 177.600000 0.090286 31.244792 28.097745
 177.800000 0.058648 22.972087 28.097745
 178.000000 0.076531 30.005104 28.097745
 178.200000 0.078613 30.882972 28.097745
 178.400000 0.081268 31.264113 28.097745
 178.600000 0.082075 31.347839 28.097745
 178.800000 0.105639 31.051243 28.097745
 179.000000 0.097006 31.300159 28.097745
 179.200000 0.074476 30.086627 28.097745
 179.400000 0.071929 29.273592 28.097745
 179.600000 0.045597 15.648129 28.097745
 179.800000 0.040434 12.518470 28.097745
 180.000000 0.051184 19.001939 28.778392
 180.200000 0.058916 24.013509 28.778392
 180.400000 0.062742 25.887935 28.778392
 180.600000 0.064221 26.564732 28.778392
 180.800000 0.075841 30.655714 28.778392
 181.000000 0.067836 28.092106 28.778392
 181.200000 0.063221 26.587599 28.778392
 181.400000 0.055399 22.504944 28.778392
 181.600000 0.068245 28.752989 28.778392
 181.800000 0.057880 23.880092 28.778392
 182.000000 0.055137 22.355485 28.778392
 182.200000 0.043043 15.334979 28.778392
 182.400000 0.053778 22.214765 28.778392
 182.600000 0.058965 25.084750 28.778392
 182.800000 0.068385 29.244278 28.778392
 183.000000 0.080726 32.042649 28.778392
 183.200000 0.067453 29.184803 28.778392
 183.400000 0.070235 30.202805 28.778392
 183.600000 0.090052 32.521002 28.778392
 183.800000 0.093898 32.277259 28.778392
 184.000000 0.096870 32.068617 28.778392
 184.200000 0.111554 31.500109 28.778392
 184.400000 0.116271 31.166821 28.778392
 184.600000 0.127470 30.553917 28.778392
 184.800000 0.116437 31.155123 28.778392
 185.000000 0.133278 30.493938 29.434416
 185.200000 0.125593 31.010801 29.434416
 185.400000 0.110590 31.709640 29.434416
 185.600000 0.119058 31.262167 29.434416
 185.800000 0.125863 31.004027 29.434416
 186.000000 0.126620 30.987034 29.434416
 186.200000 0.117171 31.716885 29.434416
 186.400000 0.115532 31.776723 29.434416
 186.600000 0.120444 31.602165 29.434416
 186.800000 0.125339 31.456058 29.434416
 187.000000 0.140584 31.268635 29.434416
 187.200000 0.164211 30.354626 29.434416
 187.400000 0.179340 27.712713 29.434416
 187.600000 0.173261 29.055364 29.434416
 187.800000 0.128181 31.706780 29.434416
 188.000000 0.123843 31.728928 29.434416
 188.200000 0.121045 32.186256 29.434416
 188.400000 0.105932 32.371316 29.434416
 188.600000 0.107195 32.350691 29.434416
 188.800000 0.109002 32.324255 29.434416
 189.000000 0.136108 32.041006 29.434416
 189.200000 0.152387 31.539087 29.434416
 189.400000 0.168568 29.875878 29.434416
 189.600000 0.161142 30.757609 29.434416
 189.800000 0.169414 29.747304 29.434416
 190.000000 0.178673 27.882918 30.063515
 190.200000 0.167009 30.467677 30.063515
 190.400000 0.159604 31.128372 30.063515
 190.600000 0.143914 32.198303 30.063515
 190.800000 0.128941 32.485237 30.063515
 191.000000 0.153510 31.567453 30.063515
 191.200000 0.179843 28.187521 30.063515
 191.400000 0.178057 28.648628 30.063515
 191.600000 0.154135 31.951258 30.063515
 191.800000 0.130778 32.629995 30.063515
 192.000000 0.113706 32.417670 30.063515
 192.200000 0.119744 32.846437 30.063515
 192.400000 0.151211 32.171217 30.063515
 192.600000 0.168447 30.554967 30.063515
 192.800000 0.159193 31.561072 30.063515
 193.000000 0.149082 32.313018 30.063515
 193.200000 0.133901 33.087886 30.063515
 193.400000 0.133554 33.083767 30.063515
 193.600000 0.150174 32.655218 30.063515
 193.800000 0.143225 33.016562 30.063515
 194.000000 0.141185 33.071745 30.063515
 194.200000 0.131668 33.384798 30.063515
 194.400000 0.119723 33.050468 30.063515
 194.600000 0.105545 32.816435 30.063515
 194.800000 0.125404 33.190443 30.063515
 195.000000 0.137005 33.496039 30.835706
 195.200000 0.121557 33.323656 30.835706
 195.400000 0.127436 33.571967 30.835706
 195.600000 0.130209 33.694298 30.835706
 195.800000 0.148350 33.427185 30.835706
 196.000000 0.151741 33.098419 30.835706
 196.200000 0.137957 34.156380 30.835706
 196.400000 0.138237 34.160748 30.835706
 196.600000 0.136866 34.133071 30.835706
 196.800000 0.124394 33.514809 30.835706
 197.000000 0.120494 33.327164 30.835706
 197.200000 0.126655 33.999848 30.835706
 197.400000 0.138471 34.356863 30.835706
 197.600000 0.141285 34.313860 30.835706
 197.800000 0.153467 33.342874 30.835706
 198.000000 0.146887 34.011501 30.835706
 198.200000 0.166653 31.565303 30.835706
 198.400000 0.173202 30.140085 30.835706
 198.600000 0.190700 25.136265 30.835706
 198.800000 0.191067 25.033086 30.835706
 199.000000 0.178905 28.629279 30.835706
 199.200000 0.159946 32.959715 30.835706
 199.400000 0.148507 34.317685 30.835706
 199.600000 0.158014 33.226639 30.835706
 199.800000 0.145534 34.533080 30.835706
 200.000000 0.132403 34.488796 31.580694
 200.200000 0.124000 34.321978 31.580694
 200.400000 0.147316 34.643378 31.580694
 200.600000 0.161196 32.839815 31.580694
 200.800000 0.167627 31.765411 31.580694
 201.000000 0.177134 29.613084 31.580694
 201.200000 0.154847 33.916921 31.580694
 201.400000 0.146047 34.804501 31.580694
 201.600000 0.144119 34.924269 31.580694
 201.800000 0.142332 35.003638 31.580694
 202.000000 0.165963 32.418223 31.580694
 202.200000 0.175015 30.971936 31.580694
 202.400000 0.161319 33.482529 31.580694
 202.600000 0.146023 34.976392 31.580694
 202.800000 0.135275 35.046144 31.580694
 203.000000 0.139161 35.144500 31.580694
 203.200000 0.155652 34.343438 31.580694
 203.400000 0.160362 33.735810 31.580694
 203.600000 0.156087 34.289468 31.580694
 203.800000 0.147504 35.198321 31.580694
 204.000000 0.147871 35.168614 31.580694
 204.200000 0.132546 35.459430 31.580694
 204.400000 0.136018 35.699584 31.580694
 204.600000 0.128911 35.129847 31.580694
 204.800000 0.122142 34.473750 31.580694
 205.000000 0.125639 34.809732 32.322685
 205.200000 0.132396 35.782461 32.322685
 205.400000 0.108419 33.566004 32.322685
 205.600000 0.104472 33.311332 32.322685
 205.800000 0.108434 33.567136 32.322685
 206.000000 0.118785 34.498597 32.322685
 206.200000 0.125981 35.549744 32.322685
 206.400000 0.121406 35.131820 32.322685
 206.600000 0.129534 35.839336 32.322685
 206.800000 0.123495 35.328221 32.322685
 207.000000 0.117440 34.740366 32.322685
 207.200000 0.122151 35.557278 32.322685
 207.400000 0.133627 36.303916 32.322685
 207.600000 0.151936 35.265792 32.322685
 207.800000 0.156558 34.609751 32.322685
 208.000000 0.158707 34.286678 32.322685
 208.200000 0.153016 35.473192 32.322685
 208.400000 0.143055 36.400345 32.322685
 208.600000 0.134792 36.442565 32.322685
 208.800000 0.161824 34.171954 32.322685
 209.000000 0.180920 29.400192 32.322685
 209.200000 0.186803 27.754753 32.322685
 209.400000 0.183352 29.018728 32.322685
 209.600000 0.176462 31.298246 32.322685
 209.800000 0.161765 34.390255 32.322685
 210.000000 0.168949 33.157274 32.946604
 210.200000 0.144190 36.463015 32.946604
 210.400000 0.139058 36.570675 32.946604
 210.600000 0.128643 36.113077 32.946604
 210.800000 0.123947 35.737336 32.946604
 211.000000 0.133181 36.401997 32.946604
 211.200000 0.160365 34.998336 32.946604
 211.400000 0.158319 35.271651 32.946604
 211.600000 0.143593 36.759945 32.946604
 211.800000 0.156273 35.533398 32.946604
 212.000000 0.164104 34.449857 32.946604
 212.200000 0.184452 29.003430 32.946604
 212.400000 0.192070 26.044457 32.946604
 212.600000 0.197630 24.232401 32.946604
 212.800000 0.210424 22.299744 32.946604
 213.000000 0.183912 29.216352 32.946604
 213.200000 0.192623 26.246828 32.946604
 213.400000 0.184660 29.396849 32.946604
 213.600000 0.182162 30.369277 32.946604
 213.800000 0.187386 28.303644 32.946604
 214.000000 0.182021 30.422708 32.946604
 214.200000 0.177774 32.361133 32.946604
 214.400000 0.182395 30.732212 32.946604
 214.600000 0.195074 25.674772 32.946604
 214.800000 0.188813 28.137908 32.946604
 215.000000 0.176943 32.620965 33.447209
 215.200000 0.178896 32.398583 33.447209
 215.400000 0.174397 33.747494 33.447209
 215.600000 0.178291 32.601602 33.447209
 215.800000 0.192612 26.839024 33.447209
 216.000000 0.201413 23.850286 33.447209
 216.200000 0.209948 23.045315 33.447209
 216.400000 0.202836 24.112833 33.447209
 216.600000 0.219432 22.988370 33.447209
 216.800000 0.188856 28.844175 33.447209
 217.000000 0.206743 23.392597 33.447209
 217.200000 0.225656 23.407636 33.447209
 217.400000 0.218896 23.414216 33.447209
 217.600000 0.189536 28.888606 33.447209
 217.800000 0.184231 30.889622 33.447209
 218.000000 0.200566 25.244890 33.447209
 218.200000 0.200912 25.725952 33.447209
 218.400000 0.207616 24.402147 33.447209
 218.600000 0.206538 24.564422 33.447209
 218.800000 0.197713 26.597463 33.447209
 219.000000 0.198383 26.403748 33.447209
 219.200000 0.208294 24.743706 33.447209
 219.400000 0.223729 23.741551 33.447209
 219.600000 0.222592 23.782736 33.447209
 219.800000 0.221627 23.813534 33.447209
 220.000000 0.212234 24.269549 33.482527
 220.200000 0.209555 25.151166 33.482527
 220.400000 0.252607 17.651938 33.482527
 220.600000 0.276806 9.566812 33.482527
 220.800000 0.280243 8.037274 33.482527
 221.000000 0.281200 7.610534 33.482527
 221.200000 0.269486 13.470534 33.482527
 221.400000 0.252116 17.982225 33.482527
 221.600000 0.253151 17.710315 33.482527
 221.800000 0.253739 17.558723 33.482527
 222.000000 0.258023 16.501847 33.482527
 222.200000 0.288307 5.848162 33.482527
 222.400000 0.310205 0.485438 33.482527
 222.600000 0.294209 3.572276 33.482527
 222.800000 0.279367 9.970750 33.482527
 223.000000 0.286428 6.675633 33.482527
 223.200000 0.286827 7.796234 33.482527
 223.400000 0.301434 2.433583 33.482527
 223.600000 0.282273 9.855407 33.482527
 223.800000 0.251537 18.985562 33.482527
 224.000000 0.238715 22.162097 33.482527
 224.200000 0.248327 20.290108 33.482527
 224.400000 0.242328 21.917688 33.482527
 224.600000 0.235021 23.572899 33.482527
 224.800000 0.241581 22.112103 33.482527
 225.000000 0.244920 21.221138 33.452412
 225.200000 0.236735 23.830327 33.452412
 225.400000 0.232610 24.443188 33.452412
 225.600000 0.205423 25.846147 33.452412
 225.800000 0.212358 25.059976 33.452412
 226.000000 0.221266 24.885590 33.452412
 226.200000 0.211236 25.601189 33.452412
 226.400000 0.213358 25.505352 33.452412
 226.600000 0.226852 25.381437 33.452412
 226.800000 0.220121 25.457441 33.452412
 227.000000 0.206162 26.075714 33.452412
 227.200000 0.219065 25.829366 33.452412
 227.400000 0.227024 25.581319 33.452412
 227.600000 0.200450 27.573838 33.452412
 227.800000 0.225872 25.648092 33.452412
 228.000000 0.259332 17.979397 33.452412
 228.200000 0.270178 15.412639 33.452412
 228.400000 0.271408 14.949534 33.452412
 228.600000 0.264836 17.201380 33.452412
 228.800000 0.255803 19.697487 33.452412
 229.000000 0.246684 22.113333 33.452412
 229.200000 0.232320 25.601112 33.452412
 229.400000 0.209020 26.329434 33.452412
 229.600000 0.221977 25.979880 33.452412
 229.800000 0.230567 25.752847 33.452412
 230.000000 0.218341 25.967669 33.443594
 230.200000 0.215275 26.535133 33.443594
 230.400000 0.205744 27.080204 33.443594
 230.600000 0.201237 27.712172 33.443594
 230.800000 0.214621 26.545384 33.443594
 231.000000 0.223062 26.505842 33.443594
 231.200000 0.223079 27.043015 33.443594
 231.400000 0.204903 27.435902 33.443594
 231.600000 0.187235 31.085393 33.443594
 231.800000 0.213395 27.009494 33.443594
 232.000000 0.248898 22.357792 33.443594
 232.200000 0.273023 14.627702 33.443594
 232.400000 0.250673 22.472303 33.443594
 232.600000 0.214288 27.048446 33.443594
 232.800000 0.201408 27.875524 33.443594
 233.000000 0.204642 27.469937 33.443594
 233.200000 0.200127 28.565873 33.443594
 233.400000 0.224984 27.390621 33.443594
 233.600000 0.243813 24.470720 33.443594
 233.800000 0.258975 19.885393 33.443594
 234.000000 0.248858 23.021746 33.443594
 234.200000 0.255488 21.562133 33.443594
 234.400000 0.259403 20.236524 33.443594
 234.600000 0.257510 20.886704 33.443594
 234.800000 0.265191 18.114067 33.443594
 235.000000 0.267320 17.269564 33.438040
 235.200000 0.257586 21.517437 33.438040
 235.400000 0.272033 16.020847 33.438040
 235.600000 0.271461 16.286153 33.438040
 235.800000 0.266067 18.579632 33.438040
 236.000000 0.290272 6.669669 33.438040
 236.200000 0.272856 16.293718 33.438040
 236.400000 0.260168 20.863538 33.438040
 236.600000 0.275892 14.954508 33.438040
 236.800000 0.288022 9.050523 33.438040
 237.000000 0.297776 4.754898 33.438040
 237.200000 0.304291 3.958724 33.438040
 237.400000 0.289412 9.590652 33.438040
 237.600000 0.262403 20.247557 33.438040
 237.800000 0.271158 17.291857 33.438040
 238.000000 0.268012 18.422465 33.438040
 238.200000 0.286383 11.279080 33.438040
 238.400000 0.299993 5.439957 33.438040
 238.600000 0.296324 6.855450 33.438040
 238.800000 0.273608 17.073940 33.438040
 239.000000 0.284744 12.052712 33.438040
 239.200000 0.313515 1.909264 33.438040
 239.400000 0.314867 1.650844 33.438040
 239.600000 0.288473 11.293808 33.438040
 239.800000 0.227297 27.555775 33.438040
 240.000000 0.207866 27.725082 33.421069
 240.200000 0.212017 28.033904 33.421069
 240.400000 0.201942 28.779802 33.421069
 240.600000 0.205765 28.389117 33.421069
 240.800000 0.205397 28.420443 33.421069
 241.000000 0.210474 28.092794 33.421069
 241.200000 0.197953 29.687107 33.421069
 241.400000 0.213968 28.468031 33.421069
 241.600000 0.216324 28.408001 33.421069
 241.800000 0.210256 28.603150 33.421069
 242.000000 0.195550 30.046502 33.421069
 242.200000 0.197865 30.152899 33.421069
 242.400000 0.214317 28.667328 33.421069
 242.600000 0.209312 28.949317 33.421069
 242.800000 0.211052 28.837675 33.421069
 243.000000 0.214982 28.637873 33.421069
 243.200000 0.224587 28.654688 33.421069
 243.400000 0.218593 28.975221 33.421069
 243.600000 0.201666 29.986007 33.421069
 243.800000 0.209800 29.376650 33.421069
 244.000000 0.206910 29.553390 33.421069
 244.200000 0.207320 29.995121 33.421069
 244.400000 0.208825 29.897898 33.421069
 244.600000 0.203266 30.292138 33.421069
 244.800000 0.199634 30.615750 33.421069
 245.000000 0.206847 30.026776 33.496453
 245.200000 0.215671 29.879000 33.496453
 245.400000 0.213487 30.035349 33.496453
 245.600000 0.217468 29.746087 33.496453
 245.800000 0.220294 29.520517 33.496453
 246.000000 0.227939 28.723202 33.496453
 246.200000 0.229167 29.043203 33.496453
 246.400000 0.219411 30.007577 33.496453
 246.600000 0.220815 29.910685 33.496453
 246.800000 0.239781 26.999689 33.496453
 247.000000 0.219595 29.995433 33.496453
 247.200000 0.211379 30.840902 33.496453
 247.400000 0.223352 30.152082 33.496453
 247.600000 0.225233 29.954264 33.496453
 247.800000 0.231507 29.019134 33.496453
 248.000000 0.222876 30.196763 33.496453
 248.200000 0.230519 29.595113 33.496453
 248.400000 0.246006 25.684529 33.496453
 248.600000 0.255585 23.113827 33.496453
 248.800000 0.277689 16.239674 33.496453
 249.000000 0.286531 12.225389 33.496453
 249.200000 0.286666 13.175701 33.496453
 249.400000 0.305778 4.382864 33.496453
 249.600000 0.307186 3.890813 33.496453
 249.800000 0.297123 8.052406 33.496453
 250.000000 0.315866 1.624797 33.508767
 250.200000 0.304987 5.924297 33.508767
 250.400000 0.304305 6.141137 33.508767
 250.600000 0.316072 3.214278 33.508767
 250.800000 0.296343 9.121081 33.508767
 251.000000 0.303997 6.241201 33.508767
 251.200000 0.319567 3.386306 33.508767
 251.400000 0.306803 6.679135 33.508767
 251.600000 0.319628 3.373403 33.508767
 251.800000 0.309171 5.976835 33.508767
 252.000000 0.314469 4.560595 33.508767
 252.200000 0.300285 9.743099 33.508767
 252.400000 0.294711 11.509512 33.508767
 252.600000 0.301653 9.343395 33.508767
 252.800000 0.284795 15.029933 33.508767
 253.000000 0.293107 12.053859 33.508767
 253.200000 0.310222 7.583437 33.508767
 253.400000 0.302804 9.846116 33.508767
 253.600000 0.292216 13.383347 33.508767
 253.800000 0.294949 12.445194 33.508767
 254.000000 0.313721 6.570889 33.508767
 254.200000 0.294725 13.106052 33.508767
 254.400000 0.308517 9.318690 33.508767
 254.600000 0.327501 3.825647 33.508767
 254.800000 0.322518 5.272412 33.508767
 255.000000 0.327894 3.717454 33.477864
 255.200000 0.329712 4.705522 33.477864
 255.400000 0.338309 2.578921 33.477864
 255.600000 0.339734 2.284133 33.477864
 255.800000 0.333231 3.777522 33.477864
 256.000000 0.344232 1.491595 33.477864
 256.200000 0.331646 5.339639 33.477864
 256.400000 0.315749 8.626922 33.477864
 256.600000 0.313388 9.094207 33.477864
 256.800000 0.297589 12.480981 33.477864
 257.000000 0.312991 9.172134 33.477864
 257.200000 0.315456 9.832830 33.477864
 257.400000 0.325753 7.362368 33.477864
 257.600000 0.324691 7.634649 33.477864
 257.800000 0.330132 6.248236 33.477864
 258.000000 0.330320 6.201374 33.477864
 258.200000 0.313859 10.888545 33.477864
 258.400000 0.324529 8.908282 33.477864
 258.600000 0.335856 6.135140 33.477864
 258.800000 0.316953 10.399825 33.477864
 259.000000 0.298379 13.139756 33.477864
 259.200000 0.300096 13.806447 33.477864
 259.400000 0.305555 12.891618 33.477864
 259.600000 0.306949 12.662142 33.477864
 259.800000 0.321659 9.813602 33.477864
 260.000000 0.327193 8.443770 33.448005
 260.200000 0.319183 11.417930 33.448005
 260.400000 0.310293 12.735420 33.448005
 260.600000 0.318279 11.579572 33.448005
 260.800000 0.313756 12.282883 33.448005
 261.000000 0.324068 10.409578 33.448005
 261.200000 0.331346 9.492523 33.448005
 261.400000 0.318996 12.491356 33.448005
 261.600000 0.293870 15.226587 33.448005
 261.800000 0.292018 15.551766 33.448005
 262.000000 0.262562 21.810282 33.448005
 262.200000 0.244028 26.569953 33.448005
 262.400000 0.261653 22.655917 33.448005
 262.600000 0.287119 16.702909 33.448005
 262.800000 0.284378 17.358444 33.448005
 263.000000 0.279680 18.531986 33.448005
 263.200000 0.284927 17.945352 33.448005
 263.400000 0.307047 13.860109 33.448005
 263.600000 0.298984 14.845400 33.448005
 263.800000 0.308867 13.687437 33.448005
 264.000000 0.311316 13.456265 33.448005
 264.200000 0.299416 15.478957 33.448005
 264.400000 0.320963 12.951271 33.448005
 264.600000 0.333070 9.269552 33.448005
 264.800000 0.342179 5.977458 33.448005
 265.000000 0.352411 2.960118 33.421158
 265.200000 0.379495 0.403592 33.421158
 265.400000 0.370371 1.187045 33.421158
 265.600000 0.365972 1.787058 33.421158
 265.800000 0.375304 0.690632 33.421158
 266.000000 0.377488 0.526643 33.421158
 266.200000 0.375000 2.402119 33.421158
 266.400000 0.372709 2.553923 33.421158
 266.600000 0.374061 2.464111 33.421158
 266.800000 0.377290 2.249418 33.421158
 267.000000 0.390031 1.279692 33.421158
 267.200000 0.404035 1.423516 33.421158
 267.400000 0.374397 3.400855 33.421158
 267.600000 0.339506 8.045153 33.421158
 267.800000 0.356726 4.305389 33.421158
 268.000000 0.378316 3.397442 33.421158
 268.200000 0.368215 4.643409 33.421158
 268.400000 0.345176 6.658157 33.421158
 268.600000 0.324794 12.266876 33.421158
 268.800000 0.316151 13.918342 33.421158
 269.000000 0.321113 13.089342 33.421158
 269.200000 0.315024 14.962831 33.421158
 269.400000 0.320551 14.175539 33.421158
 269.600000 0.322758 13.713920 33.421158
 269.800000 0.327319 12.511832 33.421158
 270.000000 0.323409 13.561619 33.392713
 270.200000 0.357691 4.880333 33.392713
 270.400000 0.343162 7.867074 33.392713
 270.600000 0.347222 6.699544 33.392713
 270.800000 0.355683 5.090826 33.392713
 271.000000 0.381323 4.837129 33.392713
 271.200000 0.367734 5.579733 33.392713
 271.400000 0.369694 5.748159 33.392713
 271.600000 0.371485 5.903075 33.392713
 271.800000 0.373216 6.041242 33.392713
 272.000000 0.406951 1.685423 33.392713
 272.200000 0.399523 4.601402 33.392713
 272.400000 0.396048 5.201237 33.392713
 272.600000 0.364695 5.389074 33.392713
 272.800000 0.326629 13.646757 33.392713
 273.000000 0.331642 11.977963 33.392713
 273.200000 0.369980 5.885289 33.392713
 273.400000 0.365606 5.529465 33.392713
 273.600000 0.345139 8.027938 33.392713
 273.800000 0.350157 6.647359 33.392713
 274.000000 0.359723 5.414157 33.392713
 274.200000 0.358229 6.849375 33.392713
 274.400000 0.378810 7.181535 33.392713
 274.600000 0.375072 7.158689 33.392713
 274.800000 0.342328 9.675867 33.392713
 275.000000 0.336155 11.701209 33.364055
 275.200000 0.341688 10.840956 33.364055
 275.400000 0.341468 10.914003 33.364055
 275.600000 0.354989 7.563287 33.364055
 275.800000 0.359945 7.076700 33.364055
 276.000000 0.328830 15.044510 33.364055
 276.200000 0.350048 8.792813 33.364055
 276.400000 0.383027 7.024358 33.364055
 276.600000 0.356345 7.554552 33.364055
 276.800000 0.348527 9.202249 33.364055
 277.000000 0.345866 10.008902 33.364055
 277.200000 0.351217 9.557678 33.364055
 277.400000 0.345092 11.382106 33.364055
 277.600000 0.353789 8.940655 33.364055
 277.800000 0.333764 15.208955 33.364055
 278.000000 0.308330 16.841221 33.364055
 278.200000 0.277068 20.124500 33.364055
 278.400000 0.287418 18.046669 33.364055
 278.600000 0.271647 21.245883 33.364055
 278.800000 0.286967 18.123161 33.364055
 279.000000 0.271591 21.256906 33.364055
 279.200000 0.280714 19.912073 33.364055
 279.400000 0.290308 17.921536 33.364055
 279.600000 0.285663 18.793354 33.364055
 279.800000 0.308898 17.751743 33.364055
 280.000000 0.301925 17.237865 33.337307
 280.200000 0.310230 18.567372 33.337307
 280.400000 0.299055 17.983930 33.337307
 280.600000 0.294317 18.131390 33.337307
 280.800000 0.295408 18.067678 33.337307
 281.000000 0.286217 19.145544 33.337307
 281.200000 0.313111 18.863365 33.337307
 281.400000 0.339794 13.319452 33.337307
 281.600000 0.347689 10.587771 33.337307
 281.800000 0.338459 13.809538 33.337307
 282.000000 0.347952 10.506553 33.337307
 282.200000 0.353425 10.055020 33.337307
 282.400000 0.337582 14.993734 33.337307
 282.600000 0.311362 18.869334 33.337307
 282.800000 0.291520 19.079218 33.337307
 283.000000 0.320573 18.804354 33.337307
 283.200000 0.315036 19.683783 33.337307
 283.400000 0.322609 19.355780 33.337307
 283.600000 0.342450 13.639978 33.337307
 283.800000 0.327811 18.409508 33.337307
 284.000000 0.294571 18.920791 33.337307
 284.200000 0.294983 19.647608 33.337307
 284.400000 0.296308 19.575948 33.337307
 284.600000 0.297535 19.528141 33.337307
 284.800000 0.306848 19.686616 33.337307
 285.000000 0.280192 21.499500 33.311100
 285.200000 0.299727 19.774597 33.311100
 285.400000 0.314032 20.023831 33.311100
 285.600000 0.311288 19.972505 33.311100
 285.800000 0.292950 20.265069 33.311100
 286.000000 0.294527 20.102033 33.311100
 286.200000 0.300915 20.400569 33.311100
 286.400000 0.307525 20.337079 33.311100
 286.600000 0.298946 20.486477 33.311100
 286.800000 0.302849 20.353178 33.311100
 287.000000 0.306658 20.333007 33.311100
 287.200000 0.296598 21.204320 33.311100
 287.400000 0.303231 21.036489 33.311100
 287.600000 0.298053 21.138387 33.311100
 287.800000 0.291231 21.587660 33.311100
 288.000000 0.298293 21.129112 33.311100
 288.200000 0.308637 21.583346 33.311100
 288.400000 0.296314 21.895997 33.311100
 288.600000 0.282922 22.874581 33.311100
 288.800000 0.281391 23.002440 33.311100
 289.000000 0.279336 23.169184 33.311100
 289.200000 0.280863 23.666055 33.311100
 289.400000 0.287099 23.066073 33.311100
 289.600000 0.268810 24.356925 33.311100
 289.800000 0.279316 23.794275 33.311100
 290.000000 0.293237 22.469480 33.287257
 290.200000 0.299209 22.632047 33.287257
 290.400000 0.300084 22.570538 33.287257
 290.600000 0.345611 12.556046 33.287257
 290.800000 0.375766 7.553958 33.287257
 291.000000 0.369909 7.754608 33.287257
 291.200000 0.353272 10.835869 33.287257
 291.400000 0.344729 13.168577 33.287257
 291.600000 0.338129 15.445853 33.287257
 291.800000 0.327336 19.101320 33.287257
 292.000000 0.339786 14.853366 33.287257
 292.200000 0.339292 15.931628 33.287257
 292.400000 0.348382 12.826485 33.287257
 292.600000 0.358232 10.363161 33.287257
 292.800000 0.344110 14.236075 33.287257
 293.000000 0.347639 13.060937 33.287257
 293.200000 0.342216 15.812393 33.287257
 293.400000 0.354060 12.135293 33.287257
 293.600000 0.347707 14.017238 33.287257
 293.800000 0.338384 17.061267 33.287257
 294.000000 0.353173 12.376718 33.287257
 294.200000 0.339559 17.349797 33.287257
 294.400000 0.342222 16.582340 33.287257
 294.600000 0.346217 15.402416 33.287257
 294.800000 0.348089 14.847913 33.287257
 295.000000 0.351435 13.874065 33.259813
 295.200000 0.353762 14.154994 33.259813
 295.400000 0.351756 14.725792 33.259813
 295.600000 0.374690 9.657903 33.259813
 295.800000 0.374616 9.669154 33.259813
 296.000000 0.367660 10.810807 33.259813
 296.200000 0.369724 11.518922 33.259813
 296.400000 0.390948 7.022384 33.259813
 296.600000 0.384402 8.622251 33.259813
 296.800000 0.374501 10.660934 33.259813
 297.000000 0.363937 12.602275 33.259813
 297.200000 0.362195 13.947889 33.259813
 297.400000 0.370918 12.201412 33.259813
 297.600000 0.368624 12.667080 33.259813
 297.800000 0.360093 14.368735 33.259813
 298.000000 0.380338 10.069377 33.259813
 298.200000 0.379007 11.511175 33.259813
 298.400000 0.361797 14.546639 33.259813
 298.600000 0.342636 17.930726 33.259813
 298.800000 0.354519 15.749083 33.259813
 299.000000 0.345348 17.418826 33.259813
 299.200000 0.361311 15.079716 33.259813
 299.400000 0.376071 12.259133 33.259813
 299.600000 0.376745 12.108435 33.259813
 299.800000 0.392847 7.491993 33.259813
 300.000000 0.414775 2.200135 33.232896
