#! FIELDS time d metad.bias metad.rct
 0.000000 0.224251 0.000000 0.000000
 0.200000 0.232226 0.000000 0.000000
 0.400000 0.226861 0.000000 0.000000
 0.600000 0.231227 0.000000 0.000000
 0.800000 0.234109 0.000000 0.000000
 1.000000 0.220244 0.000000 0.000000
 1.200000 0.206353 1.138578 0.000000
 1.400000 0.211066 1.450634 0.000000
 1.600000 0.209815 1.373530 0.000000
 1.800000 0.216647 1.700284 0.000000
 2.000000 0.208122 1.261546 0.000000
 2.200000 0.207012 2.834668 0.000000
 2.400000 0.215523 3.129685 0.000000
 2.600000 0.225560 2.483477 0.000000
 2.800000 0.224481 2.592735 0.000000
 3.000000 0.217395 3.084721 0.000000
 3.200000 0.202004 3.255634 0.000000
 3.400000 0.208115 4.174556 0.000000
 3.600000 0.227004 3.569897 0.000000
 3.800000 0.235708 2.051896 0.000000
 4.000000 0.236752 1.880283 0.000000
 4.200000 0.229609 4.561146 0.000000
 4.400000 0.209996 4.702180 0.000000
 4.600000 0.199095 2.814396 0.000000
 4.800000 0.205647 4.026941 0.000000
 5.000000 0.217801 5.317357 1.714221
 5.200000 0.220715 6.662062 1.714221
 5.400000 0.249971 1.641432 1.714221
 5.600000 0.243110 2.801237 1.714221
 5.800000 0.239883 3.447607 1.714221
 6.000000 0.225967 6.168128 1.714221
 6.200000 0.215602 7.649414 1.714221
 6.400000 0.234929 5.611477 1.714221
 6.600000 0.235174 5.548155 1.714221
 6.800000 0.243129 3.487513 1.714221
 7.000000 0.232679 6.174373 1.714221
 7.200000 0.248422 3.070650 1.714221
 7.400000 0.238066 6.035237 1.714221
 7.600000 0.243064 4.548875 1.714221
 7.800000 0.265101 0.465522 1.714221
 8.000000 0.249240 2.867215 1.714221
 8.200000 0.252869 3.552849 1.714221
 8.400000 0.259921 2.133727 1.714221
 8.600000 0.252650 3.602571 1.714221
 8.800000 0.255386 3.005086 1.714221
 9.000000 0.258611 2.368993 1.714221
 9.200000 0.261820 3.357133 1.714221
 9.400000 0.269016 2.133265 1.714221
 9.600000 0.259642 3.753670 1.714221
 9.800000 0.251155 5.339538 1.714221
 10.000000 0.266294 2.575744 3.916402
 10.200000 0.267914 3.859844 3.916402
 10.400000 0.264103 4.495493 3.916402
 10.600000 0.253927 5.927149 3.916402
 10.800000 0.246138 6.925079 3.916402
 11.000000 0.260853 4.992993 3.916402
 11.200000 0.265609 5.582481 3.916402
 11.400000 0.269166 4.842993 3.916402
 11.600000 0.267085 5.287000 3.916402
 11.800000 0.266620 5.382040 3.916402
 12.000000 0.267719 5.154918 3.916402
 12.200000 0.260815 7.650398 3.916402
 12.400000 0.265307 7.013615 3.916402
 12.600000 0.264718 7.114927 3.916402
 12.800000 0.255870 8.021389 3.916402
 13.000000 0.248899 8.213187 3.916402
 13.200000 0.260397 8.598360 3.916402
 13.400000 0.257050 9.006254 3.916402
 13.600000 0.279530 3.692045 3.916402
 13.800000 0.283335 2.691419 3.916402
 14.000000 0.268018 7.019552 3.916402
 14.200000 0.286666 2.538907 3.916402
 14.400000 0.291382 1.523399 3.916402
 14.600000 0.284260 3.182616 3.916402
 14.800000 0.273682 6.603296 3.916402
 15.000000 0.271476 7.308081 5.974894
 15.200000 0.275574 7.190672 5.974894
 15.400000 0.271347 8.611584 5.974894
 15.600000 0.261215 10.626305 5.974894
 15.800000 0.257927 10.775776 5.974894
 16.000000 0.256719 10.778694 5.974894
 16.200000 0.270006 9.738025 5.974894
 16.400000 0.285353 3.876247 5.974894
 16.600000 0.284233 4.269263 5.974894
 16.800000 0.269535 9.889793 5.974894
 17.000000 0.287808 3.084342 5.974894
 17.200000 0.289560 4.096773 5.974894
 17.400000 0.285696 5.270183 5.974894
 17.600000 0.272743 9.698605 5.974894
 17.800000 0.280135 7.172767 5.974894
 18.000000 0.273662 9.408160 5.974894
 18.200000 0.253514 12.316751 5.974894
 18.400000 0.241023 10.719311 5.974894
 18.600000 0.244232 11.059825 5.974894
 18.800000 0.239415 10.585851 5.974894
 19.000000 0.232568 10.255990 5.974894
 19.200000 0.248968 12.305451 5.974894
 19.400000 0.238147 11.532143 5.974894
 19.600000 0.255997 12.908847 5.974894
 19.800000 0.276515 9.593252 5.974894
 20.000000 0.267851 12.154771 8.455581
 20.200000 0.259356 13.873964 8.455581
 20.400000 0.265411 13.587873 8.455581
 20.600000 0.272914 11.784240 8.455581
 20.800000 0.270045 12.652627 8.455581
 21.000000 0.265391 13.590534 8.455581
 21.200000 0.252667 13.935727 8.455581
 21.400000 0.259121 14.741142 8.455581
 21.600000 0.262121 14.800681 8.455581
 21.800000 0.247047 12.959980 8.455581
 22.000000 0.250581 13.573876 8.455581
 22.200000 0.251665 14.717576 8.455581
 22.400000 0.244469 13.437338 8.455581
 22.600000 0.238294 12.550479 8.455581
 22.800000 0.243776 13.322329 8.455581
 23.000000 0.239194 12.659668 8.455581
 23.200000 0.227805 12.265136 8.455581
 23.400000 0.225445 11.892779 8.455581
 23.600000 0.219521 10.651028 8.455581
 23.800000 0.209737 7.618720 8.455581
 24.000000 0.216084 9.707609 8.455581
 24.200000 0.242814 14.365912 8.455581
 24.400000 0.241731 14.247440 8.455581
 24.600000 0.227464 13.065919 8.455581
 24.800000 0.242156 14.293032 8.455581
 25.000000 0.245528 14.693303 11.214457
 25.200000 0.240272 14.955431 11.214457
 25.400000 0.220154 12.117519 11.214457
 25.600000 0.227309 13.483490 11.214457
 25.800000 0.252021 16.357813 11.214457
 26.000000 0.249134 16.050623 11.214457
 26.200000 0.261350 17.026278 11.214457
 26.400000 0.260329 17.155548 11.214457
 26.600000 0.248977 16.888117 11.214457
 26.800000 0.224325 13.220818 11.214457
 27.000000 0.218729 11.857557 11.214457
 27.200000 0.221287 13.554681 11.214457
 27.400000 0.217996 12.674732 11.214457
 27.600000 0.205377 7.667737 11.214457
 27.800000 0.193223 2.941679 11.214457
 28.000000 0.199245 5.041700 11.214457
 28.200000 0.193152 4.207796 11.214457
 28.400000 0.199697 6.620037 11.214457
 28.600000 0.198378 6.097734 11.214457
 28.800000 0.227493 14.915628 11.214457
 29.000000 0.225095 14.632009 11.214457
 29.200000 0.200965 7.382034 11.214457
 29.400000 0.191161 3.650679 11.214457
 29.600000 0.193605 4.457331 11.214457
 29.800000 0.187968 2.741902 11.214457
 30.000000 0.190540 3.461038 12.594048
 30.200000 0.205363 10.250056 12.594048
 30.400000 0.192916 5.701655 12.594048
 30.600000 0.205237 10.201382 12.594048
 30.800000 0.216829 14.116412 12.594048
 31.000000 0.204589 9.952051 12.594048
 31.200000 0.184987 3.919858 12.594048
 31.400000 0.192679 6.444443 12.594048
 31.600000 0.188745 5.079165 12.594048
 31.800000 0.182109 3.142990 12.594048
 32.000000 0.176969 2.005940 12.594048
 32.200000 0.166740 1.907969 12.594048
 32.400000 0.171179 2.584123 12.594048
 32.600000 0.180040 4.212983 12.594048
 32.800000 0.184460 5.182590 12.594048
 33.000000 0.189400 6.430848 12.594048
 33.200000 0.182021 5.796742 12.594048
 33.400000 0.173478 3.718131 12.594048
 33.600000 0.189552 7.786249 12.594048
 33.800000 0.193735 8.948930 12.594048
 34.000000 0.196807 9.833072 12.594048
 34.200000 0.187734 8.234516 12.594048
 34.400000 0.178953 5.577943 12.594048
 34.600000 0.182086 6.510265 12.594048
 34.800000 0.191498 9.381956 12.594048
 35.000000 0.189890 8.893869 12.994388
 35.200000 0.180222 6.908201 12.994388
 35.400000 0.168075 3.163737 12.994388
 35.600000 0.173138 4.594871 12.994388
 35.800000 0.176313 5.603696 12.994388
 36.000000 0.183944 8.162326 12.994388
 36.200000 0.185858 10.001705 12.994388
 36.400000 0.192641 11.912479 12.994388
 36.600000 0.187200 10.417670 12.994388
 36.800000 0.168676 4.043612 12.994388
 37.000000 0.164867 2.943916 12.994388
 37.200000 0.171197 6.267828 12.994388
 37.400000 0.179185 8.687078 12.994388
 37.600000 0.183005 9.799407 12.994388
 37.800000 0.186571 10.762000 12.994388
 38.000000 0.187636 11.031943 12.994388
 38.200000 0.207470 15.281629 12.994388
 38.400000 0.195438 13.690792 12.994388
 38.600000 0.180807 10.132638 12.994388
 38.800000 0.160842 3.696492 12.994388
 39.000000 0.170187 6.512122 12.994388
 39.200000 0.160400 4.640833 12.994388
 39.400000 0.160717 4.736511 12.994388
 39.600000 0.163069 5.465947 12.994388
 39.800000 0.161798 5.067593 12.994388
 40.000000 0.168723 7.328811 13.226563
 40.200000 0.170707 9.247625 13.226563
 40.400000 0.158592 5.115582 13.226563
 40.600000 0.163593 6.823743 13.226563
 40.800000 0.168103 8.381737 13.226563
 41.000000 0.175484 10.706857 13.226563
 41.200000 0.187880 14.143461 13.226563
 41.400000 0.191256 14.442965 13.226563
 41.600000 0.188738 14.229646 13.226563
 41.800000 0.176084 11.960440 13.226563
 42.000000 0.171947 10.700655 13.226563
 42.200000 0.168600 10.586978 13.226563
 42.400000 0.145900 2.125937 13.226563
 42.600000 0.154495 4.783449 13.226563
 42.800000 0.153464 4.402279 13.226563
 43.000000 0.141608 1.275338 13.226563
 43.200000 0.146642 3.867896 13.226563
 43.400000 0.167848 10.651118 13.226563
 43.600000 0.166400 10.135842 13.226563
 43.800000 0.191716 14.934303 13.226563
 44.000000 0.195313 15.024393 13.226563
 44.200000 0.198672 15.986134 13.226563
 44.400000 0.197321 15.961666 13.226563
 44.600000 0.206390 16.163885 13.226563
 44.800000 0.209157 16.261473 13.226563
 45.000000 0.206511 16.167790 13.943087
 45.200000 0.189354 16.117311 13.943087
 45.400000 0.183860 15.385652 13.943087
 45.600000 0.205555 16.987804 13.943087
 45.800000 0.227021 16.944611 13.943087
 46.000000 0.229628 16.840478 13.943087
 46.200000 0.216750 17.780752 13.943087
 46.400000 0.201375 16.977926 13.943087
 46.600000 0.206712 17.282153 13.943087
 46.800000 0.219763 17.844688 13.943087
 47.000000 0.246728 17.582552 13.943087
 47.200000 0.239914 18.139392 13.943087
 47.400000 0.210334 17.532119 13.943087
 47.600000 0.217394 17.916011 13.943087
 47.800000 0.208041 17.386963 13.943087
 48.000000 0.231213 18.074887 13.943087
 48.200000 0.252013 18.796945 13.943087
 48.400000 0.241288 18.802290 13.943087
 48.600000 0.235925 18.818034 13.943087
 48.800000 0.230654 18.859541 13.943087
 49.000000 0.232907 18.845403 13.943087
 49.200000 0.235353 19.568737 13.943087
 49.400000 0.247245 19.320376 13.943087
 49.600000 0.237719 19.523965 13.943087
 49.800000 0.216929 18.820510 13.943087
 50.000000 0.225725 19.500333 16.059208
 50.200000 0.212296 18.788388 16.059208
 50.400000 0.214966 19.171120 16.059208
 50.600000 0.236306 20.123828 16.059208
 50.800000 0.261039 18.014628 16.059208
 51.000000 0.284787 7.577119 16.059208
 51.200000 0.297321 3.720801 16.059208
 51.400000 0.290251 6.335092 16.059208
 51.600000 0.274907 13.669798 16.059208
 51.800000 0.243725 19.782848 16.059208
 52.000000 0.222315 20.022824 16.059208
 52.200000 0.212576 19.409834 16.059208
 52.400000 0.224696 20.893252 16.059208
 52.600000 0.218165 20.284947 16.059208
 52.800000 0.210139 18.991242 16.059208
 53.000000 0.208593 18.727360 16.059208
 53.200000 0.200617 18.200994 16.059208
 53.400000 0.227416 21.309940 16.059208
 53.600000 0.228749 21.268450 16.059208
 53.800000 0.227468 21.308744 16.059208
 54.000000 0.218083 20.895563 16.059208
 54.200000 0.219554 21.729645 16.059208
 54.400000 0.235439 21.158809 16.059208
 54.600000 0.230174 21.699097 16.059208
 54.800000 0.227076 21.893063 16.059208
 55.000000 0.237803 20.882770 17.762095
 55.200000 0.231689 22.199274 17.762095
 55.400000 0.230458 22.287661 17.762095
 55.600000 0.244313 20.821318 17.762095
 55.800000 0.221451 22.242942 17.762095
 56.000000 0.203875 19.197317 17.762095
 56.200000 0.206142 20.386493 17.762095
 56.400000 0.215035 21.967844 17.762095
 56.600000 0.218745 22.416505 17.762095
 56.800000 0.214660 21.912990 17.762095
 57.000000 0.202259 19.625777 17.762095
 57.200000 0.202015 20.308460 17.762095
 57.400000 0.202661 20.433988 17.762095
 57.600000 0.228616 22.729134 17.762095
 57.800000 0.221478 22.938675 17.762095
 58.000000 0.219821 22.877352 17.762095
 58.200000 0.204008 21.054635 17.762095
 58.400000 0.216357 23.232624 17.762095
 58.600000 0.255662 19.589603 17.762095
 58.800000 0.253455 19.890469 17.762095
 59.000000 0.230944 22.995261 17.762095
 59.200000 0.211839 22.879545 17.762095
 59.400000 0.184049 16.417921 17.762095
 59.600000 0.180354 15.368399 17.762095
 59.800000 0.212077 22.924923 17.762095
 60.000000 0.229892 23.749860 19.724522
 60.200000 0.230947 24.229262 19.724522
 60.400000 0.247976 21.175954 19.724522
 60.600000 0.253245 20.304546 19.724522
 60.800000 0.257301 19.583553 19.724522
 61.000000 0.261891 18.564696 19.724522
 61.200000 0.250875 21.278590 19.724522
 61.400000 0.243972 22.259498 19.724522
 61.600000 0.250931 21.271089 19.724522
 61.800000 0.278617 12.310257 19.724522
 62.000000 0.307770 1.328102 19.724522
 62.200000 0.301756 4.035920 19.724522
 62.400000 0.287377 8.438819 19.724522
 62.600000 0.275767 13.967929 19.724522
 62.800000 0.278833 12.449440 19.724522
 63.000000 0.291740 6.755858 19.724522
 63.200000 0.280674 12.523549 19.724522
 63.400000 0.303400 4.673094 19.724522
 63.600000 0.314832 2.404193 19.724522
 63.800000 0.287371 9.682383 19.724522
 64.000000 0.290314 8.560416 19.724522
 64.200000 0.296716 7.536823 19.724522
 64.400000 0.276246 15.260536 19.724522
 64.600000 0.308364 4.164716 19.724522
 64.800000 0.290451 9.705800 19.724522
 65.000000 0.282280 12.850196 19.880046
 65.200000 0.279272 15.025955 19.880046
 65.400000 0.259360 20.491999 19.880046
 65.600000 0.258953 20.547165 19.880046
 65.800000 0.253896 21.133991 19.880046
 66.000000 0.243050 22.444864 19.880046
 66.200000 0.253868 21.633207 19.880046
 66.400000 0.280391 14.616343 19.880046
 66.600000 0.288251 11.439134 19.880046
 66.800000 0.281199 14.293121 19.880046
 67.000000 0.285304 12.630644 19.880046
 67.200000 0.285908 13.381559 19.880046
 67.400000 0.301660 6.969673 19.880046
 67.600000 0.286223 13.252990 19.880046
 67.800000 0.280466 15.532540 19.880046
 68.000000 0.277522 16.612359 19.880046
 68.200000 0.276148 17.921084 19.880046
 68.400000 0.272756 18.973363 19.880046
 68.600000 0.273850 18.652955 19.880046
 68.800000 0.265866 20.570268 19.880046
 69.000000 0.244389 22.984131 19.880046
 69.200000 0.224893 25.295657 19.880046
 69.400000 0.241970 23.935749 19.880046
 69.600000 0.265047 20.955179 19.880046
 69.800000 0.269488 19.975772 19.880046
 70.000000 0.256187 22.237662 20.915195
 70.200000 0.247833 23.735768 20.915195
 70.400000 0.230470 25.387909 20.915195
 70.600000 0.248121 23.707051 20.915195
 70.800000 0.252260 23.301252 20.915195
 71.000000 0.244974 24.027852 20.915195
 71.200000 0.236034 25.486571 20.915195
 71.400000 0.215942 24.301818 20.915195
 71.600000 0.194516 19.020003 20.915195
 71.800000 0.201761 20.793115 20.915195
 72.000000 0.210578 23.052862 20.915195
 72.200000 0.212867 24.231280 20.915195
 72.400000 0.224522 25.990239 20.915195
 72.600000 0.236717 25.568498 20.915195
 72.800000 0.249931 24.116239 20.915195
 73.000000 0.256175 23.347681 20.915195
 73.200000 0.253597 24.293790 20.915195
 73.400000 0.234365 25.995322 20.915195
 73.600000 0.234128 26.009539 20.915195
 73.800000 0.244541 25.177932 20.915195
 74.000000 0.254046 24.240446 20.915195
 74.200000 0.245794 25.577911 20.915195
 74.400000 0.238665 26.032850 20.915195
 74.600000 0.246910 25.497488 20.915195
 74.800000 0.252450 25.014517 20.915195
 75.000000 0.245578 25.593029 22.449097
 75.200000 0.251363 25.643712 22.449097
 75.400000 0.250750 25.709571 22.449097
 75.600000 0.246658 26.074156 22.449097
 75.800000 0.267313 22.246607 22.449097
 76.000000 0.263174 23.488087 22.449097
 76.200000 0.282598 16.199602 22.449097
 76.400000 0.286550 14.249034 22.449097
 76.600000 0.298201 8.696582 22.449097
 76.800000 0.290274 12.414019 22.449097
 77.000000 0.303341 6.568533 22.449097
 77.200000 0.309490 5.637377 22.449097
 77.400000 0.315368 3.809027 22.449097
 77.600000 0.309058 5.785194 22.449097
 77.800000 0.301049 8.772752 22.449097
 78.000000 0.289286 13.739353 22.449097
 78.200000 0.300719 9.613892 22.449097
 78.400000 0.288461 15.049663 22.449097
 78.600000 0.281795 17.894425 22.449097
 78.800000 0.292996 13.046504 22.449097
 79.000000 0.311942 5.135006 22.449097
 79.200000 0.308098 7.897286 22.449097
 79.400000 0.295489 12.694729 22.449097
 79.600000 0.283518 17.401487 22.449097
 79.800000 0.275694 20.411604 22.449097
 80.000000 0.304173 9.353078 22.677993
 80.200000 0.308863 8.717683 22.677993
 80.400000 0.311660 7.643750 22.677993
 80.600000 0.308705 8.778622 22.677993
 80.800000 0.308124 9.002037 22.677993
 81.000000 0.309190 8.591861 22.677993
 81.200000 0.302055 12.361897 22.677993
 81.400000 0.290480 15.968279 22.677993
 81.600000 0.295449 14.467850 22.677993
 81.800000 0.300355 12.925581 22.677993
 82.000000 0.316814 6.766659 22.677993
 82.200000 0.305099 12.260845 22.677993
 82.400000 0.315921 8.413774 22.677993
 82.600000 0.335728 1.802115 22.677993
 82.800000 0.340981 0.940892 22.677993
 83.000000 0.342768 0.735373 22.677993
 83.200000 0.326206 5.382226 22.677993
 83.400000 0.307896 11.473549 22.677993
 83.600000 0.311447 10.307983 22.677993
 83.800000 0.316639 8.499409 22.677993
 84.000000 0.311603 10.254890 22.677993
 84.200000 0.283904 18.312328 22.677993
 84.400000 0.300103 14.554268 22.677993
 84.600000 0.322734 7.267275 22.677993
 84.800000 0.325855 6.186337 22.677993
 85.000000 0.339184 3.038355 22.637881
 85.200000 0.313940 10.911671 22.637881
 85.400000 0.323028 8.015973 22.637881
 85.600000 0.333390 5.519308 22.637881
 85.800000 0.327727 6.733345 22.637881
 86.000000 0.310347 12.019962 22.637881
 86.200000 0.286156 17.986732 22.637881
 86.400000 0.289768 17.221018 22.637881
 86.600000 0.287911 17.600288 22.637881
 86.800000 0.290988 16.988054 22.637881
 87.000000 0.283409 18.652685 22.637881
 87.200000 0.302902 15.210493 22.637881
 87.400000 0.274325 21.908592 22.637881
 87.600000 0.260743 25.141239 22.637881
 87.800000 0.267004 23.855014 22.637881
 88.000000 0.286476 18.660690 22.637881
 88.200000 0.306271 14.696633 22.637881
 88.400000 0.300031 16.344512 22.637881
 88.600000 0.309919 13.552194 22.637881
 88.800000 0.317860 10.681329 22.637881
 89.000000 0.305202 15.004936 22.637881
 89.200000 0.298777 17.458697 22.637881
 89.400000 0.292159 18.740469 22.637881
 89.600000 0.295815 18.052041 22.637881
 89.800000 0.292622 18.654178 22.637881
 90.000000 0.300247 17.141790 22.780153
 90.200000 0.305134 16.694043 22.780153
 90.400000 0.330820 6.749016 22.780153
 90.600000 0.329362 7.186903 22.780153
 90.800000 0.328665 7.408693 22.780153
 91.000000 0.324237 9.003629 22.780153
 91.200000 0.303614 17.581806 22.780153
 91.400000 0.316909 13.179416 22.780153
 91.600000 0.330108 8.043603 22.780153
 91.800000 0.329211 8.343343 22.780153
 92.000000 0.325746 9.591614 22.780153
 92.200000 0.335914 7.246358 22.780153
 92.400000 0.324432 11.236238 22.780153
 92.600000 0.332273 8.400047 22.780153
 92.800000 0.326123 10.590534 22.780153
 93.000000 0.336750 6.996213 22.780153
 93.200000 0.334097 9.070219 22.780153
 93.400000 0.321489 13.143211 22.780153
 93.600000 0.289227 20.052603 22.780153
 93.800000 0.302955 18.187908 22.780153
 94.000000 0.307176 17.371200 22.780153
 94.200000 0.304185 18.763067 22.780153
 94.400000 0.305120 18.595570 22.780153
 94.600000 0.320822 13.901578 22.780153
 94.800000 0.337657 8.110811 22.780153
 95.000000 0.337391 8.192967 22.763407
 95.200000 0.319941 14.843464 22.763407
 95.400000 0.310111 17.693676 22.763407
 95.600000 0.319605 14.951241 22.763407
 95.800000 0.335455 10.002571 22.763407
 96.000000 0.326262 12.821394 22.763407
 96.200000 0.311008 18.062459 22.763407
 96.400000 0.295226 20.004933 22.763407
 96.600000 0.297655 19.823544 22.763407
 96.800000 0.289913 20.430986 22.763407
 97.000000 0.281330 21.517486 22.763407
 97.200000 0.283811 21.799684 22.763407
 97.400000 0.283546 21.839568 22.763407
 97.600000 0.278844 22.607971 22.763407
 97.800000 0.287478 21.294461 22.763407
 98.000000 0.275430 23.220112 22.763407
 98.200000 0.286017 21.970213 22.763407
 98.400000 0.303293 19.643725 22.763407
 98.600000 0.309260 18.576504 22.763407
 98.800000 0.315667 17.013806 22.763407
 99.000000 0.299029 20.228357 22.763407
 99.200000 0.303427 20.304240 22.763407
 99.400000 0.303248 20.333543 22.763407
 99.600000 0.287898 22.220978 22.763407
 99.800000 0.281985 23.020004 22.763407
 100.000000 0.276666 23.848246 23.227330
 100.200000 0.271937 25.180303 23.227330
 100.400000 0.276664 24.453408 23.227330
 100.600000 0.287431 22.745857 23.227330
 100.800000 0.281941 23.595156 23.227330
 101.000000 0.264905 26.043159 23.227330
 101.200000 0.263463 26.718463 23.227330
 101.400000 0.252416 27.042537 23.227330
 101.600000 0.247293 26.976026 23.227330
 101.800000 0.248893 27.000107 23.227330
 102.000000 0.249177 27.004254 23.227330
 102.200000 0.252510 27.556003 23.227330
 102.400000 0.239260 27.315352 23.227330
 102.600000 0.237566 27.274572 23.227330
 102.800000 0.270293 26.120074 23.227330
 103.000000 0.273088 25.629974 23.227330
 103.200000 0.277360 25.354882 23.227330
 103.400000 0.279957 24.814916 23.227330
 103.600000 0.276026 25.625363 23.227330
 103.800000 0.276570 25.515882 23.227330
 104.000000 0.280546 24.691580 23.227330
 104.200000 0.270282 27.131745 23.227330
 104.400000 0.257786 27.968064 23.227330
 104.600000 0.268836 27.321579 23.227330
 104.800000 0.263972 27.779246 23.227330
 105.000000 0.259907 27.947667 24.506019
 105.200000 0.260965 28.424020 24.506019
 105.400000 0.267961 27.861213 24.506019
 105.600000 0.267645 27.901145 24.506019
 105.800000 0.270351 27.517317 24.506019
 106.000000 0.261122 28.418712 24.506019
 106.200000 0.261507 28.897639 24.506019
 106.400000 0.267652 28.349058 24.506019
 106.600000 0.280776 25.625179 24.506019
 106.800000 0.265618 28.597010 24.506019
 107.000000 0.247180 28.339497 24.506019
 107.200000 0.234811 27.805642 24.506019
 107.400000 0.239491 28.184848 24.506019
 107.600000 0.250789 29.102094 24.506019
 107.800000 0.258212 29.329744 24.506019
 108.000000 0.264287 28.981704 24.506019
 108.200000 0.276235 27.142607 24.506019
 108.400000 0.278431 26.561893 24.506019
 108.600000 0.274896 27.483150 24.506019
 108.800000 0.252190 29.533529 24.506019
 109.000000 0.259097 29.766597 24.506019
 109.200000 0.263144 30.018647 24.506019
 109.400000 0.269789 28.990466 24.506019
 109.600000 0.273081 28.222147 24.506019
 109.800000 0.280663 26.122740 24.506019
 110.000000 0.297993 21.867464 25.836833
 110.200000 0.279182 26.848909 25.836833
 110.400000 0.268006 29.432195 25.836833
 110.600000 0.263623 30.019016 25.836833
 110.800000 0.253203 30.039994 25.836833
 111.000000 0.262263 30.129598 25.836833
 111.200000 0.257736 30.687951 25.836833
 111.400000 0.250045 30.076340 25.836833
 111.600000 0.236320 28.259151 25.836833
 111.800000 0.238511 28.524241 25.836833
 112.000000 0.244054 29.263306 25.836833
 112.200000 0.243920 29.719812 25.836833
 112.400000 0.239589 29.115165 25.836833
 112.600000 0.229447 27.760475 25.836833
 112.800000 0.233310 28.281060 25.836833
 113.000000 0.232648 28.193937 25.836833
 113.200000 0.249019 30.670856 25.836833
 113.400000 0.261270 30.969978 25.836833
 113.600000 0.238518 29.430703 25.836833
 113.800000 0.246056 30.349565 25.836833
 114.000000 0.233253 28.771558 25.836833
 114.200000 0.227676 28.429767 25.836833
 114.400000 0.227721 28.437365 25.836833
 114.600000 0.241514 30.217512 25.836833
 114.800000 0.240728 30.132268 25.836833
 115.000000 0.237328 29.751630 27.181502
 115.200000 0.237256 30.208334 27.181502
 115.400000 0.242574 30.768313 27.181502
 115.600000 0.222454 27.682909 27.181502
 115.800000 0.221212 27.372531 27.181502
 116.000000 0.228820 29.014762 27.181502
 116.200000 0.250011 31.527302 27.181502
 116.400000 0.241358 30.987690 27.181502
 116.600000 0.239399 30.821136 27.181502
 116.800000 0.232311 30.039843 27.181502
 117.000000 0.223016 28.263944 27.181502
 117.200000 0.211220 25.038847 27.181502
 117.400000 0.210936 24.938166 27.181502
 117.600000 0.215219 26.432091 27.181502
 117.800000 0.209963 24.591577 27.181502
 118.000000 0.213143 25.717135 27.181502
 118.200000 0.220880 28.683608 27.181502
 118.400000 0.225207 29.673679 27.181502
 118.600000 0.232548 30.718549 27.181502
 118.800000 0.218132 27.909251 27.181502
 119.000000 0.203048 22.624844 27.181502
 119.200000 0.198170 21.561494 27.181502
 119.400000 0.194103 20.196057 27.181502
 119.600000 0.203357 23.372852 27.181502
 119.800000 0.208420 25.170427 27.181502
 120.000000 0.198323 21.613828 27.751517
 120.200000 0.188121 18.792380 27.751517
 120.400000 0.189196 19.162322 27.751517
 120.600000 0.194749 21.058529 27.751517
 120.800000 0.206137 24.944642 27.751517
 121.000000 0.204865 24.516130 27.751517
 121.200000 0.195719 21.877371 27.751517
 121.400000 0.178045 15.296814 27.751517
 121.600000 0.186850 18.637356 27.751517
 121.800000 0.186021 18.329662 27.751517
 122.000000 0.179022 15.677739 27.751517
 122.200000 0.171880 13.586487 27.751517
 122.400000 0.164671 10.341298 27.751517
 122.600000 0.173072 14.105782 27.751517
 122.800000 0.165739 10.823096 27.751517
 123.000000 0.152202 5.438660 27.751517
 123.200000 0.165378 11.592897 27.751517
 123.400000 0.161486 10.069600 27.751517
 123.600000 0.160772 9.796537 27.751517
 123.800000 0.154230 7.460062 27.751517
 124.000000 0.150059 6.170813 27.751517
 124.200000 0.137400 4.095250 27.751517
 124.400000 0.137568 4.136826 27.751517
 124.600000 0.134011 3.293834 27.751517
 124.800000 0.144775 6.017663 27.751517
 125.000000 0.158906 10.213296 27.796110
 125.200000 0.147244 7.520085 27.796110
 125.400000 0.123192 1.364931 27.796110
 125.600000 0.124163 1.511827 27.796110
 125.800000 0.141198 5.614111 27.796110
 126.000000 0.145537 6.971892 27.796110
 126.200000 0.155613 11.271978 27.796110
 126.400000 0.130442 3.482840 27.796110
 126.600000 0.141904 7.076019 27.796110
 126.800000 0.151850 10.191443 27.796110
 127.000000 0.132355 4.028737 27.796110
 127.200000 0.126569 3.853456 27.796110
 127.400000 0.146679 9.543066 27.796110
 127.600000 0.138741 7.371357 27.796110
 127.800000 0.139955 7.721050 27.796110
 128.000000 0.145296 9.184813 27.796110
 128.200000 0.151292 11.757413 27.796110
 128.400000 0.141121 9.169492 27.796110
 128.600000 0.165812 14.615575 27.796110
 128.800000 0.150898 11.673348 27.796110
 129.000000 0.131576 6.027209 27.796110
 129.200000 0.148450 11.836643 27.796110
 129.400000 0.155200 12.931816 27.796110
 129.600000 0.166955 14.935292 27.796110
 129.800000 0.179055 17.696353 27.796110
 130.000000 0.167971 15.140101 27.755782
 130.200000 0.160445 14.545772 27.755782
 130.400000 0.158159 14.110829 27.755782
 130.600000 0.157728 14.029347 27.755782
 130.800000 0.156513 13.799860 27.755782
 131.000000 0.156346 13.768315 27.755782
 131.200000 0.153065 14.070868 27.755782
 131.400000 0.167219 16.606558 27.755782
 131.600000 0.161218 15.593182 27.755782
 131.800000 0.157290 14.892572 27.755782
 132.000000 0.143541 11.738278 27.755782
 132.200000 0.138072 10.971164 27.755782
 132.400000 0.136303 10.306088 27.755782
 132.600000 0.152036 14.738732 27.755782
 132.800000 0.167935 17.001953 27.755782
 133.000000 0.162262 16.247598 27.755782
 133.200000 0.173211 18.416121 27.755782
 133.400000 0.179164 19.204140 27.755782
 133.600000 0.155795 16.127011 27.755782
 133.800000 0.145835 13.868091 27.755782
 134.000000 0.156420 16.233431 27.755782
 134.200000 0.175491 19.078909 27.755782
 134.400000 0.166131 18.265674 27.755782
 134.600000 0.154904 16.814356 27.755782
 134.800000 0.128590 7.386447 27.755782
 135.000000 0.111203 1.651267 27.718531
 135.200000 0.123057 6.271272 27.718531
 135.400000 0.120505 5.489125 27.718531
 135.600000 0.120334 5.439755 27.718531
 135.800000 0.135764 11.025543 27.718531
 136.000000 0.159973 17.613842 27.718531
 136.200000 0.153211 17.230601 27.718531
 136.400000 0.138000 12.170666 27.718531
 136.600000 0.132473 9.869084 27.718531
 136.800000 0.135604 11.174786 27.718531
 137.000000 0.136323 11.475024 27.718531
 137.200000 0.136403 12.557977 27.718531
 137.400000 0.144259 15.516872 27.718531
 137.600000 0.167528 19.210848 27.718531
 137.800000 0.175390 19.572829 27.718531
 138.000000 0.163043 18.963284 27.718531
 138.200000 0.159858 19.437863 27.718531
 138.400000 0.158390 19.264450 27.718531
 138.600000 0.157124 19.089647 27.718531
 138.800000 0.155191 18.775383 27.718531
 139.000000 0.117332 5.113806 27.718531
 139.200000 0.127364 9.867677 27.718531
 139.400000 0.172785 20.047378 27.718531
 139.600000 0.203149 24.884184 27.718531
 139.800000 0.192306 22.029990 27.718531
 140.000000 0.173426 20.060483 27.690213
 140.200000 0.187547 21.597927 27.690213
 140.400000 0.174396 20.796996 27.690213
 140.600000 0.164265 20.392004 27.690213
 140.800000 0.175220 20.814503 27.690213
 141.000000 0.183617 21.186444 27.690213
 141.200000 0.180298 21.640000 27.690213
 141.400000 0.175366 21.402887 27.690213
 141.600000 0.166921 20.930342 27.690213
 141.800000 0.178165 21.528187 27.690213
 142.000000 0.176162 21.437449 27.690213
 142.200000 0.176873 22.141494 27.690213
 142.400000 0.184152 22.495917 27.690213
 142.600000 0.184578 22.523964 27.690213
 142.800000 0.191221 23.161515 27.690213
 143.000000 0.185809 22.613281 27.690213
 143.200000 0.178122 22.754166 27.690213
 143.400000 0.164249 21.403630 27.690213
 143.600000 0.177202 22.697289 27.690213
 143.800000 0.187423 23.384521 27.690213
 144.000000 0.169376 22.062165 27.690213
 144.200000 0.163192 21.840018 27.690213
 144.400000 0.163625 21.915929 27.690213
 144.600000 0.174533 23.134888 27.690213
 144.800000 0.182089 23.453180 27.690213
 145.000000 0.174666 23.142654 27.726028
 145.200000 0.170094 23.386449 27.726028
 145.400000 0.153617 19.826914 27.726028
 145.600000 0.156352 20.636132 27.726028
 145.800000 0.176122 23.840827 27.726028
 146.000000 0.184592 24.054171 27.726028
 146.200000 0.186661 24.703641 27.726028
 146.400000 0.166464 23.184937 27.726028
 146.600000 0.158792 21.430628 27.726028
 146.800000 0.162827 22.439611 27.726028
 147.000000 0.162585 22.384487 27.726028
 147.200000 0.157146 21.573717 27.726028
 147.400000 0.160174 22.433913 27.726028
 147.600000 0.151893 19.836233 27.726028
 147.800000 0.150976 19.506392 27.726028
 148.000000 0.152769 20.144694 27.726028
 148.200000 0.160113 23.050412 27.726028
 148.400000 0.176594 24.998704 27.726028
 148.600000 0.182231 24.975519 27.726028
 148.800000 0.180645 24.993637 27.726028
 149.000000 0.175316 24.976764 27.726028
 149.200000 0.168759 25.089246 27.726028
 149.400000 0.179956 25.547897 27.726028
 149.600000 0.173271 25.476470 27.726028
 149.800000 0.168874 25.103218 27.726028
 150.000000 0.162870 24.070556 27.781056
 150.200000 0.154777 22.273673 27.781056
 150.400000 0.167309 25.466396 27.781056
 150.600000 0.155584 22.560747 27.781056
 150.800000 0.169559 25.724079 27.781056
 151.000000 0.162342 24.549496 27.781056
 151.200000 0.156338 23.361947 27.781056
 151.400000 0.139129 15.613850 27.781056
 151.600000 0.152217 21.770710 27.781056
 151.800000 0.159704 24.446191 27.781056
 152.000000 0.163181 25.323090 27.781056
 152.200000 0.189228 25.693414 27.781056
 152.400000 0.186890 25.841631 27.781056
 152.600000 0.186161 25.897255 27.781056
 152.800000 0.189691 25.670532 27.781056
 153.000000 0.174001 26.834069 27.781056
 153.200000 0.155784 23.917732 27.781056
 153.400000 0.144790 18.739567 27.781056
 153.600000 0.125710 9.529850 27.781056
 153.800000 0.110929 4.763386 27.781056
 154.000000 0.123442 8.650464 27.781056
 154.200000 0.124724 10.326198 27.781056
 154.400000 0.128826 11.950424 27.781056
 154.600000 0.138185 16.052338 27.781056
 154.800000 0.127717 11.500566 27.781056
 155.000000 0.150794 21.951816 27.857268
 155.200000 0.157688 25.322761 27.857268
 155.400000 0.159775 25.967295 27.857268
 155.600000 0.142975 18.882981 27.857268
 155.800000 0.152518 23.358174 27.857268
 156.000000 0.129825 12.609157 27.857268
 156.200000 0.106120 4.504972 27.857268
 156.400000 0.127614 12.644725 27.857268
 156.600000 0.126780 12.286064 27.857268
 156.800000 0.121412 10.042279 27.857268
 157.000000 0.130204 13.773803 27.857268
 157.200000 0.127099 13.350235 27.857268
 157.400000 0.134095 16.424205 27.857268
 157.600000 0.130142 14.693843 27.857268
 157.800000 0.124799 12.331589 27.857268
 158.000000 0.117989 9.359010 27.857268
 158.200000 0.143109 20.558798 27.857268
 158.400000 0.145122 21.332805 27.857268
 158.600000 0.123866 12.987317 27.857268
 158.800000 0.138571 18.804501 27.857268
 159.000000 0.133229 16.734392 27.857268
 159.200000 0.121093 12.427330 27.857268
 159.400000 0.122954 13.265004 27.857268
 159.600000 0.125316 14.306187 27.857268
 159.800000 0.139236 19.828611 27.857268
 160.000000 0.120453 12.136756 27.840835
 160.200000 0.103361 5.253335 27.840835
 160.400000 0.116330 11.223960 27.840835
 160.600000 0.130864 17.429430 27.840835
 160.800000 0.122347 14.004126 27.840835
 161.000000 0.122009 13.855138 27.840835
 161.200000 0.114281 11.064535 27.840835
 161.400000 0.112444 10.121441 27.840835
 161.600000 0.107948 7.838898 27.840835
 161.800000 0.109534 8.632156 27.840835
 162.000000 0.125336 16.202631 27.840835
 162.200000 0.137633 20.919962 27.840835
 162.400000 0.145720 22.999821 27.840835
 162.600000 0.165593 27.453225 27.840835
 162.800000 0.142820 22.247727 27.840835
 163.000000 0.115933 12.601470 27.840835
 163.200000 0.117710 14.525299 27.840835
 163.400000 0.107502 8.890189 27.840835
 163.600000 0.115954 13.611152 27.840835
 163.800000 0.109654 10.098957 27.840835
 164.000000 0.087782 1.336197 27.840835
 164.200000 0.093557 4.224870 27.840835
 164.400000 0.084281 2.421610 27.840835
 164.600000 0.095208 4.674566 27.840835
 164.800000 0.083816 2.354364 27.840835
 165.000000 0.081384 2.026201 27.812124
 165.200000 0.073628 2.580246 27.812124
 165.400000 0.084548 4.024738 27.812124
 165.600000 0.075943 2.903837 27.812124
 165.800000 0.076416 2.968748 27.812124
 166.000000 0.062458 1.118931 27.812124
 166.200000 0.043490 0.827397 27.812124
 166.400000 0.050542 1.476475 27.812124
 166.600000 0.076907 4.081424 27.812124
 166.800000 0.071335 3.652499 27.812124
 167.000000 0.091685 5.279640 27.812124
 167.200000 0.087919 6.195431 27.812124
 167.400000 0.076404 4.868708 27.812124
 167.600000 0.082674 5.612562 27.812124
 167.800000 0.067294 3.648328 27.812124
 168.000000 0.057069 2.282118 27.812124
 168.200000 0.069348 5.060612 27.812124
 168.400000 0.078342 5.684597 27.812124
 168.600000 0.075305 5.482428 27.812124
 168.800000 0.066438 4.830797 27.812124
 169.000000 0.079637 5.770943 27.812124
 169.200000 0.083909 7.365772 27.812124
 169.400000 0.076723 6.905032 27.812124
 169.600000 0.090260 7.661942 27.812124
 169.800000 0.093833 7.921290 27.812124
 170.000000 0.077350 6.956344 27.774271
 170.200000 0.088112 8.545752 27.774271
 170.400000 0.074659 7.982607 27.774271
 170.600000 0.063533 6.172352 27.774271
 170.800000 0.061317 5.719302 27.774271
 171.000000 0.058749 5.173913 27.774271
 171.200000 0.065161 7.760548 27.774271
 171.400000 0.074125 8.742125 27.774271
 171.600000 0.081075 8.917209 27.774271
 171.800000 0.089276 8.717743 27.774271
 172.000000 0.095516 8.780586 27.774271
 172.200000 0.089365 9.803605 27.774271
 172.400000 0.115253 14.688589 27.774271
 172.600000 0.085239 9.770166 27.774271
 172.800000 0.092431 9.844464 27.774271
 173.000000 0.065080 7.896918 27.774271
 173.200000 0.064764 9.071062 27.774271
 173.400000 0.059808 8.011620 27.774271
 173.600000 0.075495 10.266833 27.774271
 173.800000 0.072707 10.096424 27.774271
 174.000000 0.074377 10.209750 27.774271
 174.200000 0.097694 10.569147 27.774271
 174.400000 0.088092 10.903688 27.774271
 174.600000 0.092595 10.605295 27.774271
 174.800000 0.069312 10.808137 27.774271
 175.000000 0.064381 9.889338 27.738427
 175.200000 0.055791 8.414866 27.738427
 175.400000 0.073287 12.191289 27.738427
 175.600000 0.098433 10.689158 27.738427
 175.800000 0.091824 10.854519 27.738427
 176.000000 0.085806 11.484619 27.738427
 176.200000 0.090451 11.977240 27.738427
 176.400000 0.077791 13.086327 27.738427
 176.600000 0.045152 4.458141 27.738427
 176.800000 0.041715 3.323535 27.738427
 177.000000 0.068603 12.326520 27.738427
 177.200000 0.070979 13.688557 27.738427
 177.400000 0.056345 9.488409 27.738427
 177.600000 0.047473 5.679979 27.738427
 177.800000 0.041520 3.460817 27.738427
 178.000000 0.044799 4.619863 27.738427
 178.200000 0.048061 7.314915 27.738427
 178.400000 0.049265 7.795269 27.738427
 178.600000 0.068551 13.732432 27.738427
 178.800000 0.059246 11.544863 27.738427
 179.000000 0.044660 5.991550 27.738427
 179.200000 0.059409 12.422827 27.738427
 179.400000 0.072987 14.339103 27.738427
 179.600000 0.083881 13.425402 27.738427
 179.800000 0.106639 12.355161 27.738427
 180.000000 0.097912 11.574299 27.702494
 180.200000 0.072818 14.593710 27.702494
 180.400000 0.059784 12.560964 27.702494
 180.600000 0.045105 7.500175 27.702494
 180.800000 0.056597 11.635338 27.702494
 181.000000 0.050860 9.668754 27.702494
 181.200000 0.037487 5.518139 27.702494
 181.400000 0.045678 8.789249 27.702494
 181.600000 0.071024 14.952133 27.702494
 181.800000 0.091379 13.183193 27.702494
 182.000000 0.116409 15.766511 27.702494
 182.200000 0.087768 13.809810 27.702494
 182.400000 0.076827 14.896527 27.702494
 182.600000 0.100433 13.108850 27.702494
 182.800000 0.111445 15.129109 27.702494
 183.000000 0.098037 13.030387 27.702494
 183.200000 0.098188 14.010795 27.702494
 183.400000 0.103212 14.290603 27.702494
 183.600000 0.096019 14.033449 27.702494
 183.800000 0.101151 14.116674 27.702494
 184.000000 0.096132 14.030458 27.702494
 184.200000 0.105313 15.332953 27.702494
 184.400000 0.106775 15.520324 27.702494
 184.600000 0.088027 15.371001 27.702494
 184.800000 0.107974 15.700330 27.702494
 185.000000 0.110520 16.153714 27.671962
 185.200000 0.104388 16.017155 27.671962
 185.400000 0.095420 15.500721 27.671962
 185.600000 0.101105 15.699802 27.671962
 185.800000 0.098563 15.559386 27.671962
 186.000000 0.100337 15.648040 27.671962
 186.200000 0.091121 16.279963 27.671962
 186.400000 0.096360 16.348217 27.671962
 186.600000 0.095976 16.338721 27.671962
 186.800000 0.090314 16.276922 27.671962
 187.000000 0.099189 16.454859 27.671962
 187.200000 0.105345 17.736597 27.671962
 187.400000 0.106343 17.835479 27.671962
 187.600000 0.098690 17.271031 27.671962
 187.800000 0.096913 17.194861 27.671962
 188.000000 0.096560 17.181541 27.671962
 188.200000 0.111795 18.989483 27.671962
 188.400000 0.105129 18.407432 27.671962
 188.600000 0.118120 19.729846 27.671962
 188.800000 0.100184 18.139851 27.671962
 189.000000 0.081564 17.091121 27.671962
 189.200000 0.062990 14.826912 27.671962
 189.400000 0.056234 12.869417 27.671962
 189.600000 0.059133 13.777446 27.671962
 189.800000 0.063703 15.001578 27.671962
 190.000000 0.068792 16.098350 27.643245
 190.200000 0.065535 16.260482 27.643245
 190.400000 0.070836 17.318202 27.643245
 190.600000 0.071056 17.354743 27.643245
 190.800000 0.074199 17.815595 27.643245
 191.000000 0.095439 18.660991 27.643245
 191.200000 0.083033 19.121953 27.643245
 191.400000 0.069647 17.284436 27.643245
 191.600000 0.103363 19.302397 27.643245
 191.800000 0.090627 19.444423 27.643245
 192.000000 0.088863 19.414616 27.643245
 192.200000 0.097406 20.013405 27.643245
 192.400000 0.095214 20.100271 27.643245
 192.600000 0.111071 19.731775 27.643245
 192.800000 0.096884 20.035801 27.643245
 193.000000 0.103494 19.759469 27.643245
 193.200000 0.116128 20.489644 27.643245
 193.400000 0.113155 20.402109 27.643245
 193.600000 0.090177 20.662196 27.643245
 193.800000 0.091287 20.697583 27.643245
 194.000000 0.112251 20.385027 27.643245
 194.200000 0.136104 22.036218 27.643245
 194.400000 0.163971 27.273076 27.643245
 194.600000 0.163084 27.152414 27.643245
 194.800000 0.141022 22.607793 27.643245
 195.000000 0.121400 21.327117 27.630031
 195.200000 0.148973 24.232752 27.630031
 195.400000 0.141004 22.892625 27.630031
 195.600000 0.133592 22.325355 27.630031
 195.800000 0.129484 22.201233 27.630031
 196.000000 0.130912 22.236134 27.630031
 196.200000 0.128341 22.816530 27.630031
 196.400000 0.121910 22.562132 27.630031
 196.600000 0.128559 22.822764 27.630031
 196.800000 0.128543 22.822321 27.630031
 197.000000 0.153825 25.523057 27.630031
 197.200000 0.140333 23.723131 27.630031
 197.400000 0.141985 23.921095 27.630031
 197.600000 0.149506 25.185583 27.630031
 197.800000 0.152148 25.731060 27.630031
 198.000000 0.148298 24.948378 27.630031
 198.200000 0.143589 24.690836 27.630031
 198.400000 0.143299 24.645215 27.630031
 198.600000 0.137852 23.931939 27.630031
 198.800000 0.115816 22.262716 27.630031
 199.000000 0.108367 21.750022 27.630031
 199.200000 0.118566 23.009377 27.630031
 199.400000 0.111616 22.597712 27.630031
 199.600000 0.126737 23.393255 27.630031
 199.800000 0.114340 22.761745 27.630031
 200.000000 0.110732 22.545498 27.702270
 200.200000 0.104636 22.814311 27.702270
 200.400000 0.130102 23.809280 27.702270
 200.600000 0.141625 24.528481 27.702270
 200.800000 0.148063 25.525794 27.702270
 201.000000 0.138962 24.245458 27.702270
 201.200000 0.130678 24.331037 27.702270
 201.400000 0.141891 25.144154 27.702270
 201.600000 0.133765 24.472890 27.702270
 201.800000 0.141822 25.136179 27.702270
 202.000000 0.140112 24.950347 27.702270
 202.200000 0.144672 26.052614 27.702270
 202.400000 0.134865 25.076540 27.702270
 202.600000 0.131256 24.838582 27.702270
 202.800000 0.133313 24.969082 27.702270
 203.000000 0.134098 25.022224 27.702270
 203.200000 0.139995 26.045766 27.702270
 203.400000 0.127965 25.170183 27.702270
 203.600000 0.136265 25.750148 27.702270
 203.800000 0.135284 25.679536 27.702270
 204.000000 0.122864 24.753416 27.702270
 204.200000 0.135016 26.078649 27.702270
 204.400000 0.139461 26.314675 27.702270
 204.600000 0.139937 26.344223 27.702270
 204.800000 0.147636 26.988121 27.702270
 205.000000 0.144358 26.673835 27.842797
 205.200000 0.147484 27.494296 27.842797
 205.400000 0.147018 27.449813 27.842797
 205.600000 0.141452 26.968676 27.842797
 205.800000 0.123392 25.581207 27.842797
 206.000000 0.124013 25.645741 27.842797
 206.200000 0.128488 26.588407 27.842797
 206.400000 0.117253 25.359068 27.842797
 206.600000 0.122790 26.073279 27.842797
 206.800000 0.147699 27.674644 27.842797
 207.000000 0.134912 26.939439 27.842797
 207.200000 0.135654 27.499424 27.842797
 207.400000 0.139384 27.648695 27.842797
 207.600000 0.145636 27.925857 27.842797
 207.800000 0.135066 27.473495 27.842797
 208.000000 0.115814 25.382317 27.842797
 208.200000 0.121826 26.843752 27.842797
 208.400000 0.127341 27.387513 27.842797
 208.600000 0.119313 26.502519 27.842797
 208.800000 0.119302 26.500883 27.842797
 209.000000 0.127843 27.422639 27.842797
 209.200000 0.127745 27.931808 27.842797
 209.400000 0.108661 24.915440 27.842797
 209.600000 0.106449 24.492051 27.842797
 209.800000 0.118300 26.770955 27.842797
 210.000000 0.119967 27.045889 28.023457
 210.200000 0.123484 28.043305 28.023457
 210.400000 0.115309 26.725248 28.023457
 210.600000 0.100716 23.710626 28.023457
 210.800000 0.087987 21.514194 28.023457
 211.000000 0.077058 19.405183 28.023457
 211.200000 0.068945 18.177201 28.023457
 211.400000 0.091887 22.635576 28.023457
 211.600000 0.089192 22.255670 28.023457
 211.800000 0.082152 21.131952 28.023457
 212.000000 0.093963 22.923537 28.023457
 212.200000 0.085674 22.265737 28.023457
 212.400000 0.101233 24.567294 28.023457
 212.600000 0.087063 22.507400 28.023457
 212.800000 0.097173 23.993222 28.023457
 213.000000 0.092844 23.396745 28.023457
 213.200000 0.068922 18.498352 28.023457
 213.400000 0.074025 20.009767 28.023457
 213.600000 0.079899 21.545139 28.023457
 213.800000 0.086289 22.935192 28.023457
 214.000000 0.087617 23.181184 28.023457
 214.200000 0.085630 23.425271 28.023457
 214.400000 0.084995 23.294551 28.023457
 214.600000 0.103949 25.795078 28.023457
 214.800000 0.117310 27.567649 28.023457
 215.000000 0.117171 27.549144 28.099229
 215.200000 0.104945 26.274978 28.099229
 215.400000 0.113686 27.562786 28.099229
 215.600000 0.093717 24.859592 28.099229
 215.800000 0.104923 26.272069 28.099229
 216.000000 0.106585 26.501009 28.099229
 216.200000 0.106304 26.999039 28.099229
 216.400000 0.105378 26.869493 28.099229
 216.600000 0.086541 23.887034 28.099229
 216.800000 0.073122 20.193981 28.099229
 217.000000 0.077202 21.448694 28.099229
 217.200000 0.065667 18.170231 28.099229
 217.400000 0.083102 23.696479 28.099229
 217.600000 0.076758 21.989702 28.099229
 217.800000 0.072000 20.466125 28.099229
 218.000000 0.057015 14.573970 28.099229
 218.200000 0.061542 17.395840 28.099229
 218.400000 0.065409 18.852205 28.099229
 218.600000 0.067320 19.519112 28.099229
 218.800000 0.077001 22.437663 28.099229
 219.000000 0.084991 24.281491 28.099229
 219.200000 0.082574 24.368870 28.099229
 219.400000 0.072291 21.522771 28.099229
 219.600000 0.068477 20.229788 28.099229
 219.800000 0.066227 19.412429 28.099229
 220.000000 0.068267 20.155303 28.156088
 220.200000 0.072935 22.408978 28.156088
 220.400000 0.087644 25.656773 28.156088
 220.600000 0.095423 26.449800 28.156088
 220.800000 0.099635 26.766189 28.156088
 221.000000 0.122588 28.984983 28.156088
 221.200000 0.107681 27.781875 28.156088
 221.400000 0.117901 29.090042 28.156088
 221.600000 0.110705 28.177429 28.156088
 221.800000 0.113780 28.592740 28.156088
 222.000000 0.121440 29.398073 28.156088
 222.200000 0.123803 29.986289 28.156088
 222.400000 0.115948 29.309030 28.156088
 222.600000 0.107795 28.108336 28.156088
 222.800000 0.102665 27.421964 28.156088
 223.000000 0.102074 27.351794 28.156088
 223.200000 0.110666 28.976031 28.156088
 223.400000 0.120551 30.047806 28.156088
 223.600000 0.123947 30.168643 28.156088
 223.800000 0.125667 30.166638 28.156088
 224.000000 0.117742 29.830679 28.156088
 224.200000 0.101819 28.102919 28.156088
 224.400000 0.102882 28.248342 28.156088
 224.600000 0.104635 28.495768 28.156088
 224.800000 0.116965 30.217105 28.156088
 225.000000 0.116598 30.178376 28.541668
 225.200000 0.131677 30.438176 28.541668
 225.400000 0.150728 28.765303 28.541668
 225.600000 0.145628 28.913077 28.541668
 225.800000 0.128557 30.760630 28.541668
 226.000000 0.100182 28.134422 28.541668
 226.200000 0.123045 31.159377 28.541668
 226.400000 0.148875 28.789927 28.541668
 226.600000 0.146339 28.879414 28.541668
 226.800000 0.125797 31.059227 28.541668
 227.000000 0.116413 30.892360 28.541668
 227.200000 0.113037 30.955091 28.541668
 227.400000 0.133186 30.533481 28.541668
 227.600000 0.142710 29.226610 28.541668
 227.800000 0.130824 30.874786 28.541668
 228.000000 0.138255 29.773146 28.541668
 228.200000 0.144734 29.469686 28.541668
 228.400000 0.140141 29.980825 28.541668
 228.600000 0.139018 30.131405 28.541668
 228.800000 0.156787 29.074615 28.541668
 229.000000 0.169764 28.666956 28.541668
 229.200000 0.157477 29.424897 28.541668
 229.400000 0.152161 29.339832 28.541668
 229.600000 0.161294 29.481607 28.541668
 229.800000 0.149029 29.373335 28.541668
 230.000000 0.132326 31.111866 29.018258
 230.200000 0.120072 32.092669 29.018258
 230.400000 0.137934 30.741798 29.018258
 230.600000 0.139908 30.462985 29.018258
 230.800000 0.111840 31.058318 29.018258
 231.000000 0.097825 28.525363 29.018258
 231.200000 0.109141 30.947818 29.018258
 231.400000 0.110660 31.192160 29.018258
 231.600000 0.104866 30.228332 29.018258
 231.800000 0.104282 30.128470 29.018258
 232.000000 0.098070 29.059280 29.018258
 232.200000 0.104568 30.613926 29.018258
 232.400000 0.106092 30.853087 29.018258
 232.600000 0.088891 27.678659 29.018258
 232.800000 0.088147 27.498528 29.018258
 233.000000 0.091410 28.251751 29.018258
 233.200000 0.090907 28.638511 29.018258
 233.400000 0.091856 28.844597 29.018258
 233.600000 0.097730 29.934175 29.018258
 233.800000 0.087587 27.841021 29.018258
 234.000000 0.073098 23.134397 29.018258
 234.200000 0.076173 24.873641 29.018258
 234.400000 0.076891 25.121957 29.018258
 234.600000 0.075061 24.480308 29.018258
 234.800000 0.081776 26.687546 29.018258
 235.000000 0.085734 27.780395 29.313465
 235.200000 0.086020 28.360263 29.313465
 235.400000 0.065035 20.640995 29.313465
 235.600000 0.078105 25.977145 29.313465
 235.800000 0.095038 30.103346 29.313465
 236.000000 0.099999 30.738700 29.313465
 236.200000 0.108079 32.015467 29.313465
 236.400000 0.093076 30.202682 29.313465
 236.600000 0.073200 24.244449 29.313465
 236.800000 0.083723 27.996234 29.313465
 237.000000 0.091764 29.963009 29.313465
 237.200000 0.088846 29.803319 29.313465
 237.400000 0.092059 30.479251 29.313465
 237.600000 0.098372 31.404050 29.313465
 237.800000 0.123596 32.673532 29.313465
 238.000000 0.119507 32.799519 29.313465
 238.200000 0.122388 33.132597 29.313465
 238.400000 0.132189 31.990829 29.313465
 238.600000 0.136875 31.166128 29.313465
 238.800000 0.120394 33.196395 29.313465
 239.000000 0.106642 32.441681 29.313465
 239.200000 0.130848 32.323210 29.313465
 239.400000 0.144342 30.068470 29.313465
 239.600000 0.166937 29.389042 29.313465
 239.800000 0.160488 29.558993 29.313465
 240.000000 0.161394 29.555708 29.890110
 240.200000 0.157189 29.997054 29.890110
 240.400000 0.143790 30.368935 29.890110
 240.600000 0.130291 32.471856 29.890110
 240.800000 0.156441 29.985909 29.890110
 241.000000 0.168652 29.687738 29.890110
 241.200000 0.179583 28.352499 29.890110
 241.400000 0.175746 29.127109 29.890110
 241.600000 0.154478 30.258455 29.890110
 241.800000 0.154767 30.266935 29.890110
 242.000000 0.164748 30.397977 29.890110
 242.200000 0.159343 30.830087 29.890110
 242.400000 0.143614 30.669328 29.890110
 242.600000 0.143394 30.686575 29.890110
 242.800000 0.143619 30.668974 29.890110
 243.000000 0.153593 30.576929 29.890110
 243.200000 0.153238 31.010414 29.890110
 243.400000 0.135895 31.845932 29.890110
 243.600000 0.155172 31.093338 29.890110
 243.800000 0.151784 30.955703 29.890110
 244.000000 0.153819 31.034739 29.890110
 244.200000 0.152544 31.420518 29.890110
 244.400000 0.133236 32.400910 29.890110
 244.600000 0.137379 31.884362 29.890110
 244.800000 0.150814 31.357167 29.890110
 245.000000 0.138129 31.801706 30.316870
 245.200000 0.135909 32.478672 30.316870
 245.400000 0.162134 31.761755 30.316870
 245.600000 0.151401 31.663589 30.316870
 245.800000 0.148238 31.639693 30.316870
 246.000000 0.152899 31.696143 30.316870
 246.200000 0.145319 32.072197 30.316870
 246.400000 0.143793 32.118523 30.316870
 246.600000 0.161417 32.147229 30.316870
 246.800000 0.178872 29.111274 30.316870
 247.000000 0.183107 28.019296 30.316870
 247.200000 0.163841 32.223080 30.316870
 247.400000 0.146592 32.076558 30.316870
 247.600000 0.153705 32.214809 30.316870
 247.800000 0.161956 32.308579 30.316870
 248.000000 0.163185 32.259019 30.316870
 248.200000 0.135903 32.784957 30.316870
 248.400000 0.147672 32.318614 30.316870
 248.600000 0.151678 32.458631 30.316870
 248.800000 0.147922 32.324008 30.316870
 249.000000 0.144861 32.298801 30.316870
 249.200000 0.146638 32.714462 30.316870
 249.400000 0.159939 32.999548 30.316870
 249.600000 0.165534 32.670022 30.316870
 249.800000 0.161717 32.949877 30.316870
 250.000000 0.156917 32.992245 30.828134
 250.200000 0.168329 32.603403 30.828134
 250.400000 0.152802 33.260099 30.828134
 250.600000 0.148660 33.090786 30.828134
 250.800000 0.132603 33.507601 30.828134
 251.000000 0.135982 33.277500 30.828134
 251.200000 0.164452 33.194085 30.828134
 251.400000 0.170245 32.268677 30.828134
 251.600000 0.162787 33.348907 30.828134
 251.800000 0.160784 33.471738 30.828134
 252.000000 0.145848 33.337242 30.828134
 252.200000 0.149123 33.764824 30.828134
 252.400000 0.154908 33.850696 30.828134
 252.600000 0.157482 33.838122 30.828134
 252.800000 0.172737 31.776490 30.828134
 253.000000 0.180856 29.458410 30.828134
 253.200000 0.156378 33.974290 30.828134
 253.400000 0.129948 34.281424 30.828134
 253.600000 0.134545 34.068890 30.828134
 253.800000 0.139153 33.863024 30.828134
 254.000000 0.166051 33.448315 30.828134
 254.200000 0.170782 33.003628 30.828134
 254.400000 0.172526 32.593274 30.828134
 254.600000 0.164134 34.059428 30.828134
 254.800000 0.177398 31.233591 30.828134
 255.000000 0.181925 29.843742 31.396986
 255.200000 0.194079 27.388680 31.396986
 255.400000 0.170112 33.487095 31.396986
 255.600000 0.160580 34.450114 31.396986
 255.800000 0.158981 34.457226 31.396986
 256.000000 0.150370 34.122163 31.396986
 256.200000 0.140127 34.230715 31.396986
 256.400000 0.139595 34.233890 31.396986
 256.600000 0.161966 34.696573 31.396986
 256.800000 0.157757 34.779444 31.396986
 257.000000 0.164589 34.495221 31.396986
 257.200000 0.153841 34.960355 31.396986
 257.400000 0.156447 35.082046 31.396986
 257.600000 0.169753 34.074894 31.396986
 257.800000 0.177635 31.937118 31.396986
 258.000000 0.168641 34.293338 31.396986
 258.200000 0.170551 34.280478 31.396986
 258.400000 0.183784 30.171563 31.396986
 258.600000 0.173319 33.581548 31.396986
 258.800000 0.169593 34.486864 31.396986
 259.000000 0.155067 35.276135 31.396986
 259.200000 0.129355 34.583496 31.396986
 259.400000 0.127995 34.583191 31.396986
 259.600000 0.146507 34.953763 31.396986
 259.800000 0.152026 35.412274 31.396986
 260.000000 0.149896 35.230900 32.198752
 260.200000 0.146738 35.327665 32.198752
 260.400000 0.138445 34.845854 32.198752
 260.600000 0.146872 35.338602 32.198752
 260.800000 0.150648 35.659212 32.198752
 261.000000 0.148729 35.495100 32.198752
 261.200000 0.150708 36.021208 32.198752
 261.400000 0.167315 35.511465 32.198752
 261.600000 0.189365 28.558090 32.198752
 261.800000 0.197060 27.191778 32.198752
 262.000000 0.169016 35.143049 32.198752
 262.200000 0.129114 34.885807 32.198752
 262.400000 0.126669 34.810558 32.198752
 262.600000 0.137295 35.122345 32.198752
 262.800000 0.131617 34.947401 32.198752
 263.000000 0.141388 35.351436 32.198752
 263.200000 0.147029 36.171275 32.198752
 263.400000 0.136946 35.454667 32.198752
 263.600000 0.126439 35.022422 32.198752
 263.800000 0.121752 34.715587 32.198752
 264.000000 0.123199 34.824925 32.198752
 264.200000 0.119162 34.846198 32.198752
 264.400000 0.131670 35.558496 32.198752
 264.600000 0.127764 35.440967 32.198752
 264.800000 0.126717 35.397461 32.198752
 265.000000 0.142726 35.969763 33.056766
 265.200000 0.130608 35.784943 33.056766
 265.400000 0.110360 33.781118 33.056766
 265.600000 0.115674 34.518427 33.056766
 265.800000 0.136271 35.998452 33.056766
 266.000000 0.154904 37.072976 33.056766
 266.200000 0.140965 36.436242 33.056766
 266.400000 0.140087 36.377083 33.056766
 266.600000 0.158151 37.421313 33.056766
 266.800000 0.161575 37.220214 33.056766
 267.000000 0.161778 37.200327 33.056766
 267.200000 0.167373 36.587355 33.056766
 267.400000 0.202058 27.107438 33.056766
 267.600000 0.202951 27.137302 33.056766
 267.800000 0.194681 27.587674 33.056766
 268.000000 0.185499 30.048519 33.056766
 268.200000 0.199121 27.439218 33.056766
 268.400000 0.192629 28.380201 33.056766
 268.600000 0.203371 27.382609 33.056766
 268.800000 0.194209 28.053736 33.056766
 269.000000 0.177172 33.718868 33.056766
 269.200000 0.200219 27.503993 33.056766
 269.400000 0.214683 28.755779 33.056766
 269.600000 0.189719 29.405933 33.056766
 269.800000 0.192913 28.541539 33.056766
 270.000000 0.198372 27.636075 33.663438
 270.200000 0.195047 28.595209 33.663438
 270.400000 0.203525 27.952438 33.663438
 270.600000 0.203860 27.959149 33.663438
 270.800000 0.196025 28.435931 33.663438
 271.000000 0.184403 31.585524 33.663438
 271.200000 0.209175 28.431682 33.663438
 271.400000 0.214260 29.035571 33.663438
 271.600000 0.216943 29.411774 33.663438
 271.800000 0.206786 28.244712 33.663438
 272.000000 0.205853 28.195473 33.663438
 272.200000 0.211927 29.192394 33.663438
 272.400000 0.204378 28.645793 33.663438
 272.600000 0.198170 28.884703 33.663438
 272.800000 0.189910 30.467336 33.663438
 273.000000 0.193624 29.578622 33.663438
 273.200000 0.196465 29.551503 33.663438
 273.400000 0.177943 34.760370 33.663438
 273.600000 0.165974 37.735243 33.663438
 273.800000 0.192636 30.255999 33.663438
 274.000000 0.209724 29.230737 33.663438
 274.200000 0.187944 31.638459 33.663438
 274.400000 0.173814 36.071356 33.663438
 274.600000 0.181408 33.668616 33.663438
 274.800000 0.191463 30.753295 33.663438
 275.000000 0.210222 29.744531 33.839647
 275.200000 0.187275 31.970843 33.839647
 275.400000 0.191051 31.051757 33.839647
 275.600000 0.211637 30.323460 33.839647
 275.800000 0.200338 29.903337 33.839647
 276.000000 0.188522 31.643064 33.839647
 276.200000 0.196249 30.576545 33.839647
 276.400000 0.199066 30.296704 33.839647
 276.600000 0.213312 30.573229 33.839647
 276.800000 0.195426 30.686137 33.839647
 277.000000 0.184630 33.143814 33.839647
 277.200000 0.194526 31.141680 33.839647
 277.400000 0.182903 34.060222 33.839647
 277.600000 0.181445 34.502689 33.839647
 277.800000 0.188716 32.406875 33.839647
 278.000000 0.192196 31.587033 33.839647
 278.200000 0.179505 35.387640 33.839647
 278.400000 0.206612 30.583598 33.839647
 278.600000 0.195441 31.410648 33.839647
 278.800000 0.170250 37.589343 33.839647
 279.000000 0.193046 31.842055 33.839647
 279.200000 0.215242 31.038620 33.839647
 279.400000 0.210356 30.881853 33.839647
 279.600000 0.203960 30.941300 33.839647
 279.800000 0.212171 30.927713 33.839647
 280.000000 0.190794 32.742439 34.220429
 280.200000 0.194028 32.474932 34.220429
 280.400000 0.206966 31.088030 34.220429
 280.600000 0.205736 31.128178 34.220429
 280.800000 0.203673 31.236047 34.220429
 281.000000 0.204119 31.208389 34.220429
 281.200000 0.200040 31.978484 34.220429
 281.400000 0.185651 34.598319 34.220429
 281.600000 0.168074 38.180808 34.220429
 281.800000 0.157962 38.367899 34.220429
 282.000000 0.162575 38.494050 34.220429
 282.200000 0.172253 37.860650 34.220429
 282.400000 0.189709 33.733341 34.220429
 282.600000 0.196886 32.389519 34.220429
 282.800000 0.196383 32.464518 34.220429
 283.000000 0.196569 32.436469 34.220429
 283.200000 0.206333 31.875192 34.220429
 283.400000 0.208176 31.792237 34.220429
 283.600000 0.221055 31.666543 34.220429
 283.800000 0.220662 31.666926 34.220429
 284.000000 0.209486 31.748884 34.220429
 284.200000 0.200398 32.707480 34.220429
 284.400000 0.202997 32.488884 34.220429
 284.600000 0.207444 32.243523 34.220429
 284.800000 0.203154 32.477599 34.220429
 285.000000 0.214698 32.068876 34.555167
 285.200000 0.203406 32.775597 34.555167
 285.400000 0.182658 35.848455 34.555167
 285.600000 0.209013 32.578638 34.555167
 285.800000 0.215614 32.475607 34.555167
 286.000000 0.226084 32.188975 34.555167
 286.200000 0.213267 32.798136 34.555167
 286.400000 0.204008 32.885712 34.555167
 286.600000 0.209341 32.795317 34.555167
 286.800000 0.214505 32.800485 34.555167
 287.000000 0.195826 33.487562 34.555167
 287.200000 0.192008 34.397711 34.555167
 287.400000 0.196038 33.856651 34.555167
 287.600000 0.204054 33.222753 34.555167
 287.800000 0.209730 33.050316 34.555167
 288.000000 0.213365 32.996713 34.555167
 288.200000 0.227326 32.854285 34.555167
 288.400000 0.232647 32.471621 34.555167
 288.600000 0.234237 32.360813 34.555167
 288.800000 0.235035 32.308063 34.555167
 289.000000 0.231626 32.544795 34.555167
 289.200000 0.217888 33.585646 34.555167
 289.400000 0.214171 33.595951 34.555167
 289.600000 0.196879 34.010045 34.555167
 289.800000 0.216631 33.594479 34.555167
 290.000000 0.213992 33.595684 34.724421
 290.200000 0.215931 33.984968 34.724421
 290.400000 0.204162 33.943146 34.724421
 290.600000 0.213528 33.986456 34.724421
 290.800000 0.204565 33.939911 34.724421
 291.000000 0.192678 34.608105 34.724421
 291.200000 0.180070 36.983696 34.724421
 291.400000 0.186675 35.825184 34.724421
 291.600000 0.191942 35.070588 34.724421
 291.800000 0.181294 36.761514 34.724421
 292.000000 0.185168 36.074372 34.724421
 292.200000 0.161204 38.996932 34.724421
 292.400000 0.171695 38.582015 34.724421
 292.600000 0.194348 35.091761 34.724421
 292.800000 0.180154 37.300179 34.724421
 293.000000 0.157897 38.785179 34.724421
 293.200000 0.140238 36.801334 34.724421
 293.400000 0.145143 37.410995 34.724421
 293.600000 0.148315 37.867112 34.724421
 293.800000 0.143994 37.255550 34.724421
 294.000000 0.138187 36.592426 34.724421
 294.200000 0.136129 36.750330 34.724421
 294.400000 0.142543 37.398457 34.724421
 294.600000 0.151045 38.503785 34.724421
 294.800000 0.134617 36.623886 34.724421
 295.000000 0.118225 35.013098 35.298187
 295.200000 0.111703 34.386451 35.298187
 295.400000 0.120190 35.638945 35.298187
 295.600000 0.134450 36.814933 35.298187
 295.800000 0.152065 38.663263 35.298187
 296.000000 0.137585 37.038642 35.298187
 296.200000 0.126408 36.527036 35.298187
 296.400000 0.122744 36.138239 35.298187
 296.600000 0.136481 37.290971 35.298187
 296.800000 0.129245 36.768571 35.298187
 297.000000 0.139409 37.524275 35.298187
 297.200000 0.131962 37.259340 35.298187
 297.400000 0.135223 37.515403 35.298187
 297.600000 0.123221 36.377816 35.298187
 297.800000 0.108007 33.871338 35.298187
 298.000000 0.108888 34.024057 35.298187
 298.200000 0.106820 34.047905 35.298187
 298.400000 0.121845 36.457595 35.298187
 298.600000 0.134672 37.559615 35.298187
 298.800000 0.138134 37.802765 35.298187
 299.000000 0.158818 39.576700 35.298187
 299.200000 0.166912 39.660658 35.298187
 299.400000 0.162090 39.911866 35.298187
 299.600000 0.155421 39.684710 35.298187
 299.800000 0.135885 37.735408 35.298187
 300.000000 0.121086 36.374126 35.862251
 300.200000 0.129122 37.514864 35.862251
 300.400000 0.134355 37.851036 35.862251
 300.600000 0.108824 34.645634 35.862251
 300.800000 0.103029 33.548746 35.862251
 301.000000 0.111585 35.162852 35.862251
 301.200000 0.114748 36.093750 35.862251
 301.400000 0.109478 35.130154 35.862251
 301.600000 0.110281 35.282677 35.862251
 301.800000 0.109392 35.113718 35.862251
 302.000000 0.098193 32.843229 35.862251
 302.200000 0.127266 37.645592 35.862251
 302.400000 0.128250 37.701316 35.862251
 302.600000 0.140421 38.338479 35.862251
 302.800000 0.139785 38.293489 35.862251
 303.000000 0.142528 38.503543 35.862251
 303.200000 0.146181 39.145055 35.862251
 303.400000 0.130479 38.039123 35.862251
 303.600000 0.133262 38.197277 35.862251
 303.800000 0.122355 37.399377 35.862251
 304.000000 0.112608 36.014757 35.862251
 304.200000 0.114965 36.751950 35.862251
 304.400000 0.125652 37.950137 35.862251
 304.600000 0.126311 37.993255 35.862251
 304.800000 0.126949 38.032459 35.862251
 305.000000 0.122334 37.682032 36.245295
 305.200000 0.135886 38.669775 36.245295
 305.400000 0.142512 38.996477 36.245295
 305.600000 0.141528 38.934348 36.245295
 305.800000 0.141219 38.915829 36.245295
 306.000000 0.120813 37.853937 36.245295
 306.200000 0.114666 37.289758 36.245295
 306.400000 0.115920 37.502526 36.245295
 306.600000 0.123220 38.408595 36.245295
 306.800000 0.125940 38.592348 36.245295
 307.000000 0.121491 38.249479 36.245295
 307.200000 0.133551 39.048746 36.245295
 307.400000 0.127378 38.955371 36.245295
 307.600000 0.118148 38.154203 36.245295
 307.800000 0.107726 36.111285 36.245295
 308.000000 0.101092 34.509519 36.245295
 308.200000 0.095717 33.441245 36.245295
 308.400000 0.078103 26.919771 36.245295
 308.600000 0.080251 27.850692 36.245295
 308.800000 0.064211 20.425409 36.245295
 309.000000 0.081981 28.580904 36.245295
 309.200000 0.087929 31.363033 36.245295
 309.400000 0.084670 30.154585 36.245295
 309.600000 0.088098 31.422092 36.245295
 309.800000 0.090366 32.185676 36.245295
 310.000000 0.087844 31.332792 36.505008
 310.200000 0.098450 34.804078 36.505008
 310.400000 0.114386 37.915195 36.505008
 310.600000 0.103936 35.993119 36.505008
 310.800000 0.089014 32.169867 36.505008
 311.000000 0.087428 31.618330 36.505008
 311.200000 0.058299 17.637919 36.505008
 311.400000 0.070914 24.489887 36.505008
 311.600000 0.062141 19.787900 36.505008
 311.800000 0.069459 23.728239 36.505008
 312.000000 0.079780 28.883903 36.505008
 312.200000 0.096305 34.910674 36.505008
 312.400000 0.109323 37.259025 36.505008
 312.600000 0.067809 23.207333 36.505008
 312.800000 0.062249 20.090694 36.505008
 313.000000 0.046759 11.039971 36.505008
 313.200000 0.068024 23.716045 36.505008
 313.400000 0.073170 26.318487 36.505008
 313.600000 0.086889 32.310232 36.505008
 313.800000 0.114727 38.079611 36.505008
 314.000000 0.139497 39.139260 36.505008
 314.200000 0.137818 39.413609 36.505008
 314.400000 0.134360 39.379215 36.505008
 314.600000 0.138367 39.422572 36.505008
 314.800000 0.106272 36.781989 36.505008
 315.000000 0.092644 34.051693 36.708105
 315.200000 0.068376 23.999353 36.708105
 315.400000 0.066644 23.091824 36.708105
 315.600000 0.051500 14.831578 36.708105
 315.800000 0.053418 15.921055 36.708105
 316.000000 0.077865 28.821435 36.708105
 316.200000 0.072229 26.452237 36.708105
 316.400000 0.087057 33.128428 36.708105
 316.600000 0.116145 38.486225 36.708105
 316.800000 0.139125 39.439645 36.708105
 317.000000 0.120490 38.940124 36.708105
 317.200000 0.098896 36.089864 36.708105
 317.400000 0.087748 33.385429 36.708105
 317.600000 0.056140 17.614206 36.708105
 317.800000 0.062012 20.917020 36.708105
 318.000000 0.084609 32.263576 36.708105
 318.200000 0.095914 35.834850 36.708105
 318.400000 0.074677 28.058580 36.708105
 318.600000 0.070839 25.989160 36.708105
 318.800000 0.084485 32.631370 36.708105
 319.000000 0.088381 33.992892 36.708105
 319.200000 0.069346 25.337606 36.708105
 319.400000 0.092442 35.471863 36.708105
 319.600000 0.104775 37.453040 36.708105
 319.800000 0.098573 36.606398 36.708105
 320.000000 0.103933 37.343604 36.940630
 320.200000 0.111104 38.571568 36.940630
 320.400000 0.086981 34.096232 36.940630
 320.600000 0.087438 34.255941 36.940630
 320.800000 0.083748 32.841361 36.940630
 321.000000 0.084154 33.010426 36.940630
 321.200000 0.104302 37.885787 36.940630
 321.400000 0.081146 32.075313 36.940630
 321.600000 0.092757 36.135641 36.940630
 321.800000 0.093079 36.206905 36.940630
 322.000000 0.093364 36.268453 36.940630
 322.200000 0.105335 38.256634 36.940630
 322.400000 0.133040 39.663789 36.940630
 322.600000 0.126525 39.738767 36.940630
 322.800000 0.105513 38.274408 36.940630
 323.000000 0.133629 39.653554 36.940630
 323.200000 0.141777 39.895863 36.940630
 323.400000 0.137797 39.892883 36.940630
 323.600000 0.111861 39.001488 36.940630
 323.800000 0.084402 33.806069 36.940630
 324.000000 0.072759 27.733403 36.940630
 324.200000 0.082756 33.492499 36.940630
 324.400000 0.088932 35.749089 36.940630
 324.600000 0.103680 38.188719 36.940630
 324.800000 0.105181 38.338511 36.940630
 325.000000 0.099140 37.700921 37.226654
 325.200000 0.129462 40.052350 37.226654
 325.400000 0.133187 39.984478 37.226654
 325.600000 0.112955 39.344296 37.226654
 325.800000 0.091765 36.771662 37.226654
 326.000000 0.082707 33.650028 37.226654
 326.200000 0.093839 37.515854 37.226654
 326.400000 0.102404 38.542849 37.226654
 326.600000 0.099795 38.307769 37.226654
 326.800000 0.111168 39.245581 37.226654
 327.000000 0.121082 39.945021 37.226654
 327.200000 0.128721 40.323011 37.226654
 327.400000 0.137319 40.073903 37.226654
 327.600000 0.144044 40.027484 37.226654
 327.800000 0.151188 40.215300 37.226654
 328.000000 0.163386 40.160227 37.226654
 328.200000 0.162667 40.498268 37.226654
 328.400000 0.159451 40.613449 37.226654
 328.600000 0.164002 40.407898 37.226654
 328.800000 0.154862 40.568226 37.226654
 329.000000 0.135186 40.183714 37.226654
 329.200000 0.140722 40.384535 37.226654
 329.400000 0.138449 40.407275 37.226654
 329.600000 0.140843 40.384062 37.226654
 329.800000 0.098931 38.333558 37.226654
 330.000000 0.098813 38.319642 37.707971
 330.200000 0.112216 39.884385 37.707971
 330.400000 0.118821 40.412904 37.707971
 330.600000 0.135192 40.491954 37.707971
 330.800000 0.149725 40.543239 37.707971
 331.000000 0.145074 40.418398 37.707971
 331.200000 0.142633 40.675617 37.707971
 331.400000 0.149278 40.807042 37.707971
 331.600000 0.163983 40.585511 37.707971
 331.800000 0.169665 39.847722 37.707971
 332.000000 0.143193 40.680828 37.707971
 332.200000 0.120013 40.641339 37.707971
 332.400000 0.137301 40.956172 37.707971
 332.600000 0.131299 40.996968 37.707971
 332.800000 0.127725 40.978239 37.707971
 333.000000 0.123077 40.828487 37.707971
 333.200000 0.121553 41.025914 37.707971
 333.400000 0.113164 40.264838 37.707971
 333.600000 0.128542 41.254400 37.707971
 333.800000 0.134543 41.189485 37.707971
 334.000000 0.126821 41.236623 37.707971
 334.200000 0.119131 41.093981 37.707971
 334.400000 0.121451 41.280931 37.707971
 334.600000 0.141274 41.262448 37.707971
 334.800000 0.171965 39.491795 37.707971
 335.000000 0.172656 39.356012 38.357663
 335.200000 0.174399 39.301248 38.357663
 335.400000 0.183715 37.205054 38.357663
 335.600000 0.194047 35.307641 38.357663
 335.800000 0.173109 39.568306 38.357663
 336.000000 0.173383 39.512534 38.357663
 336.200000 0.194824 35.311820 38.357663
 336.400000 0.203938 34.470904 38.357663
 336.600000 0.184840 37.184909 38.357663
 336.800000 0.186214 36.880420 38.357663
 337.000000 0.156980 41.512299 38.357663
 337.200000 0.155887 41.786175 38.357663
 337.400000 0.159369 41.748336 38.357663
 337.600000 0.140390 41.484115 38.357663
 337.800000 0.128154 41.578836 38.357663
 338.000000 0.132719 41.569147 38.357663
 338.200000 0.136449 41.783524 38.357663
 338.400000 0.152398 41.841113 38.357663
 338.600000 0.138061 41.755242 38.357663
 338.800000 0.136963 41.774164 38.357663
 339.000000 0.143782 41.714703 38.357663
 339.200000 0.158460 42.002438 38.357663
 339.400000 0.158095 42.015485 38.357663
 339.600000 0.144700 41.991770 38.357663
 339.800000 0.154072 42.078681 38.357663
 340.000000 0.183243 37.619936 38.929357
 340.200000 0.177664 39.305694 38.929357
 340.400000 0.188380 36.767333 38.929357
 340.600000 0.202271 34.715124 38.929357
 340.800000 0.192372 35.976204 38.929357
 341.000000 0.159997 42.028937 38.929357
 341.200000 0.158362 42.355899 38.929357
 341.400000 0.164502 41.953283 38.929357
 341.600000 0.165293 41.863265 38.929357
 341.800000 0.175603 39.943156 38.929357
 342.000000 0.194730 35.598547 38.929357
 342.200000 0.200813 35.173882 38.929357
 342.400000 0.194342 36.019194 38.929357
 342.600000 0.180799 38.879402 38.929357
 342.800000 0.190071 36.792683 38.929357
 343.000000 0.199407 35.323992 38.929357
 343.200000 0.197747 35.884183 38.929357
 343.400000 0.176084 40.100682 38.929357
 343.600000 0.171435 41.036652 38.929357
 343.800000 0.150649 42.312812 38.929357
 344.000000 0.133031 42.104591 38.929357
 344.200000 0.137356 42.361566 38.929357
 344.400000 0.131691 42.363012 38.929357
 344.600000 0.109657 40.214367 38.929357
 344.800000 0.116133 41.139361 38.929357
 345.000000 0.111212 40.433150 39.335311
 345.200000 0.091158 37.452495 39.335311
 345.400000 0.057771 19.198953 39.335311
 345.600000 0.075828 30.572703 39.335311
 345.800000 0.074692 29.891910 39.335311
 346.000000 0.094641 38.281911 39.335311
 346.200000 0.074121 29.669294 39.335311
 346.400000 0.068976 26.394983 39.335311
 346.600000 0.072819 28.853246 39.335311
 346.800000 0.074384 29.832840 39.335311
 347.000000 0.065258 23.997543 39.335311
 347.200000 0.075318 30.886524 39.335311
 347.400000 0.084883 35.779801 39.335311
 347.600000 0.086003 36.227833 39.335311
 347.800000 0.102855 39.883233 39.335311
 348.000000 0.108953 40.612945 39.335311
 348.200000 0.098466 39.544084 39.335311
 348.400000 0.077300 32.059244 39.335311
 348.600000 0.080323 33.704195 39.335311
 348.800000 0.103026 40.168587 39.335311
 349.000000 0.117049 41.885472 39.335311
 349.200000 0.102541 40.276764 39.335311
 349.400000 0.129954 42.780284 39.335311
 349.600000 0.146200 42.450343 39.335311
 349.800000 0.171514 41.031698 39.335311
 350.000000 0.168521 41.539110 39.671845
 350.200000 0.147920 42.565550 39.671845
 350.400000 0.140218 42.554919 39.671845
 350.600000 0.155830 42.693159 39.671845
 350.800000 0.169785 41.610290 39.671845
 351.000000 0.175778 40.415459 39.671845
 351.200000 0.186558 38.140784 39.671845
 351.400000 0.189369 37.520050 39.671845
 351.600000 0.191040 37.174820 39.671845
 351.800000 0.191394 37.104209 39.671845
 352.000000 0.188179 37.777336 39.671845
 352.200000 0.186851 38.398065 39.671845
 352.400000 0.188406 38.052837 39.671845
 352.600000 0.172012 41.668148 39.671845
 352.800000 0.171885 41.690303 39.671845
 353.000000 0.159149 42.859004 39.671845
 353.200000 0.151676 42.963001 39.671845
 353.400000 0.165392 42.794040 39.671845
 353.600000 0.172935 41.670746 39.671845
 353.800000 0.181594 39.704310 39.671845
 354.000000 0.173056 41.646851 39.671845
 354.200000 0.169739 42.506207 39.671845
 354.400000 0.170493 42.386024 39.671845
 354.600000 0.189078 38.096312 39.671845
 354.800000 0.201926 35.769733 39.671845
 355.000000 0.183440 39.469940 40.075923
 355.200000 0.196458 36.791098 40.075923
 355.400000 0.193963 37.282094 40.075923
 355.600000 0.181350 40.297412 40.075923
 355.800000 0.194454 37.181306 40.075923
 356.000000 0.178455 41.002655 40.075923
 356.200000 0.157381 43.449185 40.075923
 356.400000 0.148203 42.954576 40.075923
 356.600000 0.167310 43.220066 40.075923
 356.800000 0.168936 43.044537 40.075923
 357.000000 0.171434 42.696542 40.075923
 357.200000 0.184651 39.901861 40.075923
 357.400000 0.210286 35.062948 40.075923
 357.600000 0.225285 33.856792 40.075923
 357.800000 0.190360 38.398581 40.075923
 358.000000 0.197240 36.835922 40.075923
 358.200000 0.206300 35.736627 40.075923
 358.400000 0.202394 36.275761 40.075923
 358.600000 0.208020 35.534728 40.075923
 358.800000 0.223883 34.055461 40.075923
 359.000000 0.213237 35.014583 40.075923
 359.200000 0.190719 38.735478 40.075923
 359.400000 0.201202 36.731255 40.075923
 359.600000 0.205818 36.122121 40.075923
 359.800000 0.201276 36.720196 40.075923
 360.000000 0.204444 36.287733 40.321585
 360.200000 0.210766 35.928317 40.321585
 360.400000 0.214152 35.581053 40.321585
 360.600000 0.187804 39.612776 40.321585
 360.800000 0.203817 36.714564 40.321585
 361.000000 0.225607 34.272102 40.321585
 361.200000 0.209127 36.307049 40.321585
 361.400000 0.204241 36.798119 40.321585
 361.600000 0.196641 37.855084 40.321585
 361.800000 0.198513 37.554787 40.321585
 362.000000 0.197076 37.782610 40.321585
 362.200000 0.193298 38.778520 40.321585
 362.400000 0.200821 37.537809 40.321585
 362.600000 0.192897 38.854813 40.321585
 362.800000 0.178563 41.903992 40.321585
 363.000000 0.199465 37.734140 40.321585
 363.200000 0.201040 37.831047 40.321585
 363.400000 0.237062 33.166601 40.321585
 363.600000 0.245278 32.442053 40.321585
 363.800000 0.217971 35.791062 40.321585
 364.000000 0.196598 38.507285 40.321585
 364.200000 0.201552 38.057037 40.321585
 364.400000 0.215323 36.246221 40.321585
 364.600000 0.211620 36.714176 40.321585
 364.800000 0.217441 35.974465 40.321585
 365.000000 0.216307 36.120963 40.435957
 365.200000 0.199331 38.573919 40.435957
 365.400000 0.181558 41.639638 40.435957
 365.600000 0.177992 42.295579 40.435957
 365.800000 0.191214 39.846704 40.435957
 366.000000 0.191505 39.796055 40.435957
 366.200000 0.183840 41.464962 40.435957
 366.400000 0.184526 41.339991 40.435957
 366.600000 0.171585 43.387630 40.435957
 366.800000 0.176986 42.655853 40.435957
 367.000000 0.202414 38.387585 40.435957
 367.200000 0.203366 38.570505 40.435957
 367.400000 0.188504 40.827920 40.435957
 367.600000 0.197938 39.345095 40.435957
 367.800000 0.220432 36.108880 40.435957
 368.000000 0.225093 35.319919 40.435957
 368.200000 0.215380 37.183494 40.435957
 368.400000 0.238084 33.446521 40.435957
 368.600000 0.240617 33.114438 40.435957
 368.800000 0.228319 35.105380 40.435957
 369.000000 0.215539 37.162132 40.435957
 369.200000 0.197966 39.579062 40.435957
 369.400000 0.189183 40.806423 40.435957
 369.600000 0.179396 42.374500 40.435957
 369.800000 0.159982 43.803061 40.435957
 370.000000 0.138714 42.753764 40.658561
 370.200000 0.134476 43.043397 40.658561
 370.400000 0.149935 43.350301 40.658561
 370.600000 0.143465 43.067138 40.658561
 370.800000 0.134927 43.039281 40.658561
 371.000000 0.132778 43.057063 40.658561
 371.200000 0.114049 41.989647 40.658561
 371.400000 0.111124 41.560675 40.658561
 371.600000 0.138721 43.251965 40.658561
 371.800000 0.162774 43.968875 40.658561
 372.000000 0.149804 43.477346 40.658561
 372.200000 0.144640 43.525978 40.658561
 372.400000 0.147075 43.608759 40.658561
 372.600000 0.134034 43.448483 40.658561
 372.800000 0.163777 44.119534 40.658561
 373.000000 0.160532 44.152921 40.658561
 373.200000 0.135462 43.507161 40.658561
 373.400000 0.126450 43.323512 40.658561
 373.600000 0.109631 41.347897 40.658561
 373.800000 0.100210 39.976191 40.658561
 374.000000 0.104625 40.624543 40.658561
 374.200000 0.115689 42.458146 40.658561
 374.400000 0.137702 43.544124 40.658561
 374.600000 0.158620 44.365460 40.658561
 374.800000 0.147115 43.778923 40.658561
 375.000000 0.144739 43.676674 41.205956
 375.200000 0.154681 44.403438 41.205956
 375.400000 0.154274 44.385251 41.205956
 375.600000 0.160477 44.541370 41.205956
 375.800000 0.149660 44.150445 41.205956
 376.000000 0.139012 43.784549 41.205956
 376.200000 0.134859 43.981964 41.205956
 376.400000 0.137886 44.018275 41.205956
 376.600000 0.154108 44.527367 41.205956
 376.800000 0.164256 44.509088 41.205956
 377.000000 0.205700 38.675400 41.205956
 377.200000 0.192965 40.492044 41.205956
 377.400000 0.182189 42.144368 41.205956
 377.600000 0.178081 42.840435 41.205956
 377.800000 0.178973 42.689990 41.205956
 378.000000 0.177490 42.939029 41.205956
 378.200000 0.178993 42.943805 41.205956
 378.400000 0.189697 41.136355 41.205956
 378.600000 0.197558 40.017421 41.205956
 378.800000 0.211623 38.303367 41.205956
 379.000000 0.204956 39.119654 41.205956
 379.200000 0.199163 40.100324 41.205956
 379.400000 0.190705 41.175052 41.205956
 379.600000 0.161210 44.769718 41.205956
 379.800000 0.157180 44.720271 41.205956
 380.000000 0.158431 44.750899 41.596937
 380.200000 0.178733 43.149252 41.596937
 380.400000 0.191839 41.036997 41.596937
 380.600000 0.177736 43.318951 41.596937
 380.800000 0.197985 40.244868 41.596937
 381.000000 0.242606 32.984728 41.596937
 381.200000 0.269563 29.880895 41.596937
 381.400000 0.272852 28.998816 41.596937
 381.600000 0.251943 32.559447 41.596937
 381.800000 0.261543 31.532227 41.596937
 382.000000 0.260468 31.690596 41.596937
 382.200000 0.245894 33.315156 41.596937
 382.400000 0.242994 33.559301 41.596937
 382.600000 0.249437 33.077951 41.596937
 382.800000 0.254224 32.766224 41.596937
 383.000000 0.261455 31.971298 41.596937
 383.200000 0.259780 32.629228 41.596937
 383.400000 0.266721 31.345766 41.596937
 383.600000 0.269132 30.719865 41.596937
 383.800000 0.272450 29.742534 41.596937
 384.000000 0.274211 29.187129 41.596937
 384.200000 0.264168 32.291941 41.596937
 384.400000 0.238993 34.177786 41.596937
 384.600000 0.230671 35.434701 41.596937
 384.800000 0.215623 38.070057 41.596937
 385.000000 0.216205 37.983349 41.596088
 385.200000 0.216674 38.234363 41.596088
 385.400000 0.233967 35.031393 41.596088
 385.600000 0.239527 34.214936 41.596088
 385.800000 0.246361 33.661064 41.596088
 386.000000 0.239640 34.201773 41.596088
 386.200000 0.248618 33.881103 41.596088
 386.400000 0.249990 33.812262 41.596088
 386.600000 0.279811 27.812818 41.596088
 386.800000 0.299303 22.426091 41.596088
 387.000000 0.292902 23.931356 41.596088
 387.200000 0.316983 17.512505 41.596088
 387.400000 0.326315 14.100262 41.596088
 387.600000 0.345656 7.182324 41.596088
 387.800000 0.351570 5.031286 41.596088
 388.000000 0.350706 5.335134 41.596088
 388.200000 0.367690 1.761931 41.596088
 388.400000 0.366033 2.094155 41.596088
 388.600000 0.347552 7.829179 41.596088
 388.800000 0.355604 5.012525 41.596088
 389.000000 0.367340 1.829044 41.596088
 389.200000 0.384215 1.027636 41.596088
 389.400000 0.388243 0.687366 41.596088
 389.600000 0.399515 0.163090 41.596088
 389.800000 0.401035 0.128828 41.596088
 390.000000 0.400344 0.143631 41.577567
 390.200000 0.409291 1.484158 41.577567
 390.400000 0.424081 0.494752 41.577567
 390.600000 0.409912 1.443785 41.577567
 390.800000 0.392411 1.938307 41.577567
 391.000000 0.375987 2.461640 41.577567
 391.200000 0.394655 2.661233 41.577567
 391.400000 0.390469 2.918970 41.577567
 391.600000 0.406174 1.869908 41.577567
 391.800000 0.387795 3.094965 41.577567
 392.000000 0.361739 5.694944 41.577567
 392.200000 0.354721 8.245503 41.577567
 392.400000 0.393084 2.907707 41.577567
 392.600000 0.394287 2.810325 41.577567
 392.800000 0.370941 5.643926 41.577567
 393.000000 0.372218 5.452416 41.577567
 393.200000 0.380655 5.411380 41.577567
 393.400000 0.385966 4.490022 41.577567
 393.600000 0.395377 3.139338 41.577567
 393.800000 0.396211 3.040177 41.577567
 394.000000 0.375577 6.292304 41.577567
 394.200000 0.370845 8.283108 41.577567
 394.400000 0.376113 7.523887 41.577567
 394.600000 0.388947 4.901239 41.577567
 394.800000 0.396062 3.576544 41.577567
 395.000000 0.394997 3.756153 41.554684
 395.200000 0.403406 3.763296 41.554684
 395.400000 0.394354 5.346932 41.554684
 395.600000 0.380670 7.593915 41.554684
 395.800000 0.386972 6.597548 41.554684
 396.000000 0.384594 6.988157 41.554684
 396.200000 0.399577 5.219151 41.554684
 396.400000 0.410065 2.894646 41.554684
 396.600000 0.402396 4.575662 41.554684
 396.800000 0.396962 5.809503 41.554684
 397.000000 0.399749 5.180033 41.554684
 397.200000 0.401237 6.223033 41.554684
 397.400000 0.405769 5.096518 41.554684
 397.600000 0.389588 8.473999 41.554684
 397.800000 0.387039 8.820807 41.554684
 398.000000 0.393813 7.784809 41.554684
 398.200000 0.388650 9.773566 41.554684
 398.400000 0.360173 9.652743 41.554684
 398.600000 0.359754 9.645948 41.554684
 398.800000 0.354586 9.709769 41.554684
 399.000000 0.367424 9.949986 41.554684
 399.200000 0.365433 10.960292 41.554684
 399.400000 0.355278 10.492600 41.554684
 399.600000 0.369093 11.153338 41.554684
 399.800000 0.352741 10.501059 41.554684
 400.000000 0.360929 10.691701 41.532616
