#! FIELDS time d metad.bias metad.rct
 0.000000 0.224251 0.000000 0.000000
 0.200000 0.232017 0.000000 0.000000
 0.400000 0.243099 0.000000 0.000000
 0.600000 0.251278 0.000000 0.000000
 0.800000 0.227300 0.000000 0.000000
 1.000000 0.209349 0.000000 0.000000
 1.200000 0.204743 1.669233 0.000000
 1.400000 0.206967 1.728019 0.000000
 1.600000 0.207270 1.733239 0.000000
 1.800000 0.223389 1.128065 0.000000
 2.000000 0.233402 0.481372 0.000000
 2.200000 0.233514 2.188419 0.000000
 2.400000 0.224747 2.481592 0.000000
 2.600000 0.233991 2.163011 0.000000
 2.800000 0.242643 1.562203 0.000000
 3.000000 0.234752 2.120491 0.000000
 3.200000 0.244445 2.707356 0.000000
 3.400000 0.249170 2.034697 0.000000
 3.600000 0.234627 3.719843 0.000000
 3.800000 0.224676 3.752693 0.000000
 4.000000 0.238480 3.423661 0.000000
 4.200000 0.245000 3.997051 0.000000
 4.400000 0.250539 2.927962 0.000000
 4.600000 0.261609 1.063775 0.000000
 4.800000 0.258600 1.477058 0.000000
 5.000000 0.260156 1.252795 1.397167
 5.200000 0.223834 4.731435 1.397167
 5.400000 0.217639 3.912581 1.397167
 5.600000 0.222944 4.619971 1.397167
 5.800000 0.236004 5.564631 1.397167
 6.000000 0.240798 5.377990 1.397167
 6.200000 0.239251 6.841366 1.397167
 6.400000 0.244862 6.332078 1.397167
 6.600000 0.246957 6.021159 1.397167
 6.800000 0.246872 6.034850 1.397167
 7.000000 0.255954 4.323673 1.397167
 7.200000 0.252296 6.452077 1.397167
 7.400000 0.259657 4.999696 1.397167
 7.600000 0.250516 6.745445 1.397167
 7.800000 0.246870 7.236213 1.397167
 8.000000 0.242969 7.553605 1.397167
 8.200000 0.240959 8.857163 1.397167
 8.400000 0.224118 6.222563 1.397167
 8.600000 0.240402 8.855388 1.397167
 8.800000 0.250196 7.907568 1.397167
 9.000000 0.262747 4.856301 1.397167
 9.200000 0.246927 9.244085 1.397167
 9.400000 0.247512 9.196409 1.397167
 9.600000 0.254384 8.214055 1.397167
 9.800000 0.251178 8.762071 1.397167
 10.000000 0.250580 8.847953 4.538952
 10.200000 0.257730 8.560664 4.538952
 10.400000 0.231555 8.598130 4.538952
 10.600000 0.214521 4.090075 4.538952
 10.800000 0.197508 1.507506 4.538952
 11.000000 0.216166 4.451547 4.538952
 11.200000 0.238053 10.454767 4.538952
 11.400000 0.233247 9.766142 4.538952
 11.600000 0.225684 8.139063 4.538952
 11.800000 0.209933 4.525175 4.538952
 12.000000 0.232487 9.626070 4.538952
 12.200000 0.213559 5.816827 4.538952
 12.400000 0.215220 6.259608 4.538952
 12.600000 0.211500 5.284141 4.538952
 12.800000 0.212175 5.456688 4.538952
 13.000000 0.215370 6.300051 4.538952
 13.200000 0.204063 4.526277 4.538952
 13.400000 0.212629 6.873674 4.538952
 13.600000 0.209397 5.981004 4.538952
 13.800000 0.204187 4.559175 4.538952
 14.000000 0.214547 7.398631 4.538952
 14.200000 0.218213 9.601856 4.538952
 14.400000 0.221570 10.367967 4.538952
 14.600000 0.213835 8.461768 4.538952
 14.800000 0.222872 10.637907 4.538952
 15.000000 0.203088 5.207646 6.886949
 15.200000 0.204382 6.993984 6.886949
 15.400000 0.203402 6.692631 6.886949
 15.600000 0.204938 7.162458 6.886949
 15.800000 0.218901 10.561735 6.886949
 16.000000 0.230276 12.106285 6.886949
 16.200000 0.220868 11.739993 6.886949
 16.400000 0.204827 7.369639 6.886949
 16.600000 0.187525 2.172692 6.886949
 16.800000 0.185215 1.708793 6.886949
 17.000000 0.199809 5.693329 6.886949
 17.200000 0.190220 3.912398 6.886949
 17.400000 0.180361 1.549544 6.886949
 17.600000 0.175735 0.887536 6.886949
 17.800000 0.163970 0.137718 6.886949
 18.000000 0.168647 0.316086 6.886949
 18.200000 0.180419 2.826893 6.886949
 18.400000 0.178780 2.665693 6.886949
 18.600000 0.197686 6.600627 6.886949
 18.800000 0.205818 9.024425 6.886949
 19.000000 0.209265 9.937360 6.886949
 19.200000 0.208184 10.782991 6.886949
 19.400000 0.215277 12.313309 6.886949
 19.600000 0.197835 7.485744 6.886949
 19.800000 0.181420 3.139389 6.886949
 20.000000 0.205856 10.130372 8.821764
 20.200000 0.226281 13.983026 8.821764
 20.400000 0.222111 13.826067 8.821764
 20.600000 0.214257 13.087803 8.821764
 20.800000 0.188199 5.037656 8.821764
 21.000000 0.177338 2.840977 8.821764
 21.200000 0.184805 5.493579 8.821764
 21.400000 0.178840 4.565484 8.821764
 21.600000 0.179811 4.691605 8.821764
 21.800000 0.190534 6.821168 8.821764
 22.000000 0.191007 6.951057 8.821764
 22.200000 0.188987 7.688942 8.821764
 22.400000 0.190776 8.170956 8.821764
 22.600000 0.196848 9.925972 8.821764
 22.800000 0.206012 12.313647 8.821764
 23.000000 0.188462 7.552390 8.821764
 23.200000 0.187314 8.509368 8.821764
 23.400000 0.196769 10.974613 8.821764
 23.600000 0.193032 10.002439 8.821764
 23.800000 0.181628 7.132821 8.821764
 24.000000 0.179353 6.619238 8.821764
 24.200000 0.192416 10.730722 8.821764
 24.400000 0.188657 9.927579 8.821764
 24.600000 0.198644 12.007550 8.821764
 24.800000 0.200808 12.408681 8.821764
 25.000000 0.202145 12.638561 9.922327
 25.200000 0.171511 6.209586 9.922327
 25.400000 0.153389 1.892583 9.922327
 25.600000 0.157228 2.640563 9.922327
 25.800000 0.199918 13.233378 9.922327
 26.000000 0.211060 14.553754 9.922327
 26.200000 0.204421 14.807744 9.922327
 26.400000 0.207456 15.207685 9.922327
 26.600000 0.210134 15.423080 9.922327
 26.800000 0.204310 14.789969 9.922327
 27.000000 0.193518 12.269632 9.922327
 27.200000 0.180055 9.195877 9.922327
 27.400000 0.198999 14.659742 9.922327
 27.600000 0.188982 11.950973 9.922327
 27.800000 0.173689 7.242108 9.922327
 28.000000 0.183523 10.269958 9.922327
 28.200000 0.188771 12.928390 9.922327
 28.400000 0.186779 12.358713 9.922327
 28.600000 0.186327 12.225937 9.922327
 28.800000 0.181285 10.671524 9.922327
 29.000000 0.182050 10.915402 9.922327
 29.200000 0.189192 14.006099 9.922327
 29.400000 0.197555 15.676457 9.922327
 29.600000 0.184604 12.770305 9.922327
 29.800000 0.190909 14.413942 9.922327
 30.000000 0.196908 15.577647 12.043033
 30.200000 0.191887 15.458920 12.043033
 30.400000 0.177901 10.991539 12.043033
 30.600000 0.168523 7.217692 12.043033
 30.800000 0.158129 3.488545 12.043033
 31.000000 0.154420 2.488670 12.043033
 31.200000 0.160173 5.580885 12.043033
 31.400000 0.164166 6.790074 12.043033
 31.600000 0.156039 4.456735 12.043033
 31.800000 0.162338 6.221835 12.043033
 32.000000 0.197493 16.563274 12.043033
 32.200000 0.195387 17.056917 12.043033
 32.400000 0.175721 10.996647 12.043033
 32.600000 0.157792 4.940010 12.043033
 32.800000 0.176237 11.188628 12.043033
 33.000000 0.184317 14.080781 12.043033
 33.200000 0.165003 7.543462 12.043033
 33.400000 0.156915 4.878030 12.043033
 33.600000 0.177252 12.401477 12.043033
 33.800000 0.183171 14.624097 12.043033
 34.000000 0.186359 15.670809 12.043033
 34.200000 0.174258 11.825952 12.043033
 34.400000 0.162611 6.933979 12.043033
 34.600000 0.155459 4.573348 12.043033
 34.800000 0.161465 6.514239 12.043033
 35.000000 0.156851 4.983976 13.540895
 35.200000 0.166918 9.757491 13.540895
 35.400000 0.154681 5.741194 13.540895
 35.600000 0.154889 5.801668 13.540895
 35.800000 0.161934 8.007283 13.540895
 36.000000 0.164162 8.770718 13.540895
 36.200000 0.164527 10.082533 13.540895
 36.400000 0.157589 7.686414 13.540895
 36.600000 0.163693 9.790648 13.540895
 36.800000 0.149254 4.970924 13.540895
 37.000000 0.135482 1.604973 13.540895
 37.200000 0.144241 4.901186 13.540895
 37.400000 0.158560 8.513846 13.540895
 37.600000 0.160739 9.157715 13.540895
 37.800000 0.153995 7.242809 13.540895
 38.000000 0.149408 6.075902 13.540895
 38.200000 0.155416 8.858811 13.540895
 38.400000 0.169533 12.503013 13.540895
 38.600000 0.158457 9.596565 13.540895
 38.800000 0.155903 8.976176 13.540895
 39.000000 0.157231 9.297558 13.540895
 39.200000 0.160113 11.140324 13.540895
 39.400000 0.153829 9.603768 13.540895
 39.600000 0.156583 10.295927 13.540895
 39.800000 0.143246 6.666978 13.540895
 40.000000 0.137878 5.146941 13.775128
 40.200000 0.146298 8.732265 13.775128
 40.400000 0.173867 14.459158 13.775128
 40.600000 0.168783 13.314673 13.775128
 40.800000 0.136892 6.267055 13.775128
 41.000000 0.133099 5.220726 13.775128
 41.200000 0.135850 7.342806 13.775128
 41.400000 0.129527 5.607942 13.775128
 41.600000 0.139028 8.135464 13.775128
 41.800000 0.177102 15.249734 13.775128
 42.000000 0.160806 11.982110 13.775128
 42.200000 0.140575 8.907211 13.775128
 42.400000 0.153608 11.806058 13.775128
 42.600000 0.163248 13.390042 13.775128
 42.800000 0.168670 14.265621 13.775128
 43.000000 0.148441 10.787001 13.775128
 43.200000 0.151923 12.544776 13.775128
 43.400000 0.129898 6.336921 13.775128
 43.600000 0.120177 3.272009 13.775128
 43.800000 0.133997 7.738165 13.775128
 44.000000 0.135177 8.134873 13.775128
 44.200000 0.147752 12.576209 13.775128
 44.400000 0.139769 10.770118 13.775128
 44.600000 0.127234 6.495227 13.775128
 44.800000 0.136052 9.641687 13.775128
 45.000000 0.138938 10.532597 14.039394
 45.200000 0.148777 13.629408 14.039394
 45.400000 0.157850 14.304518 14.039394
 45.600000 0.164788 14.647349 14.039394
 45.800000 0.194181 18.712365 14.039394
 46.000000 0.210030 18.046935 14.039394
 46.200000 0.198669 19.529877 14.039394
 46.400000 0.169324 15.032111 14.039394
 46.600000 0.146867 13.369762 14.039394
 46.800000 0.137875 11.307843 14.039394
 47.000000 0.130156 8.498740 14.039394
 47.200000 0.128322 8.940140 14.039394
 47.400000 0.118631 4.854230 14.039394
 47.600000 0.133384 10.932209 14.039394
 47.800000 0.145265 13.828128 14.039394
 48.000000 0.173833 15.612198 14.039394
 48.200000 0.177055 16.973975 14.039394
 48.400000 0.172290 16.271090 14.039394
 48.600000 0.177274 17.008880 14.039394
 48.800000 0.163988 15.399520 14.039394
 49.000000 0.147120 14.215961 14.039394
 49.200000 0.138922 13.489075 14.039394
 49.400000 0.159317 15.763250 14.039394
 49.600000 0.166334 16.005234 14.039394
 49.800000 0.166607 16.021090 14.039394
 50.000000 0.166523 16.016142 15.203612
 50.200000 0.172324 17.296143 15.203612
 50.400000 0.152077 16.093909 15.203612
 50.600000 0.140650 14.150259 15.203612
 50.800000 0.137815 13.290230 15.203612
 51.000000 0.156156 16.372826 15.203612
 51.200000 0.147545 16.294177 15.203612
 51.400000 0.160115 17.377302 15.203612
 51.600000 0.150355 16.712051 15.203612
 51.800000 0.148212 16.405521 15.203612
 52.000000 0.160781 17.395958 15.203612
 52.200000 0.142764 15.642119 15.203612
 52.400000 0.137803 13.932805 15.203612
 52.600000 0.131508 11.177334 15.203612
 52.800000 0.122655 6.858586 15.203612
 53.000000 0.136621 13.459645 15.203612
 53.200000 0.126770 9.633551 15.203612
 53.400000 0.130108 11.377496 15.203612
 53.600000 0.153743 18.278965 15.203612
 53.800000 0.142790 16.532625 15.203612
 54.000000 0.133279 12.942349 15.203612
 54.200000 0.118316 5.980083 15.203612
 54.400000 0.106047 1.629591 15.203612
 54.600000 0.122092 7.938751 15.203612
 54.800000 0.109473 2.491798 15.203612
 55.000000 0.109109 2.387193 15.876673
 55.200000 0.138006 16.147607 15.876673
 55.400000 0.156169 18.710403 15.876673
 55.600000 0.150789 18.551889 15.876673
 55.800000 0.165771 18.516665 15.876673
 56.000000 0.183753 18.981158 15.876673
 56.200000 0.170760 18.963291 15.876673
 56.400000 0.166055 18.883977 15.876673
 56.600000 0.157168 18.862214 15.876673
 56.800000 0.135937 15.421733 15.876673
 57.000000 0.123178 9.544573 15.876673
 57.200000 0.122664 10.438482 15.876673
 57.400000 0.124017 11.097312 15.876673
 57.600000 0.124653 11.406162 15.876673
 57.800000 0.124386 11.276719 15.876673
 58.000000 0.118590 8.494787 15.876673
 58.200000 0.104168 4.018704 15.876673
 58.400000 0.115664 8.363127 15.876673
 58.600000 0.118297 9.557905 15.876673
 58.800000 0.105397 4.399731 15.876673
 59.000000 0.122707 11.613538 15.876673
 59.200000 0.153786 19.118321 15.876673
 59.400000 0.156193 19.081669 15.876673
 59.600000 0.147237 19.035644 15.876673
 59.800000 0.151775 19.127912 15.876673
 60.000000 0.154322 19.112173 16.737264
 60.200000 0.141764 19.118251 16.737264
 60.400000 0.131780 16.589931 16.737264
 60.600000 0.115792 9.384344 16.737264
 60.800000 0.118290 10.593937 16.737264
 61.000000 0.118869 10.876678 16.737264
 61.200000 0.113069 9.106934 16.737264
 61.400000 0.118690 11.866961 16.737264
 61.600000 0.117919 11.488914 16.737264
 61.800000 0.104778 5.408986 16.737264
 62.000000 0.111375 8.295507 16.737264
 62.200000 0.119617 13.357812 16.737264
 62.400000 0.102059 5.390552 16.737264
 62.600000 0.096041 3.296125 16.737264
 62.800000 0.083961 0.848222 16.737264
 63.000000 0.100213 4.689854 16.737264
 63.200000 0.097966 5.308898 16.737264
 63.400000 0.096704 4.880638 16.737264
 63.600000 0.107541 8.984087 16.737264
 63.800000 0.131152 17.807219 16.737264
 64.000000 0.115427 12.273618 16.737264
 64.200000 0.115739 13.415438 16.737264
 64.400000 0.117116 13.974782 16.737264
 64.600000 0.101907 7.416316 16.737264
 64.800000 0.102478 7.657571 16.737264
 65.000000 0.101873 7.402023 16.961720
 65.200000 0.117731 14.938014 16.961720
 65.400000 0.116703 14.579816 16.961720
 65.600000 0.108573 11.461920 16.961720
 65.800000 0.126698 17.604196 16.961720
 66.000000 0.108558 11.455710 16.961720
 66.200000 0.103732 10.440942 16.961720
 66.400000 0.114240 14.662941 16.961720
 66.600000 0.130508 18.810003 16.961720
 66.800000 0.116756 15.503148 16.961720
 67.000000 0.100551 9.017230 16.961720
 67.200000 0.108960 13.670528 16.961720
 67.400000 0.108095 13.347821 16.961720
 67.600000 0.115024 15.666807 16.961720
 67.800000 0.132647 19.250354 16.961720
 68.000000 0.145624 20.103662 16.961720
 68.200000 0.160906 20.116479 16.961720
 68.400000 0.174603 19.523411 16.961720
 68.600000 0.174114 19.520966 16.961720
 68.800000 0.155312 20.525107 16.961720
 69.000000 0.158557 20.296176 16.961720
 69.200000 0.168068 20.233039 16.961720
 69.400000 0.175401 19.908070 16.961720
 69.600000 0.186608 20.159614 16.961720
 69.800000 0.168598 20.196539 16.961720
 70.000000 0.151682 21.359305 18.018294
 70.200000 0.142766 21.710678 18.018294
 70.400000 0.141983 21.632794 18.018294
 70.600000 0.109540 13.933962 18.018294
 70.800000 0.095536 7.898511 18.018294
 71.000000 0.108589 13.576614 18.018294
 71.200000 0.110848 15.352794 18.018294
 71.400000 0.099494 10.509971 18.018294
 71.600000 0.082525 3.047510 18.018294
 71.800000 0.078397 1.936255 18.018294
 72.000000 0.105625 13.337860 18.018294
 72.200000 0.106620 14.717563 18.018294
 72.400000 0.088333 5.688488 18.018294
 72.600000 0.100222 11.769584 18.018294
 72.800000 0.139045 21.475493 18.018294
 73.000000 0.143892 21.902857 18.018294
 73.200000 0.142694 22.475579 18.018294
 73.400000 0.132880 21.190060 18.018294
 73.600000 0.143178 22.512957 18.018294
 73.800000 0.150547 22.676347 18.018294
 74.000000 0.167504 20.850653 18.018294
 74.200000 0.156549 22.781215 18.018294
 74.400000 0.161790 22.245389 18.018294
 74.600000 0.173557 20.911687 18.018294
 74.800000 0.171223 21.125623 18.018294
 75.000000 0.166453 21.670553 19.162127
 75.200000 0.160078 23.051952 19.162127
 75.400000 0.157047 23.287667 19.162127
 75.600000 0.172169 21.653376 19.162127
 75.800000 0.170895 21.796945 19.162127
 76.000000 0.172565 21.610634 19.162127
 76.200000 0.178008 21.751212 19.162127
 76.400000 0.172592 22.276006 19.162127
 76.600000 0.173165 22.215209 19.162127
 76.800000 0.168633 22.713220 19.162127
 77.000000 0.165338 23.068631 19.162127
 77.200000 0.178893 22.094526 19.162127
 77.400000 0.171398 22.982622 19.162127
 77.600000 0.173807 22.681943 19.162127
 77.800000 0.187031 21.421873 19.162127
 78.000000 0.179706 22.010892 19.162127
 78.200000 0.159291 24.410093 19.162127
 78.400000 0.136878 22.143518 19.162127
 78.600000 0.137336 22.229243 19.162127
 78.800000 0.150881 24.156815 19.162127
 79.000000 0.158775 24.418645 19.162127
 79.200000 0.149702 24.545818 19.162127
 79.400000 0.155307 24.969635 19.162127
 79.600000 0.162955 24.834233 19.162127
 79.800000 0.166409 24.542055 19.162127
 80.000000 0.166254 24.557533 20.941261
 80.200000 0.186252 22.417862 20.941261
 80.400000 0.199403 20.986863 20.941261
 80.600000 0.175096 23.968715 20.941261
 80.800000 0.184827 22.590319 20.941261
 81.000000 0.189607 22.044291 20.941261
 81.200000 0.170362 24.941683 20.941261
 81.400000 0.142203 23.566276 20.941261
 81.600000 0.137176 22.496570 20.941261
 81.800000 0.150531 24.993646 20.941261
 82.000000 0.142127 23.550829 20.941261
 82.200000 0.130772 21.552818 20.941261
 82.400000 0.133611 22.234368 20.941261
 82.600000 0.154813 25.859335 20.941261
 82.800000 0.165738 25.554219 20.941261
 83.000000 0.180061 23.788813 20.941261
 83.200000 0.171696 25.396063 20.941261
 83.400000 0.159682 26.159794 20.941261
 83.600000 0.155834 26.064780 20.941261
 83.800000 0.158040 26.143614 20.941261
 84.000000 0.145376 24.819272 20.941261
 84.200000 0.131011 21.977634 20.941261
 84.400000 0.136182 23.332104 20.941261
 84.600000 0.169826 25.743519 20.941261
 84.800000 0.170384 25.678073 20.941261
 85.000000 0.169711 25.756733 22.432750
 85.200000 0.171502 26.094904 22.432750
 85.400000 0.162885 26.885626 22.432750
 85.600000 0.177156 25.307920 22.432750
 85.800000 0.178688 25.079504 22.432750
 86.000000 0.150817 26.431236 22.432750
 86.200000 0.149418 26.777804 22.432750
 86.400000 0.165949 27.011151 22.432750
 86.600000 0.189135 23.524136 22.432750
 86.800000 0.201160 21.528583 22.432750
 87.000000 0.180182 24.931994 22.432750
 87.200000 0.180428 25.468461 22.432750
 87.400000 0.189096 24.013117 22.432750
 87.600000 0.217396 17.733129 22.432750
 87.800000 0.203146 21.308645 22.432750
 88.000000 0.209461 19.775675 22.432750
 88.200000 0.218169 18.156774 22.432750
 88.400000 0.196998 23.102116 22.432750
 88.600000 0.195297 23.375398 22.432750
 88.800000 0.204438 21.698460 22.432750
 89.000000 0.230530 15.440339 22.432750
 89.200000 0.203790 22.015831 22.432750
 89.400000 0.207059 21.355124 22.432750
 89.600000 0.224121 17.498682 22.432750
 89.800000 0.205901 21.597747 22.432750
 90.000000 0.200009 22.691148 23.255733
 90.200000 0.201110 23.138495 23.255733
 90.400000 0.188883 24.832168 23.255733
 90.600000 0.205783 22.213444 23.255733
 90.800000 0.238122 14.956816 23.255733
 91.000000 0.271052 4.580437 23.255733
 91.200000 0.270769 6.098430 23.255733
 91.400000 0.278645 3.704944 23.255733
 91.600000 0.274090 5.046636 23.255733
 91.800000 0.249225 12.617120 23.255733
 92.000000 0.228397 16.823723 23.255733
 92.200000 0.227560 17.808232 23.255733
 92.400000 0.271719 5.804921 23.255733
 92.600000 0.297234 0.518719 23.255733
 92.800000 0.300828 0.304672 23.255733
 93.000000 0.309614 0.061787 23.255733
 93.200000 0.325369 1.003785 23.255733
 93.400000 0.321276 1.291570 23.255733
 93.600000 0.308586 1.817516 23.255733
 93.800000 0.292047 1.893944 23.255733
 94.000000 0.261455 9.173839 23.255733
 94.200000 0.259605 10.921394 23.255733
 94.400000 0.253951 12.556873 23.255733
 94.600000 0.257347 11.601123 23.255733
 94.800000 0.285172 2.919524 23.255733
 95.000000 0.285086 2.935664 23.231168
 95.200000 0.272815 7.507598 23.231168
 95.400000 0.268050 8.896389 23.231168
 95.600000 0.266036 9.483754 23.231168
 95.800000 0.265987 9.497792 23.231168
 96.000000 0.274186 7.116462 23.231168
 96.200000 0.281699 6.300756 23.231168
 96.400000 0.285483 5.355859 23.231168
 96.600000 0.268527 9.943695 23.231168
 96.800000 0.255690 12.894163 23.231168
 97.000000 0.263395 11.221806 23.231168
 97.200000 0.254578 14.011530 23.231168
 97.400000 0.237103 16.570086 23.231168
 97.600000 0.233500 17.069875 23.231168
 97.800000 0.232131 17.264444 23.231168
 98.000000 0.236741 16.619821 23.231168
 98.200000 0.238874 17.152340 23.231168
 98.400000 0.239383 17.077296 23.231168
 98.600000 0.239112 17.117354 23.231168
 98.800000 0.231906 18.089304 23.231168
 99.000000 0.221018 19.643912 23.231168
 99.200000 0.210725 22.206983 23.231168
 99.400000 0.187670 25.057857 23.231168
 99.600000 0.190476 24.771613 23.231168
 99.800000 0.194782 24.342693 23.231168
 100.000000 0.179288 26.008747 23.554506
 100.200000 0.178480 26.654701 23.554506
 100.400000 0.198453 24.196942 23.554506
 100.600000 0.201966 23.712393 23.554506
 100.800000 0.210082 22.383122 23.554506
 101.000000 0.218075 20.907069 23.554506
 101.200000 0.210982 22.837105 23.554506
 101.400000 0.197009 24.640899 23.554506
 101.600000 0.193148 25.037033 23.554506
 101.800000 0.191946 25.160349 23.554506
 102.000000 0.216692 21.848291 23.554506
 102.200000 0.265060 12.032699 23.554506
 102.400000 0.283576 6.250883 23.554506
 102.600000 0.282257 6.641634 23.554506
 102.800000 0.270323 10.487268 23.554506
 103.000000 0.258664 13.631406 23.554506
 103.200000 0.270410 11.161343 23.554506
 103.400000 0.270770 11.035174 23.554506
 103.600000 0.288827 5.005863 23.554506
 103.800000 0.278394 8.261564 23.554506
 104.000000 0.252042 15.954734 23.554506
 104.200000 0.232225 19.986268 23.554506
 104.400000 0.222485 21.580541 23.554506
 104.600000 0.237902 19.124035 23.554506
 104.800000 0.235058 19.553761 23.554506
 105.000000 0.218535 22.263098 23.730801
 105.200000 0.198956 25.040117 23.730801
 105.400000 0.198577 25.061593 23.730801
 105.600000 0.184541 26.082738 23.730801
 105.800000 0.194927 25.272375 23.730801
 106.000000 0.209893 24.175344 23.730801
 106.200000 0.223089 22.501557 23.730801
 106.400000 0.221966 22.732959 23.730801
 106.600000 0.221046 22.920644 23.730801
 106.800000 0.229755 21.112490 23.730801
 107.000000 0.228505 21.370873 23.730801
 107.200000 0.242075 19.182944 23.730801
 107.400000 0.267601 12.634327 23.730801
 107.600000 0.277361 8.844434 23.730801
 107.800000 0.279740 7.936240 23.730801
 108.000000 0.239579 19.708818 23.730801
 108.200000 0.231900 21.971322 23.730801
 108.400000 0.232627 21.833086 23.730801
 108.600000 0.227047 22.859238 23.730801
 108.800000 0.236533 21.065705 23.730801
 109.000000 0.234128 21.543923 23.730801
 109.200000 0.237601 21.500723 23.730801
 109.400000 0.219997 24.445046 23.730801
 109.600000 0.226861 23.487966 23.730801
 109.800000 0.230441 22.895676 23.730801
 110.000000 0.252185 17.876431 23.986748
 110.200000 0.247467 19.889491 23.986748
 110.400000 0.270483 12.045659 23.986748
 110.600000 0.252565 18.560002 23.986748
 110.800000 0.240275 21.480098 23.986748
 111.000000 0.235470 22.370179 23.986748
 111.200000 0.232133 23.543804 23.986748
 111.400000 0.224215 24.508654 23.986748
 111.600000 0.212170 25.435773 23.986748
 111.800000 0.191355 25.831589 23.986748
 112.000000 0.202692 25.664936 23.986748
 112.200000 0.203387 26.217515 23.986748
 112.400000 0.197671 26.221069 23.986748
 112.600000 0.191807 26.243602 23.986748
 112.800000 0.192933 26.230614 23.986748
 113.000000 0.197378 26.220436 23.986748
 113.200000 0.208079 26.529689 23.986748
 113.400000 0.197395 26.764701 23.986748
 113.600000 0.196272 26.761513 23.986748
 113.800000 0.192215 26.751076 23.986748
 114.000000 0.188438 26.778483 23.986748
 114.200000 0.181032 27.504565 23.986748
 114.400000 0.204171 27.005613 23.986748
 114.600000 0.197123 27.212871 23.986748
 114.800000 0.192615 27.261770 23.986748
 115.000000 0.192796 27.260156 24.901694
 115.200000 0.185335 27.831201 24.901694
 115.400000 0.187271 27.815254 24.901694
 115.600000 0.185647 27.828280 24.901694
 115.800000 0.193156 27.776392 24.901694
 116.000000 0.189795 27.799740 24.901694
 116.200000 0.213409 26.591084 24.901694
 116.400000 0.215995 26.203435 24.901694
 116.600000 0.205854 27.552151 24.901694
 116.800000 0.217407 25.985688 24.901694
 117.000000 0.214454 26.436702 24.901694
 117.200000 0.186200 28.406940 24.901694
 117.400000 0.181087 28.358322 24.901694
 117.600000 0.197273 28.434613 24.901694
 117.800000 0.207830 27.822277 24.901694
 118.000000 0.202142 28.265856 24.901694
 118.200000 0.199784 28.859383 24.901694
 118.400000 0.206143 28.463414 24.901694
 118.600000 0.209456 28.084586 24.901694
 118.800000 0.216408 26.990128 24.901694
 119.000000 0.192024 28.858743 24.901694
 119.200000 0.162245 28.317374 24.901694
 119.400000 0.153322 27.574059 24.901694
 119.600000 0.169771 28.549411 24.901694
 119.800000 0.193527 29.369970 24.901694
 120.000000 0.216159 27.166463 26.006157
 120.200000 0.230185 24.763603 26.006157
 120.400000 0.213021 28.257356 26.006157
 120.600000 0.205161 29.281827 26.006157
 120.800000 0.221674 26.573959 26.006157
 121.000000 0.208142 28.971690 26.006157
 121.200000 0.188638 29.538705 26.006157
 121.400000 0.191895 29.747290 26.006157
 121.600000 0.198594 29.982784 26.006157
 121.800000 0.189552 29.600017 26.006157
 122.000000 0.177701 28.858864 26.006157
 122.200000 0.157866 28.252581 26.006157
 122.400000 0.158207 28.285738 26.006157
 122.600000 0.188595 29.907290 26.006157
 122.800000 0.219419 27.411441 26.006157
 123.000000 0.225559 26.003981 26.006157
 123.200000 0.195037 30.218084 26.006157
 123.400000 0.180407 29.482354 26.006157
 123.600000 0.196065 30.244025 26.006157
 123.800000 0.193210 30.155577 26.006157
 124.000000 0.193590 30.170156 26.006157
 124.200000 0.187086 30.265586 26.006157
 124.400000 0.194333 30.652220 26.006157
 124.600000 0.177013 29.558779 26.006157
 124.800000 0.172676 29.287082 26.006157
 125.000000 0.188465 30.356180 27.182705
 125.200000 0.191735 30.987130 27.182705
 125.400000 0.185148 30.573249 27.182705
 125.600000 0.174376 29.681067 27.182705
 125.800000 0.143344 25.709540 27.182705
 126.000000 0.136569 23.848059 27.182705
 126.200000 0.149207 27.452744 27.182705
 126.400000 0.164864 29.064516 27.182705
 126.600000 0.168524 29.296880 27.182705
 126.800000 0.181031 30.243051 27.182705
 127.000000 0.181671 30.296067 27.182705
 127.200000 0.175185 30.180215 27.182705
 127.400000 0.164452 29.272616 27.182705
 127.600000 0.159876 28.879371 27.182705
 127.800000 0.160548 28.940478 27.182705
 128.000000 0.169282 29.668632 27.182705
 128.200000 0.177798 30.811904 27.182705
 128.400000 0.174579 30.564817 27.182705
 128.600000 0.176594 30.720734 27.182705
 128.800000 0.168948 30.107490 27.182705
 129.000000 0.164323 29.703809 27.182705
 129.200000 0.176091 31.024461 27.182705
 129.400000 0.192722 31.585823 27.182705
 129.600000 0.195598 31.535968 27.182705
 129.800000 0.197355 31.470602 27.182705
 130.000000 0.179699 31.224363 28.170837
 130.200000 0.155572 29.247580 28.170837
 130.400000 0.164071 30.399164 28.170837
 130.600000 0.154162 29.005959 28.170837
 130.800000 0.168282 30.827169 28.170837
 131.000000 0.187152 31.906033 28.170837
 131.200000 0.222203 27.467751 28.170837
 131.400000 0.211102 30.039763 28.170837
 131.600000 0.212185 29.813809 28.170837
 131.800000 0.215678 29.034907 28.170837
 132.000000 0.198816 31.899542 28.170837
 132.200000 0.206725 31.232186 28.170837
 132.400000 0.211547 30.242368 28.170837
 132.600000 0.197353 32.443826 28.170837
 132.800000 0.183029 32.453902 28.170837
 133.000000 0.165871 30.782549 28.170837
 133.200000 0.165145 31.136056 28.170837
 133.400000 0.162917 30.840804 28.170837
 133.600000 0.175022 32.167852 28.170837
 133.800000 0.188727 32.814964 28.170837
 134.000000 0.159989 30.411516 28.170837
 134.200000 0.160209 30.897120 28.170837
 134.400000 0.170057 32.061113 28.170837
 134.600000 0.163558 31.367444 28.170837
 134.800000 0.150410 28.930270 28.170837
 135.000000 0.160281 30.908245 29.263581
 135.200000 0.171396 32.509873 29.263581
 135.400000 0.173436 32.631988 29.263581
 135.600000 0.169685 32.390742 29.263581
 135.800000 0.178924 32.867823 29.263581
 136.000000 0.174356 32.680446 29.263581
 136.200000 0.156239 30.833888 29.263581
 136.400000 0.164185 32.197360 29.263581
 136.600000 0.185035 33.296990 29.263581
 136.800000 0.183114 33.307088 29.263581
 137.000000 0.176258 33.173242 29.263581
 137.200000 0.173041 33.406665 29.263581
 137.400000 0.165719 32.698595 29.263581
 137.600000 0.168804 33.056354 29.263581
 137.800000 0.157316 31.238432 29.263581
 138.000000 0.164811 32.575582 29.263581
 138.200000 0.164055 32.876386 29.263581
 138.400000 0.175775 33.866529 29.263581
 138.600000 0.187074 33.706117 29.263581
 138.800000 0.187214 33.698867 29.263581
 139.000000 0.161866 32.521649 29.263581
 139.200000 0.154465 31.260687 29.263581
 139.400000 0.149025 29.604877 29.263581
 139.600000 0.167588 33.711408 29.263581
 139.800000 0.178779 34.130450 29.263581
 140.000000 0.191142 33.509869 30.483184
 140.200000 0.188718 34.084169 30.483184
 140.400000 0.180620 34.401779 30.483184
 140.600000 0.170708 34.112930 30.483184
 140.800000 0.165043 33.505685 30.483184
 141.000000 0.175447 34.356899 30.483184
 141.200000 0.197011 33.408593 30.483184
 141.400000 0.204149 32.169922 30.483184
 141.600000 0.207195 31.513924 30.483184
 141.800000 0.200282 32.892343 30.483184
 142.000000 0.197367 33.356389 30.483184
 142.200000 0.187601 34.747225 30.483184
 142.400000 0.196957 33.812259 30.483184
 142.600000 0.192940 34.311487 30.483184
 142.800000 0.204414 32.470418 30.483184
 143.000000 0.207680 31.715774 30.483184
 143.200000 0.203899 32.993149 30.483184
 143.400000 0.208503 31.937375 30.483184
 143.600000 0.214729 30.228912 30.483184
 143.800000 0.222951 27.791898 30.483184
 144.000000 0.224005 27.484570 30.483184
 144.200000 0.210732 31.702568 30.483184
 144.400000 0.192025 34.702471 30.483184
 144.600000 0.182759 35.061439 30.483184
 144.800000 0.192751 34.648277 30.483184
 145.000000 0.191688 34.726145 31.438850
 145.200000 0.186890 35.327622 31.438850
 145.400000 0.173499 34.979482 31.438850
 145.600000 0.178215 35.268509 31.438850
 145.800000 0.192983 35.001242 31.438850
 146.000000 0.208893 32.340305 31.438850
 146.200000 0.203006 34.027237 31.438850
 146.400000 0.173669 35.018889 31.438850
 146.600000 0.143816 27.834264 31.438850
 146.800000 0.129987 22.751688 31.438850
 147.000000 0.121565 20.046271 31.438850
 147.200000 0.123889 21.467905 31.438850
 147.400000 0.141613 27.306288 31.438850
 147.600000 0.133193 24.413230 31.438850
 147.800000 0.127200 22.482761 31.438850
 148.000000 0.124973 21.797771 31.438850
 148.200000 0.123000 21.855330 31.438850
 148.400000 0.143816 28.372226 31.438850
 148.600000 0.149882 30.275453 31.438850
 148.800000 0.139499 26.983377 31.438850
 149.000000 0.126125 22.811365 31.438850
 149.200000 0.123546 22.647894 31.438850
 149.400000 0.128779 24.243995 31.438850
 149.600000 0.116765 20.350991 31.438850
 149.800000 0.117145 20.490792 31.438850
 150.000000 0.133720 25.705258 31.631727
 150.200000 0.145987 29.725844 31.631727
 150.400000 0.162232 33.567703 31.631727
 150.600000 0.157380 32.593803 31.631727
 150.800000 0.162799 33.668472 31.631727
 151.000000 0.149892 30.769289 31.631727
 151.200000 0.155285 32.532357 31.631727
 151.400000 0.156023 32.696388 31.631727
 151.600000 0.156769 32.857393 31.631727
 151.800000 0.158317 33.177141 31.631727
 152.000000 0.157366 32.983162 31.631727
 152.200000 0.144836 30.115337 31.631727
 152.400000 0.131151 25.786472 31.631727
 152.600000 0.129020 25.081220 31.631727
 152.800000 0.128024 24.748039 31.631727
 153.000000 0.129868 25.362686 31.631727
 153.200000 0.124683 24.143671 31.631727
 153.400000 0.110753 18.337882 31.631727
 153.600000 0.093248 8.417692 31.631727
 153.800000 0.085277 4.444734 31.631727
 154.000000 0.092441 7.966220 31.631727
 154.200000 0.105865 16.601132 31.631727
 154.400000 0.094262 10.213417 31.631727
 154.600000 0.098542 12.648730 31.631727
 154.800000 0.110208 18.674829 31.631727
 155.000000 0.090116 7.931139 31.891429
 155.200000 0.085672 6.895971 31.891429
 155.400000 0.101405 15.173675 31.891429
 155.600000 0.127228 25.173136 31.891429
 155.800000 0.120784 23.051023 31.891429
 156.000000 0.115716 21.280292 31.891429
 156.200000 0.116728 22.320603 31.891429
 156.400000 0.092594 10.696289 31.891429
 156.600000 0.096651 12.992149 31.891429
 156.800000 0.085857 7.077838 31.891429
 157.000000 0.096897 13.130378 31.891429
 157.200000 0.112819 21.422980 31.891429
 157.400000 0.108867 19.939650 31.891429
 157.600000 0.107015 19.171814 31.891429
 157.800000 0.115083 22.193974 31.891429
 158.000000 0.112802 21.416890 31.891429
 158.200000 0.102619 17.680786 31.891429
 158.400000 0.090815 10.829840 31.891429
 158.600000 0.092805 12.030997 31.891429
 158.800000 0.122317 24.962988 31.891429
 159.000000 0.122459 25.000802 31.891429
 159.200000 0.105214 19.266073 31.891429
 159.400000 0.101639 17.383769 31.891429
 159.600000 0.092404 11.864805 31.891429
 159.800000 0.089997 10.394727 31.891429
 160.000000 0.077543 4.035838 31.885856
 160.200000 0.088566 10.654288 31.885856
 160.400000 0.116788 23.976221 31.885856
 160.600000 0.130036 27.434524 31.885856
 160.800000 0.121750 25.401725 31.885856
 161.000000 0.089451 11.131938 31.885856
 161.200000 0.078420 6.654236 31.885856
 161.400000 0.095310 15.365691 31.885856
 161.600000 0.126749 26.707647 31.885856
 161.800000 0.142047 30.173980 31.885856
 162.000000 0.133536 28.247471 31.885856
 162.200000 0.119973 25.378450 31.885856
 162.400000 0.111266 22.616092 31.885856
 162.600000 0.106549 20.791939 31.885856
 162.800000 0.093621 14.475792 31.885856
 163.000000 0.090449 12.747723 31.885856
 163.200000 0.088173 12.490842 31.885856
 163.400000 0.096305 16.831317 31.885856
 163.600000 0.097243 17.299087 31.885856
 163.800000 0.103654 20.208624 31.885856
 164.000000 0.092740 14.977542 31.885856
 164.200000 0.104816 21.327991 31.885856
 164.400000 0.109706 22.949717 31.885856
 164.600000 0.100031 19.426863 31.885856
 164.800000 0.102869 20.595528 31.885856
 165.000000 0.110869 23.296129 31.904770
 165.200000 0.111665 24.145304 31.904770
 165.400000 0.080803 9.280589 31.904770
 165.600000 0.085572 12.014301 31.904770
 165.800000 0.082820 10.416083 31.904770
 166.000000 0.095550 17.698012 31.904770
 166.200000 0.109155 23.923352 31.904770
 166.400000 0.107863 23.546592 31.904770
 166.600000 0.106552 23.139216 31.904770
 166.800000 0.111551 24.562611 31.904770
 167.000000 0.136314 29.541662 31.904770
 167.200000 0.110348 24.354937 31.904770
 167.400000 0.091492 16.241243 31.904770
 167.600000 0.086061 12.953849 31.904770
 167.800000 0.106287 23.116081 31.904770
 168.000000 0.113823 25.262670 31.904770
 168.200000 0.126228 28.397378 31.904770
 168.400000 0.131089 29.274020 31.904770
 168.600000 0.143760 31.514997 31.904770
 168.800000 0.145686 31.863307 31.904770
 169.000000 0.110956 25.079750 31.904770
 169.200000 0.090400 15.986696 31.904770
 169.400000 0.086947 13.770496 31.904770
 169.600000 0.090228 15.878117 31.904770
 169.800000 0.114620 26.579964 31.904770
 170.000000 0.135202 30.154063 32.019170
 170.200000 0.111710 25.991702 32.019170
 170.400000 0.090572 16.100074 32.019170
 170.600000 0.080166 9.514495 32.019170
 170.800000 0.076192 7.281676 32.019170
 171.000000 0.073915 6.133946 32.019170
 171.200000 0.085039 13.553264 32.019170
 171.400000 0.082196 11.889355 32.019170
 171.600000 0.077897 9.492233 32.019170
 171.800000 0.076134 8.568086 32.019170
 172.000000 0.079505 10.367827 32.019170
 172.200000 0.080209 11.860830 32.019170
 172.400000 0.077384 10.311134 32.019170
 172.600000 0.083676 13.811389 32.019170
 172.800000 0.098910 21.768285 32.019170
 173.000000 0.097996 21.361758 32.019170
 173.200000 0.085744 15.465423 32.019170
 173.400000 0.095024 20.620585 32.019170
 173.600000 0.120354 28.279768 32.019170
 173.800000 0.120968 28.384150 32.019170
 174.000000 0.106774 25.308571 32.019170
 174.200000 0.075005 9.319334 32.019170
 174.400000 0.075640 9.669778 32.019170
 174.600000 0.081420 13.039014 32.019170
 174.800000 0.086700 16.259698 32.019170
 175.000000 0.082740 13.840008 32.001223
 175.200000 0.071272 8.074990 32.001223
 175.400000 0.090904 19.577678 32.001223
 175.600000 0.103394 25.128638 32.001223
 175.800000 0.111694 27.275953 32.001223
 176.000000 0.114635 27.816650 32.001223
 176.200000 0.100842 24.560867 32.001223
 176.400000 0.082589 14.743797 32.001223
 176.600000 0.077987 11.926200 32.001223
 176.800000 0.083336 15.204552 32.001223
 177.000000 0.091216 19.897407 32.001223
 177.200000 0.089382 19.567035 32.001223
 177.400000 0.088962 19.319245 32.001223
 177.600000 0.103343 26.013122 32.001223
 177.800000 0.108522 27.417530 32.001223
 178.000000 0.117476 28.926383 32.001223
 178.200000 0.109479 28.044509 32.001223
 178.400000 0.096621 23.570240 32.001223
 178.600000 0.084919 16.882589 32.001223
 178.800000 0.072332 8.984161 32.001223
 179.000000 0.072186 8.900109 32.001223
 179.200000 0.105455 27.094196 32.001223
 179.400000 0.105475 27.099674 32.001223
 179.600000 0.093285 22.308211 32.001223
 179.800000 0.090321 20.770041 32.001223
 180.000000 0.085516 18.054919 32.024885
 180.200000 0.082974 17.314669 32.024885
 180.400000 0.070222 9.437000 32.024885
 180.600000 0.072519 10.805911 32.024885
 180.800000 0.082353 16.934440 32.024885
 181.000000 0.096040 24.232122 32.024885
 181.200000 0.077271 14.031843 32.024885
 181.400000 0.085119 19.059921 32.024885
 181.600000 0.075588 12.937265 32.024885
 181.800000 0.078630 14.918904 32.024885
 182.000000 0.074524 12.251463 32.024885
 182.200000 0.092559 23.714046 32.024885
 182.400000 0.086751 20.771741 32.024885
 182.600000 0.079822 16.647656 32.024885
 182.800000 0.087360 21.105996 32.024885
 183.000000 0.089639 22.305915 32.024885
 183.200000 0.065798 8.114688 32.024885
 183.400000 0.081920 18.514421 32.024885
 183.600000 0.088198 22.201779 32.024885
 183.800000 0.094855 25.321750 32.024885
 184.000000 0.090043 23.157161 32.024885
 184.200000 0.078581 16.823038 32.024885
 184.400000 0.090958 24.228895 32.024885
 184.600000 0.117736 29.973663 32.024885
 184.800000 0.111057 29.477336 32.024885
 185.000000 0.120972 30.164598 32.058958
 185.200000 0.139539 31.871926 32.058958
 185.400000 0.139520 31.870130 32.058958
 185.600000 0.118942 30.498356 32.058958
 185.800000 0.093960 25.648451 32.058958
 186.000000 0.072674 12.744182 32.058958
 186.200000 0.072583 13.673798 32.058958
 186.400000 0.077027 16.711064 32.058958
 186.600000 0.077060 16.733054 32.058958
 186.800000 0.080100 18.738595 32.058958
 187.000000 0.078731 17.847263 32.058958
 187.200000 0.073345 14.937979 32.058958
 187.400000 0.079480 19.127141 32.058958
 187.600000 0.078060 18.192787 32.058958
 187.800000 0.088785 24.366887 32.058958
 188.000000 0.106519 29.433976 32.058958
 188.200000 0.085608 22.951399 32.058958
 188.400000 0.089325 24.859413 32.058958
 188.600000 0.095637 27.403960 32.058958
 188.800000 0.122638 30.991913 32.058958
 189.000000 0.135355 31.586653 32.058958
 189.200000 0.136715 32.110187 32.058958
 189.400000 0.131873 31.791674 32.058958
 189.600000 0.144230 32.743905 32.058958
 189.800000 0.133360 31.884241 32.058958
 190.000000 0.118596 31.075258 32.186459
 190.200000 0.119296 31.552495 32.186459
 190.400000 0.106492 30.284755 32.186459
 190.600000 0.105575 30.127887 32.186459
 190.800000 0.112926 31.097099 32.186459
 191.000000 0.139294 32.474008 32.186459
 191.200000 0.135346 32.647064 32.186459
 191.400000 0.111004 30.970472 32.186459
 191.600000 0.116386 31.502609 32.186459
 191.800000 0.120751 31.818416 32.186459
 192.000000 0.119531 31.737518 32.186459
 192.200000 0.129012 32.643307 32.186459
 192.400000 0.122833 32.362583 32.186459
 192.600000 0.118209 32.068054 32.186459
 192.800000 0.106476 30.610192 32.186459
 193.000000 0.105951 30.510031 32.186459
 193.200000 0.094888 27.739737 32.186459
 193.400000 0.115643 32.216552 32.186459
 193.600000 0.106989 31.153076 32.186459
 193.800000 0.086191 23.536804 32.186459
 194.000000 0.074253 15.678585 32.186459
 194.200000 0.063462 8.922341 32.186459
 194.400000 0.071792 14.768288 32.186459
 194.600000 0.073554 16.046121 32.186459
 194.800000 0.087236 24.719196 32.186459
 195.000000 0.078990 19.834580 32.365323
 195.200000 0.074641 17.519562 32.365323
 195.400000 0.075653 18.250798 32.365323
 195.600000 0.083310 23.241436 32.365323
 195.800000 0.086652 25.050110 32.365323
 196.000000 0.103580 30.768479 32.365323
 196.200000 0.128680 32.882423 32.365323
 196.400000 0.126928 32.859422 32.365323
 196.600000 0.123325 32.814428 32.365323
 196.800000 0.122589 32.803098 32.365323
 197.000000 0.130602 32.909239 32.365323
 197.200000 0.131316 33.324055 32.365323
 197.400000 0.137724 33.431493 32.365323
 197.600000 0.138511 33.448977 32.365323
 197.800000 0.147758 33.825211 32.365323
 198.000000 0.136462 33.406459 32.365323
 198.200000 0.117717 33.140544 32.365323
 198.400000 0.107115 31.984371 32.365323
 198.600000 0.096617 29.481778 32.365323
 198.800000 0.086295 25.101634 32.365323
 199.000000 0.100847 30.696917 32.365323
 199.200000 0.103002 31.644431 32.365323
 199.400000 0.136987 33.835096 32.365323
 199.600000 0.147759 34.125143 32.365323
 199.800000 0.143547 33.968939 32.365323
 200.000000 0.113166 33.082511 32.694180
 200.200000 0.106694 32.693142 32.694180
 200.400000 0.101453 31.587377 32.694180
 200.600000 0.117008 33.727954 32.694180
 200.800000 0.128976 33.942674 32.694180
 201.000000 0.105505 32.482420 32.694180
 201.200000 0.081821 22.875556 32.694180
 201.400000 0.075430 18.342661 32.694180
 201.600000 0.089604 27.430245 32.694180
 201.800000 0.113564 33.871430 32.694180
 202.000000 0.112828 33.820561 32.694180
 202.200000 0.133489 34.166706 32.694180
 202.400000 0.165608 35.186485 32.694180
 202.600000 0.154215 34.497238 32.694180
 202.800000 0.142528 34.072169 32.694180
 203.000000 0.135365 34.126536 32.694180
 203.200000 0.129665 34.618058 32.694180
 203.400000 0.118539 34.638702 32.694180
 203.600000 0.141704 34.417710 32.694180
 203.800000 0.153773 34.651181 32.694180
 204.000000 0.145455 34.422355 32.694180
 204.200000 0.134205 34.817228 32.694180
 204.400000 0.151291 34.903916 32.694180
 204.600000 0.130909 34.831267 32.694180
 204.800000 0.135872 34.807212 32.694180
 205.000000 0.155868 35.043968 33.227075
 205.200000 0.158524 35.500826 33.227075
 205.400000 0.153728 35.337125 33.227075
 205.600000 0.149566 35.198927 33.227075
 205.800000 0.148093 35.156112 33.227075
 206.000000 0.138384 34.979159 33.227075
 206.200000 0.143239 35.392797 33.227075
 206.400000 0.152736 35.535983 33.227075
 206.600000 0.151095 35.505072 33.227075
 206.800000 0.151347 35.509780 33.227075
 207.000000 0.146670 35.434223 33.227075
 207.200000 0.148526 35.819548 33.227075
 207.400000 0.131341 35.469612 33.227075
 207.600000 0.158679 35.914768 33.227075
 207.800000 0.169330 35.901036 33.227075
 208.000000 0.141221 35.711723 33.227075
 208.200000 0.152178 36.135840 33.227075
 208.400000 0.170371 35.946993 33.227075
 208.600000 0.167775 35.983948 33.227075
 208.800000 0.152079 36.136101 33.227075
 209.000000 0.158138 36.100366 33.227075
 209.200000 0.157071 36.458582 33.227075
 209.400000 0.159880 36.431969 33.227075
 209.600000 0.141433 36.260098 33.227075
 209.800000 0.132146 35.869498 33.227075
 210.000000 0.139888 36.209629 33.974661
 210.200000 0.146636 36.704968 33.974661
 210.400000 0.138607 36.510540 33.974661
 210.600000 0.148069 36.715193 33.974661
 210.800000 0.164772 36.429743 33.974661
 211.000000 0.162718 36.493751 33.974661
 211.200000 0.155399 36.975377 33.974661
 211.400000 0.137992 36.573250 33.974661
 211.600000 0.146132 36.886212 33.974661
 211.800000 0.136624 36.498985 33.974661
 212.000000 0.132837 36.264143 33.974661
 212.200000 0.132897 36.616106 33.974661
 212.400000 0.137437 36.875816 33.974661
 212.600000 0.129166 36.344588 33.974661
 212.800000 0.126128 36.098233 33.974661
 213.000000 0.130924 36.477343 33.974661
 213.200000 0.145376 37.327707 33.974661
 213.400000 0.147911 37.316662 33.974661
 213.600000 0.144182 37.324884 33.974661
 213.800000 0.144911 37.327245 33.974661
 214.000000 0.128183 36.605568 33.974661
 214.200000 0.125796 36.734007 33.974661
 214.400000 0.113001 35.155171 33.974661
 214.600000 0.114638 35.409134 33.974661
 214.800000 0.110426 34.708481 33.974661
 215.000000 0.120764 36.208795 34.686380
 215.200000 0.135173 37.615547 34.686380
 215.400000 0.107430 34.331348 34.686380
 215.600000 0.090221 27.939517 34.686380
 215.800000 0.091703 28.688474 34.686380
 216.000000 0.104625 33.612741 34.686380
 216.200000 0.138103 37.698827 34.686380
 216.400000 0.132309 37.579068 34.686380
 216.600000 0.131038 37.524992 34.686380
 216.800000 0.137603 37.696467 34.686380
 217.000000 0.140473 37.692383 34.686380
 217.200000 0.128244 37.608097 34.686380
 217.400000 0.114070 36.028884 34.686380
 217.600000 0.122669 37.116770 34.686380
 217.800000 0.146546 37.873994 34.686380
 218.000000 0.148990 37.776491 34.686380
 218.200000 0.150761 38.020411 34.686380
 218.400000 0.168221 36.884872 34.686380
 218.600000 0.177096 36.315909 34.686380
 218.800000 0.171252 36.677875 34.686380
 219.000000 0.159389 37.505450 34.686380
 219.200000 0.161462 37.687883 34.686380
 219.400000 0.141672 38.456390 34.686380
 219.600000 0.125206 37.474210 34.686380
 219.800000 0.118891 36.746973 34.686380
 220.000000 0.124989 37.451769 35.400591
 220.200000 0.112735 36.065856 35.400591
 220.400000 0.112874 36.091596 35.400591
 220.600000 0.124651 37.746534 35.400591
 220.800000 0.140700 38.637365 35.400591
 221.000000 0.135989 38.563317 35.400591
 221.200000 0.097481 31.664974 35.400591
 221.400000 0.099419 32.433948 35.400591
 221.600000 0.105384 34.412741 35.400591
 221.800000 0.121594 37.598184 35.400591
 222.000000 0.115107 36.599840 35.400591
 222.200000 0.112408 36.432673 35.400591
 222.400000 0.118868 37.543065 35.400591
 222.600000 0.117483 37.335444 35.400591
 222.800000 0.111318 36.204588 35.400591
 223.000000 0.114288 36.795501 35.400591
 223.200000 0.134029 39.093461 35.400591
 223.400000 0.128256 38.821721 35.400591
 223.600000 0.122340 38.296056 35.400591
 223.800000 0.132805 39.057213 35.400591
 224.000000 0.135003 39.113397 35.400591
 224.200000 0.154207 38.497993 35.400591
 224.400000 0.133805 39.393208 35.400591
 224.600000 0.133053 39.369405 35.400591
 224.800000 0.149370 38.886217 35.400591
 225.000000 0.160414 37.944222 36.121242
 225.200000 0.165980 37.728309 36.121242
 225.400000 0.164190 37.905332 36.121242
 225.600000 0.137432 39.532920 36.121242
 225.800000 0.141187 39.497743 36.121242
 226.000000 0.146173 39.312514 36.121242
 226.200000 0.167632 37.672180 36.121242
 226.400000 0.152838 39.172464 36.121242
 226.600000 0.135968 39.757477 36.121242
 226.800000 0.127914 39.246471 36.121242
 227.000000 0.152139 39.228596 36.121242
 227.200000 0.146983 39.861586 36.121242
 227.400000 0.147251 39.848614 36.121242
 227.600000 0.149499 39.720740 36.121242
 227.800000 0.165052 38.167933 36.121242
 228.000000 0.164554 38.228858 36.121242
 228.200000 0.144842 40.081745 36.121242
 228.400000 0.150123 39.880408 36.121242
 228.600000 0.154058 39.622069 36.121242
 228.800000 0.159963 39.077605 36.121242
 229.000000 0.138684 40.076289 36.121242
 229.200000 0.142459 40.397014 36.121242
 229.400000 0.142448 40.397122 36.121242
 229.600000 0.133563 40.119198 36.121242
 229.800000 0.117171 37.947481 36.121242
 230.000000 0.122121 38.784082 36.943164
 230.200000 0.126900 39.742721 36.943164
 230.400000 0.135139 40.436025 36.943164
 230.600000 0.143703 40.488882 36.943164
 230.800000 0.143306 40.500241 36.943164
 231.000000 0.152125 39.998437 36.943164
 231.200000 0.142283 40.761680 36.943164
 231.400000 0.156930 39.818985 36.943164
 231.600000 0.164018 38.903515 36.943164
 231.800000 0.150161 40.443055 36.943164
 232.000000 0.138439 40.729444 36.943164
 232.200000 0.117091 38.348575 36.943164
 232.400000 0.126273 39.938380 36.943164
 232.600000 0.121218 39.135847 36.943164
 232.800000 0.147640 40.833511 36.943164
 233.000000 0.163131 39.101160 36.943164
 233.200000 0.171062 38.180845 36.943164
 233.400000 0.174047 37.727359 36.943164
 233.600000 0.170526 38.264352 36.943164
 233.800000 0.168365 38.603422 36.943164
 234.000000 0.156966 40.229285 36.943164
 234.200000 0.152330 40.975707 36.943164
 234.400000 0.163946 39.548219 36.943164
 234.600000 0.161951 39.854836 36.943164
 234.800000 0.171504 38.294460 36.943164
 235.000000 0.177174 37.400637 37.701655
 235.200000 0.165976 39.470403 37.701655
 235.400000 0.156803 40.670858 37.701655
 235.600000 0.151840 41.092449 37.701655
 235.800000 0.151076 41.140361 37.701655
 236.000000 0.147809 41.294779 37.701655
 236.200000 0.142729 41.622982 37.701655
 236.400000 0.123339 39.598610 37.701655
 236.600000 0.087184 26.638098 37.701655
 236.800000 0.091183 28.963530 37.701655
 237.000000 0.080407 22.137479 37.701655
 237.200000 0.087883 27.638913 37.701655
 237.400000 0.080230 22.664070 37.701655
 237.600000 0.087495 27.411656 37.701655
 237.800000 0.084333 25.458458 37.701655
 238.000000 0.090483 29.095278 37.701655
 238.200000 0.099887 33.847865 37.701655
 238.400000 0.115418 38.186702 37.701655
 238.600000 0.117302 38.563748 37.701655
 238.800000 0.112346 37.523259 37.701655
 239.000000 0.108951 36.700011 37.701655
 239.200000 0.128090 40.540995 37.701655
 239.400000 0.127650 40.482655 37.701655
 239.600000 0.121565 39.588136 37.701655
 239.800000 0.122339 39.711245 37.701655
 240.000000 0.135712 41.347025 38.150249
 240.200000 0.128213 40.801917 38.150249
 240.400000 0.130521 41.103779 38.150249
 240.600000 0.138340 41.787785 38.150249
 240.800000 0.140815 41.875178 38.150249
 241.000000 0.125515 40.407058 38.150249
 241.200000 0.106734 36.609704 38.150249
 241.400000 0.082845 24.978144 38.150249
 241.600000 0.081867 24.288999 38.150249
 241.800000 0.093073 31.129661 38.150249
 242.000000 0.103364 35.511988 38.150249
 242.200000 0.120741 40.080934 38.150249
 242.400000 0.127350 41.066430 38.150249
 242.600000 0.121669 40.234134 38.150249
 242.800000 0.115990 39.214012 38.150249
 243.000000 0.114354 38.878545 38.150249
 243.200000 0.119383 40.140765 38.150249
 243.400000 0.129588 41.527418 38.150249
 243.600000 0.117920 39.885274 38.150249
 243.800000 0.115020 39.327176 38.150249
 244.000000 0.130839 41.649539 38.150249
 244.200000 0.140033 42.350825 38.150249
 244.400000 0.125996 41.372777 38.150249
 244.600000 0.129408 41.781345 38.150249
 244.800000 0.131878 42.014961 38.150249
 245.000000 0.130107 41.852870 38.789312
 245.200000 0.129566 42.069025 38.789312
 245.400000 0.133009 42.369193 38.789312
 245.600000 0.132562 42.337309 38.789312
 245.800000 0.154113 41.522476 38.789312
 246.000000 0.173047 38.448226 38.789312
 246.200000 0.166480 39.877480 38.789312
 246.400000 0.149638 42.115975 38.789312
 246.600000 0.140758 42.588146 38.789312
 246.800000 0.130221 42.140144 38.789312
 247.000000 0.133169 42.388696 38.789312
 247.200000 0.147235 42.475896 38.789312
 247.400000 0.150873 42.135891 38.789312
 247.600000 0.141263 42.808335 38.789312
 247.800000 0.129573 42.331190 38.789312
 248.000000 0.125750 41.835961 38.789312
 248.200000 0.133736 42.926098 38.789312
 248.400000 0.132448 42.846498 38.789312
 248.600000 0.120946 41.289302 38.789312
 248.800000 0.111506 39.052357 38.789312
 249.000000 0.087229 28.132626 38.789312
 249.200000 0.086972 28.467237 38.789312
 249.400000 0.089710 30.161363 38.789312
 249.600000 0.094408 32.735969 38.789312
 249.800000 0.088923 29.689638 38.789312
 250.000000 0.100166 35.374731 39.259486
 250.200000 0.109301 38.868688 39.259486
 250.400000 0.105423 37.685274 39.259486
 250.600000 0.108608 38.671343 39.259486
 250.800000 0.111505 39.458257 39.259486
 251.000000 0.118415 41.000563 39.259486
 251.200000 0.133433 43.113450 39.259486
 251.400000 0.138218 43.165855 39.259486
 251.600000 0.154035 41.835486 39.259486
 251.800000 0.154303 41.800033 39.259486
 252.000000 0.144971 42.819133 39.259486
 252.200000 0.159949 41.141774 39.259486
 252.400000 0.153984 42.059031 39.259486
 252.600000 0.148453 42.749671 39.259486
 252.800000 0.166046 40.077795 39.259486
 253.000000 0.161017 40.961903 39.259486
 253.200000 0.151451 42.628037 39.259486
 253.400000 0.153099 42.426707 39.259486
 253.600000 0.151537 42.617910 39.259486
 253.800000 0.159673 41.468491 39.259486
 254.000000 0.186039 36.861509 39.259486
 254.200000 0.177255 38.542496 39.259486
 254.400000 0.169631 39.854119 39.259486
 254.600000 0.174790 38.954488 39.259486
 254.800000 0.164601 40.732722 39.259486
 255.000000 0.167229 40.276955 39.816669
 255.200000 0.180118 38.285535 39.816669
 255.400000 0.174761 39.215830 39.816669
 255.600000 0.167445 40.530073 39.816669
 255.800000 0.182545 37.885235 39.816669
 256.000000 0.182946 37.820570 39.816669
 256.200000 0.169684 40.351188 39.816669
 256.400000 0.164730 41.152513 39.816669
 256.600000 0.161961 41.569563 39.816669
 256.800000 0.174879 39.475568 39.816669
 257.000000 0.184706 37.863310 39.816669
 257.200000 0.191425 37.076265 39.816669
 257.400000 0.208047 33.334598 39.816669
 257.600000 0.199731 35.446474 39.816669
 257.800000 0.192945 36.807097 39.816669
 258.000000 0.179924 38.944076 39.816669
 258.200000 0.161728 41.850971 39.816669
 258.400000 0.165892 41.316168 39.816669
 258.600000 0.172160 40.432838 39.816669
 258.800000 0.178789 39.430543 39.816669
 259.000000 0.190795 37.422490 39.816669
 259.200000 0.188763 38.114028 39.816669
 259.400000 0.183735 38.936767 39.816669
 259.600000 0.178423 39.722335 39.816669
 259.800000 0.184763 38.775958 39.816669
 260.000000 0.183290 39.005059 40.034237
 260.200000 0.175878 40.351082 40.034237
 260.400000 0.177561 40.130327 40.034237
 260.600000 0.166538 41.482873 40.034237
 260.800000 0.158306 42.359740 40.034237
 261.000000 0.153499 42.803207 40.034237
 261.200000 0.179793 39.880982 40.034237
 261.400000 0.161419 42.269009 40.034237
 261.600000 0.157328 42.705955 40.034237
 261.800000 0.140737 43.719004 40.034237
 262.000000 0.169387 41.301119 40.034237
 262.200000 0.162091 42.439081 40.034237
 262.400000 0.144257 43.712562 40.034237
 262.600000 0.146930 43.617337 40.034237
 262.800000 0.166444 41.945183 40.034237
 263.000000 0.155387 43.073638 40.034237
 263.200000 0.153664 43.464405 40.034237
 263.400000 0.165522 42.259117 40.034237
 263.600000 0.176905 40.630362 40.034237
 263.800000 0.160955 42.798501 40.034237
 264.000000 0.150470 43.672018 40.034237
 264.200000 0.151655 43.851070 40.034237
 264.400000 0.136378 43.950868 40.034237
 264.600000 0.138045 44.039672 40.034237
 264.800000 0.138741 44.068540 40.034237
 265.000000 0.140505 44.120615 40.779103
 265.200000 0.142133 44.386370 40.779103
 265.400000 0.131264 43.703907 40.779103
 265.600000 0.130170 43.565440 40.779103
 265.800000 0.123659 42.530223 40.779103
 266.000000 0.122263 42.268213 40.779103
 266.200000 0.124804 42.997371 40.779103
 266.400000 0.113992 40.668692 40.779103
 266.600000 0.092493 32.153024 40.779103
 266.800000 0.096559 34.297925 40.779103
 267.000000 0.094031 32.998311 40.779103
 267.200000 0.090002 31.081711 40.779103
 267.400000 0.103221 37.558981 40.779103
 267.600000 0.084375 27.291331 40.779103
 267.800000 0.093217 32.958401 40.779103
 268.000000 0.115267 41.140325 40.779103
 268.200000 0.132550 44.220276 40.779103
 268.400000 0.138803 44.544526 40.779103
 268.600000 0.133699 44.311360 40.779103
 268.800000 0.136565 44.476248 40.779103
 269.000000 0.138908 44.546478 40.779103
 269.200000 0.127633 43.863520 40.779103
 269.400000 0.152227 44.204648 40.779103
 269.600000 0.157530 43.627718 40.779103
 269.800000 0.148352 44.520286 40.779103
 270.000000 0.135449 44.656690 41.330609
 270.200000 0.131949 44.616224 41.330609
 270.400000 0.125814 43.786171 41.330609
 270.600000 0.115375 41.613130 41.330609
 270.800000 0.132979 44.714543 41.330609
 271.000000 0.140526 45.028014 41.330609
 271.200000 0.116066 41.845798 41.330609
 271.400000 0.103095 37.759104 41.330609
 271.600000 0.106770 39.116159 41.330609
 271.800000 0.134791 45.074367 41.330609
 272.000000 0.145839 45.077321 41.330609
 272.200000 0.135775 45.325617 41.330609
 272.400000 0.134304 45.212538 41.330609
 272.600000 0.107908 39.509257 41.330609
 272.800000 0.099485 36.234391 41.330609
 273.000000 0.104121 38.161257 41.330609
 273.200000 0.115350 41.934784 41.330609
 273.400000 0.122151 43.456686 41.330609
 273.600000 0.115095 41.871349 41.330609
 273.800000 0.097542 35.613898 41.330609
 274.000000 0.096790 35.237329 41.330609
 274.200000 0.095297 34.821604 41.330609
 274.400000 0.099784 37.032462 41.330609
 274.600000 0.116404 42.347078 41.330609
 274.800000 0.134268 45.266664 41.330609
 275.000000 0.148199 45.139931 41.902458
 275.200000 0.135778 45.537650 41.902458
 275.400000 0.116397 42.369898 41.902458
 275.600000 0.099527 36.917062 41.902458
 275.800000 0.088959 30.998962 41.902458
 276.000000 0.094883 34.597703 41.902458
 276.200000 0.099102 37.082819 41.902458
 276.400000 0.116167 42.453198 41.902458
 276.600000 0.127552 44.596382 41.902458
 276.800000 0.133778 45.385829 41.902458
 277.000000 0.139923 45.708999 41.902458
 277.200000 0.134659 45.677648 41.902458
 277.400000 0.139015 45.921176 41.902458
 277.600000 0.130100 45.150115 41.902458
 277.800000 0.115302 42.320304 41.902458
 278.000000 0.130730 45.237087 41.902458
 278.200000 0.131403 45.558634 41.902458
 278.400000 0.128059 45.071033 41.902458
 278.600000 0.125225 44.575663 41.902458
 278.800000 0.110795 41.299578 41.902458
 279.000000 0.105153 39.547213 41.902458
 279.200000 0.105250 39.881545 41.902458
 279.400000 0.110354 41.459722 41.902458
 279.600000 0.119437 43.595202 41.902458
 279.800000 0.131545 45.640118 41.902458
 280.000000 0.135898 46.030483 42.460673
 280.200000 0.156575 44.608366 42.460673
 280.400000 0.144352 46.205225 42.460673
 280.600000 0.135029 46.198306 42.460673
 280.800000 0.126054 45.021472 42.460673
 281.000000 0.105218 39.897703 42.460673
 281.200000 0.107282 40.884541 42.460673
 281.400000 0.124895 44.937188 42.460673
 281.600000 0.130416 45.782196 42.460673
 281.800000 0.137957 46.371641 42.460673
 282.000000 0.151992 45.356698 42.460673
 282.200000 0.153142 45.412418 42.460673
 282.400000 0.154501 45.191158 42.460673
 282.600000 0.168608 42.468516 42.460673
 282.800000 0.172686 41.665570 42.460673
 283.000000 0.173961 41.419733 42.460673
 283.200000 0.182660 40.015627 42.460673
 283.400000 0.175727 41.357477 42.460673
 283.600000 0.180406 40.457728 42.460673
 283.800000 0.188591 38.798427 42.460673
 284.000000 0.182518 40.043713 42.460673
 284.200000 0.163062 43.921209 42.460673
 284.400000 0.152772 45.612665 42.460673
 284.600000 0.166734 43.258934 42.460673
 284.800000 0.184285 39.983639 42.460673
 285.000000 0.193043 38.038682 42.767273
 285.200000 0.211961 32.575793 42.767273
 285.400000 0.219886 29.793047 42.767273
 285.600000 0.215129 31.459993 42.767273
 285.800000 0.214034 31.846542 42.767273
 286.000000 0.195729 37.679350 42.767273
 286.200000 0.188576 39.671539 42.767273
 286.400000 0.169869 42.860642 42.767273
 286.600000 0.159732 44.553552 42.767273
 286.800000 0.151352 45.813290 42.767273
 287.000000 0.161740 44.216850 42.767273
 287.200000 0.161669 44.473081 42.767273
 287.400000 0.179135 41.500831 42.767273
 287.600000 0.202948 35.892861 42.767273
 287.800000 0.197690 37.485831 42.767273
 288.000000 0.175943 42.042994 42.767273
 288.200000 0.168830 43.489093 42.767273
 288.400000 0.168408 43.558014 42.767273
 288.600000 0.179396 41.717692 42.767273
 288.800000 0.190727 39.416831 42.767273
 289.000000 0.184508 40.763326 42.767273
 289.200000 0.170094 43.461413 42.767273
 289.400000 0.173019 43.012516 42.767273
 289.600000 0.184054 41.137418 42.767273
 289.800000 0.187316 40.463824 42.767273
 290.000000 0.181812 41.560169 43.031698
 290.200000 0.191847 39.619479 43.031698
 290.400000 0.209941 33.622818 43.031698
 290.600000 0.207998 34.351037 43.031698
 290.800000 0.212631 32.608589 43.031698
 291.000000 0.198782 37.581997 43.031698
 291.200000 0.184916 41.449296 43.031698
 291.400000 0.159834 45.107041 43.031698
 291.600000 0.161253 44.915525 43.031698
 291.800000 0.173212 43.292025 43.031698
 292.000000 0.162158 44.792171 43.031698
 292.200000 0.153393 46.115741 43.031698
 292.400000 0.170822 43.818704 43.031698
 292.600000 0.167013 44.358273 43.031698
 292.800000 0.185200 41.467375 43.031698
 293.000000 0.203999 36.123418 43.031698
 293.200000 0.209154 34.507786 43.031698
 293.400000 0.216695 31.486523 43.031698
 293.600000 0.208100 34.922309 43.031698
 293.800000 0.200813 37.588737 43.031698
 294.000000 0.207307 35.230037 43.031698
 294.200000 0.203500 37.006831 43.031698
 294.400000 0.201464 37.705616 43.031698
 294.600000 0.217213 31.573239 43.031698
 294.800000 0.225950 28.160667 43.031698
 295.000000 0.235112 24.968131 43.168279
 295.200000 0.211853 33.952209 43.168279
 295.400000 0.232999 26.249016 43.168279
 295.600000 0.244155 22.448407 43.168279
 295.800000 0.251074 19.988876 43.168279
 296.000000 0.258425 17.242343 43.168279
 296.200000 0.255686 19.088865 43.168279
 296.400000 0.239569 24.404701 43.168279
 296.600000 0.231771 26.825030 43.168279
 296.800000 0.248072 21.705368 43.168279
 297.000000 0.262381 16.436241 43.168279
 297.200000 0.284282 6.914457 43.168279
 297.400000 0.293227 4.253327 43.168279
 297.600000 0.282789 7.509781 43.168279
 297.800000 0.285216 6.563128 43.168279
 298.000000 0.301095 3.035430 43.168279
 298.200000 0.309153 3.659643 43.168279
 298.400000 0.279357 9.553003 43.168279
 298.600000 0.272231 12.792477 43.168279
 298.800000 0.288080 6.640920 43.168279
 299.000000 0.305369 4.099834 43.168279
 299.200000 0.315590 3.957048 43.168279
 299.400000 0.332945 0.949244 43.168279
 299.600000 0.334193 0.816540 43.168279
 299.800000 0.321046 2.870933 43.168279
 300.000000 0.330093 1.305382 43.140624
 300.200000 0.346944 0.992561 43.140624
 300.400000 0.326312 3.487889 43.140624
 300.600000 0.317758 4.706525 43.140624
 300.800000 0.305410 5.977178 43.140624
 301.000000 0.310282 5.588601 43.140624
 301.200000 0.308504 7.103722 43.140624
 301.400000 0.299979 7.348114 43.140624
 301.600000 0.301403 7.345336 43.140624
 301.800000 0.287495 7.960021 43.140624
 302.000000 0.280028 9.806138 43.140624
 302.200000 0.291737 8.338307 43.140624
 302.400000 0.289114 8.681943 43.140624
 302.600000 0.278472 11.482030 43.140624
 302.800000 0.292406 8.268942 43.140624
 303.000000 0.316041 6.261396 43.140624
 303.200000 0.294292 8.569280 43.140624
 303.400000 0.266902 16.173452 43.140624
 303.600000 0.273788 13.333765 43.140624
 303.800000 0.292636 8.636869 43.140624
 304.000000 0.291646 8.699148 43.140624
 304.200000 0.280578 11.736364 43.140624
 304.400000 0.282509 11.247533 43.140624
 304.600000 0.286665 10.437890 43.140624
 304.800000 0.321053 6.748483 43.140624
 305.000000 0.323686 6.076462 43.113245
 305.200000 0.324835 7.108676 43.113245
 305.400000 0.287492 10.386698 43.113245
 305.600000 0.292206 9.994029 43.113245
 305.800000 0.311717 9.645266 43.113245
 306.000000 0.328032 6.226246 43.113245
 306.200000 0.337981 4.549879 43.113245
 306.400000 0.341719 3.482328 43.113245
 306.600000 0.338483 4.400779 43.113245
 306.800000 0.332460 6.238671 43.113245
 307.000000 0.320810 9.300188 43.113245
 307.200000 0.318639 10.826219 43.113245
 307.400000 0.307054 11.200770 43.113245
 307.600000 0.290349 10.301672 43.113245
 307.800000 0.294806 10.292420 43.113245
 308.000000 0.301432 10.751385 43.113245
 308.200000 0.297415 11.474644 43.113245
 308.400000 0.284532 11.504112 43.113245
 308.600000 0.284785 11.471741 43.113245
 308.800000 0.294013 11.227968 43.113245
 309.000000 0.296813 11.424143 43.113245
 309.200000 0.280003 12.893192 43.113245
 309.400000 0.284651 12.245406 43.113245
 309.600000 0.299728 12.714010 43.113245
 309.800000 0.295857 12.398800 43.113245
 310.000000 0.287431 12.086473 43.086636
 310.200000 0.288049 13.093595 43.086636
 310.400000 0.290028 13.084057 43.086636
 310.600000 0.280605 13.702980 43.086636
 310.800000 0.252656 21.188274 43.086636
 311.000000 0.261626 18.680427 43.086636
 311.200000 0.282915 13.683882 43.086636
 311.400000 0.294697 13.283955 43.086636
 311.600000 0.300098 13.484031 43.086636
 311.800000 0.278223 14.523543 43.086636
 312.000000 0.271942 16.215850 43.086636
 312.200000 0.283299 14.271946 43.086636
 312.400000 0.295146 13.555282 43.086636
 312.600000 0.290367 13.606305 43.086636
 312.800000 0.284501 14.095929 43.086636
 313.000000 0.274250 16.375590 43.086636
 313.200000 0.276234 16.652782 43.086636
 313.400000 0.274011 17.289240 43.086636
 313.600000 0.281055 15.433270 43.086636
 313.800000 0.289868 14.116431 43.086636
 314.000000 0.294829 13.880924 43.086636
 314.200000 0.304807 14.477596 43.086636
 314.400000 0.303022 14.587020 43.086636
 314.600000 0.312237 13.583276 43.086636
 314.800000 0.321672 11.250530 43.086636
 315.000000 0.322031 11.136300 43.060149
 315.200000 0.348400 2.358970 43.060149
 315.400000 0.368183 0.124460 43.060149
 315.600000 0.343085 3.931929 43.060149
 315.800000 0.354082 1.212006 43.060149
 316.000000 0.347272 2.652328 43.060149
 316.200000 0.349862 3.543864 43.060149
 316.400000 0.360374 1.556569 43.060149
 316.600000 0.364305 1.072643 43.060149
 316.800000 0.370499 0.543071 43.060149
 317.000000 0.383377 0.083038 43.060149
 317.200000 0.414857 0.189755 43.060149
 317.400000 0.398336 1.060786 43.060149
 317.600000 0.374780 1.791620 43.060149
 317.800000 0.383495 1.824871 43.060149
 318.000000 0.395719 1.247326 43.060149
 318.200000 0.372150 2.238978 43.060149
 318.400000 0.361636 2.117149 43.060149
 318.600000 0.356083 2.615424 43.060149
 318.800000 0.370424 2.144822 43.060149
 319.000000 0.387275 3.139383 43.060149
 319.200000 0.366545 2.609293 43.060149
 319.400000 0.344171 5.170760 43.060149
 319.600000 0.354502 2.974564 43.060149
 319.800000 0.358197 2.603994 43.060149
 320.000000 0.348908 3.965695 43.033500
 320.200000 0.349694 5.261407 43.033500
 320.400000 0.370511 3.480582 43.033500
 320.600000 0.397400 3.989057 43.033500
 320.800000 0.433227 0.084218 43.033500
 321.000000 0.423824 0.401599 43.033500
 321.200000 0.394421 4.604990 43.033500
 321.400000 0.379840 4.326425 43.033500
 321.600000 0.365244 3.345512 43.033500
 321.800000 0.363083 3.407203 43.033500
 322.000000 0.373354 3.692792 43.033500
 322.200000 0.356882 4.793467 43.033500
 322.400000 0.344047 6.815401 43.033500
 322.600000 0.355140 4.948067 43.033500
 322.800000 0.365277 4.628955 43.033500
 323.000000 0.357860 4.724633 43.033500
 323.200000 0.361899 5.948402 43.033500
 323.400000 0.356897 6.207300 43.033500
 323.600000 0.374337 6.037144 43.033500
 323.800000 0.405134 3.664316 43.033500
 324.000000 0.412213 2.876803 43.033500
 324.200000 0.383824 6.382486 43.033500
 324.400000 0.375165 6.131574 43.033500
 324.600000 0.380258 6.320423 43.033500
 324.800000 0.365959 5.890624 43.033500
 325.000000 0.371770 6.000625 43.007172
 325.200000 0.384855 7.298713 43.007172
 325.400000 0.370917 7.310260 43.007172
 325.600000 0.349603 7.368473 43.007172
 325.800000 0.349084 7.411800 43.007172
 326.000000 0.353259 7.137583 43.007172
 326.200000 0.363129 8.077855 43.007172
 326.400000 0.357170 8.252079 43.007172
 326.600000 0.338767 9.687576 43.007172
 326.800000 0.344691 8.975620 43.007172
 327.000000 0.341189 9.355886 43.007172
 327.200000 0.338913 10.806290 43.007172
 327.400000 0.343533 10.228410 43.007172
 327.600000 0.343861 10.190900 43.007172
 327.800000 0.341356 10.488596 43.007172
 328.000000 0.326002 12.923999 43.007172
 328.200000 0.335691 12.070640 43.007172
 328.400000 0.319323 14.917166 43.007172
 328.600000 0.341241 11.089425 43.007172
 328.800000 0.336301 11.956827 43.007172
 329.000000 0.340421 11.225893 43.007172
 329.200000 0.348126 10.996624 43.007172
 329.400000 0.340827 12.218906 43.007172
 329.600000 0.346469 11.272099 43.007172
 329.800000 0.360804 9.111246 43.007172
 330.000000 0.367669 8.455920 42.981409
 330.200000 0.343807 12.054357 42.981409
 330.400000 0.313099 15.638267 42.981409
 330.600000 0.288191 15.244219 42.981409
 330.800000 0.304356 15.538927 42.981409
 331.000000 0.297347 15.235877 42.981409
 331.200000 0.281909 16.460550 42.981409
 331.400000 0.292225 15.965994 42.981409
 331.600000 0.287376 16.008128 42.981409
 331.800000 0.279835 16.759263 42.981409
 332.000000 0.296345 16.085239 42.981409
 332.200000 0.307764 16.978915 42.981409
 332.400000 0.282874 16.915938 42.981409
 332.600000 0.284071 16.835169 42.981409
 332.800000 0.287391 16.722538 42.981409
 333.000000 0.275091 17.985530 42.981409
 333.200000 0.277528 18.330962 42.981409
 333.400000 0.286657 17.317181 42.981409
 333.600000 0.273100 19.163114 42.981409
 333.800000 0.280930 17.824427 42.981409
 334.000000 0.296689 17.230392 42.981409
 334.200000 0.314347 16.912609 42.981409
 334.400000 0.337820 12.944438 42.981409
 334.600000 0.341890 12.335455 42.981409
 334.800000 0.342814 12.205007 42.981409
 335.000000 0.355508 10.688898 42.956059
 335.200000 0.345871 12.679294 42.956059
 335.400000 0.324380 15.395417 42.956059
 335.600000 0.341192 13.124422 42.956059
 335.800000 0.326783 15.011585 42.956059
 336.000000 0.298388 18.051861 42.956059
 336.200000 0.272392 19.698113 42.956059
 336.400000 0.273013 19.599436 42.956059
 336.600000 0.291860 18.681048 42.956059
 336.800000 0.281511 18.654004 42.956059
 337.000000 0.290911 18.647727 42.956059
 337.200000 0.288715 19.333728 42.956059
 337.400000 0.291779 19.439475 42.956059
 337.600000 0.289627 19.365159 42.956059
 337.800000 0.272022 20.102213 42.956059
 338.000000 0.276514 19.585157 42.956059
 338.200000 0.285993 19.860737 42.956059
 338.400000 0.270121 21.034041 42.956059
 338.600000 0.279059 20.111309 42.956059
 338.800000 0.279937 20.054672 42.956059
 339.000000 0.286253 19.858883 42.956059
 339.200000 0.307730 19.068283 42.956059
 339.400000 0.300224 20.121641 42.956059
 339.600000 0.271378 21.320506 42.956059
 339.800000 0.258435 22.537262 42.956059
 340.000000 0.247469 23.744259 42.931230
 340.200000 0.239596 25.704881 42.931230
 340.400000 0.245027 24.727730 42.931230
 340.600000 0.242710 25.120841 42.931230
 340.800000 0.252941 23.630142 42.931230
 341.000000 0.259889 22.838273 42.931230
 341.200000 0.269244 22.254712 42.931230
 341.400000 0.281810 20.910490 42.931230
 341.600000 0.285689 20.751177 42.931230
 341.800000 0.266695 22.610186 42.931230
 342.000000 0.266239 22.673123 42.931230
 342.200000 0.269235 22.880645 42.931230
 342.400000 0.272393 22.412657 42.931230
 342.600000 0.270342 22.716807 42.931230
 342.800000 0.274374 22.126773 42.931230
 343.000000 0.274103 22.164995 42.931230
 343.200000 0.261888 24.314102 42.931230
 343.400000 0.265639 23.947592 42.931230
 343.600000 0.286951 21.415129 42.931230
 343.800000 0.304007 19.787201 42.931230
 344.000000 0.324587 15.621496 42.931230
 344.200000 0.335422 14.490025 42.931230
 344.400000 0.333069 14.893346 42.931230
 344.600000 0.325858 16.245419 42.931230
 344.800000 0.335576 14.464485 42.931230
 345.000000 0.345239 13.078644 42.906620
 345.200000 0.372401 10.077925 42.906620
 345.400000 0.356284 12.533649 42.906620
 345.600000 0.338914 14.832151 42.906620
 345.800000 0.343093 14.319548 42.906620
 346.000000 0.342030 14.449583 42.906620
 346.200000 0.332604 16.415183 42.906620
 346.400000 0.317474 18.295773 42.906620
 346.600000 0.312609 19.004462 42.906620
 346.800000 0.319900 17.954885 42.906620
 347.000000 0.316170 18.482823 42.906620
 347.200000 0.334379 16.591181 42.906620
 347.400000 0.362507 11.927200 42.906620
 347.600000 0.347751 14.674917 42.906620
 347.800000 0.347860 14.657117 42.906620
 348.000000 0.330808 17.087700 42.906620
 348.200000 0.319175 19.413229 42.906620
 348.400000 0.307373 20.640749 42.906620
 348.600000 0.311560 20.249462 42.906620
 348.800000 0.315012 19.885659 42.906620
 349.000000 0.318105 19.538509 42.906620
 349.200000 0.323041 19.635810 42.906620
 349.400000 0.333722 17.909260 42.906620
 349.600000 0.362348 12.053909 42.906620
 349.800000 0.353990 13.863567 42.906620
 350.000000 0.336086 17.483568 42.882517
 350.200000 0.318860 20.596953 42.882517
 350.400000 0.312734 21.054238 42.882517
 350.600000 0.294606 21.557986 42.882517
 350.800000 0.307008 21.349893 42.882517
 351.000000 0.305751 21.396266 42.882517
 351.200000 0.308321 21.958749 42.882517
 351.400000 0.314147 21.538303 42.882517
 351.600000 0.340190 17.538758 42.882517
 351.800000 0.348258 15.690705 42.882517
 352.000000 0.359950 12.783718 42.882517
 352.200000 0.341251 17.765456 42.882517
 352.400000 0.305215 22.088336 42.882517
 352.600000 0.290601 21.984877 42.882517
 352.800000 0.282152 22.127919 42.882517
 353.000000 0.298005 22.137967 42.882517
 353.200000 0.284284 22.456400 42.882517
 353.400000 0.281833 22.511836 42.882517
 353.600000 0.282614 22.486893 42.882517
 353.800000 0.285069 22.452007 42.882517
 354.000000 0.290597 22.562480 42.882517
 354.200000 0.274721 23.395163 42.882517
 354.400000 0.296688 23.355293 42.882517
 354.600000 0.320944 21.121490 42.882517
 354.800000 0.338303 18.298835 42.882517
 355.000000 0.335187 18.833355 42.858653
 355.200000 0.325020 21.091454 42.858653
 355.400000 0.309663 22.826890 42.858653
 355.600000 0.301999 23.325323 42.858653
 355.800000 0.301904 23.328565 42.858653
 356.000000 0.310030 22.793368 42.858653
 356.200000 0.329202 20.800470 42.858653
 356.400000 0.349491 16.662162 42.858653
 356.600000 0.351833 16.078335 42.858653
 356.800000 0.339006 19.005128 42.858653
 357.000000 0.345371 17.640329 42.858653
 357.200000 0.325489 21.732693 42.858653
 357.400000 0.322690 22.085402 42.858653
 357.600000 0.321737 22.203001 42.858653
 357.800000 0.311526 23.342015 42.858653
 358.000000 0.324911 21.806343 42.858653
 358.200000 0.362795 13.667674 42.858653
 358.400000 0.397615 6.263230 42.858653
 358.600000 0.423134 3.344219 42.858653
 358.800000 0.423922 3.252104 42.858653
 359.000000 0.431432 2.305185 42.858653
 359.200000 0.416172 5.019907 42.858653
 359.400000 0.402521 5.789048 42.858653
 359.600000 0.412499 5.144489 42.858653
 359.800000 0.425437 4.528078 42.858653
 360.000000 0.414540 5.074163 42.835046
