#! FIELDS time d metad.bias metad.rct
 0.000000 0.224251 0.000000 0.000000
 0.200000 0.237555 0.000000 0.000000
 0.400000 0.240613 0.000000 0.000000
 0.600000 0.234566 0.000000 0.000000
 0.800000 0.224872 0.000000 0.000000
 1.000000 0.218909 0.000000 0.000000
 1.200000 0.206641 1.251579 0.000000
 1.400000 0.199214 0.737105 0.000000
 1.600000 0.212783 1.609712 0.000000
 1.800000 0.219003 1.749956 0.000000
 2.000000 0.227916 1.460765 0.000000
 2.200000 0.224464 3.230621 0.000000
 2.400000 0.215972 2.910114 0.000000
 2.600000 0.207151 1.913190 0.000000
 2.800000 0.211834 2.486943 0.000000
 3.000000 0.222260 3.233798 0.000000
 3.200000 0.226879 4.599949 0.000000
 3.400000 0.201343 1.790045 0.000000
 3.600000 0.202565 1.994019 0.000000
 3.800000 0.210845 3.504216 0.000000
 4.000000 0.224430 4.730558 0.000000
 4.200000 0.226463 6.034501 0.000000
 4.400000 0.225591 6.096003 0.000000
 4.600000 0.221516 6.124795 0.000000
 4.800000 0.205396 3.130475 0.000000
 5.000000 0.195412 1.183454 1.623444
 5.200000 0.201503 3.783611 1.623444
 5.400000 0.210420 5.348868 1.623444
 5.600000 0.192806 2.489616 1.623444
 5.800000 0.193185 2.539507 1.623444
 6.000000 0.241128 3.153250 1.623444
 6.200000 0.266288 0.481642 1.623444
 6.400000 0.252979 2.058358 1.623444
 6.600000 0.246558 3.380532 1.623444
 6.800000 0.258095 1.265197 1.623444
 7.000000 0.268696 0.345006 1.623444
 7.200000 0.262916 2.338211 1.623444
 7.400000 0.255542 2.802116 1.623444
 7.600000 0.258755 2.563754 1.623444
 7.800000 0.251117 3.272981 1.623444
 8.000000 0.250784 3.316022 1.623444
 8.200000 0.262305 3.491030 1.623444
 8.400000 0.273868 2.237937 1.623444
 8.600000 0.269196 2.752393 1.623444
 8.800000 0.260938 3.637172 1.623444
 9.000000 0.240795 6.265655 1.623444
 9.200000 0.253511 5.403638 1.623444
 9.400000 0.240311 7.660374 1.623444
 9.600000 0.248984 6.207094 1.623444
 9.800000 0.241927 7.416508 1.623444
 10.000000 0.252941 5.503546 3.767687
 10.200000 0.247136 7.806784 3.767687
 10.400000 0.237794 8.817408 3.767687
 10.600000 0.235900 8.920847 3.767687
 10.800000 0.246149 7.946120 3.767687
 11.000000 0.247448 7.761426 3.767687
 11.200000 0.249956 8.597301 3.767687
 11.400000 0.243416 9.490289 3.767687
 11.600000 0.244263 9.404208 3.767687
 11.800000 0.242757 9.550794 3.767687
 12.000000 0.234633 9.825444 3.767687
 12.200000 0.245534 10.124916 3.767687
 12.400000 0.250149 9.224266 3.767687
 12.600000 0.259660 6.780225 3.767687
 12.800000 0.253177 8.507555 3.767687
 13.000000 0.241034 10.713665 3.767687
 13.200000 0.228855 11.300879 3.767687
 13.400000 0.243856 11.448233 3.767687
 13.600000 0.232219 11.762829 3.767687
 13.800000 0.231614 11.696902 3.767687
 14.000000 0.219681 9.073694 3.767687
 14.200000 0.215458 8.906922 3.767687
 14.400000 0.228611 12.236661 3.767687
 14.600000 0.235015 12.655326 3.767687
 14.800000 0.233699 12.644550 3.767687
 15.000000 0.244762 11.587865 7.486502
 15.200000 0.237492 13.499505 7.486502
 15.400000 0.239425 13.393206 7.486502
 15.600000 0.253144 10.287062 7.486502
 15.800000 0.254848 9.696143 7.486502
 16.000000 0.252870 10.379637 7.486502
 16.200000 0.260798 8.492948 7.486502
 16.400000 0.257566 9.765772 7.486502
 16.600000 0.262101 7.976073 7.486502
 16.800000 0.264526 7.026747 7.486502
 17.000000 0.293539 0.529352 7.486502
 17.200000 0.277221 3.885331 7.486502
 17.400000 0.260226 8.862133 7.486502
 17.600000 0.257611 9.842187 7.486502
 17.800000 0.267825 6.185232 7.486502
 18.000000 0.289308 2.537332 7.486502
 18.200000 0.297040 3.358940 7.486502
 18.400000 0.269875 6.243227 7.486502
 18.600000 0.247535 13.064257 7.486502
 18.800000 0.225628 12.406733 7.486502
 19.000000 0.219138 10.406686 7.486502
 19.200000 0.230127 14.255708 7.486502
 19.400000 0.240618 14.469235 7.486502
 19.600000 0.246454 13.503775 7.486502
 19.800000 0.274609 5.355640 7.486502
 20.000000 0.262188 8.449297 9.150044
 20.200000 0.240841 14.881144 9.150044
 20.400000 0.249102 13.654385 9.150044
 20.600000 0.238107 14.978543 9.150044
 20.800000 0.225442 13.422610 9.150044
 21.000000 0.240096 14.923121 9.150044
 21.200000 0.254310 12.823569 9.150044
 21.400000 0.238003 15.870608 9.150044
 21.600000 0.232908 15.537147 9.150044
 21.800000 0.241862 15.699015 9.150044
 22.000000 0.261117 10.347432 9.150044
 22.200000 0.260081 11.832551 9.150044
 22.400000 0.266573 9.459217 9.150044
 22.600000 0.267667 9.080263 9.150044
 22.800000 0.252785 14.275558 9.150044
 23.000000 0.260521 11.670769 9.150044
 23.200000 0.271080 8.791025 9.150044
 23.400000 0.260573 12.692322 9.150044
 23.600000 0.257272 13.855667 9.150044
 23.800000 0.283614 5.593391 9.150044
 24.000000 0.277731 6.830929 9.150044
 24.200000 0.266598 11.388431 9.150044
 24.400000 0.270607 10.106063 9.150044
 24.600000 0.276050 8.550200 9.150044
 24.800000 0.275883 8.593940 9.150044
 25.000000 0.274282 9.027602 11.273371
 25.200000 0.266950 12.311465 11.273371
 25.400000 0.261032 14.007693 11.273371
 25.600000 0.254349 15.626775 11.273371
 25.800000 0.266223 12.524867 11.273371
 26.000000 0.271521 10.977857 11.273371
 26.200000 0.270086 12.461328 11.273371
 26.400000 0.270773 12.265554 11.273371
 26.600000 0.265372 13.760254 11.273371
 26.800000 0.254083 16.225131 11.273371
 27.000000 0.256081 15.886047 11.273371
 27.200000 0.253135 17.213355 11.273371
 27.400000 0.239713 17.349774 11.273371
 27.600000 0.220627 12.521834 11.273371
 27.800000 0.211684 8.894127 11.273371
 28.000000 0.233304 16.330745 11.273371
 28.200000 0.224300 14.553374 11.273371
 28.400000 0.211469 9.098098 11.273371
 28.600000 0.207872 7.575006 11.273371
 28.800000 0.198462 4.352851 11.273371
 29.000000 0.206759 7.130580 11.273371
 29.200000 0.205092 7.759945 11.273371
 29.400000 0.198519 5.463326 11.273371
 29.600000 0.214504 11.557789 11.273371
 29.800000 0.208572 9.126442 11.273371
 30.000000 0.204285 7.455602 13.062414
 30.200000 0.199309 6.903600 13.062414
 30.400000 0.196520 5.954418 13.062414
 30.600000 0.194665 5.353923 13.062414
 30.800000 0.210417 11.032456 13.062414
 31.000000 0.194800 5.396696 13.062414
 31.200000 0.192075 5.915927 13.062414
 31.400000 0.198557 7.976013 13.062414
 31.600000 0.182802 3.259808 13.062414
 31.800000 0.180617 2.729979 13.062414
 32.000000 0.180430 2.686895 13.062414
 32.200000 0.184610 5.224922 13.062414
 32.400000 0.188610 6.199654 13.062414
 32.600000 0.190721 6.724623 13.062414
 32.800000 0.195182 7.850169 13.062414
 33.000000 0.208495 11.475620 13.062414
 33.200000 0.205562 11.662756 13.062414
 33.400000 0.201993 10.596107 13.062414
 33.600000 0.182669 4.998526 13.062414
 33.800000 0.173841 2.897059 13.062414
 34.000000 0.187487 6.315574 13.062414
 34.200000 0.172558 3.441180 13.062414
 34.400000 0.176738 4.551693 13.062414
 34.600000 0.169977 2.822439 13.062414
 34.800000 0.180687 5.676826 13.062414
 35.000000 0.177083 4.647791 13.353512
 35.200000 0.176693 5.961411 13.353512
 35.400000 0.177988 6.322707 13.353512
 35.600000 0.173531 5.072436 13.353512
 35.800000 0.161870 2.169019 13.353512
 36.000000 0.183996 7.917239 13.353512
 36.200000 0.181618 8.520575 13.353512
 36.400000 0.182534 8.769036 13.353512
 36.600000 0.180831 8.300268 13.353512
 36.800000 0.174286 6.281124 13.353512
 37.000000 0.175771 6.760330 13.353512
 37.200000 0.185993 10.650228 13.353512
 37.400000 0.180383 9.407199 13.353512
 37.600000 0.170329 6.212152 13.353512
 37.800000 0.171754 6.708013 13.353512
 38.000000 0.171811 6.727481 13.353512
 38.200000 0.179574 10.324087 13.353512
 38.400000 0.179038 10.195862 13.353512
 38.600000 0.166444 6.088411 13.353512
 38.800000 0.166988 6.287484 13.353512
 39.000000 0.162903 4.819513 13.353512
 39.200000 0.166084 7.337493 13.353512
 39.400000 0.158253 4.657246 13.353512
 39.600000 0.155976 3.944732 13.353512
 39.800000 0.158989 4.897769 13.353512
 40.000000 0.167240 7.733814 13.438497
 40.200000 0.164021 7.832515 13.438497
 40.400000 0.155217 4.617623 13.438497
 40.600000 0.171371 10.268477 13.438497
 40.800000 0.161022 6.719011 13.438497
 41.000000 0.149805 2.950801 13.438497
 41.200000 0.152142 5.139679 13.438497
 41.400000 0.162906 8.468374 13.438497
 41.600000 0.153202 5.448857 13.438497
 41.800000 0.150460 4.664545 13.438497
 42.000000 0.145390 3.368283 13.438497
 42.200000 0.156451 7.583502 13.438497
 42.400000 0.173251 11.485347 13.438497
 42.600000 0.162016 9.004830 13.438497
 42.800000 0.155860 7.433178 13.438497
 43.000000 0.164996 9.743526 13.438497
 43.200000 0.158593 9.166161 13.438497
 43.400000 0.151874 7.206904 13.438497
 43.600000 0.161995 10.110684 13.438497
 43.800000 0.176325 12.795453 13.438497
 44.000000 0.171655 12.227397 13.438497
 44.200000 0.169609 12.880060 13.438497
 44.400000 0.160521 10.479272 13.438497
 44.600000 0.162444 11.070557 13.438497
 44.800000 0.134503 2.720205 13.438497
 45.000000 0.126370 1.284735 13.522102
 45.200000 0.137881 4.734070 13.522102
 45.400000 0.150251 7.563029 13.522102
 45.600000 0.148238 7.023319 13.522102
 45.800000 0.155579 9.108578 13.522102
 46.000000 0.140278 5.192514 13.522102
 46.200000 0.144679 7.473298 13.522102
 46.400000 0.151101 8.869191 13.522102
 46.600000 0.143355 7.200779 13.522102
 46.800000 0.137550 6.039523 13.522102
 47.000000 0.158455 10.645028 13.522102
 47.200000 0.155055 10.866378 13.522102
 47.400000 0.125185 3.705132 13.522102
 47.600000 0.111874 1.453499 13.522102
 47.800000 0.124414 3.549513 13.522102
 48.000000 0.136045 6.096612 13.522102
 48.200000 0.124205 4.483848 13.522102
 48.400000 0.112625 1.944293 13.522102
 48.600000 0.125838 4.896326 13.522102
 48.800000 0.134465 7.056323 13.522102
 49.000000 0.142507 8.861487 13.522102
 49.200000 0.144696 10.486992 13.522102
 49.400000 0.163254 13.556121 13.522102
 49.600000 0.149378 11.346146 13.522102
 49.800000 0.133359 7.767859 13.522102
 50.000000 0.126103 5.611201 13.624154
 50.200000 0.154918 12.483678 13.624154
 50.400000 0.141001 10.545250 13.624154
 50.600000 0.153982 12.357974 13.624154
 50.800000 0.180166 14.361314 13.624154
 51.000000 0.191719 13.358662 13.624154
 51.200000 0.192867 14.235545 13.624154
 51.400000 0.176095 15.064812 13.624154
 51.600000 0.165097 14.040832 13.624154
 51.800000 0.156865 12.812702 13.624154
 52.000000 0.148439 11.643248 13.624154
 52.200000 0.133763 9.722653 13.624154
 52.400000 0.148544 12.699176 13.624154
 52.600000 0.166456 14.732177 13.624154
 52.800000 0.158541 13.893149 13.624154
 53.000000 0.159739 14.028455 13.624154
 53.200000 0.160174 15.013716 13.624154
 53.400000 0.182140 15.401993 13.624154
 53.600000 0.167794 15.661609 13.624154
 53.800000 0.141297 11.964969 13.624154
 54.000000 0.150283 13.692454 13.624154
 54.200000 0.171295 16.151525 13.624154
 54.400000 0.181698 15.543736 13.624154
 54.600000 0.186876 14.981485 13.624154
 54.800000 0.180842 15.625287 13.624154
 55.000000 0.163369 15.985084 14.262464
 55.200000 0.161260 16.707314 14.262464
 55.400000 0.171509 16.889413 14.262464
 55.600000 0.184159 15.615589 14.262464
 55.800000 0.192476 14.507605 14.262464
 56.000000 0.196773 14.118536 14.262464
 56.200000 0.192528 15.398155 14.262464
 56.400000 0.190100 15.639490 14.262464
 56.600000 0.199772 14.892811 14.262464
 56.800000 0.188420 15.815574 14.262464
 57.000000 0.170756 17.123390 14.262464
 57.200000 0.191155 15.854807 14.262464
 57.400000 0.200005 15.004923 14.262464
 57.600000 0.174427 17.818518 14.262464
 57.800000 0.171710 17.925011 14.262464
 58.000000 0.179738 17.366832 14.262464
 58.200000 0.177660 18.377360 14.262464
 58.400000 0.163430 18.094709 14.262464
 58.600000 0.160081 17.629099 14.262464
 58.800000 0.173323 18.609892 14.262464
 59.000000 0.180723 18.060504 14.262464
 59.200000 0.186272 17.989500 14.262464
 59.400000 0.196953 16.068543 14.262464
 59.600000 0.191088 17.085806 14.262464
 59.800000 0.181491 18.746401 14.262464
 60.000000 0.189154 17.452732 15.582756
 60.200000 0.197694 16.644562 15.582756
 60.400000 0.201578 16.085504 15.582756
 60.600000 0.207183 15.667353 15.582756
 60.800000 0.200922 16.166141 15.582756
 61.000000 0.178498 19.700657 15.582756
 61.200000 0.167334 19.818875 15.582756
 61.400000 0.139580 12.687873 15.582756
 61.600000 0.139585 12.689613 15.582756
 61.800000 0.150772 16.053034 15.582756
 62.000000 0.141907 13.450255 15.582756
 62.200000 0.130425 10.077707 15.582756
 62.400000 0.125902 8.160661 15.582756
 62.600000 0.138791 13.361321 15.582756
 62.800000 0.133967 11.534748 15.582756
 63.000000 0.136033 12.343945 15.582756
 63.200000 0.140979 15.066487 15.582756
 63.400000 0.173189 20.594412 15.582756
 63.600000 0.186329 19.415997 15.582756
 63.800000 0.164357 19.781928 15.582756
 64.000000 0.164868 19.851853 15.582756
 64.200000 0.158594 19.551212 15.582756
 64.400000 0.151760 18.167469 15.582756
 64.600000 0.157935 19.427880 15.582756
 64.800000 0.143434 16.041200 15.582756
 65.000000 0.140232 15.018255 16.708683
 65.200000 0.151663 18.816080 16.708683
 65.400000 0.159261 20.073440 16.708683
 65.600000 0.168000 21.098774 16.708683
 65.800000 0.178053 21.047455 16.708683
 66.000000 0.169692 21.207210 16.708683
 66.200000 0.155092 19.842136 16.708683
 66.400000 0.132647 12.875141 16.708683
 66.600000 0.122066 7.670765 16.708683
 66.800000 0.122859 8.055007 16.708683
 67.000000 0.134769 13.837639 16.708683
 67.200000 0.127348 11.123641 16.708683
 67.400000 0.101490 1.166225 16.708683
 67.600000 0.111537 3.644673 16.708683
 67.800000 0.128537 11.748964 16.708683
 68.000000 0.119829 7.193979 16.708683
 68.200000 0.126361 11.755369 16.708683
 68.400000 0.128818 12.956614 16.708683
 68.600000 0.119568 8.334594 16.708683
 68.800000 0.114920 6.144425 16.708683
 69.000000 0.109790 4.083276 16.708683
 69.200000 0.099467 2.538755 16.708683
 69.400000 0.105520 4.132510 16.708683
 69.600000 0.119260 9.377826 16.708683
 69.800000 0.119400 9.439501 16.708683
 70.000000 0.133006 15.281365 17.413443
 70.200000 0.126334 13.337009 17.413443
 70.400000 0.124256 12.359400 17.413443
 70.600000 0.149342 19.931170 17.413443
 70.800000 0.158788 21.032497 17.413443
 71.000000 0.159884 21.157623 17.413443
 71.200000 0.163679 22.226942 17.413443
 71.400000 0.155491 21.306251 17.413443
 71.600000 0.165496 22.370270 17.413443
 71.800000 0.180655 21.527950 17.413443
 72.000000 0.184781 20.595302 17.413443
 72.200000 0.188945 20.147233 17.413443
 72.400000 0.190243 19.766761 17.413443
 72.600000 0.183154 21.686322 17.413443
 72.800000 0.182845 21.755923 17.413443
 73.000000 0.176406 22.795037 17.413443
 73.200000 0.154552 21.494634 17.413443
 73.400000 0.143796 19.562901 17.413443
 73.600000 0.149168 20.598598 17.413443
 73.800000 0.142881 19.357597 17.413443
 74.000000 0.123163 11.868694 17.413443
 74.200000 0.132057 16.797486 17.413443
 74.400000 0.142550 19.726886 17.413443
 74.600000 0.145305 20.225318 17.413443
 74.800000 0.132436 16.937681 17.413443
 75.000000 0.120528 11.603514 18.696941
 75.200000 0.110397 7.594108 18.696941
 75.400000 0.117079 10.907926 18.696941
 75.600000 0.101127 3.819439 18.696941
 75.800000 0.098700 3.066190 18.696941
 76.000000 0.115191 9.950802 18.696941
 76.200000 0.126219 16.176807 18.696941
 76.400000 0.132521 18.301461 18.696941
 76.600000 0.136804 19.336206 18.696941
 76.800000 0.136532 19.279708 18.696941
 77.000000 0.155366 21.826191 18.696941
 77.200000 0.155290 22.478039 18.696941
 77.400000 0.153543 22.249058 18.696941
 77.600000 0.148829 21.641571 18.696941
 77.800000 0.142584 20.756548 18.696941
 78.000000 0.122731 14.773231 18.696941
 78.200000 0.131616 18.989237 18.696941
 78.400000 0.132436 19.217279 18.696941
 78.600000 0.152112 22.195352 18.696941
 78.800000 0.139264 20.660900 18.696941
 79.000000 0.120458 14.607252 18.696941
 79.200000 0.112057 10.981683 18.696941
 79.400000 0.126822 18.225011 18.696941
 79.600000 0.129071 18.971379 18.696941
 79.800000 0.129790 19.186316 18.696941
 80.000000 0.146843 21.820004 19.558080
 80.200000 0.147050 22.499698 19.558080
 80.400000 0.143402 22.162164 19.558080
 80.600000 0.158629 23.491077 19.558080
 80.800000 0.168679 24.170707 19.558080
 81.000000 0.163618 23.919175 19.558080
 81.200000 0.153599 23.522043 19.558080
 81.400000 0.156491 23.833733 19.558080
 81.600000 0.168630 24.739960 19.558080
 81.800000 0.199486 17.463680 19.558080
 82.000000 0.216673 16.168576 19.558080
 82.200000 0.202546 17.331883 19.558080
 82.400000 0.206128 16.910666 19.558080
 82.600000 0.190770 20.365221 19.558080
 82.800000 0.193911 19.378002 19.558080
 83.000000 0.184755 22.275759 19.558080
 83.200000 0.173158 25.065497 19.558080
 83.400000 0.184444 23.016423 19.558080
 83.600000 0.200566 18.052714 19.558080
 83.800000 0.195391 19.447980 19.558080
 84.000000 0.177278 24.643692 19.558080
 84.200000 0.197851 18.956430 19.558080
 84.400000 0.215060 17.012605 19.558080
 84.600000 0.214273 16.979030 19.558080
 84.800000 0.192094 20.874952 19.558080
 85.000000 0.177909 25.127489 21.112288
 85.200000 0.164288 25.603944 21.112288
 85.400000 0.159037 24.788697 21.112288
 85.600000 0.153199 23.855570 21.112288
 85.800000 0.159764 24.908051 21.112288
 86.000000 0.171670 26.193099 21.112288
 86.200000 0.208680 17.109038 21.112288
 86.400000 0.206900 17.274738 21.112288
 86.600000 0.207434 17.217127 21.112288
 86.800000 0.200620 18.478531 21.112288
 87.000000 0.180998 25.502822 21.112288
 87.200000 0.176146 27.002498 21.112288
 87.400000 0.200386 18.785174 21.112288
 87.600000 0.212996 17.045579 21.112288
 87.800000 0.197441 19.754239 21.112288
 88.000000 0.195846 20.350250 21.112288
 88.200000 0.191558 22.787961 21.112288
 88.400000 0.199142 19.860851 21.112288
 88.600000 0.207054 17.915309 21.112288
 88.800000 0.202985 18.731802 21.112288
 89.000000 0.201252 19.200814 21.112288
 89.200000 0.200243 20.246935 21.112288
 89.400000 0.203427 19.360036 21.112288
 89.600000 0.192998 22.835053 21.112288
 89.800000 0.188674 24.481042 21.112288
 90.000000 0.201105 19.987496 22.494096
 90.200000 0.219048 18.248354 22.494096
 90.400000 0.202327 20.359848 22.494096
 90.600000 0.197235 21.945440 22.494096
 90.800000 0.204425 19.825760 22.494096
 91.000000 0.194822 22.795133 22.494096
 91.200000 0.197979 22.312662 22.494096
 91.400000 0.189847 25.186480 22.494096
 91.600000 0.186970 26.102908 22.494096
 91.800000 0.218713 18.427480 22.494096
 92.000000 0.215909 18.546915 22.494096
 92.200000 0.208083 20.183787 22.494096
 92.400000 0.210391 19.835806 22.494096
 92.600000 0.207361 20.310514 22.494096
 92.800000 0.198821 22.425178 22.494096
 93.000000 0.194200 23.920664 22.494096
 93.200000 0.187657 26.570953 22.494096
 93.400000 0.164848 26.815949 22.494096
 93.600000 0.167974 27.443120 22.494096
 93.800000 0.164902 26.827460 22.494096
 94.000000 0.188567 26.313272 22.494096
 94.200000 0.217478 19.493431 22.494096
 94.400000 0.207477 20.940937 22.494096
 94.600000 0.196917 24.082654 22.494096
 94.800000 0.204468 21.688676 22.494096
 95.000000 0.189163 26.680121 23.800086
 95.200000 0.185353 28.207749 23.800086
 95.400000 0.191570 26.448310 23.800086
 95.600000 0.204046 22.129957 23.800086
 95.800000 0.218970 19.466526 23.800086
 96.000000 0.222244 19.289733 23.800086
 96.200000 0.206712 21.818734 23.800086
 96.400000 0.203232 22.709447 23.800086
 96.600000 0.210666 21.051839 23.800086
 96.800000 0.214629 20.533817 23.800086
 97.000000 0.224142 19.960183 23.800086
 97.200000 0.224685 20.661062 23.800086
 97.400000 0.220565 20.803882 23.800086
 97.600000 0.216214 21.010523 23.800086
 97.800000 0.213641 21.204654 23.800086
 98.000000 0.200838 23.640249 23.800086
 98.200000 0.206019 22.901941 23.800086
 98.400000 0.208575 22.377553 23.800086
 98.600000 0.225603 20.785252 23.800086
 98.800000 0.225556 20.787699 23.800086
 99.000000 0.208705 22.353679 23.800086
 99.200000 0.220474 21.540654 23.800086
 99.400000 0.227774 20.956951 23.800086
 99.600000 0.203606 24.095837 23.800086
 99.800000 0.208759 22.990337 23.800086
 100.000000 0.230962 20.699271 24.265590
 100.200000 0.230238 21.453623 24.265590
 100.400000 0.214694 22.497664 24.265590
 100.600000 0.200802 24.914727 24.265590
 100.800000 0.211413 22.846584 24.265590
 101.000000 0.208835 23.210000 24.265590
 101.200000 0.207095 24.125032 24.265590
 101.400000 0.219692 22.611451 24.265590
 101.600000 0.216663 22.878710 24.265590
 101.800000 0.191613 27.776635 24.265590
 102.000000 0.194740 26.996417 24.265590
 102.200000 0.203694 25.233162 24.265590
 102.400000 0.210205 23.934423 24.265590
 102.600000 0.209571 24.040884 24.265590
 102.800000 0.220064 22.705791 24.265590
 103.000000 0.218753 22.836649 24.265590
 103.200000 0.205798 25.201322 24.265590
 103.400000 0.216398 23.713502 24.265590
 103.600000 0.205957 25.171639 24.265590
 103.800000 0.194474 27.760095 24.265590
 104.000000 0.203278 25.701544 24.265590
 104.200000 0.206175 25.677993 24.265590
 104.400000 0.204817 25.943323 24.265590
 104.600000 0.210230 24.968691 24.265590
 104.800000 0.219191 23.741814 24.265590
 105.000000 0.214792 24.304070 25.177437
 105.200000 0.212394 25.223897 25.177437
 105.400000 0.212752 25.174023 25.177437
 105.600000 0.193421 28.669866 25.177437
 105.800000 0.208740 25.760844 25.177437
 106.000000 0.212596 25.195716 25.177437
 106.200000 0.214130 25.552671 25.177437
 106.400000 0.209121 26.256371 25.177437
 106.600000 0.221138 24.525783 25.177437
 106.800000 0.219253 24.817196 25.177437
 107.000000 0.227694 23.399643 25.177437
 107.200000 0.219135 25.359247 25.177437
 107.400000 0.221774 24.995017 25.177437
 107.600000 0.224830 24.517075 25.177437
 107.800000 0.202046 27.521567 25.177437
 108.000000 0.215536 25.799788 25.177437
 108.200000 0.211494 26.797603 25.177437
 108.400000 0.211947 26.749674 25.177437
 108.600000 0.200334 28.127890 25.177437
 108.800000 0.205111 27.501866 25.177437
 109.000000 0.221235 25.588654 25.177437
 109.200000 0.239974 21.879368 25.177437
 109.400000 0.228690 24.702380 25.177437
 109.600000 0.230533 24.271135 25.177437
 109.800000 0.224703 25.543003 25.177437
 110.000000 0.227147 25.044911 25.754279
 110.200000 0.202033 28.279496 25.754279
 110.400000 0.200798 28.404986 25.754279
 110.600000 0.220458 26.785378 25.754279
 110.800000 0.229835 25.001342 25.754279
 111.000000 0.209299 27.718910 25.754279
 111.200000 0.211284 28.100689 25.754279
 111.400000 0.225181 26.309043 25.754279
 111.600000 0.208482 28.279025 25.754279
 111.800000 0.191786 29.753267 25.754279
 112.000000 0.197164 29.191424 25.754279
 112.200000 0.208997 28.595949 25.754279
 112.400000 0.208487 28.637094 25.754279
 112.600000 0.205378 28.891202 25.754279
 112.800000 0.215793 27.962127 25.754279
 113.000000 0.232949 24.384455 25.754279
 113.200000 0.247288 20.613569 25.754279
 113.400000 0.258296 17.123242 25.754279
 113.600000 0.259139 16.845409 25.754279
 113.800000 0.245657 21.119900 25.754279
 114.000000 0.233008 24.958348 25.754279
 114.200000 0.251497 19.572465 25.754279
 114.400000 0.253023 19.058489 25.754279
 114.600000 0.263129 15.587478 25.754279
 114.800000 0.275820 11.209239 25.754279
 115.000000 0.299206 4.177597 26.434565
 115.200000 0.303294 4.571205 26.434565
 115.400000 0.314715 1.964874 26.434565
 115.600000 0.321870 0.913725 26.434565
 115.800000 0.324488 0.656190 26.434565
 116.000000 0.333588 0.164659 26.434565
 116.200000 0.319841 2.299454 26.434565
 116.400000 0.332423 1.932849 26.434565
 116.600000 0.352677 0.771133 26.434565
 116.800000 0.350277 0.935599 26.434565
 117.000000 0.336744 1.791115 26.434565
 117.200000 0.356877 1.172776 26.434565
 117.400000 0.369540 0.240291 26.434565
 117.600000 0.357940 1.056058 26.434565
 117.800000 0.343013 2.927635 26.434565
 118.000000 0.342016 3.029979 26.434565
 118.200000 0.339947 4.728301 26.434565
 118.400000 0.364181 1.026116 26.434565
 118.600000 0.367777 0.661192 26.434565
 118.800000 0.338257 4.811932 26.434565
 119.000000 0.308437 4.109479 26.434565
 119.200000 0.302022 6.565138 26.434565
 119.400000 0.314456 4.939207 26.434565
 119.600000 0.323837 4.826213 26.434565
 119.800000 0.327419 4.969051 26.434565
 120.000000 0.330936 5.099744 26.390467
 120.200000 0.327824 6.350877 26.390467
 120.400000 0.308237 6.035835 26.390467
 120.600000 0.309672 5.915335 26.390467
 120.800000 0.316205 5.699435 26.390467
 121.000000 0.324174 6.097101 26.390467
 121.200000 0.304905 6.979746 26.390467
 121.400000 0.317765 6.948648 26.390467
 121.600000 0.312873 6.741393 26.390467
 121.800000 0.315254 6.812106 26.390467
 122.000000 0.306952 6.851301 26.390467
 122.200000 0.292814 9.190764 26.390467
 122.400000 0.295937 8.916108 26.390467
 122.600000 0.307002 8.138421 26.390467
 122.800000 0.305448 8.224735 26.390467
 123.000000 0.305208 8.239045 26.390467
 123.200000 0.320607 8.719960 26.390467
 123.400000 0.320520 8.721983 26.390467
 123.600000 0.337066 7.572407 26.390467
 123.800000 0.336425 7.679755 26.390467
 124.000000 0.314226 8.931726 26.390467
 124.200000 0.296961 10.479234 26.390467
 124.400000 0.298747 10.485093 26.390467
 124.600000 0.278537 11.608233 26.390467
 124.800000 0.278313 11.648254 26.390467
 125.000000 0.288189 10.577932 26.347578
 125.200000 0.296137 11.425012 26.347578
 125.400000 0.281394 12.148290 26.347578
 125.600000 0.290300 11.591586 26.347578
 125.800000 0.267662 14.719670 26.347578
 126.000000 0.261941 16.336989 26.347578
 126.200000 0.280528 12.634227 26.347578
 126.400000 0.311055 10.589647 26.347578
 126.600000 0.321558 9.831606 26.347578
 126.800000 0.311058 10.589466 26.347578
 127.000000 0.283387 12.265793 26.347578
 127.200000 0.270051 15.530143 26.347578
 127.400000 0.272478 15.003895 26.347578
 127.600000 0.265019 16.746406 26.347578
 127.800000 0.285245 13.083581 26.347578
 128.000000 0.298734 11.977634 26.347578
 128.200000 0.285522 13.752113 26.347578
 128.400000 0.279219 14.252540 26.347578
 128.600000 0.265073 16.813541 26.347578
 128.800000 0.260379 17.999143 26.347578
 129.000000 0.253771 19.775769 26.347578
 129.200000 0.247418 22.209279 26.347578
 129.400000 0.233472 25.831185 26.347578
 129.600000 0.247829 22.100221 26.347578
 129.800000 0.275549 14.971988 26.347578
 130.000000 0.278180 14.562054 26.345926
 130.200000 0.275056 15.953474 26.345926
 130.400000 0.278773 15.395513 26.345926
 130.600000 0.290810 14.169545 26.345926
 130.800000 0.262272 18.647904 26.345926
 131.000000 0.278101 15.487977 26.345926
 131.200000 0.289048 14.995691 26.345926
 131.400000 0.300332 13.459899 26.345926
 131.600000 0.286491 15.300354 26.345926
 131.800000 0.286137 15.342440 26.345926
 132.000000 0.291278 14.724227 26.345926
 132.200000 0.286043 16.208092 26.345926
 132.400000 0.289280 15.868022 26.345926
 132.600000 0.277091 17.089506 26.345926
 132.800000 0.265013 18.791206 26.345926
 133.000000 0.262101 19.320747 26.345926
 133.200000 0.239249 24.652439 26.345926
 133.400000 0.224872 27.650380 26.345926
 133.600000 0.220084 28.265694 26.345926
 133.800000 0.232059 26.279674 26.345926
 134.000000 0.254525 21.504705 26.345926
 134.200000 0.257310 21.631984 26.345926
 134.400000 0.250774 22.881183 26.345926
 134.600000 0.247323 23.512588 26.345926
 134.800000 0.255141 22.057405 26.345926
 135.000000 0.268748 19.272283 26.365286
 135.200000 0.252510 22.970746 26.365286
 135.400000 0.253015 22.890801 26.365286
 135.600000 0.264191 20.923198 26.365286
 135.800000 0.252750 22.932746 26.365286
 136.000000 0.268040 20.156734 26.365286
 136.200000 0.268830 20.709341 26.365286
 136.400000 0.254347 23.147155 26.365286
 136.600000 0.250011 23.705936 26.365286
 136.800000 0.282391 17.914729 26.365286
 137.000000 0.282595 17.874839 26.365286
 137.200000 0.288324 17.518472 26.365286
 137.400000 0.268340 21.310940 26.365286
 137.600000 0.262632 22.216196 26.365286
 137.800000 0.249694 23.816026 26.365286
 138.000000 0.261144 22.427179 26.365286
 138.200000 0.273749 20.798235 26.365286
 138.400000 0.273938 20.758650 26.365286
 138.600000 0.267050 22.124582 26.365286
 138.800000 0.259016 23.350260 26.365286
 139.000000 0.255935 23.700096 26.365286
 139.200000 0.265544 22.885933 26.365286
 139.400000 0.265910 22.815016 26.365286
 139.600000 0.282452 19.052771 26.365286
 139.800000 0.293071 16.594298 26.365286
 140.000000 0.288304 17.705059 26.416872
 140.200000 0.278180 20.686900 26.416872
 140.400000 0.275549 21.229072 26.416872
 140.600000 0.272234 21.896862 26.416872
 140.800000 0.268514 22.612377 26.416872
 141.000000 0.273312 21.682256 26.416872
 141.200000 0.282862 20.245890 26.416872
 141.400000 0.288999 18.724483 26.416872
 141.600000 0.292530 17.779035 26.416872
 141.800000 0.292247 17.857121 26.416872
 142.000000 0.289729 18.533546 26.416872
 142.200000 0.298573 16.690184 26.416872
 142.400000 0.314416 11.890156 26.416872
 142.600000 0.310409 12.934814 26.416872
 142.800000 0.299465 16.401869 26.416872
 143.000000 0.291294 18.878909 26.416872
 143.200000 0.284782 21.197296 26.416872
 143.400000 0.280404 22.028753 26.416872
 143.600000 0.299781 16.941703 26.416872
 143.800000 0.291592 19.551072 26.416872
 144.000000 0.294991 18.542321 26.416872
 144.200000 0.291106 20.425910 26.416872
 144.400000 0.290147 20.669290 26.416872
 144.600000 0.282514 22.188099 26.416872
 144.800000 0.262814 24.436563 26.416872
 145.000000 0.261230 24.551989 26.465469
 145.200000 0.249626 25.553772 26.465469
 145.400000 0.247239 25.612016 26.465469
 145.600000 0.238733 26.130800 26.465469
 145.800000 0.260640 25.177847 26.465469
 146.000000 0.253965 25.461969 26.465469
 146.200000 0.249001 26.099860 26.465469
 146.400000 0.266014 25.130565 26.465469
 146.600000 0.259431 25.777659 26.465469
 146.800000 0.231348 27.220610 26.465469
 147.000000 0.244718 26.171693 26.465469
 147.200000 0.252177 26.543458 26.465469
 147.400000 0.262308 25.815182 26.465469
 147.600000 0.261985 25.852342 26.465469
 147.800000 0.244344 26.727345 26.465469
 148.000000 0.236534 27.121999 26.465469
 148.200000 0.239839 27.416481 26.465469
 148.400000 0.241872 27.301062 26.465469
 148.600000 0.229091 28.274036 26.465469
 148.800000 0.237952 27.540606 26.465469
 149.000000 0.256000 26.595937 26.465469
 149.200000 0.263975 26.171541 26.465469
 149.400000 0.254557 27.234807 26.465469
 149.600000 0.263962 26.173626 26.465469
 149.800000 0.283909 22.333552 26.465469
 150.000000 0.274383 24.250954 26.817989
 150.200000 0.267494 26.103163 26.817989
 150.400000 0.282751 23.088411 26.817989
 150.600000 0.292550 20.433070 26.817989
 150.800000 0.296991 18.898685 26.817989
 151.000000 0.296700 19.005175 26.817989
 151.200000 0.297324 19.525491 26.817989
 151.400000 0.309969 14.415593 26.817989
 151.600000 0.316285 12.267714 26.817989
 151.800000 0.348010 5.013733 26.817989
 152.000000 0.341179 6.997719 26.817989
 152.200000 0.321161 11.563107 26.817989
 152.400000 0.289471 22.040231 26.817989
 152.600000 0.273849 25.183188 26.817989
 152.800000 0.273949 25.166107 26.817989
 153.000000 0.277252 24.594512 26.817989
 153.200000 0.288052 22.854951 26.817989
 153.400000 0.295310 20.542984 26.817989
 153.600000 0.279561 24.758931 26.817989
 153.800000 0.272425 25.978163 26.817989
 154.000000 0.280792 24.521326 26.817989
 154.200000 0.306638 16.050021 26.817989
 154.400000 0.300565 18.711938 26.817989
 154.600000 0.301536 18.284515 26.817989
 154.800000 0.305661 16.468459 26.817989
 155.000000 0.306224 16.226575 26.892735
 155.200000 0.295378 21.537210 26.892735
 155.400000 0.281653 25.156530 26.892735
 155.600000 0.271713 26.635025 26.892735
 155.800000 0.253910 27.810516 26.892735
 156.000000 0.247158 27.755694 26.892735
 156.200000 0.255814 28.225405 26.892735
 156.400000 0.253994 28.268295 26.892735
 156.600000 0.254674 28.255075 26.892735
 156.800000 0.271019 26.862524 26.892735
 157.000000 0.269089 27.116969 26.892735
 157.200000 0.268295 27.739097 26.892735
 157.400000 0.259846 28.467186 26.892735
 157.600000 0.262726 28.292591 26.892735
 157.800000 0.289823 23.522176 26.892735
 158.000000 0.287771 24.107058 26.892735
 158.200000 0.281282 26.180197 26.892735
 158.400000 0.293759 22.791043 26.892735
 158.600000 0.288449 24.516921 26.892735
 158.800000 0.281871 26.067581 26.892735
 159.000000 0.282871 25.867876 26.892735
 159.200000 0.320013 12.435331 26.892735
 159.400000 0.322439 11.903040 26.892735
 159.600000 0.308564 16.462482 26.892735
 159.800000 0.305449 17.910589 26.892735
 160.000000 0.302814 19.176697 27.183479
 160.200000 0.295694 23.100738 27.183479
 160.400000 0.276171 27.681027 27.183479
 160.600000 0.286681 25.944911 27.183479
 160.800000 0.295277 23.264664 27.183479
 161.000000 0.301351 20.618902 27.183479
 161.200000 0.314215 15.200057 27.183479
 161.400000 0.316293 14.384969 27.183479
 161.600000 0.314608 15.039314 27.183479
 161.800000 0.328707 11.146880 27.183479
 162.000000 0.335606 9.794821 27.183479
 162.200000 0.311034 16.893253 27.183479
 162.400000 0.316199 14.908501 27.183479
 162.600000 0.300134 21.949276 27.183479
 162.800000 0.293998 24.390221 27.183479
 163.000000 0.302790 20.729641 27.183479
 163.200000 0.298975 23.129914 27.183479
 163.400000 0.312891 16.674254 27.183479
 163.600000 0.313762 16.311091 27.183479
 163.800000 0.313878 16.263501 27.183479
 164.000000 0.318293 14.668950 27.183479
 164.200000 0.308296 19.499442 27.183479
 164.400000 0.286461 26.903603 27.183479
 164.600000 0.300937 22.742795 27.183479
 164.800000 0.305797 20.623039 27.183479
 165.000000 0.319414 15.237440 27.217287
 165.200000 0.307573 20.473096 27.217287
 165.400000 0.314858 17.608911 27.217287
 165.600000 0.324024 14.885312 27.217287
 165.800000 0.311325 18.943829 27.217287
 166.000000 0.306565 20.891847 27.217287
 166.200000 0.303278 22.915547 27.217287
 166.400000 0.314127 18.480447 27.217287
 166.600000 0.323962 15.252140 27.217287
 166.800000 0.321424 15.978131 27.217287
 167.000000 0.319753 16.494249 27.217287
 167.200000 0.325519 15.611292 27.217287
 167.400000 0.319313 17.474512 27.217287
 167.600000 0.319534 17.403388 27.217287
 167.800000 0.316135 18.542833 27.217287
 168.000000 0.316241 18.505752 27.217287
 168.200000 0.289588 27.078374 27.217287
 168.400000 0.275952 28.151589 27.217287
 168.600000 0.278016 28.040826 27.217287
 168.800000 0.283421 27.698730 27.217287
 169.000000 0.272227 28.341806 27.217287
 169.200000 0.279202 28.418317 27.217287
 169.400000 0.292143 26.900756 27.217287
 169.600000 0.291794 26.964668 27.217287
 169.800000 0.293467 26.642524 27.217287
 170.000000 0.292360 26.860050 27.412218
 170.200000 0.277606 28.853180 27.412218
 170.400000 0.270592 29.099382 27.412218
 170.600000 0.256980 29.103928 27.412218
 170.800000 0.246198 28.568360 27.412218
 171.000000 0.252270 28.891730 27.412218
 171.200000 0.262093 29.599937 27.412218
 171.400000 0.259777 29.606808 27.412218
 171.600000 0.232691 28.707983 27.412218
 171.800000 0.225232 28.916640 27.412218
 172.000000 0.242073 28.800298 27.412218
 172.200000 0.262912 29.773555 27.412218
 172.400000 0.269331 29.477090 27.412218
 172.600000 0.280463 28.809447 27.412218
 172.800000 0.275477 29.125565 27.412218
 173.000000 0.256922 29.859164 27.412218
 173.200000 0.246938 29.888415 27.412218
 173.400000 0.251760 30.177349 27.412218
 173.600000 0.250376 30.105006 27.412218
 173.800000 0.241967 29.562229 27.412218
 174.000000 0.246816 29.880254 27.412218
 174.200000 0.275383 29.422287 27.412218
 174.400000 0.290531 27.769465 27.412218
 174.600000 0.297922 26.098000 27.412218
 174.800000 0.278849 29.123382 27.412218
 175.000000 0.262974 30.456528 28.135387
 175.200000 0.280717 29.180974 28.135387
 175.400000 0.271833 30.110961 28.135387
 175.600000 0.261539 30.988481 28.135387
 175.800000 0.273530 29.935128 28.135387
 176.000000 0.282075 29.031950 28.135387
 176.200000 0.283664 29.326514 28.135387
 176.400000 0.292252 27.902501 28.135387
 176.600000 0.283082 29.396269 28.135387
 176.800000 0.271622 30.509262 28.135387
 177.000000 0.279398 29.794948 28.135387
 177.200000 0.286069 29.430076 28.135387
 177.400000 0.263914 31.346155 28.135387
 177.600000 0.274265 30.715637 28.135387
 177.800000 0.288638 28.991776 28.135387
 178.000000 0.288950 28.932983 28.135387
 178.200000 0.292962 28.514838 28.135387
 178.400000 0.291506 28.873782 28.135387
 178.600000 0.279463 30.647227 28.135387
 178.800000 0.274860 30.977549 28.135387
 179.000000 0.278579 30.718990 28.135387
 179.200000 0.277342 31.255627 28.135387
 179.400000 0.286529 30.220597 28.135387
 179.600000 0.287116 30.118761 28.135387
 179.800000 0.280035 31.041177 28.135387
 180.000000 0.272081 31.542834 28.814735
 180.200000 0.278921 31.524021 28.814735
 180.400000 0.271707 31.987579 28.814735
 180.600000 0.277817 31.620938 28.814735
 180.800000 0.266526 32.114084 28.814735
 181.000000 0.261085 32.048183 28.814735
 181.200000 0.273982 32.171433 28.814735
 181.400000 0.287999 30.282779 28.814735
 181.600000 0.305953 23.992153 28.814735
 181.800000 0.314283 20.381912 28.814735
 182.000000 0.320556 17.995659 28.814735
 182.200000 0.316280 20.337018 28.814735
 182.400000 0.327814 16.278411 28.814735
 182.600000 0.342963 10.060658 28.814735
 182.800000 0.358337 3.384395 28.814735
 183.000000 0.349856 6.793904 28.814735
 183.200000 0.361181 3.498779 28.814735
 183.400000 0.342421 11.459873 28.814735
 183.600000 0.342173 11.567256 28.814735
 183.800000 0.359255 4.151794 28.814735
 184.000000 0.359357 4.115570 28.814735
 184.200000 0.365755 3.543411 28.814735
 184.400000 0.362276 4.585990 28.814735
 184.600000 0.346834 10.506731 28.814735
 184.800000 0.344385 11.477263 28.814735
 185.000000 0.346962 10.455111 29.000573
 185.200000 0.338368 14.614662 29.000573
 185.400000 0.346078 11.906186 29.000573
 185.600000 0.366791 3.719925 29.000573
 185.800000 0.366057 3.947618 29.000573
 186.000000 0.360714 5.822918 29.000573
 186.200000 0.354808 9.487929 29.000573
 186.400000 0.375364 2.499703 29.000573
 186.600000 0.374501 2.704707 29.000573
 186.800000 0.378292 1.878289 29.000573
 187.000000 0.366762 4.973355 29.000573
 187.200000 0.386159 1.353581 29.000573
 187.400000 0.396923 0.323816 29.000573
 187.600000 0.400971 0.165576 29.000573
 187.800000 0.395020 0.431285 29.000573
 188.000000 0.396753 0.332428 29.000573
 188.200000 0.395211 2.134494 29.000573
 188.400000 0.414551 0.857347 29.000573
 188.600000 0.430792 0.128266 29.000573
 188.800000 0.423036 0.368861 29.000573
 189.000000 0.401043 1.818540 29.000573
 189.200000 0.389234 3.645958 29.000573
 189.400000 0.377199 4.385937 29.000573
 189.600000 0.386339 3.677706 29.000573
 189.800000 0.373079 5.122595 29.000573
 190.000000 0.374088 4.917712 28.964051
 190.200000 0.378231 5.597341 28.964051
 190.400000 0.376305 5.913179 28.964051
 190.600000 0.391045 4.385607 28.964051
 190.800000 0.396943 4.039986 28.964051
 191.000000 0.395395 4.139273 28.964051
 191.200000 0.384153 5.966980 28.964051
 191.400000 0.375221 6.695373 28.964051
 191.600000 0.384668 5.947944 28.964051
 191.800000 0.393085 5.711319 28.964051
 192.000000 0.379221 6.262832 28.964051
 192.200000 0.359720 10.461787 28.964051
 192.400000 0.357133 11.020271 28.964051
 192.600000 0.362895 9.829501 28.964051
 192.800000 0.370498 8.563990 28.964051
 193.000000 0.370534 8.558847 28.964051
 193.200000 0.351864 12.795262 28.964051
 193.400000 0.357034 11.838710 28.964051
 193.600000 0.367579 10.177764 28.964051
 193.800000 0.370487 9.760709 28.964051
 194.000000 0.369118 9.955671 28.964051
 194.200000 0.367762 11.269831 28.964051
 194.400000 0.376077 10.006431 28.964051
 194.600000 0.378486 9.612567 28.964051
 194.800000 0.399328 6.137776 28.964051
 195.000000 0.391088 7.596142 28.929152
 195.200000 0.373857 11.006308 28.929152
 195.400000 0.368795 11.536762 28.929152
 195.600000 0.385333 9.662019 28.929152
 195.800000 0.377733 10.574556 28.929152
 196.000000 0.368490 11.567559 28.929152
 196.200000 0.359039 13.373445 28.929152
 196.400000 0.348349 14.368453 28.929152
 196.600000 0.332475 16.748168 28.929152
 196.800000 0.334315 16.440227 28.929152
 197.000000 0.344763 14.836258 28.929152
 197.200000 0.341066 16.250285 28.929152
 197.400000 0.340439 16.336158 28.929152
 197.600000 0.318738 20.032323 28.929152
 197.800000 0.311690 22.334732 28.929152
 198.000000 0.326921 18.224377 28.929152
 198.200000 0.335764 17.611301 28.929152
 198.400000 0.350685 15.156808 28.929152
 198.600000 0.342560 16.495052 28.929152
 198.800000 0.324354 19.463349 28.929152
 199.000000 0.323108 19.707833 28.929152
 199.200000 0.332224 18.762087 28.929152
 199.400000 0.331563 18.879218 28.929152
 199.600000 0.340368 17.239886 28.929152
 199.800000 0.339882 17.335227 28.929152
 200.000000 0.356725 14.368388 28.914054
 200.200000 0.340077 17.794527 28.914054
 200.400000 0.356047 15.383549 28.914054
 200.600000 0.350186 16.214308 28.914054
 200.800000 0.353591 15.723245 28.914054
 201.000000 0.333088 18.873518 28.914054
 201.200000 0.319109 21.836779 28.914054
 201.400000 0.332300 19.746252 28.914054
 201.600000 0.342221 18.079188 28.914054
 201.800000 0.347378 17.118651 28.914054
 202.000000 0.347685 17.061837 28.914054
 202.200000 0.347823 17.854852 28.914054
 202.400000 0.360783 15.432351 28.914054
 202.600000 0.364922 14.640978 28.914054
 202.800000 0.363982 14.823807 28.914054
 203.000000 0.375006 12.558454 28.914054
 203.200000 0.400648 7.231893 28.914054
 203.400000 0.373201 13.934873 28.914054
 203.600000 0.353406 17.164272 28.914054
 203.800000 0.366766 15.135324 28.914054
 204.000000 0.363491 15.662942 28.914054
 204.200000 0.359525 17.094960 28.914054
 204.400000 0.375466 14.093190 28.914054
 204.600000 0.372914 14.707790 28.914054
 204.800000 0.364349 16.398980 28.914054
 205.000000 0.354940 17.671433 28.887849
 205.200000 0.348751 19.165629 28.887849
 205.400000 0.346685 19.379136 28.887849
 205.600000 0.368155 16.265456 28.887849
 205.800000 0.366209 16.685684 28.887849
 206.000000 0.371165 15.546632 28.887849
 206.200000 0.386849 11.696129 28.887849
 206.400000 0.394813 9.237375 28.887849
 206.600000 0.386720 11.736264 28.887849
 206.800000 0.401237 7.213763 28.887849
 207.000000 0.428320 0.678699 28.887849
 207.200000 0.419390 3.412064 28.887849
 207.400000 0.413326 4.486031 28.887849
 207.600000 0.418492 3.548572 28.887849
 207.800000 0.409258 5.406711 28.887849
 208.000000 0.413311 4.489017 28.887849
 208.200000 0.410846 6.443276 28.887849
 208.400000 0.400406 8.766416 28.887849
 208.600000 0.402198 8.363044 28.887849
 208.800000 0.402499 8.295478 28.887849
 209.000000 0.395123 9.970610 28.887849
 209.200000 0.396260 10.827247 28.887849
 209.400000 0.413483 6.415948 28.887849
 209.600000 0.422082 4.474247 28.887849
 209.800000 0.426814 3.595025 28.887849
 210.000000 0.431639 2.807635 28.854591
 210.200000 0.440967 2.806204 28.854591
 210.400000 0.418090 6.346147 28.854591
 210.600000 0.412804 7.287114 28.854591
 210.800000 0.422391 5.689506 28.854591
 211.000000 0.432720 4.183965 28.854591
 211.200000 0.427522 6.328088 28.854591
 211.400000 0.435147 5.226995 28.854591
 211.600000 0.423478 6.734440 28.854591
 211.800000 0.417610 7.298108 28.854591
 212.000000 0.427354 6.346691 28.854591
 212.200000 0.440411 5.076744 28.854591
 212.400000 0.463826 0.486863 28.854591
 212.600000 0.465947 0.348438 28.854591
 212.800000 0.455525 1.461619 28.854591
 213.000000 0.457600 1.143908 28.854591
 213.200000 0.456151 3.015384 28.854591
 213.400000 0.445335 4.930195 28.854591
 213.600000 0.423435 8.134407 28.854591
 213.800000 0.407667 9.275335 28.854591
 214.000000 0.404542 9.717436 28.854591
 214.200000 0.414485 9.508094 28.854591
 214.400000 0.415044 9.447224 28.854591
 214.600000 0.415854 9.361705 28.854591
 214.800000 0.402373 11.185996 28.854591
 215.000000 0.408231 10.304841 28.821468
 215.200000 0.428191 8.590622 28.821468
 215.400000 0.433219 7.675329 28.821468
 215.600000 0.407186 11.559422 28.821468
 215.800000 0.399783 12.527441 28.821468
 216.000000 0.401073 12.372906 28.821468
 216.200000 0.379196 15.649114 28.821468
 216.400000 0.392565 14.179041 28.821468
 216.600000 0.406624 12.580215 28.821468
 216.800000 0.395495 13.945932 28.821468
 217.000000 0.397143 13.801285 28.821468
 217.200000 0.380067 16.006774 28.821468
 217.400000 0.376576 16.456096 28.821468
 217.600000 0.365360 18.038393 28.821468
 217.800000 0.358438 18.734025 28.821468
 218.000000 0.359269 18.662807 28.821468
 218.200000 0.378815 16.483478 28.821468
 218.400000 0.387369 15.503472 28.821468
 218.600000 0.374451 17.217497 28.821468
 218.800000 0.366216 18.616993 28.821468
 219.000000 0.361123 19.250598 28.821468
 219.200000 0.356340 20.356213 28.821468
 219.400000 0.344896 20.640273 28.821468
 219.600000 0.332551 20.884162 28.821468
 219.800000 0.352181 20.515015 28.821468
 220.000000 0.352989 20.492477 28.795274
 220.200000 0.333723 21.155477 28.795274
 220.400000 0.308719 24.537392 28.795274
 220.600000 0.317454 22.392042 28.795274
 220.800000 0.322416 21.669490 28.795274
 221.000000 0.323258 21.583651 28.795274
 221.200000 0.313406 23.798131 28.795274
 221.400000 0.326401 21.997548 28.795274
 221.600000 0.316634 23.154306 28.795274
 221.800000 0.339407 21.563371 28.795274
 222.000000 0.328801 21.859762 28.795274
 222.200000 0.335880 22.219371 28.795274
 222.400000 0.329917 22.467290 28.795274
 222.600000 0.331097 22.414471 28.795274
 222.800000 0.333549 22.312979 28.795274
 223.000000 0.334518 22.273924 28.795274
 223.200000 0.310735 24.933082 28.795274
 223.400000 0.320698 23.531857 28.795274
 223.600000 0.329211 23.110053 28.795274
 223.800000 0.326546 23.204606 28.795274
 224.000000 0.330712 23.059520 28.795274
 224.200000 0.338579 23.282648 28.795274
 224.400000 0.335212 23.493032 28.795274
 224.600000 0.325072 23.850541 28.795274
 224.800000 0.286640 30.741764 28.795274
 225.000000 0.288959 30.324409 28.939035
 225.200000 0.315973 24.509187 28.939035
 225.400000 0.334651 23.526112 28.939035
 225.600000 0.356771 21.534925 28.939035
 225.800000 0.346215 22.645199 28.939035
 226.000000 0.337416 23.363412 28.939035
 226.200000 0.354184 22.175856 28.939035
 226.400000 0.352557 22.394099 28.939035
 226.600000 0.368733 19.442620 28.939035
 226.800000 0.369380 19.285155 28.939035
 227.000000 0.369066 19.361904 28.939035
 227.200000 0.361721 21.622773 28.939035
 227.400000 0.373067 19.081475 28.939035
 227.600000 0.374371 18.741282 28.939035
 227.800000 0.399145 14.691739 28.939035
 228.000000 0.392932 15.423803 28.939035
 228.200000 0.391743 16.427972 28.939035
 228.400000 0.397971 15.680594 28.939035
 228.600000 0.384601 17.229475 28.939035
 228.800000 0.376302 18.720413 28.939035
 229.000000 0.358666 22.148008 28.939035
 229.200000 0.373720 19.691695 28.939035
 229.400000 0.388462 16.855045 28.939035
 229.600000 0.381448 17.917578 28.939035
 229.800000 0.384477 17.393967 28.939035
 230.000000 0.380587 18.086631 28.926010
 230.200000 0.392085 17.028567 28.926010
 230.400000 0.372294 20.725773 28.926010
 230.600000 0.354484 23.424106 28.926010
 230.800000 0.341581 24.147901 28.926010
 231.000000 0.319284 24.499829 28.926010
 231.200000 0.328291 24.877431 28.926010
 231.400000 0.337521 24.586236 28.926010
 231.600000 0.331249 24.823448 28.926010
 231.800000 0.318381 25.136988 28.926010
 232.000000 0.339625 24.466164 28.926010
 232.200000 0.337443 25.172576 28.926010
 232.400000 0.340781 24.980546 28.926010
 232.600000 0.337715 25.159555 28.926010
 232.800000 0.336676 25.206338 28.926010
 233.000000 0.329007 25.324593 28.926010
 233.200000 0.330055 25.893437 28.926010
 233.400000 0.341736 25.309079 28.926010
 233.600000 0.369251 21.501177 28.926010
 233.800000 0.361732 22.972471 28.926010
 234.000000 0.368652 21.636082 28.926010
 234.200000 0.363097 23.367708 28.926010
 234.400000 0.351608 24.628011 28.926010
 234.600000 0.349367 24.815465 28.926010
 234.800000 0.340567 25.530050 28.926010
 235.000000 0.352438 24.558007 28.967512
 235.200000 0.362220 23.975421 28.967512
 235.400000 0.362171 23.983700 28.967512
 235.600000 0.375283 20.857580 28.967512
 235.800000 0.381532 19.242531 28.967512
 236.000000 0.402860 15.133485 28.967512
 236.200000 0.410737 13.839515 28.967512
 236.400000 0.399330 16.794119 28.967512
 236.600000 0.405834 15.258485 28.967512
 236.800000 0.408111 14.615692 28.967512
 237.000000 0.405576 15.328653 28.967512
 237.200000 0.400642 17.365028 28.967512
 237.400000 0.411408 14.458083 28.967512
 237.600000 0.412740 14.028770 28.967512
 237.800000 0.414990 13.302659 28.967512
 238.000000 0.415445 13.156762 28.967512
 238.200000 0.413759 14.667386 28.967512
 238.400000 0.428251 10.108266 28.967512
 238.600000 0.459425 2.570665 28.967512
 238.800000 0.463762 2.023350 28.967512
 239.000000 0.459198 2.601565 28.967512
 239.200000 0.450191 5.403340 28.967512
 239.400000 0.430837 9.581514 28.967512
 239.600000 0.420362 12.606089 28.967512
 239.800000 0.419589 12.845449 28.967512
 240.000000 0.422307 12.013006 28.938498
 240.200000 0.417827 14.377378 28.938498
 240.400000 0.421936 13.149303 28.938498
 240.600000 0.422352 13.024176 28.938498
 240.800000 0.435492 9.063962 28.938498
 241.000000 0.450134 5.593541 28.938498
 241.200000 0.466891 3.777367 28.938498
 241.400000 0.475733 2.014162 28.938498
 241.600000 0.468702 3.395938 28.938498
 241.800000 0.469777 3.171784 28.938498
 242.000000 0.478153 1.611393 28.938498
 242.200000 0.472169 4.189282 28.938498
 242.400000 0.462123 5.687809 28.938498
 242.600000 0.462638 5.617275 28.938498
 242.800000 0.473289 4.011320 28.938498
 243.000000 0.473807 3.928690 28.938498
 243.200000 0.444781 8.280393 28.938498
 243.400000 0.407732 17.115669 28.938498
 243.600000 0.435241 10.044641 28.938498
 243.800000 0.459694 6.953721 28.938498
 244.000000 0.446420 8.062694 28.938498
 244.200000 0.434693 11.067108 28.938498
 244.400000 0.427699 12.422381 28.938498
 244.600000 0.429682 12.017340 28.938498
 244.800000 0.438555 10.408924 28.938498
 245.000000 0.451984 8.640680 28.908038
 245.200000 0.441875 10.846900 28.908038
 245.400000 0.429832 12.386165 28.908038
 245.600000 0.433168 11.885880 28.908038
 245.800000 0.439569 11.092281 28.908038
 246.000000 0.446316 10.406446 28.908038
 246.200000 0.450337 11.068322 28.908038
 246.400000 0.446729 11.466564 28.908038
 246.600000 0.458987 9.700189 28.908038
 246.800000 0.475109 5.912748 28.908038
 247.000000 0.458830 9.730473 28.908038
 247.200000 0.462289 10.123857 28.908038
 247.400000 0.478811 5.451583 28.908038
 247.600000 0.471393 7.648869 28.908038
 247.800000 0.465100 9.424179 28.908038
 248.000000 0.446573 12.293871 28.908038
 248.200000 0.453516 12.613033 28.908038
 248.400000 0.461677 10.874302 28.908038
 248.600000 0.469628 8.475690 28.908038
 248.800000 0.462389 10.680080 28.908038
 249.000000 0.436491 13.517857 28.908038
 249.200000 0.424972 14.798053 28.908038
 249.400000 0.429027 14.594372 28.908038
 249.600000 0.441720 14.366095 28.908038
 249.800000 0.418605 15.482470 28.908038
 250.000000 0.434259 14.497578 28.878995
 250.200000 0.445720 14.825907 28.878995
 250.400000 0.437572 15.358717 28.878995
 250.600000 0.426839 15.496391 28.878995
 250.800000 0.400020 18.532716 28.878995
 251.000000 0.397107 18.737044 28.878995
 251.200000 0.383344 20.139498 28.878995
 251.400000 0.390879 19.717023 28.878995
 251.600000 0.391148 19.709796 28.878995
 251.800000 0.390285 19.733465 28.878995
 252.000000 0.397565 19.469137 28.878995
 252.200000 0.393127 20.359832 28.878995
 252.400000 0.380832 20.837969 28.878995
 252.600000 0.389192 20.396310 28.878995
 252.800000 0.393471 20.354435 28.878995
 253.000000 0.403369 19.568404 28.878995
 253.200000 0.425585 16.027522 28.878995
 253.400000 0.437733 15.443059 28.878995
 253.600000 0.431586 15.665783 28.878995
 253.800000 0.418983 16.925031 28.878995
 254.000000 0.411046 18.687166 28.878995
 254.200000 0.422290 16.970733 28.878995
 254.400000 0.438476 15.551534 28.878995
 254.600000 0.430496 16.039070 28.878995
 254.800000 0.422295 16.969936 28.878995
 255.000000 0.411558 19.324230 28.857940
 255.200000 0.403230 21.620553 28.857940
 255.400000 0.413042 19.697788 28.857940
 255.600000 0.429844 16.439364 28.857940
 255.800000 0.450061 14.259575 28.857940
 256.000000 0.470147 8.434783 28.857940
 256.200000 0.464792 11.388962 28.857940
 256.400000 0.456809 13.527494 28.857940
 256.600000 0.446144 15.223326 28.857940
 256.800000 0.414932 19.223190 28.857940
 257.000000 0.412029 19.949022 28.857940
 257.200000 0.412552 20.539131 28.857940
 257.400000 0.431187 16.659998 28.857940
 257.600000 0.422921 17.983880 28.857940
 257.800000 0.433289 16.433755 28.857940
 258.000000 0.419706 18.711067 28.857940
 258.200000 0.407973 22.125296 28.857940
 258.400000 0.416660 20.224287 28.857940
 258.600000 0.417455 20.026263 28.857940
 258.800000 0.426132 18.069293 28.857940
 259.000000 0.448738 15.076086 28.857940
 259.200000 0.465447 11.671240 28.857940
 259.400000 0.459336 13.648811 28.857940
 259.600000 0.450023 15.769807 28.857940
 259.800000 0.416814 20.277144 28.857940
 260.000000 0.411525 21.486158 28.836750
