#! FIELDS time d metad.bias metad.rct
 0.000000 0.224251 0.000000 0.000000
 0.200000 0.234037 0.000000 0.000000
 0.400000 0.243897 0.000000 0.000000
 0.600000 0.225663 0.000000 0.000000
 0.800000 0.210248 0.000000 0.000000
 1.000000 0.232439 0.000000 0.000000
 1.200000 0.234338 1.735993 0.000000
 1.400000 0.237239 1.662477 0.000000
 1.600000 0.244861 1.240968 0.000000
 1.800000 0.231593 1.747202 0.000000
 2.000000 0.250526 0.844127 0.000000
 2.200000 0.256347 2.051829 0.000000
 2.400000 0.252790 2.361439 0.000000
 2.600000 0.229570 2.351352 0.000000
 2.800000 0.247180 2.722381 0.000000
 3.000000 0.239870 2.856314 0.000000
 3.200000 0.239506 4.392264 0.000000
 3.400000 0.227905 3.330222 0.000000
 3.600000 0.227663 3.294300 0.000000
 3.800000 0.247062 4.101073 0.000000
 4.000000 0.258939 2.489703 0.000000
 4.200000 0.256334 4.438157 0.000000
 4.400000 0.228242 3.570153 0.000000
 4.600000 0.230900 4.013637 0.000000
 4.800000 0.230021 3.870746 0.000000
 5.000000 0.239723 5.083229 1.700370
 5.200000 0.247047 6.483801 1.700370
 5.400000 0.250630 6.126803 1.700370
 5.600000 0.272393 1.945896 1.700370
 5.800000 0.250153 6.186245 1.700370
 6.000000 0.236033 6.086864 1.700370
 6.200000 0.215899 2.449792 1.700370
 6.400000 0.217714 2.884644 1.700370
 6.600000 0.229101 6.001388 1.700370
 6.800000 0.214920 2.230677 1.700370
 7.000000 0.198059 0.231155 1.700370
 7.200000 0.203499 2.176376 1.700370
 7.400000 0.203358 2.170433 1.700370
 7.600000 0.208601 2.459355 1.700370
 7.800000 0.208279 2.435969 1.700370
 8.000000 0.225724 5.397211 1.700370
 8.200000 0.225367 6.686298 1.700370
 8.400000 0.224541 6.482615 1.700370
 8.600000 0.215492 4.327067 1.700370
 8.800000 0.194059 1.926907 1.700370
 9.000000 0.216269 4.490311 1.700370
 9.200000 0.209369 4.565912 1.700370
 9.400000 0.212972 5.241554 1.700370
 9.600000 0.211626 4.979872 1.700370
 9.800000 0.209821 4.646364 1.700370
 10.000000 0.224155 7.633839 4.307050
 10.200000 0.212651 6.105798 4.307050
 10.400000 0.220166 7.977453 4.307050
 10.600000 0.229749 9.793581 4.307050
 10.800000 0.245064 8.999292 4.307050
 11.000000 0.224406 8.930568 4.307050
 11.200000 0.205061 4.924008 4.307050
 11.400000 0.210907 6.470662 4.307050
 11.600000 0.189583 2.043536 4.307050
 11.800000 0.181826 1.121409 4.307050
 12.000000 0.201929 4.203507 4.307050
 12.200000 0.192906 3.744412 4.307050
 12.400000 0.174505 0.806492 4.307050
 12.600000 0.192085 3.576918 4.307050
 12.800000 0.192606 3.683117 4.307050
 13.000000 0.187421 2.662793 4.307050
 13.200000 0.197254 5.904273 4.307050
 13.400000 0.195477 5.622555 4.307050
 13.600000 0.206131 7.296000 4.307050
 13.800000 0.203002 6.793885 4.307050
 14.000000 0.193839 5.354777 4.307050
 14.200000 0.178535 3.373946 4.307050
 14.400000 0.188570 5.726204 4.307050
 14.600000 0.180406 3.817793 4.307050
 14.800000 0.167070 1.196429 4.307050
 15.000000 0.167486 1.253192 5.803481
 15.200000 0.179855 4.863020 5.803481
 15.400000 0.192544 6.917534 5.803481
 15.600000 0.218674 10.005530 5.803481
 15.800000 0.209840 8.747645 5.803481
 16.000000 0.203730 8.103291 5.803481
 16.200000 0.206648 9.587499 5.803481
 16.400000 0.216166 10.484690 5.803481
 16.600000 0.218345 10.712766 5.803481
 16.800000 0.219400 10.822592 5.803481
 17.000000 0.217637 10.638494 5.803481
 17.200000 0.214311 11.357888 5.803481
 17.400000 0.207926 10.583178 5.803481
 17.600000 0.204528 10.140394 5.803481
 17.800000 0.211052 10.969838 5.803481
 18.000000 0.213906 11.310674 5.803481
 18.200000 0.216204 12.618095 5.803481
 18.400000 0.213590 12.330682 5.803481
 18.600000 0.220420 12.959792 5.803481
 18.800000 0.218006 12.784846 5.803481
 19.000000 0.214541 12.440998 5.803481
 19.200000 0.193876 9.201036 5.803481
 19.400000 0.190465 8.247220 5.803481
 19.600000 0.222660 13.932539 5.803481
 19.800000 0.213109 13.273550 5.803481
 20.000000 0.213139 13.277340 9.130448
 20.200000 0.198029 10.886682 9.130448
 20.400000 0.183921 6.573270 9.130448
 20.600000 0.176269 4.625387 9.130448
 20.800000 0.179233 5.319781 9.130448
 21.000000 0.184229 6.661621 9.130448
 21.200000 0.195543 11.117868 9.130448
 21.400000 0.209177 13.948388 9.130448
 21.600000 0.217983 14.782677 9.130448
 21.800000 0.243711 10.490206 9.130448
 22.000000 0.263651 4.052875 9.130448
 22.200000 0.264740 5.216416 9.130448
 22.400000 0.256382 7.544905 9.130448
 22.600000 0.262682 5.780760 9.130448
 22.800000 0.269193 4.043677 9.130448
 23.000000 0.251249 8.995777 9.130448
 23.200000 0.237205 13.492390 9.130448
 23.400000 0.236538 13.612701 9.130448
 23.600000 0.237445 13.448111 9.130448
 23.800000 0.242346 12.439098 9.130448
 24.000000 0.251533 10.087730 9.130448
 24.200000 0.250129 11.592680 9.130448
 24.400000 0.252796 10.837153 9.130448
 24.600000 0.233629 14.634629 9.130448
 24.800000 0.228773 15.027307 9.130448
 25.000000 0.219370 15.061959 10.723885
 25.200000 0.224477 16.012046 10.723885
 25.400000 0.221454 16.027425 10.723885
 25.600000 0.231467 15.484365 10.723885
 25.800000 0.224149 16.020403 10.723885
 26.000000 0.236877 14.695912 10.723885
 26.200000 0.259659 8.896553 10.723885
 26.400000 0.261642 8.126628 10.723885
 26.600000 0.257882 9.577319 10.723885
 26.800000 0.271715 4.394891 10.723885
 27.000000 0.279804 2.151752 10.723885
 27.200000 0.273701 5.225583 10.723885
 27.400000 0.270135 6.221938 10.723885
 27.600000 0.266503 7.322556 10.723885
 27.800000 0.266346 7.371975 10.723885
 28.000000 0.254956 11.064182 10.723885
 28.200000 0.242311 15.314653 10.723885
 28.400000 0.239910 15.720163 10.723885
 28.600000 0.240010 15.704426 10.723885
 28.800000 0.242766 15.230792 10.723885
 29.000000 0.250167 13.541959 10.723885
 29.200000 0.256693 12.440317 10.723885
 29.400000 0.251724 14.061849 10.723885
 29.600000 0.245703 15.549555 10.723885
 29.800000 0.234639 16.954791 10.723885
 30.000000 0.251777 14.046405 12.446468
 30.200000 0.241443 17.014417 12.446468
 30.400000 0.238924 17.239334 12.446468
 30.600000 0.241540 17.003981 12.446468
 30.800000 0.246352 16.292176 12.446468
 31.000000 0.249297 15.651379 12.446468
 31.200000 0.254287 15.012662 12.446468
 31.400000 0.258770 13.231359 12.446468
 31.600000 0.265185 10.289295 12.446468
 31.800000 0.274927 6.071864 12.446468
 32.000000 0.282652 3.613698 12.446468
 32.200000 0.274073 7.662877 12.446468
 32.400000 0.280852 5.586460 12.446468
 32.600000 0.272398 8.246275 12.446468
 32.800000 0.269998 9.131102 12.446468
 33.000000 0.271098 8.718538 12.446468
 33.200000 0.284412 5.453072 12.446468
 33.400000 0.307592 0.737072 12.446468
 33.600000 0.275973 8.160514 12.446468
 33.800000 0.273756 8.939330 12.446468
 34.000000 0.270218 10.232228 12.446468
 34.200000 0.270388 11.278236 12.446468
 34.400000 0.280416 7.565727 12.446468
 34.600000 0.290015 4.351159 12.446468
 34.800000 0.288898 4.692827 12.446468
 35.000000 0.284423 6.157549 13.368283
 35.200000 0.285121 7.248760 13.368283
 35.400000 0.284176 7.572305 13.368283
 35.600000 0.301932 2.203714 13.368283
 35.800000 0.286608 6.741292 13.368283
 36.000000 0.278097 9.624080 13.368283
 36.200000 0.275681 11.546885 13.368283
 36.400000 0.283222 8.973149 13.368283
 36.600000 0.272425 12.542680 13.368283
 36.800000 0.302780 2.316097 13.368283
 37.000000 0.301593 2.611346 13.368283
 37.200000 0.298398 5.033613 13.368283
 37.400000 0.286733 8.616407 13.368283
 37.600000 0.287335 8.426673 13.368283
 37.800000 0.314673 1.574585 13.368283
 38.000000 0.309326 2.449189 13.368283
 38.200000 0.307628 4.339092 13.368283
 38.400000 0.289141 8.487619 13.368283
 38.600000 0.292530 7.624069 13.368283
 38.800000 0.288291 8.709580 13.368283
 39.000000 0.280969 10.645601 13.368283
 39.200000 0.280770 11.787103 13.368283
 39.400000 0.273636 13.507862 13.368283
 39.600000 0.273901 13.448616 13.368283
 39.800000 0.266629 14.989308 13.368283
 40.000000 0.260158 16.261013 14.001084
 40.200000 0.251973 18.291952 14.001084
 40.400000 0.250992 18.380709 14.001084
 40.600000 0.250696 18.405046 14.001084
 40.800000 0.263906 16.359788 14.001084
 41.000000 0.255852 17.822636 14.001084
 41.200000 0.257015 18.436787 14.001084
 41.400000 0.272758 14.715488 14.001084
 41.600000 0.288468 9.838739 14.001084
 41.800000 0.302405 5.783145 14.001084
 42.000000 0.285344 10.849394 14.001084
 42.200000 0.285692 11.815655 14.001084
 42.400000 0.286499 11.551616 14.001084
 42.600000 0.302527 6.311891 14.001084
 42.800000 0.292046 9.679156 14.001084
 43.000000 0.285262 11.955246 14.001084
 43.200000 0.285398 12.938813 14.001084
 43.400000 0.280808 14.315816 14.001084
 43.600000 0.293230 10.168801 14.001084
 43.800000 0.270068 16.720191 14.001084
 44.000000 0.271979 16.354079 14.001084
 44.200000 0.263430 18.598911 14.001084
 44.400000 0.266853 18.098551 14.001084
 44.600000 0.282462 14.508129 14.001084
 44.800000 0.284486 13.827063 14.001084
 45.000000 0.273635 16.859985 15.340005
 45.200000 0.264522 19.134024 15.340005
 45.400000 0.288743 12.750332 15.340005
 45.600000 0.276480 17.019300 15.340005
 45.800000 0.261858 19.408351 15.340005
 46.000000 0.250365 19.851640 15.340005
 46.200000 0.248952 20.536065 15.340005
 46.400000 0.242720 20.091851 15.340005
 46.600000 0.239220 19.696474 15.340005
 46.800000 0.242928 20.112807 15.340005
 47.000000 0.257240 20.387963 15.340005
 47.200000 0.277718 17.103400 15.340005
 47.400000 0.286133 13.970974 15.340005
 47.600000 0.297015 9.249122 15.340005
 47.800000 0.302951 6.925955 15.340005
 48.000000 0.302318 7.156289 15.340005
 48.200000 0.278009 17.350787 15.340005
 48.400000 0.293952 11.650575 15.340005
 48.600000 0.291240 12.723079 15.340005
 48.800000 0.276745 17.701469 15.340005
 49.000000 0.293164 11.962350 15.340005
 49.200000 0.286400 15.510092 15.340005
 49.400000 0.285251 15.895995 15.340005
 49.600000 0.289535 14.387747 15.340005
 49.800000 0.319185 3.401441 15.340005
 50.000000 0.317358 3.917167 16.504200
 50.200000 0.321049 4.340952 16.504200
 50.400000 0.325060 3.302482 16.504200
 50.600000 0.311186 7.264673 16.504200
 50.800000 0.296434 12.228433 16.504200
 51.000000 0.289669 14.603017 16.504200
 51.200000 0.296423 13.057575 16.504200
 51.400000 0.295954 13.235078 16.504200
 51.600000 0.304339 10.049602 16.504200
 51.800000 0.297586 12.614171 16.504200
 52.000000 0.282542 17.657865 16.504200
 52.200000 0.270438 20.510238 16.504200
 52.400000 0.268309 20.723421 16.504200
 52.600000 0.266405 20.894779 16.504200
 52.800000 0.278250 19.402163 16.504200
 53.000000 0.281061 18.815214 16.504200
 53.200000 0.274441 20.708826 16.504200
 53.400000 0.294683 14.788148 16.504200
 53.600000 0.317509 5.593922 16.504200
 53.800000 0.302676 11.262514 16.504200
 54.000000 0.299294 12.748098 16.504200
 54.200000 0.303197 11.997096 16.504200
 54.400000 0.306175 10.680580 16.504200
 54.600000 0.299507 13.645295 16.504200
 54.800000 0.291384 17.048775 16.504200
 55.000000 0.294699 15.727517 17.498395
 55.200000 0.282269 20.413893 17.498395
 55.400000 0.275898 21.206801 17.498395
 55.600000 0.278571 20.954928 17.498395
 55.800000 0.274271 21.316870 17.498395
 56.000000 0.276095 21.191403 17.498395
 56.200000 0.271150 22.106741 17.498395
 56.400000 0.258392 22.051904 17.498395
 56.600000 0.257671 22.029975 17.498395
 56.800000 0.249621 21.520765 17.498395
 57.000000 0.252496 21.766971 17.498395
 57.200000 0.242257 21.100911 17.498395
 57.400000 0.237586 20.236426 17.498395
 57.600000 0.237101 20.144484 17.498395
 57.800000 0.242308 21.110038 17.498395
 58.000000 0.222138 17.512572 17.498395
 58.200000 0.207962 15.189676 17.498395
 58.400000 0.234602 20.241846 17.498395
 58.600000 0.249120 22.275019 17.498395
 58.800000 0.243474 21.601898 17.498395
 59.000000 0.237836 20.747038 17.498395
 59.200000 0.237458 21.381915 17.498395
 59.400000 0.231062 20.327894 17.498395
 59.600000 0.232519 20.573411 17.498395
 59.800000 0.235440 21.057725 17.498395
 60.000000 0.219832 18.241826 18.924338
 60.200000 0.239247 21.994467 18.924338
 60.400000 0.251784 23.017623 18.924338
 60.600000 0.237916 21.828777 18.924338
 60.800000 0.250436 22.972892 18.924338
 61.000000 0.243015 22.424967 18.924338
 61.200000 0.230525 21.293985 18.924338
 61.400000 0.223448 20.000467 18.924338
 61.600000 0.214128 17.750819 18.924338
 61.800000 0.224361 20.183610 18.924338
 62.000000 0.228965 21.029287 18.924338
 62.200000 0.227740 21.498271 18.924338
 62.400000 0.230310 21.941061 18.924338
 62.600000 0.231329 22.104245 18.924338
 62.800000 0.219887 19.796379 18.924338
 63.000000 0.231819 22.180427 18.924338
 63.200000 0.231907 22.845478 18.924338
 63.400000 0.221288 20.652769 18.924338
 63.600000 0.212976 18.106164 18.924338
 63.800000 0.205994 15.615894 18.924338
 64.000000 0.205313 15.367640 18.924338
 64.200000 0.198361 13.648112 18.924338
 64.400000 0.196582 12.973366 18.924338
 64.600000 0.194612 12.228248 18.924338
 64.800000 0.216633 19.968764 18.924338
 65.000000 0.204876 16.090362 20.047935
 65.200000 0.195880 13.421632 20.047935
 65.400000 0.199910 15.044418 20.047935
 65.600000 0.193978 12.644842 20.047935
 65.800000 0.209863 18.667291 20.047935
 66.000000 0.214888 20.149664 20.047935
 66.200000 0.229818 23.384010 20.047935
 66.400000 0.212019 20.037536 20.047935
 66.600000 0.191454 11.821256 20.047935
 66.800000 0.190750 11.519268 20.047935
 67.000000 0.194668 13.213829 20.047935
 67.200000 0.215364 21.361952 20.047935
 67.400000 0.216203 21.545936 20.047935
 67.600000 0.230031 23.462572 20.047935
 67.800000 0.219227 22.133952 20.047935
 68.000000 0.205166 18.388815 20.047935
 68.200000 0.216730 22.229405 20.047935
 68.400000 0.220529 22.809146 20.047935
 68.600000 0.226951 23.447403 20.047935
 68.800000 0.203398 18.512845 20.047935
 69.000000 0.207445 19.928215 20.047935
 69.200000 0.203658 19.308587 20.047935
 69.400000 0.211495 21.791184 20.047935
 69.600000 0.200607 18.056373 20.047935
 69.800000 0.200403 17.967890 20.047935
 70.000000 0.186146 11.036801 20.570234
 70.200000 0.193461 15.642162 20.570234
 70.400000 0.202259 19.351903 20.570234
 70.600000 0.209058 21.472347 20.570234
 70.800000 0.213485 22.442524 20.570234
 71.000000 0.228645 23.849053 20.570234
 71.200000 0.203865 20.073459 20.570234
 71.400000 0.200217 18.674287 20.570234
 71.600000 0.204126 20.166411 20.570234
 71.800000 0.192532 15.237067 20.570234
 72.000000 0.203322 19.876961 20.570234
 72.200000 0.192570 15.813545 20.570234
 72.400000 0.196025 17.508168 20.570234
 72.600000 0.201231 19.796369 20.570234
 72.800000 0.219418 24.176736 20.570234
 73.000000 0.216214 23.812057 20.570234
 73.200000 0.207662 22.532445 20.570234
 73.400000 0.218077 24.642331 20.570234
 73.600000 0.224561 25.029099 20.570234
 73.800000 0.230762 25.037540 20.570234
 74.000000 0.244519 24.741188 20.570234
 74.200000 0.263565 23.497164 20.570234
 74.400000 0.250409 24.960216 20.570234
 74.600000 0.253082 24.709090 20.570234
 74.800000 0.232557 25.435860 20.570234
 75.000000 0.215845 24.458845 21.951784
 75.200000 0.215736 25.030297 21.951784
 75.400000 0.232843 25.747311 21.951784
 75.600000 0.219638 25.503184 21.951784
 75.800000 0.246752 25.286388 21.951784
 76.000000 0.261481 23.740047 21.951784
 76.200000 0.259360 24.596480 21.951784
 76.400000 0.245828 25.696287 21.951784
 76.600000 0.237006 25.826399 21.951784
 76.800000 0.222829 25.729138 21.951784
 77.000000 0.211343 24.137031 21.951784
 77.200000 0.199917 20.376987 21.951784
 77.400000 0.196945 18.847397 21.951784
 77.600000 0.222645 26.169656 21.951784
 77.800000 0.244039 25.802923 21.951784
 78.000000 0.238078 25.942085 21.951784
 78.200000 0.221728 26.443756 21.951784
 78.400000 0.236592 26.520704 21.951784
 78.600000 0.226239 26.597289 21.951784
 78.800000 0.202311 21.544163 21.951784
 79.000000 0.182661 10.910657 21.951784
 79.200000 0.167884 5.331656 21.951784
 79.400000 0.174901 8.164786 21.951784
 79.600000 0.178684 9.955344 21.951784
 79.800000 0.166796 4.955343 21.951784
 80.000000 0.168543 5.567965 22.808679
 80.200000 0.158500 3.735939 22.808679
 80.400000 0.169986 7.466772 22.808679
 80.600000 0.178822 11.103194 22.808679
 80.800000 0.172548 8.455855 22.808679
 81.000000 0.149641 1.758764 22.808679
 81.200000 0.154795 4.329494 22.808679
 81.400000 0.145887 2.753270 22.808679
 81.600000 0.141103 2.039429 22.808679
 81.800000 0.164108 6.421262 22.808679
 82.000000 0.152411 3.873437 22.808679
 82.200000 0.146931 4.298935 22.808679
 82.400000 0.154545 5.738129 22.808679
 82.600000 0.159272 6.590049 22.808679
 82.800000 0.143650 3.649139 22.808679
 83.000000 0.140539 3.037791 22.808679
 83.200000 0.164749 8.051958 22.808679
 83.400000 0.180660 12.409423 22.808679
 83.600000 0.170932 9.293640 22.808679
 83.800000 0.172027 9.570339 22.808679
 84.000000 0.160298 7.416952 22.808679
 84.200000 0.146676 6.486160 22.808679
 84.400000 0.146927 6.538342 22.808679
 84.600000 0.172521 10.602948 22.808679
 84.800000 0.180583 12.881955 22.808679
 85.000000 0.159452 8.566953 22.761620
 85.200000 0.158767 9.672311 22.761620
 85.400000 0.163994 10.293340 22.761620
 85.600000 0.175429 11.983164 22.761620
 85.800000 0.175625 12.025963 22.761620
 86.000000 0.181316 13.551212 22.761620
 86.200000 0.166805 11.212326 22.761620
 86.400000 0.167258 11.284020 22.761620
 86.600000 0.160048 10.185843 22.761620
 86.800000 0.170406 11.817989 22.761620
 87.000000 0.183351 15.177862 22.761620
 87.200000 0.169668 12.272685 22.761620
 87.400000 0.177199 14.131727 22.761620
 87.600000 0.183583 16.147422 22.761620
 87.800000 0.178484 14.506352 22.761620
 88.000000 0.175251 13.595671 22.761620
 88.200000 0.180646 16.069273 22.761620
 88.400000 0.171517 13.603529 22.761620
 88.600000 0.166035 12.339336 22.761620
 88.800000 0.171847 13.683784 22.761620
 89.000000 0.192146 19.774137 22.761620
 89.200000 0.174764 14.792272 22.761620
 89.400000 0.167957 12.966641 22.761620
 89.600000 0.162256 11.607869 22.761620
 89.800000 0.173113 14.321536 22.761620
 90.000000 0.176037 15.167766 22.952242
 90.200000 0.173325 15.256991 22.952242
 90.400000 0.158744 11.244167 22.952242
 90.600000 0.166636 13.374063 22.952242
 90.800000 0.172510 15.020346 22.952242
 91.000000 0.163110 12.420409 22.952242
 91.200000 0.160474 12.703330 22.952242
 91.400000 0.185835 19.381649 22.952242
 91.600000 0.167938 14.686941 22.952242
 91.800000 0.162006 13.127592 22.952242
 92.000000 0.169726 15.141271 22.952242
 92.200000 0.178019 18.033600 22.952242
 92.400000 0.178666 18.185088 22.952242
 92.600000 0.178358 18.113031 22.952242
 92.800000 0.175075 17.339791 22.952242
 93.000000 0.165089 14.801203 22.952242
 93.200000 0.166585 16.112585 22.952242
 93.400000 0.189702 21.064376 22.952242
 93.600000 0.169014 16.725788 22.952242
 93.800000 0.166655 16.130931 22.952242
 94.000000 0.174952 18.039370 22.952242
 94.200000 0.187159 21.070768 22.952242
 94.400000 0.172023 18.186252 22.952242
 94.600000 0.185806 20.824935 22.952242
 94.800000 0.198839 23.419175 22.952242
 95.000000 0.192088 22.012533 23.108141
 95.200000 0.179609 20.182682 23.108141
 95.400000 0.176975 19.620355 23.108141
 95.600000 0.189246 22.104816 23.108141
 95.800000 0.183315 20.934230 23.108141
 96.000000 0.187474 21.754832 23.108141
 96.200000 0.187485 22.420957 23.108141
 96.400000 0.180335 20.925689 23.108141
 96.600000 0.165408 16.792641 23.108141
 96.800000 0.166635 17.204214 23.108141
 97.000000 0.156218 13.275398 23.108141
 97.200000 0.165241 17.543479 23.108141
 97.400000 0.180029 21.130208 23.108141
 97.600000 0.174330 19.936739 23.108141
 97.800000 0.167104 18.101580 23.108141
 98.000000 0.160832 16.056469 23.108141
 98.200000 0.159100 16.257071 23.108141
 98.400000 0.150910 12.575439 23.108141
 98.600000 0.153379 13.767851 23.108141
 98.800000 0.162212 17.400076 23.108141
 99.000000 0.171098 19.849341 23.108141
 99.200000 0.171670 20.694719 23.108141
 99.400000 0.157616 16.138693 23.108141
 99.600000 0.167825 19.780550 23.108141
 99.800000 0.172217 20.807870 23.108141
 100.000000 0.181610 22.329795 23.343212
 100.200000 0.185783 23.501847 23.343212
 100.400000 0.177711 22.398720 23.343212
 100.600000 0.187612 23.716258 23.343212
 100.800000 0.198351 24.963145 23.343212
 101.000000 0.186400 23.574738 23.343212
 101.200000 0.206725 26.196035 23.343212
 101.400000 0.215044 26.742623 23.343212
 101.600000 0.207283 26.243876 23.343212
 101.800000 0.197845 25.359747 23.343212
 102.000000 0.188511 24.426495 23.343212
 102.200000 0.186772 24.815994 23.343212
 102.400000 0.189877 25.159805 23.343212
 102.600000 0.199271 25.953283 23.343212
 102.800000 0.186662 24.802682 23.343212
 103.000000 0.185239 24.622961 23.343212
 103.200000 0.184488 25.105362 23.343212
 103.400000 0.183227 24.920339 23.343212
 103.600000 0.175125 23.265187 23.343212
 103.800000 0.171671 22.293070 23.343212
 104.000000 0.185436 25.232993 23.343212
 104.200000 0.207973 26.922484 23.343212
 104.400000 0.201266 26.755979 23.343212
 104.600000 0.187294 26.021279 23.343212
 104.800000 0.209822 26.961325 23.343212
 105.000000 0.203170 26.804807 24.181663
 105.200000 0.190190 26.649829 24.181663
 105.400000 0.183655 25.776715 24.181663
 105.600000 0.171771 22.757204 24.181663
 105.800000 0.156217 15.967616 24.181663
 106.000000 0.147223 11.053564 24.181663
 106.200000 0.148863 13.019003 24.181663
 106.400000 0.138012 7.258006 24.181663
 106.600000 0.129370 3.664774 24.181663
 106.800000 0.148071 12.586918 24.181663
 107.000000 0.143155 9.907426 24.181663
 107.200000 0.134001 6.359997 24.181663
 107.400000 0.141350 10.065882 24.181663
 107.600000 0.151726 15.515319 24.181663
 107.800000 0.159213 18.912026 24.181663
 108.000000 0.143194 11.053921 24.181663
 108.200000 0.137033 8.806248 24.181663
 108.400000 0.124608 3.302514 24.181663
 108.600000 0.147071 14.161642 24.181663
 108.800000 0.142988 12.012555 24.181663
 109.000000 0.151723 16.423714 24.181663
 109.200000 0.157411 19.619774 24.181663
 109.400000 0.161315 20.948118 24.181663
 109.600000 0.157505 19.654193 24.181663
 109.800000 0.155214 18.772304 24.181663
 110.000000 0.156677 19.345017 24.249862
 110.200000 0.135004 8.462515 24.249862
 110.400000 0.136360 9.244671 24.249862
 110.600000 0.137808 10.098818 24.249862
 110.800000 0.141367 12.238368 24.249862
 111.000000 0.138985 10.803046 24.249862
 111.200000 0.146221 16.053391 24.249862
 111.400000 0.144009 14.836529 24.249862
 111.600000 0.136589 10.446250 24.249862
 111.800000 0.134589 9.263711 24.249862
 112.000000 0.140427 12.747931 24.249862
 112.200000 0.125841 5.354934 24.249862
 112.400000 0.128016 6.433288 24.249862
 112.600000 0.136590 11.406829 24.249862
 112.800000 0.135035 10.454320 24.249862
 113.000000 0.129082 6.996550 24.249862
 113.200000 0.135361 11.827155 24.249862
 113.400000 0.132555 10.210823 24.249862
 113.600000 0.134149 11.126124 24.249862
 113.800000 0.130515 9.061493 24.249862
 114.000000 0.128221 7.818856 24.249862
 114.200000 0.134245 12.321060 24.249862
 114.400000 0.118820 4.660842 24.249862
 114.600000 0.120530 5.355650 24.249862
 114.800000 0.125076 7.444923 24.249862
 115.000000 0.143853 17.219466 24.266736
 115.200000 0.143712 17.968491 24.266736
 115.400000 0.131620 11.466531 24.266736
 115.600000 0.122673 6.597801 24.266736
 115.800000 0.136511 14.272426 24.266736
 116.000000 0.147636 19.590644 24.266736
 116.200000 0.151820 21.673633 24.266736
 116.400000 0.153244 22.045385 24.266736
 116.600000 0.133022 12.731848 24.266736
 116.800000 0.117425 4.401028 24.266736
 117.000000 0.138529 15.990634 24.266736
 117.200000 0.134501 14.455952 24.266736
 117.400000 0.122926 7.407748 24.266736
 117.600000 0.137033 15.986786 24.266736
 117.800000 0.133725 13.973651 24.266736
 118.000000 0.135571 15.112064 24.266736
 118.200000 0.130218 12.604234 24.266736
 118.400000 0.122436 7.750164 24.266736
 118.600000 0.135650 16.052436 24.266736
 118.800000 0.165884 24.346665 24.266736
 119.000000 0.178429 25.627505 24.266736
 119.200000 0.176383 25.943270 24.266736
 119.400000 0.161353 24.276454 24.266736
 119.600000 0.155101 23.483116 24.266736
 119.800000 0.174633 25.731168 24.266736
 120.000000 0.183550 26.729521 24.676136
 120.200000 0.182507 27.160266 24.676136
 120.400000 0.171793 25.781578 24.676136
 120.600000 0.161577 24.481183 24.676136
 120.800000 0.169673 25.493704 24.676136
 121.000000 0.170857 25.653346 24.676136
 121.200000 0.176648 26.971662 24.676136
 121.400000 0.164297 25.317881 24.676136
 121.600000 0.154625 23.797013 24.676136
 121.800000 0.147060 21.744843 24.676136
 122.000000 0.155735 24.012235 24.676136
 122.200000 0.186495 27.891708 24.676136
 122.400000 0.182429 27.688822 24.676136
 122.600000 0.162559 25.620522 24.676136
 122.800000 0.163590 25.744595 24.676136
 123.000000 0.169791 26.452909 24.676136
 123.200000 0.178919 27.861559 24.676136
 123.400000 0.171138 27.140123 24.676136
 123.600000 0.175765 27.605336 24.676136
 123.800000 0.184152 28.131308 24.676136
 124.000000 0.180723 27.978398 24.676136
 124.200000 0.185155 28.639696 24.676136
 124.400000 0.192706 28.496105 24.676136
 124.600000 0.192617 28.499966 24.676136
 124.800000 0.193796 28.446190 24.676136
 125.000000 0.195209 28.375524 25.551948
 125.200000 0.178150 28.559390 25.551948
 125.400000 0.164243 26.657060 25.551948
 125.600000 0.153682 24.605149 25.551948
 125.800000 0.154076 24.705258 25.551948
 126.000000 0.163947 26.610193 25.551948
 126.200000 0.165443 27.376675 25.551948
 126.400000 0.158719 26.217656 25.551948
 126.600000 0.162287 26.873384 25.551948
 126.800000 0.178327 28.914591 25.551948
 127.000000 0.175108 28.620076 25.551948
 127.200000 0.168408 28.246349 25.551948
 127.400000 0.176825 29.273131 25.551948
 127.600000 0.178713 29.419335 25.551948
 127.800000 0.172727 28.838732 25.551948
 128.000000 0.157360 26.175191 25.551948
 128.200000 0.175718 29.427839 25.551948
 128.400000 0.192375 29.370323 25.551948
 128.600000 0.175018 29.371985 25.551948
 128.800000 0.148967 24.076763 25.551948
 129.000000 0.124912 9.372172 25.551948
 129.200000 0.123417 9.586735 25.551948
 129.400000 0.142897 21.738871 25.551948
 129.600000 0.133130 15.942971 25.551948
 129.800000 0.126092 11.283363 25.551948
 130.000000 0.114751 4.943121 26.066086
 130.200000 0.109094 4.146720 26.066086
 130.400000 0.110565 4.662698 26.066086
 130.600000 0.116218 7.011996 26.066086
 130.800000 0.114488 6.232078 26.066086
 131.000000 0.116636 7.208383 26.066086
 131.200000 0.118810 9.533089 26.066086
 131.400000 0.123719 12.082823 26.066086
 131.600000 0.125470 13.036099 26.066086
 131.800000 0.102364 3.077319 26.066086
 132.000000 0.106688 4.404353 26.066086
 132.200000 0.106565 5.800782 26.066086
 132.400000 0.113013 8.157937 26.066086
 132.600000 0.097355 3.080179 26.066086
 132.800000 0.120133 11.160918 26.066086
 133.000000 0.123114 12.546341 26.066086
 133.200000 0.108789 7.208809 26.066086
 133.400000 0.108629 7.145462 26.066086
 133.600000 0.108726 7.184039 26.066086
 133.800000 0.110726 7.994219 26.066086
 134.000000 0.118405 11.344600 26.066086
 134.200000 0.102321 5.418904 26.066086
 134.400000 0.072292 0.146575 26.066086
 134.600000 0.074621 0.221409 26.066086
 134.800000 0.101588 5.145236 26.066086
 135.000000 0.103967 6.056112 26.049140
 135.200000 0.108849 9.361358 26.049140
 135.400000 0.097891 5.100757 26.049140
 135.600000 0.098263 5.232484 26.049140
 135.800000 0.095310 4.227365 26.049140
 136.000000 0.086217 1.848886 26.049140
 136.200000 0.109518 10.114434 26.049140
 136.400000 0.111133 10.696267 26.049140
 136.600000 0.100041 6.933045 26.049140
 136.800000 0.102365 7.665771 26.049140
 137.000000 0.089459 4.135397 26.049140
 137.200000 0.092956 6.374106 26.049140
 137.400000 0.108314 10.344954 26.049140
 137.600000 0.098358 7.647006 26.049140
 137.800000 0.096701 7.245656 26.049140
 138.000000 0.096163 7.117654 26.049140
 138.200000 0.094794 8.065414 26.049140
 138.400000 0.113662 12.659796 26.049140
 138.600000 0.099431 9.157955 26.049140
 138.800000 0.074561 2.941305 26.049140
 139.000000 0.095927 8.336081 26.049140
 139.200000 0.114661 13.490809 26.049140
 139.400000 0.116910 14.043289 26.049140
 139.600000 0.100527 10.564436 26.049140
 139.800000 0.090040 8.009340 26.049140
 140.000000 0.084352 6.310762 26.008011
 140.200000 0.105014 11.976778 26.008011
 140.400000 0.087276 8.499329 26.008011
 140.600000 0.099573 11.151374 26.008011
 140.800000 0.110666 12.884491 26.008011
 141.000000 0.108360 12.494485 26.008011
 141.200000 0.124968 16.992625 26.008011
 141.400000 0.126486 17.441238 26.008011
 141.600000 0.096596 11.383584 26.008011
 141.800000 0.071602 3.595246 26.008011
 142.000000 0.074733 4.578724 26.008011
 142.200000 0.080225 7.806755 26.008011
 142.400000 0.096910 11.928564 26.008011
 142.600000 0.104529 13.071178 26.008011
 142.800000 0.109538 13.783603 26.008011
 143.000000 0.108072 13.568988 26.008011
 143.200000 0.109854 14.780204 26.008011
 143.400000 0.127818 18.254670 26.008011
 143.600000 0.135386 20.642468 26.008011
 143.800000 0.109566 14.739059 26.008011
 144.000000 0.088481 10.590883 26.008011
 144.200000 0.088808 11.775348 26.008011
 144.400000 0.085788 10.866968 26.008011
 144.600000 0.086013 10.938808 26.008011
 144.800000 0.080828 9.139404 26.008011
 145.000000 0.093448 12.921823 25.973555
 145.200000 0.105906 15.460674 25.973555
 145.400000 0.125762 17.844744 25.973555
 145.600000 0.122112 17.081533 25.973555
 145.800000 0.124672 17.596898 25.973555
 146.000000 0.103513 15.287285 25.973555
 146.200000 0.114030 16.717879 25.973555
 146.400000 0.119138 17.114782 25.973555
 146.600000 0.117246 16.935809 25.973555
 146.800000 0.116809 16.900430 25.973555
 147.000000 0.108993 16.487535 25.973555
 147.200000 0.097401 16.055297 25.973555
 147.400000 0.102995 16.905419 25.973555
 147.600000 0.102532 16.854866 25.973555
 147.800000 0.114844 17.542611 25.973555
 148.000000 0.109679 17.355835 25.973555
 148.200000 0.126025 19.078393 25.973555
 148.400000 0.132242 20.292325 25.973555
 148.600000 0.126257 19.112326 25.973555
 148.800000 0.125416 18.993693 25.973555
 149.000000 0.116562 18.347275 25.973555
 149.200000 0.126773 19.803638 25.973555
 149.400000 0.133210 20.951054 25.973555
 149.600000 0.125058 19.604788 25.973555
 149.800000 0.128825 20.100173 25.973555
 150.000000 0.130274 20.349502 25.981786
 150.200000 0.126924 20.512688 25.981786
 150.400000 0.132689 21.533196 25.981786
 150.600000 0.132825 21.561853 25.981786
 150.800000 0.127688 20.624021 25.981786
 151.000000 0.122522 20.003889 25.981786
 151.200000 0.110439 19.715308 25.981786
 151.400000 0.108021 19.424956 25.981786
 151.600000 0.119007 20.431831 25.981786
 151.800000 0.107779 19.392372 25.981786
 152.000000 0.111329 19.807768 25.981786
 152.200000 0.118805 21.055853 25.981786
 152.400000 0.132168 22.283359 25.981786
 152.600000 0.134526 22.676205 25.981786
 152.800000 0.142541 24.315319 25.981786
 153.000000 0.139388 23.633715 25.981786
 153.200000 0.124487 21.780626 25.981786
 153.400000 0.119413 21.340052 25.981786
 153.600000 0.119039 21.311239 25.981786
 153.800000 0.120635 21.435681 25.981786
 154.000000 0.109813 20.452953 25.981786
 154.200000 0.113436 21.538316 25.981786
 154.400000 0.136572 23.801339 25.981786
 154.600000 0.134185 23.378012 25.981786
 154.800000 0.125493 22.294098 25.981786
 155.000000 0.143701 25.209356 26.136709
 155.200000 0.148827 26.720532 26.136709
 155.400000 0.129049 22.996407 26.136709
 155.600000 0.133080 23.640736 26.136709
 155.800000 0.142968 25.631193 26.136709
 156.000000 0.135472 24.090807 26.136709
 156.200000 0.125308 23.022497 26.136709
 156.400000 0.131429 23.934662 26.136709
 156.600000 0.133023 24.221019 26.136709
 156.800000 0.142737 26.116264 26.136709
 157.000000 0.135658 24.725653 26.136709
 157.200000 0.124030 23.301072 26.136709
 157.400000 0.132723 24.736491 26.136709
 157.600000 0.140561 26.251138 26.136709
 157.800000 0.127160 23.760244 26.136709
 158.000000 0.110841 21.634999 26.136709
 158.200000 0.124249 23.778437 26.136709
 158.400000 0.150459 27.720302 26.136709
 158.600000 0.145240 27.083903 26.136709
 158.800000 0.125114 23.876815 26.136709
 159.000000 0.130672 24.633120 26.136709
 159.200000 0.132870 25.568640 26.136709
 159.400000 0.129857 25.091518 26.136709
 159.600000 0.135258 25.962650 26.136709
 159.800000 0.118614 23.638815 26.136709
 160.000000 0.088630 14.765988 26.328721
 160.200000 0.077213 9.539879 26.328721
 160.400000 0.086067 14.356938 26.328721
 160.600000 0.083809 13.149998 26.328721
 160.800000 0.090738 16.697475 26.328721
 161.000000 0.121896 24.099567 26.328721
 161.200000 0.107360 22.629995 26.328721
 161.400000 0.088485 15.648801 26.328721
 161.600000 0.073720 7.710197 26.328721
 161.800000 0.086814 14.784855 26.328721
 162.000000 0.100602 20.792576 26.328721
 162.200000 0.072791 7.368145 26.328721
 162.400000 0.077610 9.974186 26.328721
 162.600000 0.087714 15.732412 26.328721
 162.800000 0.086679 15.163708 26.328721
 163.000000 0.086081 14.831041 26.328721
 163.200000 0.115042 24.496759 26.328721
 163.400000 0.141292 27.196914 26.328721
 163.600000 0.121171 24.947199 26.328721
 163.800000 0.116787 24.632746 26.328721
 164.000000 0.126740 25.413349 26.328721
 164.200000 0.130722 26.388718 26.328721
 164.400000 0.132817 26.621446 26.328721
 164.600000 0.134903 26.858582 26.328721
 164.800000 0.139846 27.403484 26.328721
 165.000000 0.121271 25.482282 26.499473
 165.200000 0.130155 26.799181 26.499473
 165.400000 0.155524 28.488692 26.499473
 165.600000 0.159223 28.621321 26.499473
 165.800000 0.150309 28.301031 26.499473
 166.000000 0.164128 28.848484 26.499473
 166.200000 0.154846 28.865176 26.499473
 166.400000 0.144560 28.216107 26.499473
 166.600000 0.135521 27.364715 26.499473
 166.800000 0.130075 26.828007 26.499473
 167.000000 0.107086 24.136512 26.499473
 167.200000 0.110722 25.404834 26.499473
 167.400000 0.118332 26.232842 26.499473
 167.600000 0.130151 27.017442 26.499473
 167.800000 0.140884 27.938578 26.499473
 168.000000 0.150823 28.655037 26.499473
 168.200000 0.158004 29.456967 26.499473
 168.400000 0.139632 28.198639 26.499473
 168.600000 0.156023 29.385436 26.499473
 168.800000 0.164553 29.676881 26.499473
 169.000000 0.162811 29.615939 26.499473
 169.200000 0.164257 30.131988 26.499473
 169.400000 0.165647 30.175665 26.499473
 169.600000 0.160712 30.009403 26.499473
 169.800000 0.155521 29.781685 26.499473
 170.000000 0.161309 30.031237 27.302145
 170.200000 0.144304 29.125009 27.302145
 170.400000 0.148866 29.652176 27.302145
 170.600000 0.159573 30.422403 27.302145
 170.800000 0.156027 30.239463 27.302145
 171.000000 0.142440 28.881601 27.302145
 171.200000 0.140401 29.084945 27.302145
 171.400000 0.155980 30.557922 27.302145
 171.600000 0.144762 29.660247 27.302145
 171.800000 0.127647 27.346994 27.302145
 172.000000 0.132179 27.910676 27.302145
 172.200000 0.120955 27.053912 27.302145
 172.400000 0.126810 27.727424 27.302145
 172.600000 0.140122 29.484173 27.302145
 172.800000 0.175874 30.698245 27.302145
 173.000000 0.188854 29.929654 27.302145
 173.200000 0.212504 28.048098 27.302145
 173.400000 0.237727 26.560301 27.302145
 173.600000 0.203997 28.754619 27.302145
 173.800000 0.191275 30.150373 27.302145
 174.000000 0.186538 30.589150 27.302145
 174.200000 0.198417 29.670651 27.302145
 174.400000 0.182904 31.259367 27.302145
 174.600000 0.181061 31.325315 27.302145
 174.800000 0.197919 29.735587 27.302145
 175.000000 0.210691 28.305484 28.050526
 175.200000 0.205497 29.282336 28.050526
 175.400000 0.194609 30.448255 28.050526
 175.600000 0.191590 30.760124 28.050526
 175.800000 0.218952 28.054172 28.050526
 176.000000 0.214512 28.460848 28.050526
 176.200000 0.196092 30.515602 28.050526
 176.400000 0.183435 31.385780 28.050526
 176.600000 0.182223 31.416138 28.050526
 176.800000 0.170483 31.271131 28.050526
 177.000000 0.176492 31.423085 28.050526
 177.200000 0.177860 31.869407 28.050526
 177.400000 0.170152 31.655414 28.050526
 177.600000 0.155092 30.915215 28.050526
 177.800000 0.160929 31.218950 28.050526
 178.000000 0.166217 31.476039 28.050526
 178.200000 0.166289 31.910111 28.050526
 178.400000 0.172940 32.153105 28.050526
 178.600000 0.192110 31.216827 28.050526
 178.800000 0.193901 31.012768 28.050526
 179.000000 0.197819 30.559018 28.050526
 179.200000 0.179384 32.372106 28.050526
 179.400000 0.158060 31.461074 28.050526
 179.600000 0.157002 31.388421 28.050526
 179.800000 0.149810 30.790101 28.050526
 180.000000 0.164482 31.857022 28.989044
 180.200000 0.177393 32.661070 28.989044
 180.400000 0.186243 32.278634 28.989044
 180.600000 0.190079 31.928862 28.989044
 180.800000 0.181883 32.546955 28.989044
 181.000000 0.178795 32.642577 28.989044
 181.200000 0.180443 33.007758 28.989044
 181.400000 0.179613 33.032986 28.989044
 181.600000 0.195633 31.520627 28.989044
 181.800000 0.220505 28.519286 28.989044
 182.000000 0.209243 29.831085 28.989044
 182.200000 0.195504 31.842459 28.989044
 182.400000 0.174933 33.086578 28.989044
 182.600000 0.162805 32.413243 28.989044
 182.800000 0.154638 31.666422 28.989044
 183.000000 0.153987 31.597319 28.989044
 183.200000 0.132633 28.717867 28.989044
 183.400000 0.141634 30.271478 28.989044
 183.600000 0.151466 31.736318 28.989044
 183.800000 0.169525 33.124320 28.989044
 184.000000 0.172274 33.207915 28.989044
 184.200000 0.170635 33.559183 28.989044
 184.400000 0.159465 32.809338 28.989044
 184.600000 0.161171 32.963823 28.989044
 184.800000 0.156491 32.505625 28.989044
 185.000000 0.150485 31.752359 29.928075
 185.200000 0.150408 32.166902 29.928075
 185.400000 0.136380 29.649799 29.928075
 185.600000 0.141973 30.742628 29.928075
 185.800000 0.136802 29.732462 29.928075
 186.000000 0.141159 30.586235 29.928075
 186.200000 0.153886 32.929309 29.928075
 186.400000 0.156076 33.129441 29.928075
 186.600000 0.137239 30.251076 29.928075
 186.800000 0.129746 28.767669 29.928075
 187.000000 0.134692 29.731652 29.928075
 187.200000 0.138931 31.041389 29.928075
 187.400000 0.135820 30.425506 29.928075
 187.600000 0.137673 30.795857 29.928075
 187.800000 0.140739 31.381727 29.928075
 188.000000 0.152563 33.019530 29.928075
 188.200000 0.169071 34.024030 29.928075
 188.400000 0.180014 33.687645 29.928075
 188.600000 0.164279 33.988905 29.928075
 188.800000 0.160948 33.908506 29.928075
 189.000000 0.146426 32.682426 29.928075
 189.200000 0.138244 31.514227 29.928075
 189.400000 0.141740 32.260661 29.928075
 189.600000 0.151801 33.732003 29.928075
 189.800000 0.151789 33.730936 29.928075
 190.000000 0.134467 30.641902 30.625413
 190.200000 0.143062 32.897566 30.625413
 190.400000 0.148819 33.700056 30.625413
 190.600000 0.137706 31.829394 30.625413
 190.800000 0.132349 30.589850 30.625413
 191.000000 0.134977 31.207957 30.625413
 191.200000 0.151599 34.181638 30.625413
 191.400000 0.144361 33.471932 30.625413
 191.600000 0.148827 33.985180 30.625413
 191.800000 0.172618 34.110694 30.625413
 192.000000 0.190322 32.665365 30.625413
 192.200000 0.195461 32.372373 30.625413
 192.400000 0.198592 31.926774 30.625413
 192.600000 0.195568 32.357120 30.625413
 192.800000 0.202034 31.448915 30.625413
 193.000000 0.197114 32.135990 30.625413
 193.200000 0.199597 32.197971 30.625413
 193.400000 0.219046 29.281615 30.625413
 193.600000 0.200338 32.090816 30.625413
 193.800000 0.195974 32.716007 30.625413
 194.000000 0.195644 32.762399 30.625413
 194.200000 0.209914 30.957452 30.625413
 194.400000 0.201912 32.235399 30.625413
 194.600000 0.188950 33.972315 30.625413
 194.800000 0.185281 34.270588 30.625413
 195.000000 0.192417 33.592372 31.348707
 195.200000 0.200670 32.764047 31.348707
 195.400000 0.207728 31.546096 31.348707
 195.600000 0.189117 34.338672 31.348707
 195.800000 0.192976 33.915086 31.348707
 196.000000 0.197418 33.285389 31.348707
 196.200000 0.202247 32.876444 31.348707
 196.400000 0.228664 27.920690 31.348707
 196.600000 0.222918 28.881872 31.348707
 196.800000 0.188401 34.733437 31.348707
 197.000000 0.168516 34.688789 31.348707
 197.200000 0.177369 35.259556 31.348707
 197.400000 0.199767 33.346817 31.348707
 197.600000 0.215380 30.354308 31.348707
 197.800000 0.191632 34.559431 31.348707
 198.000000 0.185821 35.075327 31.348707
 198.200000 0.183760 35.540579 31.348707
 198.400000 0.166979 35.186414 31.348707
 198.600000 0.173158 35.441690 31.348707
 198.800000 0.185167 35.478770 31.348707
 199.000000 0.176941 35.562964 31.348707
 199.200000 0.174869 35.858934 31.348707
 199.400000 0.192006 35.068179 31.348707
 199.600000 0.201104 33.427364 31.348707
 199.800000 0.200810 33.487232 31.348707
 200.000000 0.187644 35.592003 32.360765
 200.200000 0.193934 35.099487 32.360765
 200.400000 0.192476 35.339466 32.360765
 200.600000 0.184988 36.151541 32.360765
 200.800000 0.187032 36.005493 32.360765
 201.000000 0.179754 36.266904 32.360765
 201.200000 0.186696 36.346022 32.360765
 201.400000 0.180225 36.618201 32.360765
 201.600000 0.165573 35.741413 32.360765
 201.800000 0.155703 34.977050 32.360765
 202.000000 0.167542 35.899714 32.360765
 202.200000 0.169247 36.387582 32.360765
 202.400000 0.176422 36.815612 32.360765
 202.600000 0.181562 36.840025 32.360765
 202.800000 0.194621 35.260035 32.360765
 203.000000 0.191462 35.847472 32.360765
 203.200000 0.192577 36.005466 32.360765
 203.400000 0.202557 33.747769 32.360765
 203.600000 0.195627 35.393423 32.360765
 203.800000 0.201174 34.091941 32.360765
 204.000000 0.209532 32.005410 32.360765
 204.200000 0.210768 32.121851 32.360765
 204.400000 0.199851 34.757434 32.360765
 204.600000 0.214439 31.222523 32.360765
 204.800000 0.204768 33.593108 32.360765
 205.000000 0.188370 36.809923 33.321286
 205.200000 0.210572 32.283117 33.321286
 205.400000 0.203298 34.154719 33.321286
 205.600000 0.217773 30.467575 33.321286
 205.800000 0.232333 27.589516 33.321286
 206.000000 0.222294 29.409396 33.321286
 206.200000 0.215128 31.544658 33.321286
 206.400000 0.211495 32.410328 33.321286
 206.600000 0.215300 31.503820 33.321286
 206.800000 0.237130 27.344439 33.321286
 207.000000 0.226666 28.958234 33.321286
 207.200000 0.217961 31.281358 33.321286
 207.400000 0.197199 35.812541 33.321286
 207.600000 0.183648 37.499893 33.321286
 207.800000 0.172506 36.992275 33.321286
 208.000000 0.167383 36.472153 33.321286
 208.200000 0.165266 36.592089 33.321286
 208.400000 0.187069 37.464946 33.321286
 208.600000 0.191630 36.892022 33.321286
 208.800000 0.185257 37.607671 33.321286
 209.000000 0.194202 36.451928 33.321286
 209.200000 0.187080 37.772027 33.321286
 209.400000 0.186533 37.815076 33.321286
 209.600000 0.197163 36.205549 33.321286
 209.800000 0.190764 37.359174 33.321286
 210.000000 0.193490 36.925414 33.987439
 210.200000 0.186550 38.117243 33.987439
 210.400000 0.178432 38.098547 33.987439
 210.600000 0.184591 38.211224 33.987439
 210.800000 0.185048 38.195336 33.987439
 211.000000 0.185559 38.173208 33.987439
 211.200000 0.206992 34.280084 33.987439
 211.400000 0.207361 34.183602 33.987439
 211.600000 0.193413 37.555357 33.987439
 211.800000 0.168812 37.304128 33.987439
 212.000000 0.165804 36.901657 33.987439
 212.200000 0.168697 37.620758 33.987439
 212.400000 0.175674 38.415738 33.987439
 212.600000 0.165234 37.163498 33.987439
 212.800000 0.157607 36.141179 33.987439
 213.000000 0.165162 37.153740 33.987439
 213.200000 0.173119 38.448788 33.987439
 213.400000 0.158989 36.634508 33.987439
 213.600000 0.169570 38.052947 33.987439
 213.800000 0.168914 37.972789 33.987439
 214.000000 0.174643 38.592149 33.987439
 214.200000 0.161409 37.186277 33.987439
 214.400000 0.159791 36.939681 33.987439
 214.600000 0.167839 38.121179 33.987439
 214.800000 0.165359 37.773473 33.987439
 215.000000 0.160674 37.074648 35.017290
 215.200000 0.169808 38.658058 35.017290
 215.400000 0.173941 39.068534 35.017290
 215.600000 0.166883 38.297791 35.017290
 215.800000 0.174403 39.104962 35.017290
 216.000000 0.184176 39.203523 35.017290
 216.200000 0.202437 35.707508 35.017290
 216.400000 0.204409 35.147603 35.017290
 216.600000 0.204770 35.045384 35.017290
 216.800000 0.202819 35.598835 35.017290
 217.000000 0.185555 39.395840 35.017290
 217.200000 0.173359 39.472028 35.017290
 217.400000 0.159124 37.309632 35.017290
 217.600000 0.146791 34.921280 35.017290
 217.800000 0.145876 34.714128 35.017290
 218.000000 0.151441 35.896538 35.017290
 218.200000 0.168278 38.992801 35.017290
 218.400000 0.183426 39.890209 35.017290
 218.600000 0.182264 39.942921 35.017290
 218.800000 0.187137 39.542637 35.017290
 219.000000 0.184199 39.840538 35.017290
 219.200000 0.183854 40.160765 35.017290
 219.400000 0.167940 39.111919 35.017290
 219.600000 0.157954 37.491253 35.017290
 219.800000 0.161528 38.096330 35.017290
 220.000000 0.167931 39.110493 36.015790
 220.200000 0.183001 40.393060 36.015790
 220.400000 0.199037 37.082682 36.015790
 220.600000 0.221811 30.624372 36.015790
 220.800000 0.216649 31.919959 36.015790
 221.000000 0.215714 32.166512 36.015790
 221.200000 0.221369 31.119457 36.015790
 221.400000 0.229823 29.159484 36.015790
 221.600000 0.214542 32.896523 36.015790
 221.800000 0.223430 30.609096 36.015790
 222.000000 0.238894 27.634361 36.015790
 222.200000 0.255933 25.660475 36.015790
 222.400000 0.233676 28.912670 36.015790
 222.600000 0.218537 32.045644 36.015790
 222.800000 0.229137 29.715147 36.015790
 223.000000 0.222785 31.053921 36.015790
 223.200000 0.232455 29.471066 36.015790
 223.400000 0.215698 33.134612 36.015790
 223.600000 0.211073 34.251612 36.015790
 223.800000 0.210611 34.366418 36.015790
 224.000000 0.228843 30.176194 36.015790
 224.200000 0.234813 29.472312 36.015790
 224.400000 0.215370 33.517180 36.015790
 224.600000 0.208734 35.024690 36.015790
 224.800000 0.212847 34.075429 36.015790
 225.000000 0.205092 35.921671 36.225090
 225.200000 0.205266 36.230783 36.225090
 225.400000 0.199654 37.676274 36.225090
 225.600000 0.207302 35.720243 36.225090
 225.800000 0.200847 37.368674 36.225090
 226.000000 0.198199 38.047104 36.225090
 226.200000 0.189023 40.256460 36.225090
 226.400000 0.187849 40.407539 36.225090
 226.600000 0.196490 38.790264 36.225090
 226.800000 0.219996 32.839341 36.225090
 227.000000 0.195850 38.943209 36.225090
 227.200000 0.183664 40.958355 36.225090
 227.400000 0.196306 39.143321 36.225090
 227.600000 0.198472 38.603507 36.225090
 227.800000 0.214031 34.439170 36.225090
 228.000000 0.224727 31.762232 36.225090
 228.200000 0.217361 33.963604 36.225090
 228.400000 0.215843 34.330483 36.225090
 228.600000 0.224129 32.331289 36.225090
 228.800000 0.235233 29.798668 36.225090
 229.000000 0.231784 30.539177 36.225090
 229.200000 0.196053 39.297016 36.225090
 229.400000 0.203752 37.423144 36.225090
 229.600000 0.209751 35.970247 36.225090
 229.800000 0.203410 37.508388 36.225090
 230.000000 0.207530 36.497191 36.722921
 230.200000 0.204698 37.526472 36.722921
 230.400000 0.205994 37.211968 36.722921
 230.600000 0.196257 39.510353 36.722921
 230.800000 0.179520 40.969659 36.722921
 231.000000 0.158100 37.787422 36.722921
 231.200000 0.139737 33.669744 36.722921
 231.400000 0.133333 31.747509 36.722921
 231.600000 0.143543 34.763024 36.722921
 231.800000 0.160463 38.547517 36.722921
 232.000000 0.160389 38.534212 36.722921
 232.200000 0.156631 38.134799 36.722921
 232.400000 0.172590 40.685115 36.722921
 232.600000 0.169899 40.352130 36.722921
 232.800000 0.180778 41.257858 36.722921
 233.000000 0.195009 39.806186 36.722921
 233.200000 0.206185 37.394359 36.722921
 233.400000 0.200280 38.889529 36.722921
 233.600000 0.197273 39.607694 36.722921
 233.800000 0.199654 39.043217 36.722921
 234.000000 0.213524 35.561693 36.722921
 234.200000 0.203518 38.361087 36.722921
 234.400000 0.204709 38.072260 36.722921
 234.600000 0.196415 39.988211 36.722921
 234.800000 0.192788 40.668838 36.722921
 235.000000 0.205125 37.970913 37.384470
 235.200000 0.220676 34.315767 37.384470
 235.400000 0.227490 32.465257 37.384470
 235.600000 0.240085 29.354062 37.384470
 235.800000 0.243419 28.630516 37.384470
 236.000000 0.248006 27.650831 37.384470
 236.200000 0.243328 29.136344 37.384470
 236.400000 0.233400 31.240738 37.384470
 236.600000 0.236515 30.548308 37.384470
 236.800000 0.235828 30.697808 37.384470
 237.000000 0.218712 34.916695 37.384470
 237.200000 0.197172 40.240514 37.384470
 237.400000 0.185696 41.614240 37.384470
 237.600000 0.192278 41.051841 37.384470
 237.800000 0.204416 38.706269 37.384470
 238.000000 0.214050 36.451946 37.384470
 238.200000 0.194602 40.849652 37.384470
 238.400000 0.198156 40.245882 37.384470
 238.600000 0.185222 41.681701 37.384470
 238.800000 0.183999 41.691544 37.384470
 239.000000 0.183934 41.691407 37.384470
 239.200000 0.212899 37.116127 37.384470
 239.400000 0.210363 37.726129 37.384470
 239.600000 0.209265 37.984891 37.384470
 239.800000 0.220769 35.079027 37.384470
 240.000000 0.207067 38.494296 37.855543
 240.200000 0.177873 41.711086 37.855543
 240.400000 0.170723 40.774994 37.855543
 240.600000 0.184969 42.064275 37.855543
 240.800000 0.178660 41.784400 37.855543
 241.000000 0.164355 39.695638 37.855543
 241.200000 0.153534 37.754433 37.855543
 241.400000 0.159767 39.117589 37.855543
 241.600000 0.166553 40.381306 37.855543
 241.800000 0.175247 41.645927 37.855543
 242.000000 0.169717 40.895504 37.855543
 242.200000 0.158111 38.987248 37.855543
 242.400000 0.163095 40.018664 37.855543
 242.600000 0.173987 41.767419 37.855543
 242.800000 0.167751 40.862766 37.855543
 243.000000 0.153541 37.914147 37.855543
 243.200000 0.165883 40.770163 37.855543
 243.400000 0.169787 41.368886 37.855543
 243.600000 0.171223 41.563893 37.855543
 243.800000 0.204033 39.517153 37.855543
 244.000000 0.216496 36.473750 37.855543
 244.200000 0.209814 38.487532 37.855543
 244.400000 0.200133 40.548823 37.855543
 244.600000 0.195483 41.380621 37.855543
 244.800000 0.205716 39.403374 37.855543
 245.000000 0.176677 42.160397 38.535827
 245.200000 0.150583 37.525004 38.535827
 245.400000 0.154228 38.493696 38.535827
 245.600000 0.157075 39.183085 38.535827
 245.800000 0.156332 39.008637 38.535827
 246.000000 0.158328 39.468430 38.535827
 246.200000 0.158237 39.749702 38.535827
 246.400000 0.184696 42.723736 38.535827
 246.600000 0.167935 41.569484 38.535827
 246.800000 0.153066 38.479037 38.535827
 247.000000 0.158403 39.786800 38.535827
 247.200000 0.170311 42.124482 38.535827
 247.400000 0.171975 42.314657 38.535827
 247.600000 0.170326 42.126333 38.535827
 247.800000 0.163916 41.176660 38.535827
 248.000000 0.142217 35.294626 38.535827
 248.200000 0.151971 38.745806 38.535827
 248.400000 0.155994 39.757656 38.535827
 248.600000 0.152657 38.929889 38.535827
 248.800000 0.160568 40.715695 38.535827
 249.000000 0.155159 39.561082 38.535827
 249.200000 0.150792 38.706796 38.535827
 249.400000 0.147897 37.825663 38.535827
 249.600000 0.166519 41.926893 38.535827
 249.800000 0.173006 42.611397 38.535827
 250.000000 0.153885 39.546939 39.043261
 250.200000 0.148206 38.203638 39.043261
 250.400000 0.136760 33.979580 39.043261
 250.600000 0.127095 30.481587 39.043261
 250.800000 0.124955 29.818183 39.043261
 251.000000 0.132884 32.498109 39.043261
 251.200000 0.141642 36.215639 39.043261
 251.400000 0.140014 35.612181 39.043261
 251.600000 0.138753 35.136596 39.043261
 251.800000 0.148870 38.648917 39.043261
 252.000000 0.153528 39.915101 39.043261
 252.200000 0.147443 38.482538 39.043261
 252.400000 0.139208 35.496085 39.043261
 252.600000 0.116166 27.742170 39.043261
 252.800000 0.088920 17.653490 39.043261
 253.000000 0.097601 21.954075 39.043261
 253.200000 0.120360 29.066509 39.043261
 253.400000 0.127620 31.192004 39.043261
 253.600000 0.115987 28.005667 39.043261
 253.800000 0.124107 30.094222 39.043261
 254.000000 0.134579 33.709822 39.043261
 254.200000 0.145601 38.167500 39.043261
 254.400000 0.123401 30.184761 39.043261
 254.600000 0.142103 36.955747 39.043261
 254.800000 0.131546 32.948566 39.043261
 255.000000 0.133683 33.755599 39.234930
 255.200000 0.140145 36.588457 39.234930
 255.400000 0.122920 30.341897 39.234930
 255.600000 0.131858 33.451101 39.234930
 255.800000 0.141668 37.135013 39.234930
 256.000000 0.135059 34.672192 39.234930
 256.200000 0.127033 32.019186 39.234930
 256.400000 0.117083 28.851386 39.234930
 256.600000 0.117737 29.036770 39.234930
 256.800000 0.135416 35.182357 39.234930
 257.000000 0.146245 38.933291 39.234930
 257.200000 0.137387 36.189430 39.234930
 257.400000 0.148456 39.853094 39.234930
 257.600000 0.174014 43.022751 39.234930
 257.800000 0.186787 42.755507 39.234930
 258.000000 0.188860 42.543232 39.234930
 258.200000 0.182350 43.278943 39.234930
 258.400000 0.171490 43.051433 39.234930
 258.600000 0.171824 43.070868 39.234930
 258.800000 0.180802 43.312894 39.234930
 259.000000 0.179389 43.320230 39.234930
 259.200000 0.161235 42.299350 39.234930
 259.400000 0.156301 41.581653 39.234930
 259.600000 0.155636 41.467014 39.234930
 259.800000 0.146963 39.477347 39.234930
 260.000000 0.141456 37.705827 39.766962
 260.200000 0.151611 40.921320 39.766962
 260.400000 0.175784 43.523597 39.766962
 260.600000 0.156785 41.855568 39.766962
 260.800000 0.154303 41.447837 39.766962
 261.000000 0.155001 41.569616 39.766962
 261.200000 0.154866 41.821051 39.766962
 261.400000 0.144526 39.274459 39.766962
 261.600000 0.122423 30.708296 39.766962
 261.800000 0.127145 32.451476 39.766962
 262.000000 0.132559 34.652473 39.766962
 262.200000 0.148056 40.543880 39.766962
 262.400000 0.153996 41.800638 39.766962
 262.600000 0.149564 40.910959 39.766962
 262.800000 0.163275 42.934851 39.766962
 263.000000 0.163541 42.957582 39.766962
 263.200000 0.157571 42.572901 39.766962
 263.400000 0.136175 36.564840 39.766962
 263.600000 0.130820 34.326564 39.766962
 263.800000 0.136164 36.560501 39.766962
 264.000000 0.118844 29.781362 39.766962
 264.200000 0.113745 28.636663 39.766962
 264.400000 0.131838 35.072319 39.766962
 264.600000 0.142279 39.044249 39.766962
 264.800000 0.124860 32.346805 39.766962
 265.000000 0.133998 35.939286 40.133327
 265.200000 0.134008 36.296349 40.133327
 265.400000 0.126968 33.461119 40.133327
 265.600000 0.147294 40.802503 40.133327
 265.800000 0.166865 43.495890 40.133327
 266.000000 0.162049 43.149383 40.133327
 266.200000 0.159096 43.117024 40.133327
 266.400000 0.154651 42.515313 40.133327
 266.600000 0.161410 43.349060 40.133327
 266.800000 0.174592 43.986955 40.133327
 267.000000 0.176984 43.989314 40.133327
 267.200000 0.154632 42.593269 40.133327
 267.400000 0.146539 40.787522 40.133327
 267.600000 0.138102 37.965075 40.133327
 267.800000 0.150459 41.772801 40.133327
 268.000000 0.159082 43.236246 40.133327
 268.200000 0.177557 44.348779 40.133327
 268.400000 0.166765 44.152693 40.133327
 268.600000 0.168028 44.216928 40.133327
 268.800000 0.180781 44.220161 40.133327
 269.000000 0.163104 43.898307 40.133327
 269.200000 0.159111 43.733746 40.133327
 269.400000 0.164142 44.228175 40.133327
 269.600000 0.174661 44.563691 40.133327
 269.800000 0.178549 44.465941 40.133327
 270.000000 0.175457 44.554497 40.967785
 270.200000 0.181903 44.480682 40.967785
 270.400000 0.186225 43.992291 40.967785
 270.600000 0.197897 41.663747 40.967785
 270.800000 0.242140 29.645668 40.967785
 271.000000 0.234900 31.459464 40.967785
 271.200000 0.238493 30.944925 40.967785
 271.400000 0.234530 31.990609 40.967785
 271.600000 0.250688 27.911998 40.967785
 271.800000 0.255428 26.728000 40.967785
 272.000000 0.245518 29.195592 40.967785
 272.200000 0.266290 24.533974 40.967785
 272.400000 0.269464 23.943778 40.967785
 272.600000 0.260590 25.793311 40.967785
 272.800000 0.239403 31.151418 40.967785
 273.000000 0.235267 32.168509 40.967785
 273.200000 0.241424 31.049400 40.967785
 273.400000 0.234607 32.752663 40.967785
 273.600000 0.235055 32.639526 40.967785
 273.800000 0.240571 31.262269 40.967785
 274.000000 0.233280 33.089031 40.967785
 274.200000 0.240151 31.727738 40.967785
 274.400000 0.226082 35.311728 40.967785
 274.600000 0.229935 34.339966 40.967785
 274.800000 0.224337 35.743767 40.967785
 275.000000 0.232211 33.761383 40.974283
 275.200000 0.231770 34.262514 40.974283
 275.400000 0.245618 30.522762 40.974283
 275.600000 0.239074 32.357397 40.974283
 275.800000 0.227850 35.240344 40.974283
 276.000000 0.223103 36.367446 40.974283
 276.200000 0.228402 35.429694 40.974283
 276.400000 0.241414 31.883793 40.974283
 276.600000 0.241722 31.794585 40.974283
 276.800000 0.228244 35.469955 40.974283
 277.000000 0.207250 39.889393 40.974283
 277.200000 0.226613 36.007150 40.974283
 277.400000 0.230454 34.990622 40.974283
 277.600000 0.231284 34.765592 40.974283
 277.800000 0.233458 34.168656 40.974283
 278.000000 0.240883 32.060442 40.974283
 278.200000 0.242855 31.896305 40.974283
 278.400000 0.237020 33.576229 40.974283
 278.600000 0.228767 35.744719 40.974283
 278.800000 0.222594 37.203756 40.974283
 279.000000 0.235716 33.933941 40.974283
 279.200000 0.245332 31.448565 40.974283
 279.400000 0.237851 33.727554 40.974283
 279.600000 0.232174 35.251941 40.974283
 279.800000 0.215220 38.870851 40.974283
 280.000000 0.196082 42.468901 41.177433
 280.200000 0.208359 40.269659 41.177433
 280.400000 0.216371 38.769279 41.177433
 280.600000 0.224119 37.191925 41.177433
 280.800000 0.216003 38.839454 41.177433
 281.000000 0.194647 43.014191 41.177433
 281.200000 0.203582 41.419708 41.177433
 281.400000 0.192492 43.668198 41.177433
 281.600000 0.199176 42.350899 41.177433
 281.800000 0.198573 42.477440 41.177433
 282.000000 0.208550 40.400789 41.177433
 282.200000 0.208831 40.633951 41.177433
 282.400000 0.197178 42.983159 41.177433
 282.600000 0.191783 43.944789 41.177433
 282.800000 0.210410 40.318340 41.177433
 283.000000 0.217770 38.817500 41.177433
 283.200000 0.214971 39.706019 41.177433
 283.400000 0.234226 34.973306 41.177433
 283.600000 0.230904 35.908672 41.177433
 283.800000 0.224767 37.521566 41.177433
 284.000000 0.218865 38.893015 41.177433
 284.200000 0.237372 34.193060 41.177433
 284.400000 0.267584 24.507133 41.177433
 284.600000 0.253136 28.825436 41.177433
 284.800000 0.235501 34.770231 41.177433
 285.000000 0.203282 42.129479 41.537962
 285.200000 0.207787 41.583234 41.537962
 285.400000 0.219412 39.232996 41.537962
 285.600000 0.245133 31.658574 41.537962
 285.800000 0.243092 32.354198 41.537962
 286.000000 0.229098 36.704944 41.537962
 286.200000 0.219625 39.462795 41.537962
 286.400000 0.215942 40.232302 41.537962
 286.600000 0.233912 35.607190 41.537962
 286.800000 0.258279 27.109224 41.537962
 287.000000 0.259905 26.582748 41.537962
 287.200000 0.239618 33.977776 41.537962
 287.400000 0.232557 36.124513 41.537962
 287.600000 0.243743 32.645344 41.537962
 287.800000 0.230466 36.726615 41.537962
 288.000000 0.225516 38.072855 41.537962
 288.200000 0.238172 34.655593 41.537962
 288.400000 0.253161 29.452886 41.537962
 288.600000 0.251794 29.943308 41.537962
 288.800000 0.239325 34.280058 41.537962
 289.000000 0.222150 39.216796 41.537962
 289.200000 0.237033 35.207740 41.537962
 289.400000 0.235404 35.743347 41.537962
 289.600000 0.251569 30.068209 41.537962
 289.800000 0.263523 26.057301 41.537962
 290.000000 0.258822 27.506105 41.605492
 290.200000 0.250368 30.945535 41.605492
 290.400000 0.214427 41.046384 41.605492
 290.600000 0.217346 40.533897 41.605492
 290.800000 0.221964 39.588544 41.605492
 291.000000 0.234503 36.172452 41.605492
 291.200000 0.220225 40.187774 41.605492
 291.400000 0.213424 41.339336 41.605492
 291.600000 0.231771 37.338909 41.605492
 291.800000 0.218925 40.434469 41.605492
 292.000000 0.206527 42.303939 41.605492
 292.200000 0.223953 39.531710 41.605492
 292.400000 0.236486 35.939524 41.605492
 292.600000 0.235379 36.292507 41.605492
 292.800000 0.231619 37.448475 41.605492
 293.000000 0.247281 32.265262 41.605492
 293.200000 0.242395 34.375464 41.605492
 293.400000 0.243079 34.146160 41.605492
 293.600000 0.234822 36.762361 41.605492
 293.800000 0.203457 42.998943 41.605492
 294.000000 0.216075 41.192326 41.605492
 294.200000 0.186104 45.041120 41.605492
 294.400000 0.162638 44.334802 41.605492
 294.600000 0.170214 44.943205 41.605492
 294.800000 0.176264 45.184584 41.605492
 295.000000 0.188884 44.855243 41.913605
 295.200000 0.179722 45.417689 41.913605
 295.400000 0.174397 45.280819 41.913605
 295.600000 0.170819 45.091047 41.913605
 295.800000 0.181440 45.415767 41.913605
 296.000000 0.164730 44.608135 41.913605
 296.200000 0.167511 45.091965 41.913605
 296.400000 0.178490 45.561607 41.913605
 296.600000 0.180338 45.559416 41.913605
 296.800000 0.172592 45.402561 41.913605
 297.000000 0.175443 45.508501 41.913605
 297.200000 0.170472 45.510120 41.913605
 297.400000 0.165871 45.143359 41.913605
 297.600000 0.189182 45.283452 41.913605
 297.800000 0.194921 44.604315 41.913605
 298.000000 0.181638 45.752373 41.913605
 298.200000 0.178165 46.007935 41.913605
 298.400000 0.179971 46.008778 41.913605
 298.600000 0.167448 45.432556 41.913605
 298.800000 0.174028 45.892230 41.913605
 299.000000 0.194024 44.885596 41.913605
 299.200000 0.194568 45.045619 41.913605
 299.400000 0.191812 45.414889 41.913605
 299.600000 0.174697 46.023862 41.913605
 299.800000 0.164144 45.109632 41.913605
 300.000000 0.187993 45.819308 42.653366
 300.200000 0.178693 46.339287 42.653366
 300.400000 0.175780 46.235166 42.653366
 300.600000 0.173231 46.083843 42.653366
 300.800000 0.188312 46.018482 42.653366
 301.000000 0.177318 46.300375 42.653366
 301.200000 0.180986 46.576967 42.653366
 301.400000 0.171600 46.168279 42.653366
 301.600000 0.166420 45.626312 42.653366
 301.800000 0.172265 46.223750 42.653366
 302.000000 0.154268 43.505568 42.653366
 302.200000 0.159603 44.839029 42.653366
 302.400000 0.159880 44.886340 42.653366
 302.600000 0.151140 42.961821 42.653366
 302.800000 0.166037 45.763479 42.653366
 303.000000 0.175841 46.548858 42.653366
 303.200000 0.174780 46.719401 42.653366
 303.400000 0.179088 46.846580 42.653366
 303.600000 0.180008 46.846744 42.653366
 303.800000 0.196940 45.061890 42.653366
 304.000000 0.214671 41.933065 42.653366
 304.200000 0.208100 43.322388 42.653366
 304.400000 0.193069 45.813187 42.653366
 304.600000 0.187342 46.514966 42.653366
 304.800000 0.205805 43.699280 42.653366
 305.000000 0.182888 46.807342 43.276480
 305.200000 0.163693 45.721307 43.276480
 305.400000 0.166388 46.103952 43.276480
 305.600000 0.176718 47.011759 43.276480
 305.800000 0.202465 44.350971 43.276480
 306.000000 0.216223 41.929803 43.276480
 306.200000 0.214045 42.609095 43.276480
 306.400000 0.203475 44.360526 43.276480
 306.600000 0.177730 47.055599 43.276480
 306.800000 0.180952 47.089579 43.276480
 307.000000 0.198610 45.175582 43.276480
 307.200000 0.203246 44.621414 43.276480
 307.400000 0.200765 45.044608 43.276480
 307.600000 0.189473 46.739442 43.276480
 307.800000 0.174173 46.943048 43.276480
 308.000000 0.193697 46.195372 43.276480
 308.200000 0.203342 44.786733 43.276480
 308.400000 0.207704 44.011325 43.276480
 308.600000 0.229529 38.864430 43.276480
 308.800000 0.226797 39.699030 43.276480
 309.000000 0.241514 34.857177 43.276480
 309.200000 0.236560 36.916438 43.276480
 309.400000 0.225660 40.243860 43.276480
 309.600000 0.218620 41.974772 43.276480
 309.800000 0.238064 36.414788 43.276480
 310.000000 0.278197 22.995512 43.580596
 310.200000 0.287282 20.707276 43.580596
 310.400000 0.293305 18.062585 43.580596
 310.600000 0.296740 16.369853 43.580596
 310.800000 0.303959 12.659446 43.580596
 311.000000 0.317068 6.549549 43.580596
 311.200000 0.328779 3.670307 43.580596
 311.400000 0.326811 4.276747 43.580596
 311.600000 0.333945 2.319736 43.580596
 311.800000 0.314257 9.015246 43.580596
 312.000000 0.333211 2.488912 43.580596
 312.200000 0.338078 2.994272 43.580596
 312.400000 0.336182 3.386848 43.580596
 312.600000 0.319584 7.894295 43.580596
 312.800000 0.320555 7.581010 43.580596
 313.000000 0.337737 3.062760 43.580596
 313.200000 0.357616 1.122007 43.580596
 313.400000 0.369793 0.230757 43.580596
 313.600000 0.371372 0.179309 43.580596
 313.800000 0.353951 1.601034 43.580596
 314.000000 0.341490 3.833817 43.580596
 314.200000 0.335139 6.466782 43.580596
 314.400000 0.345083 4.560043 43.580596
 314.600000 0.354091 2.616506 43.580596
 314.800000 0.351419 3.175180 43.580596
 315.000000 0.358252 1.838148 43.553061
 315.200000 0.347422 5.291471 43.553061
 315.400000 0.332996 7.202998 43.553061
 315.600000 0.342125 6.084272 43.553061
 315.800000 0.356515 3.748783 43.553061
 316.000000 0.361250 2.946445 43.553061
 316.200000 0.355897 5.295207 43.553061
 316.400000 0.344733 6.544208 43.553061
 316.600000 0.360742 4.564415 43.553061
 316.800000 0.356985 5.141595 43.553061
 317.000000 0.368318 3.245499 43.553061
 317.200000 0.384591 1.668514 43.553061
 317.400000 0.389444 1.009717 43.553061
 317.600000 0.376158 3.222360 43.553061
 317.800000 0.376238 3.206149 43.553061
 318.000000 0.393455 0.620747 43.553061
 318.200000 0.399540 1.828160 43.553061
 318.400000 0.394189 2.263927 43.553061
 318.600000 0.368942 5.091616 43.553061
 318.800000 0.359155 6.194500 43.553061
 319.000000 0.356246 6.416615 43.553061
 319.200000 0.348046 7.983846 43.553061
 319.400000 0.337309 7.896386 43.553061
 319.600000 0.332757 7.953172 43.553061
 319.800000 0.335682 7.901858 43.553061
 320.000000 0.338696 7.901509 43.526867
 320.200000 0.328425 9.137222 43.526867
 320.400000 0.332843 9.091116 43.526867
 320.600000 0.322027 9.531812 43.526867
 320.800000 0.299869 15.702748 43.526867
 321.000000 0.311093 11.638049 43.526867
 321.200000 0.307399 13.805567 43.526867
 321.400000 0.295430 18.205740 43.526867
 321.600000 0.311720 12.504003 43.526867
 321.800000 0.328712 9.651791 43.526867
 322.000000 0.333458 9.434528 43.526867
 322.200000 0.312363 12.754735 43.526867
 322.400000 0.318322 11.640875 43.526867
 322.600000 0.339131 10.384734 43.526867
 322.800000 0.335088 10.534346 43.526867
 323.000000 0.333432 10.584812 43.526867
 323.200000 0.329848 11.761972 43.526867
 323.400000 0.317818 12.350282 43.526867
 323.600000 0.326398 11.835022 43.526867
 323.800000 0.315520 12.636510 43.526867
 324.000000 0.323761 11.921225 43.526867
 324.200000 0.330277 12.689563 43.526867
 324.400000 0.317501 13.328232 43.526867
 324.600000 0.336572 12.267573 43.526867
 324.800000 0.359767 8.414408 43.526867
 325.000000 0.368655 6.377225 43.500568
 325.200000 0.366808 8.116361 43.500568
 325.400000 0.339954 12.122421 43.500568
 325.600000 0.319337 13.189992 43.500568
 325.800000 0.277298 23.975095 43.500568
 326.000000 0.264101 27.179975 43.500568
 326.200000 0.286816 21.576554 43.500568
 326.400000 0.303953 15.741340 43.500568
 326.600000 0.312098 13.973985 43.500568
 326.800000 0.319230 13.197238 43.500568
 327.000000 0.309091 14.510337 43.500568
 327.200000 0.310988 15.065811 43.500568
 327.400000 0.298659 18.110007 43.500568
 327.600000 0.311144 15.037853 43.500568
 327.800000 0.335289 12.683860 43.500568
 328.000000 0.322594 13.621885 43.500568
 328.200000 0.314914 15.276993 43.500568
 328.400000 0.324549 14.417532 43.500568
 328.600000 0.327128 14.202287 43.500568
 328.800000 0.304667 16.890751 43.500568
 329.000000 0.298784 18.341117 43.500568
 329.200000 0.313341 15.942465 43.500568
 329.400000 0.313830 15.868141 43.500568
 329.600000 0.301096 18.490768 43.500568
 329.800000 0.305558 17.404070 43.500568
 330.000000 0.321144 14.947895 43.475364
 330.200000 0.307263 17.622562 43.475364
 330.400000 0.300465 19.004216 43.475364
 330.600000 0.302017 18.650283 43.475364
 330.800000 0.300891 18.904954 43.475364
 331.000000 0.297826 19.648263 43.475364
 331.200000 0.295700 20.920242 43.475364
 331.400000 0.303603 18.988221 43.475364
 331.600000 0.321540 16.012251 43.475364
 331.800000 0.331572 14.609842 43.475364
 332.000000 0.320518 16.145907 43.475364
 332.200000 0.303832 19.395629 43.475364
 332.400000 0.305722 19.055343 43.475364
 332.600000 0.296152 21.030977 43.475364
 332.800000 0.297097 20.813643 43.475364
 333.000000 0.302609 19.631120 43.475364
 333.200000 0.309598 19.089710 43.475364
 333.400000 0.307160 19.510896 43.475364
 333.600000 0.289710 23.039770 43.475364
 333.800000 0.267813 26.915253 43.475364
 334.000000 0.281814 24.476899 43.475364
 334.200000 0.270209 26.843665 43.475364
 334.400000 0.298482 21.520530 43.475364
 334.600000 0.299515 21.280991 43.475364
 334.800000 0.306686 19.743232 43.475364
 335.000000 0.309536 19.205750 43.450209
 335.200000 0.321957 17.665981 43.450209
 335.400000 0.295749 22.650420 43.450209
 335.600000 0.289343 23.931238 43.450209
 335.800000 0.278910 25.608103 43.450209
 336.000000 0.270806 26.765790 43.450209
 336.200000 0.266318 28.131391 43.450209
 336.400000 0.278220 26.171801 43.450209
 336.600000 0.276932 26.363518 43.450209
 336.800000 0.272398 27.041783 43.450209
 337.000000 0.263874 28.677072 43.450209
 337.200000 0.268567 28.152117 43.450209
 337.400000 0.276262 26.809075 43.450209
 337.600000 0.263189 29.329462 43.450209
 337.800000 0.263086 29.354597 43.450209
 338.000000 0.277610 26.583376 43.450209
 338.200000 0.281950 26.330755 43.450209
 338.400000 0.295821 23.072507 43.450209
 338.600000 0.301162 21.786596 43.450209
 338.800000 0.301903 21.617260 43.450209
 339.000000 0.316573 18.699303 43.450209
 339.200000 0.300672 22.333163 43.450209
 339.400000 0.292120 24.200066 43.450209
 339.600000 0.287686 25.202381 43.450209
 339.800000 0.293898 23.795001 43.450209
 340.000000 0.278895 26.929084 43.426855
 340.200000 0.264429 29.729509 43.426855
 340.400000 0.285068 26.248029 43.426855
 340.600000 0.297955 23.132751 43.426855
 340.800000 0.291551 24.699110 43.426855
 341.000000 0.294734 23.908145 43.426855
 341.200000 0.311371 20.765601 43.426855
 341.400000 0.308092 21.441092 43.426855
 341.600000 0.308472 21.362036 43.426855
 341.800000 0.283990 26.948748 43.426855
 342.000000 0.282535 27.216385 43.426855
 342.200000 0.298041 24.006039 43.426855
 342.400000 0.304365 22.414965 43.426855
 342.600000 0.309628 21.224539 43.426855
 342.800000 0.323294 18.209192 43.426855
 343.000000 0.316220 19.805135 43.426855
 343.200000 0.307845 22.236805 43.426855
 343.400000 0.279901 28.200290 43.426855
 343.600000 0.265207 29.938592 43.426855
 343.800000 0.263005 30.293738 43.426855
 344.000000 0.277792 28.478839 43.426855
 344.200000 0.282102 28.337811 43.426855
 344.400000 0.265205 30.284646 43.426855
 344.600000 0.264484 30.381068 43.426855
 344.800000 0.261513 30.837123 43.426855
 345.000000 0.267971 29.958070 43.403580
 345.200000 0.293874 25.731017 43.403580
 345.400000 0.302725 23.446554 43.403580
 345.600000 0.304800 22.972277 43.403580
 345.800000 0.304074 23.135217 43.403580
 346.000000 0.301847 23.655434 43.403580
 346.200000 0.313860 21.500758 43.403580
 346.400000 0.331709 16.586302 43.403580
 346.600000 0.326543 18.146362 43.403580
 346.800000 0.297452 25.350394 43.403580
 347.000000 0.291862 26.769873 43.403580
 347.200000 0.268533 30.568232 43.403580
 347.400000 0.280094 29.593795 43.403580
 347.600000 0.304183 24.092098 43.403580
 347.800000 0.315174 21.345556 43.403580
 348.000000 0.287897 28.238943 43.403580
 348.200000 0.277863 30.242559 43.403580
 348.400000 0.266747 30.905675 43.403580
 348.600000 0.264808 31.070584 43.403580
 348.800000 0.276240 30.363901 43.403580
 349.000000 0.268978 30.757368 43.403580
 349.200000 0.287963 28.921091 43.403580
 349.400000 0.296877 26.491931 43.403580
 349.600000 0.269873 31.151367 43.403580
 349.800000 0.269502 31.172035 43.403580
 350.000000 0.276982 30.696903 43.381061
 350.200000 0.286834 29.540646 43.381061
 350.400000 0.270259 31.533334 43.381061
 350.600000 0.274055 31.352850 43.381061
 350.800000 0.278390 31.006349 43.381061
 351.000000 0.289646 28.818091 43.381061
 351.200000 0.297469 26.917161 43.381061
 351.400000 0.295509 27.545753 43.381061
 351.600000 0.299595 26.232132 43.381061
 351.800000 0.310146 23.011843 43.381061
 352.000000 0.313248 22.122455 43.381061
 352.200000 0.302029 25.949039 43.381061
 352.400000 0.307583 24.368185 43.381061
 352.600000 0.299532 26.682144 43.381061
 352.800000 0.298294 27.048125 43.381061
 353.000000 0.299382 26.726504 43.381061
 353.200000 0.291246 29.533001 43.381061
 353.400000 0.282970 31.169053 43.381061
 353.600000 0.283630 31.076768 43.381061
 353.800000 0.290690 29.671545 43.381061
 354.000000 0.300390 26.959998 43.381061
 354.200000 0.287506 30.758053 43.381061
 354.400000 0.290805 30.072394 43.381061
 354.600000 0.312101 23.860238 43.381061
 354.800000 0.305989 25.789730 43.381061
 355.000000 0.290566 30.126819 43.358358
 355.200000 0.279066 32.099799 43.358358
 355.400000 0.272285 32.116937 43.358358
 355.600000 0.266534 32.075393 43.358358
 355.800000 0.260580 32.365627 43.358358
 356.000000 0.247479 34.528866 43.358358
 356.200000 0.252803 33.789531 43.358358
 356.400000 0.263459 32.382265 43.358358
 356.600000 0.274318 32.221570 43.358358
 356.800000 0.279417 32.124273 43.358358
 357.000000 0.260396 32.641036 43.358358
 357.200000 0.249139 34.845660 43.358358
 357.400000 0.271944 32.513802 43.358358
 357.600000 0.272092 32.512415 43.358358
 357.800000 0.280209 32.252506 43.358358
 358.000000 0.283526 31.924984 43.358358
 358.200000 0.270730 32.819047 43.358358
 358.400000 0.244185 35.915383 43.358358
 358.600000 0.233689 38.425570 43.358358
 358.800000 0.241290 36.570348 43.358358
 359.000000 0.260957 33.128584 43.358358
 359.200000 0.261395 33.492703 43.358358
 359.400000 0.245792 35.804255 43.358358
 359.600000 0.235996 37.944310 43.358358
 359.800000 0.251220 34.804506 43.358358
 360.000000 0.260241 33.591863 43.346150
 360.200000 0.271338 33.435415 43.346150
 360.400000 0.272442 33.409721 43.346150
 360.600000 0.272961 33.396769 43.346150
 360.800000 0.280008 33.019986 43.346150
 361.000000 0.297124 29.189860 43.346150
 361.200000 0.303837 27.372815 43.346150
 361.400000 0.313864 23.729887 43.346150
 361.600000 0.330383 17.556986 43.346150
 361.800000 0.343755 13.162812 43.346150
 362.000000 0.338159 14.851415 43.346150
 362.200000 0.314001 23.924783 43.346150
 362.400000 0.292932 30.942262 43.346150
 362.600000 0.293242 30.855477 43.346150
 362.800000 0.302146 28.018275 43.346150
 363.000000 0.318572 22.359862 43.346150
 363.200000 0.308663 26.288331 43.346150
 363.400000 0.318440 23.051258 43.346150
 363.600000 0.336817 16.500486 43.346150
 363.800000 0.332264 18.136833 43.346150
 364.000000 0.318336 23.086528 43.346150
 364.200000 0.323341 21.941798 43.346150
 364.400000 0.322260 22.334846 43.346150
 364.600000 0.317080 24.135433 43.346150
 364.800000 0.318390 23.693942 43.346150
 365.000000 0.315758 24.572743 43.323048
 365.200000 0.320882 23.380205 43.323048
 365.400000 0.327306 20.893882 43.323048
 365.600000 0.346026 13.654228 43.323048
 365.800000 0.345684 13.765086 43.323048
 366.000000 0.346177 13.605632 43.323048
 366.200000 0.342595 15.746251 43.323048
 366.400000 0.337336 17.606859 43.323048
 366.600000 0.358959 10.852290 43.323048
 366.800000 0.389031 3.345354 43.323048
 367.000000 0.384109 4.209453 43.323048
 367.200000 0.377247 7.076365 43.323048
 367.400000 0.381256 6.234049 43.323048
 367.600000 0.386662 5.164930 43.323048
 367.800000 0.375368 7.484212 43.323048
 368.000000 0.391735 4.223541 43.323048
 368.200000 0.386648 6.536383 43.323048
 368.400000 0.377905 7.882420 43.323048
 368.600000 0.367026 9.727492 43.323048
 368.800000 0.340478 16.500236 43.323048
 369.000000 0.334600 18.616150 43.323048
 369.200000 0.357244 11.956275 43.323048
 369.400000 0.351647 13.467476 43.323048
 369.600000 0.335707 18.970331 43.323048
 369.800000 0.356254 12.205645 43.323048
 370.000000 0.362514 10.731343 43.298892
 370.200000 0.360841 12.181032 43.298892
 370.400000 0.347706 15.354219 43.298892
 370.600000 0.337213 18.671827 43.298892
 370.800000 0.329463 21.341163 43.298892
 371.000000 0.342011 17.076000 43.298892
 371.200000 0.341087 18.191494 43.298892
 371.400000 0.347969 16.036216 43.298892
 371.600000 0.339276 18.778563 43.298892
 371.800000 0.319491 24.816820 43.298892
 372.000000 0.336219 19.771050 43.298892
 372.200000 0.353458 14.839361 43.298892
 372.400000 0.360140 12.930230 43.298892
 372.600000 0.350521 15.746871 43.298892
 372.800000 0.345263 17.468146 43.298892
 373.000000 0.347471 16.732923 43.298892
 373.200000 0.368961 10.939564 43.298892
 373.400000 0.371622 10.226212 43.298892
 373.600000 0.357371 14.366622 43.298892
 373.800000 0.358026 14.162525 43.298892
 374.000000 0.391266 5.941064 43.298892
 374.200000 0.398314 5.644367 43.298892
 374.400000 0.392074 7.116652 43.298892
 374.600000 0.385382 8.364099 43.298892
 374.800000 0.366740 11.912365 43.298892
 375.000000 0.367260 11.785265 43.275275
 375.200000 0.370962 11.939234 43.275275
 375.400000 0.366554 12.992323 43.275275
 375.600000 0.351488 16.876457 43.275275
 375.800000 0.351465 16.882845 43.275275
 376.000000 0.346088 18.411721 43.275275
 376.200000 0.366147 13.405989 43.275275
 376.400000 0.385970 8.760258 43.275275
 376.600000 0.390533 7.749101 43.275275
 376.800000 0.374685 11.219994 43.275275
 377.000000 0.360893 14.871091 43.275275
 377.200000 0.374560 11.844849 43.275275
 377.400000 0.379414 10.572516 43.275275
 377.600000 0.375112 11.694720 43.275275
 377.800000 0.385436 9.109402 43.275275
 378.000000 0.403222 4.411946 43.275275
 378.200000 0.424899 0.953355 43.275275
 378.400000 0.437868 0.133456 43.275275
 378.600000 0.410199 3.883020 43.275275
 378.800000 0.386848 9.563500 43.275275
 379.000000 0.400811 6.514102 43.275275
 379.200000 0.417082 2.940751 43.275275
 379.400000 0.425841 1.171407 43.275275
 379.600000 0.428269 0.859570 43.275275
 379.800000 0.408530 5.490328 43.275275
 380.000000 0.387924 10.272360 43.252065
 380.200000 0.378300 12.538584 43.252065
 380.400000 0.376498 12.793826 43.252065
 380.600000 0.370508 13.845203 43.252065
 380.800000 0.387263 11.464439 43.252065
 381.000000 0.426042 1.184664 43.252065
 381.200000 0.430737 2.208496 43.252065
 381.400000 0.419699 3.936315 43.252065
 381.600000 0.405545 7.641153 43.252065
 381.800000 0.393532 10.626923 43.252065
 382.000000 0.385569 11.710186 43.252065
 382.200000 0.376430 13.670123 43.252065
 382.400000 0.378131 13.486677 43.252065
 382.600000 0.365911 15.285833 43.252065
 382.800000 0.378070 13.493041 43.252065
 383.000000 0.362134 16.049958 43.252065
 383.200000 0.340252 21.476829 43.252065
 383.400000 0.343310 20.847591 43.252065
 383.600000 0.338644 21.803454 43.252065
 383.800000 0.350485 19.350926 43.252065
 384.000000 0.388461 12.579063 43.252065
 384.200000 0.387988 13.651382 43.252065
 384.400000 0.387441 13.732107 43.252065
 384.600000 0.401586 10.071801 43.252065
 384.800000 0.415730 5.135064 43.252065
 385.000000 0.401493 10.105119 43.229108
 385.200000 0.386911 14.501295 43.229108
 385.400000 0.374513 15.375545 43.229108
 385.600000 0.358522 17.823079 43.229108
 385.800000 0.360456 17.460253 43.229108
 386.000000 0.357951 17.931439 43.229108
 386.200000 0.362821 17.776348 43.229108
 386.400000 0.367703 16.855422 43.229108
 386.600000 0.382241 15.049615 43.229108
 386.800000 0.379459 15.284463 43.229108
 387.000000 0.367802 16.837685 43.229108
 387.200000 0.375139 16.459643 43.229108
 387.400000 0.366382 17.920170 43.229108
 387.600000 0.358838 19.240372 43.229108
 387.800000 0.359887 19.066041 43.229108
 388.000000 0.358361 19.318341 43.229108
 388.200000 0.351360 21.046272 43.229108
 388.400000 0.367121 18.410635 43.229108
 388.600000 0.373888 17.076326 43.229108
 388.800000 0.358806 19.985378 43.229108
 389.000000 0.332975 23.353891 43.229108
 389.200000 0.348685 21.728892 43.229108
 389.400000 0.373724 17.120536 43.229108
 389.600000 0.358971 20.094722 43.229108
 389.800000 0.341006 22.822807 43.229108
 390.000000 0.328314 24.654667 43.206580
 390.200000 0.327811 25.312338 43.206580
 390.400000 0.318719 26.614569 43.206580
 390.600000 0.294223 31.226099 43.206580
 390.800000 0.299689 30.017877 43.206580
 391.000000 0.331030 24.829129 43.206580
 391.200000 0.357222 20.620807 43.206580
 391.400000 0.355072 21.041074 43.206580
 391.600000 0.354953 21.064004 43.206580
 391.800000 0.383956 15.539938 43.206580
 392.000000 0.376480 16.644270 43.206580
 392.200000 0.352903 21.696891 43.206580
 392.400000 0.371202 18.414859 43.206580
 392.600000 0.369584 18.720008 43.206580
 392.800000 0.354928 21.364780 43.206580
 393.000000 0.329169 25.689694 43.206580
 393.200000 0.327304 26.503150 43.206580
 393.400000 0.348996 22.577247 43.206580
 393.600000 0.346533 23.052232 43.206580
 393.800000 0.336364 25.051537 43.206580
 394.000000 0.341425 24.068076 43.206580
 394.200000 0.373240 18.109388 43.206580
 394.400000 0.381290 16.720458 43.206580
 394.600000 0.380380 16.867478 43.206580
 394.800000 0.381520 16.683269 43.206580
 395.000000 0.371676 18.413219 43.184516
 395.200000 0.376208 18.302516 43.184516
 395.400000 0.399269 12.511812 43.184516
 395.600000 0.411302 7.502329 43.184516
 395.800000 0.442884 0.975749 43.184516
 396.000000 0.453876 0.296683 43.184516
 396.200000 0.450811 2.125561 43.184516
 396.400000 0.425895 3.533140 43.184516
 396.600000 0.436093 2.529121 43.184516
 396.800000 0.428147 3.213535 43.184516
 397.000000 0.414905 6.220051 43.184516
 397.200000 0.439066 2.761713 43.184516
 397.400000 0.442076 2.569037 43.184516
 397.600000 0.431864 3.517741 43.184516
 397.800000 0.410045 9.285216 43.184516
 398.000000 0.405546 10.999595 43.184516
 398.200000 0.410402 10.168884 43.184516
 398.400000 0.417243 7.579952 43.184516
 398.600000 0.421753 6.102273 43.184516
 398.800000 0.410942 9.955908 43.184516
 399.000000 0.398819 14.400677 43.184516
 399.200000 0.435900 3.214066 43.184516
 399.400000 0.445203 2.454610 43.184516
 399.600000 0.430992 3.986887 43.184516
 399.800000 0.413006 9.738643 43.184516
 400.000000 0.422791 6.053704 43.161758
