#! FIELDS time d metad.bias metad.rct
 0.000000 0.067446 0.000000 0.000000
 0.200000 0.068480 0.000000 0.000000
 0.400000 0.051389 0.000000 0.000000
 0.600000 0.066317 0.000000 0.000000
 0.800000 0.065408 0.000000 0.000000
 1.000000 0.037427 0.000000 0.000000
 1.200000 0.034857 1.724469 0.000000
 1.400000 0.036550 1.746997 0.000000
 1.600000 0.036698 1.747924 0.000000
 1.800000 0.042364 1.657544 0.000000
 2.000000 0.053262 1.000940 0.000000
 2.200000 0.062970 1.764712 0.000000
 2.400000 0.057118 2.356516 0.000000
 2.600000 0.046554 2.967784 0.000000
 2.800000 0.046840 2.963423 0.000000
 3.000000 0.071277 0.946028 0.000000
 3.200000 0.062091 3.247598 0.000000
 3.400000 0.056620 3.441734 0.000000
 3.600000 0.044880 3.331762 0.000000
 3.800000 0.036217 2.726588 0.000000
 4.000000 0.051543 3.489633 0.000000
 4.200000 0.052619 4.985080 0.000000
 4.400000 0.043627 4.574689 0.000000
 4.600000 0.034824 3.396403 0.000000
 4.800000 0.037259 3.772002 0.000000
 5.000000 0.058341 4.747441 1.615771
 5.200000 0.077117 3.068439 1.615771
 5.400000 0.069030 4.664049 1.615771
 5.600000 0.049302 6.128271 1.615771
 5.800000 0.044528 5.584383 1.615771
 6.000000 0.064933 5.383167 1.615771
 6.200000 0.089346 1.490053 1.615771
 6.400000 0.073903 4.855409 1.615771
 6.600000 0.046766 6.538332 1.615771
 6.800000 0.047994 6.737857 1.615771
 7.000000 0.061332 7.219200 1.615771
 7.200000 0.062075 8.410880 1.615771
 7.400000 0.053256 8.427535 1.615771
 7.600000 0.053674 8.469956 1.615771
 7.800000 0.040302 5.710931 1.615771
 8.000000 0.036184 4.609615 1.615771
 8.200000 0.034278 5.527933 1.615771
 8.400000 0.048097 8.651421 1.615771
 8.600000 0.039656 6.925135 1.615771
 8.800000 0.045066 8.131155 1.615771
 9.000000 0.052953 9.156038 1.615771
 9.200000 0.069142 7.848136 1.615771
 9.400000 0.055378 10.376250 1.615771
 9.600000 0.048967 9.897437 1.615771
 9.800000 0.040239 7.879890 1.615771
 10.000000 0.053867 10.359820 5.191893
 10.200000 0.050397 11.167398 5.191893
 10.400000 0.039843 8.476701 5.191893
 10.600000 0.027804 4.350520 5.191893
 10.800000 0.033989 6.429986 5.191893
 11.000000 0.031970 5.725636 5.191893
 11.200000 0.053344 11.931823 5.191893
 11.400000 0.056548 11.783567 5.191893
 11.600000 0.080525 4.250011 5.191893
 11.800000 0.103440 0.257131 5.191893
 12.000000 0.098087 0.602633 5.191893
 12.200000 0.081754 4.782129 5.191893
 12.400000 0.084619 4.113253 5.191893
 12.600000 0.081242 4.914589 5.191893
 12.800000 0.076980 6.158947 5.191893
 13.000000 0.097836 2.328374 5.191893
 13.200000 0.096863 3.990015 5.191893
 13.400000 0.082914 5.456836 5.191893
 13.600000 0.070988 8.506368 5.191893
 13.800000 0.068998 9.121205 5.191893
 14.000000 0.085460 5.062025 5.191893
 14.200000 0.079563 7.418278 5.191893
 14.400000 0.095383 5.233508 5.191893
 14.600000 0.095132 5.265884 5.191893
 14.800000 0.085687 6.427835 5.191893
 15.000000 0.074602 8.489540 6.770065
 15.200000 0.068137 11.191661 6.770065
 15.400000 0.054532 12.608653 6.770065
 15.600000 0.089466 6.684173 6.770065
 15.800000 0.096664 5.467765 6.770065
 16.000000 0.091424 6.357858 6.770065
 16.200000 0.090547 7.819605 6.770065
 16.400000 0.088071 8.206892 6.770065
 16.600000 0.073977 10.506445 6.770065
 16.800000 0.067309 11.727183 6.770065
 17.000000 0.079427 9.539669 6.770065
 17.200000 0.077462 11.009200 6.770065
 17.400000 0.077057 11.075892 6.770065
 17.600000 0.058920 13.137116 6.770065
 17.800000 0.054071 12.915886 6.770065
 18.000000 0.065207 12.790126 6.770065
 18.200000 0.065337 13.766791 6.770065
 18.400000 0.070187 13.098192 6.770065
 18.600000 0.067718 13.476780 6.770065
 18.800000 0.074010 12.404999 6.770065
 19.000000 0.080446 11.103985 6.770065
 19.200000 0.084103 11.374852 6.770065
 19.400000 0.072654 13.594262 6.770065
 19.600000 0.070076 13.956596 6.770065
 19.800000 0.086468 10.818584 6.770065
 20.000000 0.081693 11.908217 9.457880
 20.200000 0.073613 14.333378 9.457880
 20.400000 0.060606 14.877856 9.457880
 20.600000 0.064483 14.986073 9.457880
 20.800000 0.090747 10.578385 9.457880
 21.000000 0.100718 7.172403 9.457880
 21.200000 0.096253 9.985075 9.457880
 21.400000 0.116353 2.998366 9.457880
 21.600000 0.109220 5.299193 9.457880
 21.800000 0.106254 6.385525 9.457880
 22.000000 0.099925 8.729221 9.457880
 22.200000 0.070797 15.002558 9.457880
 22.400000 0.087370 13.245588 9.457880
 22.600000 0.096039 11.201151 9.457880
 22.800000 0.108713 6.480712 9.457880
 23.000000 0.122110 2.047912 9.457880
 23.200000 0.118808 4.456686 9.457880
 23.400000 0.095383 11.720261 9.457880
 23.600000 0.097010 11.291930 9.457880
 23.800000 0.101057 10.097730 9.457880
 24.000000 0.104551 8.957265 9.457880
 24.200000 0.122880 4.027153 9.457880
 24.400000 0.118076 5.432734 9.457880
 24.600000 0.127092 3.002776 9.457880
 24.800000 0.123978 3.740697 9.457880
 25.000000 0.120076 4.818478 10.295820
 25.200000 0.109677 9.445368 10.295820
 25.400000 0.110582 9.165361 10.295820
 25.600000 0.128991 3.788038 10.295820
 25.800000 0.121272 5.878061 10.295820
 26.000000 0.128635 3.875944 10.295820
 26.200000 0.105428 11.152902 10.295820
 26.400000 0.103755 11.545427 10.295820
 26.600000 0.073322 14.998519 10.295820
 26.800000 0.069822 15.128631 10.295820
 27.000000 0.060761 14.972819 10.295820
 27.200000 0.055888 15.262062 10.295820
 27.400000 0.053778 14.848617 10.295820
 27.600000 0.043803 11.880812 10.295820
 27.800000 0.050406 14.013070 10.295820
 28.000000 0.052968 14.666838 10.295820
 28.200000 0.066212 16.633209 10.295820
 28.400000 0.064987 16.687434 10.295820
 28.600000 0.056675 16.276416 10.295820
 28.800000 0.061656 16.700877 10.295820
 29.000000 0.073528 15.968698 10.295820
 29.200000 0.083399 15.515519 10.295820
 29.400000 0.075480 16.593332 10.295820
 29.600000 0.093749 13.863584 10.295820
 29.800000 0.096837 13.258657 10.295820
 30.000000 0.096709 13.285197 12.415237
 30.200000 0.099316 13.678407 12.415237
 30.400000 0.107759 11.390348 12.415237
 30.600000 0.107623 11.430540 12.415237
 30.800000 0.114103 9.497696 12.415237
 31.000000 0.117999 8.361722 12.415237
 31.200000 0.105385 12.925906 12.415237
 31.400000 0.077983 16.743968 12.415237
 31.600000 0.068155 17.469158 12.415237
 31.800000 0.057562 16.911968 12.415237
 32.000000 0.019850 3.316321 12.415237
 32.200000 0.043693 13.135237 12.415237
 32.400000 0.032269 8.889656 12.415237
 32.600000 0.034758 9.801349 12.415237
 32.800000 0.039028 11.401706 12.415237
 33.000000 0.047572 14.483321 12.415237
 33.200000 0.046415 15.010473 12.415237
 33.400000 0.032450 9.506920 12.415237
 33.600000 0.039991 12.571778 12.415237
 33.800000 0.043673 14.015449 12.415237
 34.000000 0.033943 10.107565 12.415237
 34.200000 0.031413 10.194780 12.415237
 34.400000 0.057386 18.014266 12.415237
 34.600000 0.040826 13.910765 12.415237
 34.800000 0.032549 10.657209 12.415237
 35.000000 0.041883 14.294889 13.533097
 35.200000 0.065920 18.332597 13.533097
 35.400000 0.078971 16.807397 13.533097
 35.600000 0.070941 17.788128 13.533097
 35.800000 0.049709 17.515996 13.533097
 36.000000 0.059278 18.617337 13.533097
 36.200000 0.078865 17.144301 13.533097
 36.400000 0.091415 15.525375 13.533097
 36.600000 0.105631 12.872188 13.533097
 36.800000 0.120914 8.721688 13.533097
 37.000000 0.140972 2.855890 13.533097
 37.200000 0.158702 1.115051 13.533097
 37.400000 0.163853 0.626682 13.533097
 37.600000 0.140052 4.620705 13.533097
 37.800000 0.133866 6.170506 13.533097
 38.000000 0.134647 5.973083 13.533097
 38.200000 0.146484 4.116131 13.533097
 38.400000 0.154582 2.210519 13.533097
 38.600000 0.152322 2.683607 13.533097
 38.800000 0.145138 4.476787 13.533097
 39.000000 0.139209 6.108357 13.533097
 39.200000 0.127701 9.909838 13.533097
 39.400000 0.122213 10.691309 13.533097
 39.600000 0.099209 14.418126 13.533097
 39.800000 0.103319 13.698709 13.533097
 40.000000 0.090271 15.695674 14.428009
 40.200000 0.092490 16.275518 14.428009
 40.400000 0.092861 16.223161 14.428009
 40.600000 0.090560 16.529674 14.428009
 40.800000 0.079203 17.758081 14.428009
 41.000000 0.070160 18.821691 14.428009
 41.200000 0.064226 20.080817 14.428009
 41.400000 0.074168 19.071392 14.428009
 41.600000 0.098984 15.308210 14.428009
 41.800000 0.100393 15.007835 14.428009
 42.000000 0.086483 17.412795 14.428009
 42.200000 0.052823 19.277762 14.428009
 42.400000 0.037052 13.666828 14.428009
 42.600000 0.044273 16.685970 14.428009
 42.800000 0.035397 12.916948 14.428009
 43.000000 0.031132 10.950820 14.428009
 43.200000 0.032550 12.676053 14.428009
 43.400000 0.034325 13.476113 14.428009
 43.600000 0.061753 20.472071 14.428009
 43.800000 0.071806 19.902911 14.428009
 44.000000 0.086182 18.259407 14.428009
 44.200000 0.088743 18.658245 14.428009
 44.400000 0.094244 17.601232 14.428009
 44.600000 0.105586 14.537785 14.428009
 44.800000 0.110140 13.297872 14.428009
 45.000000 0.108021 13.858569 16.066774
 45.200000 0.129037 10.098625 16.066774
 45.400000 0.116533 12.660806 16.066774
 45.600000 0.100488 16.831349 16.066774
 45.800000 0.104627 15.732435 16.066774
 46.000000 0.109988 14.272967 16.066774
 46.200000 0.089384 19.348225 16.066774
 46.400000 0.071912 20.471034 16.066774
 46.600000 0.051008 19.340308 16.066774
 46.800000 0.049282 18.924591 16.066774
 47.000000 0.049200 18.903510 16.066774
 47.200000 0.045324 18.506247 16.066774
 47.400000 0.054226 20.679851 16.066774
 47.600000 0.044819 18.335499 16.066774
 47.800000 0.048347 19.429785 16.066774
 48.000000 0.055608 20.864160 16.066774
 48.200000 0.049323 20.321716 16.066774
 48.400000 0.056927 21.690270 16.066774
 48.600000 0.051227 20.798258 16.066774
 48.800000 0.049148 20.273779 16.066774
 49.000000 0.056055 21.605614 16.066774
 49.200000 0.041893 18.142137 16.066774
 49.400000 0.052174 21.648675 16.066774
 49.600000 0.058326 22.449868 16.066774
 49.800000 0.053501 21.909508 16.066774
 50.000000 0.050758 21.316951 17.924783
 50.200000 0.064210 22.794677 17.924783
 50.400000 0.057246 22.999608 17.924783
 50.600000 0.039057 17.317414 17.924783
 50.800000 0.045666 20.338682 17.924783
 51.000000 0.043188 19.301937 17.924783
 51.200000 0.028013 11.746610 17.924783
 51.400000 0.044694 20.684404 17.924783
 51.600000 0.047694 21.789514 17.924783
 51.800000 0.043234 20.062823 17.924783
 52.000000 0.046976 21.547932 17.924783
 52.200000 0.029730 13.088286 17.924783
 52.400000 0.039171 18.675345 17.924783
 52.600000 0.042131 20.196301 17.924783
 52.800000 0.034734 16.129185 17.924783
 53.000000 0.049887 23.089964 17.924783
 53.200000 0.040066 19.658615 17.924783
 53.400000 0.044362 21.792372 17.924783
 53.600000 0.040347 19.811812 17.924783
 53.800000 0.048597 23.361572 17.924783
 54.000000 0.048448 23.316663 17.924783
 54.200000 0.037802 18.849939 17.924783
 54.400000 0.036356 17.950181 17.924783
 54.600000 0.033295 15.972120 17.924783
 54.800000 0.029790 13.664138 17.924783
 55.000000 0.029772 13.652096 19.833913
 55.200000 0.040693 21.270463 19.833913
 55.400000 0.046636 23.829625 19.833913
 55.600000 0.050740 24.885550 19.833913
 55.800000 0.065873 23.862845 19.833913
 56.000000 0.099253 17.879042 19.833913
 56.200000 0.116945 13.793488 19.833913
 56.400000 0.099946 18.515824 19.833913
 56.600000 0.080567 21.095266 19.833913
 56.800000 0.086607 20.458714 19.833913
 57.000000 0.062324 24.652340 19.833913
 57.200000 0.074401 22.482994 19.833913
 57.400000 0.096056 19.333375 19.833913
 57.600000 0.108456 16.264173 19.833913
 57.800000 0.121660 12.522751 19.833913
 58.000000 0.107668 16.494028 19.833913
 58.200000 0.092196 20.433614 19.833913
 58.400000 0.078797 21.779690 19.833913
 58.600000 0.081878 21.378398 19.833913
 58.800000 0.121355 13.155653 19.833913
 59.000000 0.123947 12.395345 19.833913
 59.200000 0.119269 14.738188 19.833913
 59.400000 0.125151 13.050962 19.833913
 59.600000 0.110104 17.263999 19.833913
 59.800000 0.106126 18.268531 19.833913
 60.000000 0.093050 20.460889 20.605849
 60.200000 0.074953 22.784860 20.605849
 60.400000 0.098573 20.436635 20.605849
 60.600000 0.096054 20.821858 20.605849
 60.800000 0.122760 13.843936 20.605849
 61.000000 0.116527 15.712262 20.605849
 61.200000 0.088965 21.632923 20.605849
 61.400000 0.082613 21.936170 20.605849
 61.600000 0.083872 21.859819 20.605849
 61.800000 0.071672 23.406537 20.605849
 62.000000 0.069503 23.861046 20.605849
 62.200000 0.083017 22.312668 20.605849
 62.400000 0.075095 23.342588 20.605849
 62.600000 0.076117 23.167906 20.605849
 62.800000 0.081729 22.432147 20.605849
 63.000000 0.083768 22.249855 20.605849
 63.200000 0.075021 23.903520 20.605849
 63.400000 0.092096 22.229517 20.605849
 63.600000 0.093498 22.080152 20.605849
 63.800000 0.080907 23.154975 20.605849
 64.000000 0.079600 23.292440 20.605849
 64.200000 0.079477 23.926222 20.605849
 64.400000 0.082851 23.581077 20.605849
 64.600000 0.081117 23.751037 20.605849
 64.800000 0.069993 25.290578 20.605849
 65.000000 0.077495 24.161312 22.014556
 65.200000 0.081728 24.262809 22.014556
 65.400000 0.074057 25.218359 22.014556
 65.600000 0.089123 23.440060 22.014556
 65.800000 0.093498 22.820654 22.014556
 66.000000 0.089689 23.368895 22.014556
 66.200000 0.076421 25.313146 22.014556
 66.400000 0.086027 24.398307 22.014556
 66.600000 0.078363 25.114913 22.014556
 66.800000 0.068670 26.243810 22.014556
 67.000000 0.069850 26.095188 22.014556
 67.200000 0.069499 26.686718 22.014556
 67.400000 0.110707 18.766838 22.014556
 67.600000 0.122433 14.839620 22.014556
 67.800000 0.102539 21.367873 22.014556
 68.000000 0.112312 18.230026 22.014556
 68.200000 0.131557 11.972789 22.014556
 68.400000 0.140460 8.320314 22.014556
 68.600000 0.147183 5.646700 22.014556
 68.800000 0.130097 12.552802 22.014556
 69.000000 0.146050 6.077220 22.014556
 69.200000 0.162986 2.039408 22.014556
 69.400000 0.165468 1.557216 22.014556
 69.600000 0.143457 8.412939 22.014556
 69.800000 0.113198 18.827750 22.014556
 70.000000 0.106210 20.990877 22.806514
 70.200000 0.104889 22.055437 22.806514
 70.400000 0.110269 20.419911 22.806514
 70.600000 0.109324 20.724495 22.806514
 70.800000 0.095060 24.187757 22.806514
 71.000000 0.089721 24.833427 22.806514
 71.200000 0.085920 25.715835 22.806514
 71.400000 0.075783 26.388629 22.806514
 71.600000 0.064202 27.405464 22.806514
 71.800000 0.076076 26.365129 22.806514
 72.000000 0.080835 26.032606 22.806514
 72.200000 0.085211 26.288754 22.806514
 72.400000 0.079533 26.662698 22.806514
 72.600000 0.076004 26.891897 22.806514
 72.800000 0.086718 26.168358 22.806514
 73.000000 0.093412 25.367426 22.806514
 73.200000 0.096722 25.302098 22.806514
 73.400000 0.123118 16.118527 22.806514
 73.600000 0.147551 6.851554 22.806514
 73.800000 0.143404 8.464622 22.806514
 74.000000 0.131124 13.166036 22.806514
 74.200000 0.118894 18.407425 22.806514
 74.400000 0.115316 19.641582 22.806514
 74.600000 0.116848 19.111241 22.806514
 74.800000 0.114209 20.026060 22.806514
 75.000000 0.123649 16.781023 23.672490
 75.200000 0.143645 9.396684 23.672490
 75.400000 0.145967 8.331961 23.672490
 75.600000 0.136850 12.481900 23.672490
 75.800000 0.135245 13.176943 23.672490
 76.000000 0.143615 9.410738 23.672490
 76.200000 0.143197 10.753532 23.672490
 76.400000 0.134885 14.301234 23.672490
 76.600000 0.143893 10.433108 23.672490
 76.800000 0.152011 6.689044 23.672490
 77.000000 0.155609 5.170761 23.672490
 77.200000 0.151303 8.337758 23.672490
 77.400000 0.109631 22.244850 23.672490
 77.600000 0.081364 26.973512 23.672490
 77.800000 0.073420 27.310434 23.672490
 78.000000 0.084453 26.848580 23.672490
 78.200000 0.085500 27.325202 23.672490
 78.400000 0.075492 27.649416 23.672490
 78.600000 0.054728 27.275806 23.672490
 78.800000 0.078832 27.560348 23.672490
 79.000000 0.080943 27.503968 23.672490
 79.200000 0.072210 28.189435 23.672490
 79.400000 0.057089 27.789285 23.672490
 79.600000 0.047654 25.228468 23.672490
 79.800000 0.039851 21.252760 23.672490
 80.000000 0.032926 16.816461 24.426283
 80.200000 0.023587 11.337789 24.426283
 80.400000 0.027222 13.764446 24.426283
 80.600000 0.027915 14.235851 24.426283
 80.800000 0.026337 13.165326 24.426283
 81.000000 0.033495 18.023658 24.426283
 81.200000 0.033663 18.919389 24.426283
 81.400000 0.033713 18.952953 24.426283
 81.600000 0.036524 20.758743 24.426283
 81.800000 0.040652 23.148210 24.426283
 82.000000 0.032750 18.309100 24.426283
 82.200000 0.034288 20.102003 24.426283
 82.400000 0.049401 27.215362 24.426283
 82.600000 0.047690 26.723417 24.426283
 82.800000 0.034274 20.092893 24.426283
 83.000000 0.024583 13.316147 24.426283
 83.200000 0.040603 24.342613 24.426283
 83.400000 0.045477 26.327813 24.426283
 83.600000 0.064326 28.569359 24.426283
 83.800000 0.073523 28.226400 24.426283
 84.000000 0.070686 28.323139 24.426283
 84.200000 0.071523 28.787243 24.426283
 84.400000 0.049820 27.744002 24.426283
 84.600000 0.042284 25.181269 24.426283
 84.800000 0.025024 14.601622 24.426283
 85.000000 0.029130 17.502538 25.153101
 85.200000 0.039538 24.512354 25.153101
 85.400000 0.025379 15.632297 25.153101
 85.600000 0.027291 17.009858 25.153101
 85.800000 0.033918 21.442517 25.153101
 86.000000 0.020932 12.400654 25.153101
 86.200000 0.026185 17.163287 25.153101
 86.400000 0.039243 24.847623 25.153101
 86.600000 0.032384 21.234013 25.153101
 86.800000 0.033810 22.072613 25.153101
 87.000000 0.041729 25.881454 25.153101
 87.200000 0.037657 24.641622 25.153101
 87.400000 0.038540 25.068014 25.153101
 87.600000 0.031212 20.945760 25.153101
 87.800000 0.026860 17.970073 25.153101
 88.000000 0.030087 20.207319 25.153101
 88.200000 0.028596 19.900729 25.153101
 88.400000 0.025244 17.477366 25.153101
 88.600000 0.043621 27.587360 25.153101
 88.800000 0.042729 27.304198 25.153101
 89.000000 0.048278 28.726500 25.153101
 89.200000 0.060203 29.849049 25.153101
 89.400000 0.058927 29.899431 25.153101
 89.600000 0.057814 29.926819 25.153101
 89.800000 0.066656 29.406686 25.153101
 90.000000 0.064015 29.610966 26.138244
 90.200000 0.049465 29.707864 26.138244
 90.400000 0.045468 28.801188 26.138244
 90.600000 0.030059 21.167207 26.138244
 90.800000 0.048353 29.498077 26.138244
 91.000000 0.033438 23.382102 26.138244
 91.200000 0.041943 28.164866 26.138244
 91.400000 0.051139 30.270902 26.138244
 91.600000 0.034744 24.779943 26.138244
 91.800000 0.021323 15.055517 26.138244
 92.000000 0.025641 18.484016 26.138244
 92.200000 0.033398 24.646814 26.138244
 92.400000 0.023915 17.888788 26.138244
 92.600000 0.024122 18.054342 26.138244
 92.800000 0.032171 23.896078 26.138244
 93.000000 0.031634 23.553697 26.138244
 93.200000 0.024596 18.980064 26.138244
 93.400000 0.034455 25.859345 26.138244
 93.600000 0.064807 30.162897 26.138244
 93.800000 0.074491 29.238628 26.138244
 94.000000 0.073979 29.281074 26.138244
 94.200000 0.058771 30.959564 26.138244
 94.400000 0.063525 30.661503 26.138244
 94.600000 0.090683 27.875623 26.138244
 94.800000 0.103042 24.653058 26.138244
 95.000000 0.125929 17.597573 26.860291
 95.200000 0.135962 15.105516 26.860291
 95.400000 0.128227 17.718713 26.860291
 95.600000 0.161625 4.381627 26.860291
 95.800000 0.158343 5.576348 26.860291
 96.000000 0.155072 6.896278 26.860291
 96.200000 0.161010 5.784191 26.860291
 96.400000 0.182032 0.721648 26.860291
 96.600000 0.181319 0.794759 26.860291
 96.800000 0.180732 0.859203 26.860291
 97.000000 0.158153 6.909854 26.860291
 97.200000 0.173967 2.652399 26.860291
 97.400000 0.167198 4.714981 26.860291
 97.600000 0.183030 0.951660 26.860291
 97.800000 0.187449 0.511510 26.860291
 98.000000 0.186085 0.625465 26.860291
 98.200000 0.190318 1.961151 26.860291
 98.400000 0.184890 2.437154 26.860291
 98.600000 0.185544 2.376580 26.860291
 98.800000 0.212308 0.366663 26.860291
 99.000000 0.212538 0.356813 26.860291
 99.200000 0.177761 3.366266 26.860291
 99.400000 0.158122 8.505568 26.860291
 99.600000 0.173368 4.049234 26.860291
 99.800000 0.204320 2.309735 26.860291
 100.000000 0.213358 2.043057 26.812583
 100.200000 0.206371 3.703681 26.812583
 100.400000 0.224245 2.560253 26.812583
 100.600000 0.215564 3.512164 26.812583
 100.800000 0.196869 3.280573 26.812583
 101.000000 0.173469 4.073844 26.812583
 101.200000 0.182618 4.298022 26.812583
 101.400000 0.196620 3.709581 26.812583
 101.600000 0.200830 3.760335 26.812583
 101.800000 0.198890 3.730564 26.812583
 102.000000 0.206795 3.833852 26.812583
 102.200000 0.217610 4.498660 26.812583
 102.400000 0.235492 1.306158 26.812583
 102.600000 0.240025 0.769412 26.812583
 102.800000 0.239423 0.829649 26.812583
 103.000000 0.240641 0.711237 26.812583
 103.200000 0.226339 3.972841 26.812583
 103.400000 0.229142 3.620821 26.812583
 103.600000 0.225751 4.048298 26.812583
 103.800000 0.236237 2.828607 26.812583
 104.000000 0.233297 3.137507 26.812583
 104.200000 0.211080 5.938987 26.812583
 104.400000 0.230368 4.965649 26.812583
 104.600000 0.243797 3.310909 26.812583
 104.800000 0.246022 2.982025 26.812583
 105.000000 0.247722 2.726267 26.765444
 105.200000 0.240231 5.179408 26.765444
 105.400000 0.201229 5.356478 26.765444
 105.600000 0.192644 4.721912 26.765444
 105.800000 0.214305 6.094922 26.765444
 106.000000 0.194479 4.826058 26.765444
 106.200000 0.198148 6.466440 26.765444
 106.400000 0.216898 6.565925 26.765444
 106.600000 0.200205 6.581109 26.765444
 106.800000 0.199703 6.554520 26.765444
 107.000000 0.172816 6.258096 26.765444
 107.200000 0.179565 6.965938 26.765444
 107.400000 0.198500 6.790809 26.765444
 107.600000 0.205968 6.899083 26.765444
 107.800000 0.210172 6.850414 26.765444
 108.000000 0.226309 6.045333 26.765444
 108.200000 0.219060 7.649600 26.765444
 108.400000 0.205478 7.406715 26.765444
 108.600000 0.202625 7.256040 26.765444
 108.800000 0.209119 7.563624 26.765444
 109.000000 0.231895 7.003872 26.765444
 109.200000 0.226711 8.566892 26.765444
 109.400000 0.259767 2.544251 26.765444
 109.600000 0.264699 1.614305 26.765444
 109.800000 0.259592 2.581664 26.765444
 110.000000 0.260581 2.374382 26.719480
 110.200000 0.262065 3.647531 26.719480
 110.400000 0.270365 2.130997 26.719480
 110.600000 0.270378 2.128895 26.719480
 110.800000 0.259407 4.190847 26.719480
 111.000000 0.239095 7.922217 26.719480
 111.200000 0.243973 8.401038 26.719480
 111.400000 0.244807 8.240985 26.719480
 111.600000 0.259791 4.584540 26.719480
 111.800000 0.297724 0.073494 26.719480
 112.000000 0.316254 0.000000 26.719480
 112.200000 0.290998 0.644995 26.719480
 112.400000 0.270853 2.196628 26.719480
 112.600000 0.275851 1.450415 26.719480
 112.800000 0.271441 2.096859 26.719480
 113.000000 0.277065 1.305164 26.719480
 113.200000 0.247505 7.904337 26.719480
 113.400000 0.261906 5.054362 26.719480
 113.600000 0.277542 2.902242 26.719480
 113.800000 0.280614 2.568664 26.719480
 114.000000 0.279360 2.701590 26.719480
 114.200000 0.297395 2.278839 26.719480
 114.400000 0.291793 2.776198 26.719480
 114.600000 0.265744 5.455413 26.719480
 114.800000 0.274114 4.761909 26.719480
 115.000000 0.285257 3.557732 26.674492
 115.200000 0.267238 6.050352 26.674492
 115.400000 0.242026 8.933241 26.674492
 115.600000 0.260938 6.352612 26.674492
 115.800000 0.262959 6.219285 26.674492
 116.000000 0.262169 6.266839 26.674492
 116.200000 0.270601 7.108244 26.674492
 116.400000 0.293212 4.079525 26.674492
 116.600000 0.297233 3.458671 26.674492
 116.800000 0.277330 6.555405 26.674492
 117.000000 0.274117 6.857779 26.674492
 117.200000 0.276094 7.959557 26.674492
 117.400000 0.294027 4.478432 26.674492
 117.600000 0.294391 4.402560 26.674492
 117.800000 0.288933 5.612123 26.674492
 118.000000 0.287189 6.007694 26.674492
 118.200000 0.282618 8.249005 26.674492
 118.400000 0.264698 8.930921 26.674492
 118.600000 0.273555 9.076285 26.674492
 118.800000 0.287563 7.262164 26.674492
 119.000000 0.283642 8.071135 26.674492
 119.200000 0.284715 9.086877 26.674492
 119.400000 0.295606 6.189205 26.674492
 119.600000 0.275765 10.059594 26.674492
 119.800000 0.266516 9.624946 26.674492
 120.000000 0.276088 10.053637 26.631783
 120.200000 0.261991 10.003701 26.631783
 120.400000 0.253520 9.431339 26.631783
 120.600000 0.251939 9.414884 26.631783
 120.800000 0.257915 9.629612 26.631783
 121.000000 0.252309 9.416297 26.631783
 121.200000 0.265598 11.202532 26.631783
 121.400000 0.264971 11.155382 26.631783
 121.600000 0.273153 11.573522 26.631783
 121.800000 0.307102 3.641211 26.631783
 122.000000 0.313706 2.685284 26.631783
 122.200000 0.303462 5.632365 26.631783
 122.400000 0.298172 6.764567 26.631783
 122.600000 0.289855 9.058341 26.631783
 122.800000 0.281158 11.058435 26.631783
 123.000000 0.278530 11.388963 26.631783
 123.200000 0.278604 12.435368 26.631783
 123.400000 0.277072 12.556196 26.631783
 123.600000 0.267549 12.160224 26.631783
 123.800000 0.260015 11.301371 26.631783
 124.000000 0.261488 11.455591 26.631783
 124.200000 0.268844 13.228155 26.631783
 124.400000 0.281397 12.489751 26.631783
 124.600000 0.291851 9.332127 26.631783
 124.800000 0.303568 5.891798 26.631783
 125.000000 0.291741 9.370463 26.589609
 125.200000 0.291005 10.777604 26.589609
 125.400000 0.292631 10.212276 26.589609
 125.600000 0.310407 5.262919 26.589609
 125.800000 0.304657 6.464396 26.589609
 126.000000 0.302567 6.999801 26.589609
 126.200000 0.323124 3.695984 26.589609
 126.400000 0.315785 5.231462 26.589609
 126.600000 0.288986 12.303766 26.589609
 126.800000 0.291494 11.583880 26.589609
 127.000000 0.301824 8.483767 26.589609
 127.200000 0.288173 13.313296 26.589609
 127.400000 0.301049 9.897504 26.589609
 127.600000 0.324935 3.686873 26.589609
 127.800000 0.325112 3.644087 26.589609
 128.000000 0.319398 5.077895 26.589609
 128.200000 0.325446 4.850347 26.589609
 128.400000 0.320511 6.184372 26.589609
 128.600000 0.338002 1.820169 26.589609
 128.800000 0.339329 1.585529 26.589609
 129.000000 0.341829 1.199499 26.589609
 129.200000 0.333076 4.260528 26.589609
 129.400000 0.317938 7.306992 26.589609
 129.600000 0.307904 9.215807 26.589609
 129.800000 0.310000 8.822073 26.589609
 130.000000 0.318501 7.194522 26.546671
 130.200000 0.313047 9.439819 26.546671
 130.400000 0.315584 9.014050 26.546671
 130.600000 0.328904 6.054726 26.546671
 130.800000 0.339818 3.609579 26.546671
 131.000000 0.338101 3.949792 26.546671
 131.200000 0.339205 5.192415 26.546671
 131.400000 0.335988 5.848382 26.546671
 131.600000 0.329623 7.128920 26.546671
 131.800000 0.316467 9.372160 26.546671
 132.000000 0.339837 5.063680 26.546671
 132.200000 0.343067 5.772177 26.546671
 132.400000 0.340233 6.379162 26.546671
 132.600000 0.333186 7.682810 26.546671
 132.800000 0.339438 6.541169 26.546671
 133.000000 0.341036 6.211787 26.546671
 133.200000 0.330449 9.146735 26.546671
 133.400000 0.315703 10.170186 26.546671
 133.600000 0.321734 9.834765 26.546671
 133.800000 0.302024 11.256885 26.546671
 134.000000 0.301547 11.319891 26.546671
 134.200000 0.316980 10.725006 26.546671
 134.400000 0.309421 11.459637 26.546671
 134.600000 0.306400 11.781339 26.546671
 134.800000 0.301121 12.434530 26.546671
 135.000000 0.296493 13.114372 26.505756
 135.200000 0.296097 14.151059 26.505756
 135.400000 0.308003 12.333548 26.505756
 135.600000 0.312017 11.771091 26.505756
 135.800000 0.302413 13.164775 26.505756
 136.000000 0.299716 13.584962 26.505756
 136.200000 0.305677 13.554523 26.505756
 136.400000 0.303235 13.968184 26.505756
 136.600000 0.319472 11.185148 26.505756
 136.800000 0.300525 14.412074 26.505756
 137.000000 0.298945 14.660606 26.505756
 137.200000 0.309894 13.521628 26.505756
 137.400000 0.324269 10.643188 26.505756
 137.600000 0.319332 11.568772 26.505756
 137.800000 0.304910 14.526923 26.505756
 138.000000 0.308157 13.880801 26.505756
 138.200000 0.309157 14.615648 26.505756
 138.400000 0.313040 13.754224 26.505756
 138.600000 0.326255 10.751485 26.505756
 138.800000 0.328353 10.324065 26.505756
 139.000000 0.334243 9.166920 26.505756
 139.200000 0.340826 8.805429 26.505756
 139.400000 0.352753 5.022153 26.505756
 139.600000 0.356429 3.839074 26.505756
 139.800000 0.344491 7.748033 26.505756
 140.000000 0.346722 7.041492 26.467869
 140.200000 0.333067 11.402711 26.467869
 140.400000 0.328515 11.983890 26.467869
 140.600000 0.307815 15.179833 26.467869
 140.800000 0.300270 16.276460 26.467869
 141.000000 0.318336 13.388681 26.467869
 141.200000 0.314971 14.887330 26.467869
 141.400000 0.318643 14.303317 26.467869
 141.600000 0.322915 13.623102 26.467869
 141.800000 0.317027 14.562021 26.467869
 142.000000 0.323340 13.556370 26.467869
 142.200000 0.339315 11.232362 26.467869
 142.400000 0.336606 11.957789 26.467869
 142.600000 0.320057 15.010856 26.467869
 142.800000 0.287591 17.152382 26.467869
 143.000000 0.302459 16.907426 26.467869
 143.200000 0.313965 16.444722 26.467869
 143.400000 0.302672 17.717742 26.467869
 143.600000 0.312843 16.613884 26.467869
 143.800000 0.307373 17.313123 26.467869
 144.000000 0.298502 17.914182 26.467869
 144.200000 0.312261 17.215544 26.467869
 144.400000 0.290561 18.530215 26.467869
 144.600000 0.284465 17.857880 26.467869
 144.800000 0.306454 18.091505 26.467869
 145.000000 0.297275 18.727730 26.436974
 145.200000 0.295573 19.486536 26.436974
 145.400000 0.316095 16.846231 26.436974
 145.600000 0.308449 18.401485 26.436974
 145.800000 0.319614 16.044477 26.436974
 146.000000 0.312971 17.528072 26.436974
 146.200000 0.301584 19.884675 26.436974
 146.400000 0.305408 19.575336 26.436974
 146.600000 0.298636 19.962019 26.436974
 146.800000 0.293325 19.753095 26.436974
 147.000000 0.290235 19.439629 26.436974
 147.200000 0.297089 20.609736 26.436974
 147.400000 0.304207 20.174358 26.436974
 147.600000 0.312895 18.579932 26.436974
 147.800000 0.320056 16.760267 26.436974
 148.000000 0.315017 18.067188 26.436974
 148.200000 0.312908 19.351669 26.436974
 148.400000 0.314202 19.049127 26.436974
 148.600000 0.321796 17.002665 26.436974
 148.800000 0.319019 17.790561 26.436974
 149.000000 0.316848 18.380008 26.436974
 149.200000 0.333007 14.134841 26.436974
 149.400000 0.312864 20.106474 26.436974
 149.600000 0.302028 21.411528 26.436974
 149.800000 0.303173 21.373241 26.436974
 150.000000 0.297428 21.335097 26.421748
 150.200000 0.267768 14.710260 26.421748
 150.400000 0.269204 15.134008 26.421748
 150.600000 0.289521 21.001015 26.421748
 150.800000 0.275460 17.117757 26.421748
 151.000000 0.280595 18.737934 26.421748
 151.200000 0.293416 22.162694 26.421748
 151.400000 0.302679 22.284880 26.421748
 151.600000 0.308650 21.502822 26.421748
 151.800000 0.319906 18.540286 26.421748
 152.000000 0.328532 15.683708 26.421748
 152.200000 0.327384 16.936445 26.421748
 152.400000 0.322507 18.498406 26.421748
 152.600000 0.329581 16.199250 26.421748
 152.800000 0.313462 20.950318 26.421748
 153.000000 0.285400 20.809644 26.421748
 153.200000 0.284915 21.384041 26.421748
 153.400000 0.299293 23.008620 26.421748
 153.600000 0.314539 20.806027 26.421748
 153.800000 0.316484 20.299786 26.421748
 154.000000 0.308003 22.180686 26.421748
 154.200000 0.316291 20.910702 26.421748
 154.400000 0.324360 18.299735 26.421748
 154.600000 0.326484 17.552140 26.421748
 154.800000 0.305192 23.223689 26.421748
 155.000000 0.309523 22.560940 26.430578
 155.200000 0.320342 20.152733 26.430578
 155.400000 0.314308 22.068839 26.430578
 155.600000 0.297622 23.999120 26.430578
 155.800000 0.287514 22.440623 26.430578
 156.000000 0.306926 23.630523 26.430578
 156.200000 0.317377 21.628030 26.430578
 156.400000 0.332709 15.614751 26.430578
 156.600000 0.326717 18.055784 26.430578
 156.800000 0.344249 10.644793 26.430578
 157.000000 0.353834 6.287403 26.430578
 157.200000 0.355913 6.722672 26.430578
 157.400000 0.346116 10.948279 26.430578
 157.600000 0.353563 7.727469 26.430578
 157.800000 0.335325 15.149064 26.430578
 158.000000 0.316746 21.901191 26.430578
 158.200000 0.320476 21.260182 26.430578
 158.400000 0.320621 21.206603 26.430578
 158.600000 0.321904 20.723998 26.430578
 158.800000 0.324639 19.662139 26.430578
 159.000000 0.314511 23.241869 26.430578
 159.200000 0.320003 22.015292 26.430578
 159.400000 0.325679 19.722371 26.430578
 159.600000 0.331304 17.359459 26.430578
 159.800000 0.346219 11.065188 26.430578
 160.000000 0.370409 1.942943 26.452285
 160.200000 0.355546 7.894089 26.452285
 160.400000 0.330430 17.767816 26.452285
 160.600000 0.317552 22.904215 26.452285
 160.800000 0.325348 19.875683 26.452285
 161.000000 0.351487 9.426713 26.452285
 161.200000 0.343943 13.412550 26.452285
 161.400000 0.329629 18.494021 26.452285
 161.600000 0.338437 15.350145 26.452285
 161.800000 0.344203 13.318717 26.452285
 162.000000 0.352521 10.175321 26.452285
 162.200000 0.367297 5.604606 26.452285
 162.400000 0.349758 12.337626 26.452285
 162.600000 0.335752 16.879483 26.452285
 162.800000 0.365570 6.203770 26.452285
 163.000000 0.355685 10.036526 26.452285
 163.200000 0.328453 19.455853 26.452285
 163.400000 0.337813 16.802727 26.452285
 163.600000 0.357994 10.217299 26.452285
 163.800000 0.367169 6.482233 26.452285
 164.000000 0.361432 8.789315 26.452285
 164.200000 0.357943 11.389690 26.452285
 164.400000 0.363347 9.172971 26.452285
 164.600000 0.342571 16.094037 26.452285
 164.800000 0.336764 17.379603 26.452285
 165.000000 0.342968 16.003840 26.423550
 165.200000 0.340776 17.341819 26.423550
 165.400000 0.329452 19.831517 26.423550
 165.600000 0.323500 21.530374 26.423550
 165.800000 0.329804 19.740657 26.423550
 166.000000 0.311597 24.763822 26.423550
 166.200000 0.315640 24.404647 26.423550
 166.400000 0.327804 20.596317 26.423550
 166.600000 0.341768 17.205039 26.423550
 166.800000 0.356424 12.556275 26.423550
 167.000000 0.350417 14.824232 26.423550
 167.200000 0.355921 13.608958 26.423550
 167.400000 0.355812 13.655850 26.423550
 167.600000 0.340710 18.176062 26.423550
 167.800000 0.313358 25.017571 26.423550
 168.000000 0.303782 26.042698 26.423550
 168.200000 0.313811 25.353714 26.423550
 168.400000 0.301737 26.504303 26.423550
 168.600000 0.291933 24.739026 26.423550
 168.800000 0.278850 20.118828 26.423550
 169.000000 0.272575 17.535375 26.423550
 169.200000 0.286266 23.487989 26.423550
 169.400000 0.293726 25.499411 26.423550
 169.600000 0.278256 20.621502 26.423550
 169.800000 0.261418 14.274444 26.423550
 170.000000 0.276621 19.974016 26.495967
 170.200000 0.285176 23.746152 26.495967
 170.400000 0.289964 25.062271 26.495967
 170.600000 0.294798 26.066075 26.495967
 170.800000 0.301680 26.797984 26.495967
 171.000000 0.287600 24.450432 26.495967
 171.200000 0.268642 17.657679 26.495967
 171.400000 0.286098 24.608932 26.495967
 171.600000 0.301626 27.175967 26.495967
 171.800000 0.302666 27.176718 26.495967
 172.000000 0.307525 26.829822 26.495967
 172.200000 0.317022 25.004967 26.495967
 172.400000 0.328569 21.032351 26.495967
 172.600000 0.320322 23.844156 26.495967
 172.800000 0.318642 24.444926 26.495967
 173.000000 0.327912 21.230938 26.495967
 173.200000 0.311911 26.906763 26.495967
 173.400000 0.313967 26.410313 26.495967
 173.600000 0.325287 22.750416 26.495967
 173.800000 0.321428 24.063393 26.495967
 174.000000 0.340716 18.717050 26.495967
 174.200000 0.333277 21.096747 26.495967
 174.400000 0.316461 25.904413 26.495967
 174.600000 0.307480 27.697320 26.495967
 174.800000 0.325799 23.044869 26.495967
 175.000000 0.346949 17.800479 26.611902
 175.200000 0.333119 21.649640 26.611902
 175.400000 0.323695 23.921482 26.611902
 175.600000 0.316426 26.012793 26.611902
 175.800000 0.324529 23.685685 26.611902
 176.000000 0.332666 21.738683 26.611902
 176.200000 0.350411 17.678378 26.611902
 176.400000 0.377846 4.087775 26.611902
 176.600000 0.365583 9.696199 26.611902
 176.800000 0.362062 11.657693 26.611902
 177.000000 0.367991 8.410852 26.611902
 177.200000 0.357779 15.002813 26.611902
 177.400000 0.373903 6.722425 26.611902
 177.600000 0.384353 2.883731 26.611902
 177.800000 0.376283 5.687591 26.611902
 178.000000 0.365843 10.745424 26.611902
 178.200000 0.353621 17.747128 26.611902
 178.400000 0.339499 21.475244 26.611902
 178.600000 0.331902 22.702520 26.611902
 178.800000 0.324030 24.423428 26.611902
 179.000000 0.306435 27.947043 26.611902
 179.200000 0.301967 28.420422 26.611902
 179.400000 0.312095 27.767743 26.611902
 179.600000 0.307744 28.363520 26.611902
 179.800000 0.315629 26.990837 26.611902
 180.000000 0.303906 28.495178 26.774555
 180.200000 0.289316 26.341529 26.774555
 180.400000 0.290010 26.556308 26.774555
 180.600000 0.281929 23.662171 26.774555
 180.800000 0.289816 26.497033 26.774555
 181.000000 0.301640 28.885019 26.774555
 181.200000 0.298813 29.051203 26.774555
 181.400000 0.300320 29.246055 26.774555
 181.600000 0.303017 29.444452 26.774555
 181.800000 0.285311 25.240452 26.774555
 182.000000 0.273830 20.177562 26.774555
 182.200000 0.283430 25.072118 26.774555
 182.400000 0.286272 26.111305 26.774555
 182.600000 0.290957 27.583357 26.774555
 182.800000 0.285501 25.839480 26.774555
 183.000000 0.279497 23.465662 26.774555
 183.200000 0.266022 17.657613 26.774555
 183.400000 0.283731 25.778356 26.774555
 183.600000 0.281394 24.873999 26.774555
 183.800000 0.293721 28.685627 26.774555
 184.000000 0.284714 26.133658 26.774555
 184.200000 0.268940 19.371230 26.774555
 184.400000 0.263766 16.845199 26.774555
 184.600000 0.275813 22.871858 26.774555
 184.800000 0.296200 29.553194 26.774555
 185.000000 0.305163 29.889499 27.165035
 185.200000 0.314307 28.549288 27.165035
 185.400000 0.293739 29.490728 27.165035
 185.600000 0.275938 23.001429 27.165035
 185.800000 0.265837 17.832318 27.165035
 186.000000 0.266452 18.134819 27.165035
 186.200000 0.274520 22.961970 27.165035
 186.400000 0.279015 25.029720 27.165035
 186.600000 0.269320 20.357812 27.165035
 186.800000 0.268390 19.886276 27.165035
 187.000000 0.254753 14.115056 27.165035
 187.200000 0.269008 20.792966 27.165035
 187.400000 0.258693 16.362624 27.165035
 187.600000 0.268242 20.433557 27.165035
 187.800000 0.280278 25.780304 27.165035
 188.000000 0.264450 18.700225 27.165035
 188.200000 0.271558 22.669324 27.165035
 188.400000 0.280178 26.179715 27.165035
 188.600000 0.259972 17.569631 27.165035
 188.800000 0.260375 17.731401 27.165035
 189.000000 0.272461 23.069674 27.165035
 189.200000 0.266108 20.773621 27.165035
 189.400000 0.266558 20.984202 27.165035
 189.600000 0.284425 28.032032 27.165035
 189.800000 0.276120 25.232185 27.165035
 190.000000 0.267473 21.412982 27.318781
 190.200000 0.285853 28.728939 27.318781
 190.400000 0.295808 30.392887 27.318781
 190.600000 0.303280 30.619427 27.318781
 190.800000 0.305425 30.455622 27.318781
 191.000000 0.312578 29.074130 27.318781
 191.200000 0.314380 29.022940 27.318781
 191.400000 0.309100 30.368535 27.318781
 191.600000 0.284365 28.453554 27.318781
 191.800000 0.272088 24.185606 27.318781
 192.000000 0.260469 18.828830 27.318781
 192.200000 0.265325 21.796275 27.318781
 192.400000 0.276031 26.234341 27.318781
 192.600000 0.287864 29.429361 27.318781
 192.800000 0.303270 31.026557 27.318781
 193.000000 0.285510 28.929306 27.318781
 193.200000 0.279583 27.833204 27.318781
 193.400000 0.270643 24.444351 27.318781
 193.600000 0.263744 21.241451 27.318781
 193.800000 0.282295 28.619861 27.318781
 194.000000 0.287737 29.880819 27.318781
 194.200000 0.280602 28.554757 27.318781
 194.400000 0.263434 21.218464 27.318781
 194.600000 0.283191 29.296854 27.318781
 194.800000 0.284158 29.545600 27.318781
 195.000000 0.261689 20.373711 27.798370
 195.200000 0.250759 16.256989 27.798370
 195.400000 0.256501 18.653439 27.798370
 195.600000 0.272990 26.261027 27.798370
 195.800000 0.281745 29.184233 27.798370
 196.000000 0.273943 26.638563 27.798370
 196.200000 0.273986 27.189275 27.798370
 196.400000 0.248533 15.567059 27.798370
 196.600000 0.271017 25.961860 27.798370
 196.800000 0.241776 13.422596 27.798370
 197.000000 0.264632 22.935851 27.798370
 197.200000 0.269074 25.689803 27.798370
 197.400000 0.255648 19.053214 27.798370
 197.600000 0.243941 14.285255 27.798370
 197.800000 0.259745 21.090563 27.798370
 198.000000 0.247847 15.656213 27.798370
 198.200000 0.245274 15.586357 27.798370
 198.400000 0.252857 18.571349 27.798370
 198.600000 0.264898 24.153829 27.798370
 198.800000 0.285754 30.777055 27.798370
 199.000000 0.264096 23.781994 27.798370
 199.200000 0.265068 24.837688 27.798370
 199.400000 0.275245 28.777156 27.798370
 199.600000 0.289757 31.450044 27.798370
 199.800000 0.304615 31.521780 27.798370
 200.000000 0.295918 31.854027 28.229159
 200.200000 0.284157 31.070586 28.229159
 200.400000 0.305962 31.671470 28.229159
 200.600000 0.299238 32.296105 28.229159
 200.800000 0.314319 29.427884 28.229159
 201.000000 0.305467 31.753033 28.229159
 201.200000 0.288376 31.903936 28.229159
 201.400000 0.286461 31.620286 28.229159
 201.600000 0.291391 32.271903 28.229159
 201.800000 0.297745 32.682759 28.229159
 202.000000 0.310815 30.954333 28.229159
 202.200000 0.318052 28.728392 28.229159
 202.400000 0.321451 27.296607 28.229159
 202.600000 0.315397 29.803215 28.229159
 202.800000 0.311430 31.208056 28.229159
 203.000000 0.305209 32.629453 28.229159
 203.200000 0.303927 33.195985 28.229159
 203.400000 0.316805 29.545306 28.229159
 203.600000 0.324976 26.033716 28.229159
 203.800000 0.322907 26.894527 28.229159
 204.000000 0.305876 32.937374 28.229159
 204.200000 0.285777 31.958468 28.229159
 204.400000 0.290563 32.850329 28.229159
 204.600000 0.294701 33.428971 28.229159
 204.800000 0.291558 33.007839 28.229159
 205.000000 0.302618 33.702038 29.284112
 205.200000 0.287161 32.466945 29.284112
 205.400000 0.277775 30.038242 29.284112
 205.600000 0.257366 21.178919 29.284112
 205.800000 0.276027 29.467945 29.284112
 206.000000 0.299179 34.135150 29.284112
 206.200000 0.297154 34.399501 29.284112
 206.400000 0.309198 33.288871 29.284112
 206.600000 0.295798 34.267803 29.284112
 206.800000 0.293915 34.024833 29.284112
 207.000000 0.293750 34.000641 29.284112
 207.200000 0.294787 34.529187 29.284112
 207.400000 0.317083 30.278805 29.284112
 207.600000 0.318022 29.822098 29.284112
 207.800000 0.331989 23.809969 29.284112
 208.000000 0.328473 25.018659 29.284112
 208.200000 0.356365 16.701391 29.284112
 208.400000 0.353201 18.090279 29.284112
 208.600000 0.354532 17.525008 29.284112
 208.800000 0.324960 27.036419 29.284112
 209.000000 0.305686 34.561585 29.284112
 209.200000 0.314589 32.133301 29.284112
 209.400000 0.337766 22.798750 29.284112
 209.600000 0.343516 21.333634 29.284112
 209.800000 0.340954 21.995878 29.284112
 210.000000 0.327473 26.112266 30.258934
 210.200000 0.296575 35.161608 30.258934
 210.400000 0.283318 32.241641 30.258934
 210.600000 0.289773 33.928725 30.258934
 210.800000 0.269852 27.289257 30.258934
 211.000000 0.247685 16.803847 30.258934
 211.200000 0.240061 14.790247 30.258934
 211.400000 0.256145 21.314256 30.258934
 211.600000 0.250980 19.008073 30.258934
 211.800000 0.242018 15.473817 30.258934
 212.000000 0.249397 18.335749 30.258934
 212.200000 0.262930 24.989189 30.258934
 212.400000 0.253741 20.963077 30.258934
 212.600000 0.250233 19.460355 30.258934
 212.800000 0.262254 24.695585 30.258934
 213.000000 0.270887 28.272189 30.258934
 213.200000 0.269680 28.297366 30.258934
 213.400000 0.254786 21.696685 30.258934
 213.600000 0.248810 19.031822 30.258934
 213.800000 0.260200 24.181819 30.258934
 214.000000 0.258864 23.568950 30.258934
 214.200000 0.264393 26.643026 30.258934
 214.400000 0.270179 28.954774 30.258934
 214.600000 0.261345 25.308583 30.258934
 214.800000 0.262373 25.765787 30.258934
 215.000000 0.249979 20.054714 30.431844
 215.200000 0.233711 13.814453 30.431844
 215.400000 0.231826 13.144782 30.431844
 215.600000 0.241426 16.926181 30.431844
 215.800000 0.254223 22.711965 30.431844
 216.000000 0.262528 26.338611 30.431844
 216.200000 0.258525 25.156711 30.431844
 216.400000 0.245367 18.950836 30.431844
 216.600000 0.249607 20.973372 30.431844
 216.800000 0.258455 25.125621 30.431844
 217.000000 0.262588 26.904555 30.431844
 217.200000 0.276897 31.987174 30.431844
 217.400000 0.263623 27.851897 30.431844
 217.600000 0.253271 23.161081 30.431844
 217.800000 0.257363 25.129939 30.431844
 218.000000 0.253272 23.161568 30.431844
 218.200000 0.234897 14.743965 30.431844
 218.400000 0.248855 21.556610 30.431844
 218.600000 0.253240 23.769552 30.431844
 218.800000 0.222220 10.524185 30.431844
 219.000000 0.223027 10.720397 30.431844
 219.200000 0.237722 16.672208 30.431844
 219.400000 0.246801 20.809241 30.431844
 219.600000 0.249193 21.965175 30.431844
 219.800000 0.243448 19.217666 30.431844
 220.000000 0.235631 15.823205 30.580292
 220.200000 0.247634 21.838315 30.580292
 220.400000 0.257282 26.075778 30.580292
 220.600000 0.263302 28.405442 30.580292
 220.800000 0.274998 31.773126 30.580292
 221.000000 0.290571 34.640354 30.580292
 221.200000 0.304008 35.648324 30.580292
 221.400000 0.328770 26.153749 30.580292
 221.600000 0.352467 18.527177 30.580292
 221.800000 0.361639 14.129099 30.580292
 222.000000 0.354483 17.654715 30.580292
 222.200000 0.362048 14.614466 30.580292
 222.400000 0.377269 6.349067 30.580292
 222.600000 0.373693 8.121793 30.580292
 222.800000 0.378386 5.836515 30.580292
 223.000000 0.365764 12.517110 30.580292
 223.200000 0.368844 11.746230 30.580292
 223.400000 0.377879 6.789004 30.580292
 223.600000 0.381483 5.112750 30.580292
 223.800000 0.373481 9.110107 30.580292
 224.000000 0.381971 4.905247 30.580292
 224.200000 0.378782 7.722361 30.580292
 224.400000 0.372642 10.736006 30.580292
 224.600000 0.371875 11.130186 30.580292
 224.800000 0.370765 11.704914 30.580292
 225.000000 0.379765 7.273554 30.814271
 225.200000 0.382095 7.510182 30.814271
 225.400000 0.347337 21.851137 30.814271
 225.600000 0.335896 24.291936 30.814271
 225.800000 0.324571 28.071652 30.814271
 226.000000 0.312180 33.607412 30.814271
 226.200000 0.315778 32.507977 30.814271
 226.400000 0.302009 36.133741 30.814271
 226.600000 0.309052 35.020602 30.814271
 226.800000 0.310008 34.740763 30.814271
 227.000000 0.320398 30.323137 30.814271
 227.200000 0.336313 24.559532 30.814271
 227.400000 0.333854 25.240277 30.814271
 227.600000 0.318781 31.554948 30.814271
 227.800000 0.316222 32.743399 30.814271
 228.000000 0.340298 23.604129 30.814271
 228.200000 0.350989 21.423243 30.814271
 228.400000 0.341311 23.986561 30.814271
 228.600000 0.326242 28.427575 30.814271
 228.800000 0.348613 22.153205 30.814271
 229.000000 0.349970 21.745952 30.814271
 229.200000 0.364314 16.380472 30.814271
 229.400000 0.344715 23.815214 30.814271
 229.600000 0.332771 26.453028 30.814271
 229.800000 0.331866 26.704751 30.814271
 230.000000 0.345712 23.579768 31.242860
 230.200000 0.361412 18.157854 31.242860
 230.400000 0.371562 12.822878 31.242860
 230.600000 0.374609 11.241355 31.242860
 230.800000 0.380141 8.516810 31.242860
 231.000000 0.390767 4.191140 31.242860
 231.200000 0.389472 6.083740 31.242860
 231.400000 0.388795 6.319893 31.242860
 231.600000 0.391416 5.427875 31.242860
 231.800000 0.387214 6.885146 31.242860
 232.000000 0.392251 5.156242 31.242860
 232.200000 0.392280 6.537708 31.242860
 232.400000 0.386862 8.317318 31.242860
 232.600000 0.400887 3.940758 31.242860
 232.800000 0.408390 2.135687 31.242860
 233.000000 0.397514 4.912067 31.242860
 233.200000 0.384654 10.037881 31.242860
 233.400000 0.387052 9.355640 31.242860
 233.600000 0.384237 10.157360 31.242860
 233.800000 0.379119 11.683580 31.242860
 234.000000 0.387869 9.124135 31.242860
 234.200000 0.397311 7.334436 31.242860
 234.400000 0.429643 0.277624 31.242860
 234.600000 0.425934 0.500597 31.242860
 234.800000 0.392628 8.867736 31.242860
 235.000000 0.379984 12.429694 31.210534
 235.200000 0.379549 13.553996 31.210534
 235.400000 0.398401 7.435497 31.210534
 235.600000 0.406971 4.298502 31.210534
 235.800000 0.411398 2.949181 31.210534
 236.000000 0.421392 0.963375 31.210534
 236.200000 0.421157 2.669638 31.210534
 236.400000 0.405607 5.725402 31.210534
 236.600000 0.417931 3.114952 31.210534
 236.800000 0.424960 2.216636 31.210534
 237.000000 0.420736 2.724081 31.210534
 237.200000 0.410297 5.750546 31.210534
 237.400000 0.414674 5.076145 31.210534
 237.600000 0.419671 4.412230 31.210534
 237.800000 0.400703 7.839516 31.210534
 238.000000 0.404389 6.928568 31.210534
 238.200000 0.379465 13.960823 31.210534
 238.400000 0.391582 11.292479 31.210534
 238.600000 0.396760 10.049749 31.210534
 238.800000 0.388158 12.073929 31.210534
 239.000000 0.383143 13.162018 31.210534
 239.200000 0.393409 11.630064 31.210534
 239.400000 0.381073 14.571733 31.210534
 239.600000 0.354464 21.998749 31.210534
 239.800000 0.362902 19.183929 31.210534
 240.000000 0.380246 14.743589 31.179313
 240.200000 0.385321 14.514738 31.179313
 240.400000 0.388344 13.733337 31.179313
 240.600000 0.394234 11.989577 31.179313
 240.800000 0.384694 14.666256 31.179313
 241.000000 0.362272 19.833974 31.179313
 241.200000 0.333598 26.806163 31.179313
 241.400000 0.339680 25.742907 31.179313
 241.600000 0.358336 21.730324 31.179313
 241.800000 0.354559 22.810293 31.179313
 242.000000 0.336057 26.326912 31.179313
 242.200000 0.333901 27.278193 31.179313
 242.400000 0.341227 26.023801 31.179313
 242.600000 0.327921 28.804982 31.179313
 242.800000 0.330791 27.989062 31.179313
 243.000000 0.340012 26.216380 31.179313
 243.200000 0.354055 23.560777 31.179313
 243.400000 0.374039 17.495447 31.179313
 243.600000 0.382058 15.582304 31.179313
 243.800000 0.376170 16.986083 31.179313
 244.000000 0.362009 20.940737 31.179313
 244.200000 0.355848 23.622137 31.179313
 244.400000 0.371962 18.562387 31.179313
 244.600000 0.372787 18.334472 31.179313
 244.800000 0.382066 15.861087 31.179313
 245.000000 0.388593 13.963192 31.255613
 245.200000 0.374439 18.488169 31.255613
 245.400000 0.377576 17.773428 31.255613
 245.600000 0.370689 19.381906 31.255613
 245.800000 0.361868 21.866399 31.255613
 246.000000 0.364334 21.121175 31.255613
 246.200000 0.367791 20.800954 31.255613
 246.400000 0.371126 19.889941 31.255613
 246.600000 0.373637 19.237047 31.255613
 246.800000 0.378224 18.069902 31.255613
 247.000000 0.404259 9.441957 31.255613
 247.200000 0.401946 11.382095 31.255613
 247.400000 0.371348 19.932676 31.255613
 247.600000 0.346346 26.363133 31.255613
 247.800000 0.355681 24.338154 31.255613
 248.000000 0.379942 17.931547 31.255613
 248.200000 0.369484 21.024428 31.255613
 248.400000 0.369230 21.083473 31.255613
 248.600000 0.396455 13.705023 31.255613
 248.800000 0.420122 5.941742 31.255613
 249.000000 0.407071 9.811778 31.255613
 249.200000 0.403498 12.176510 31.255613
 249.400000 0.400912 13.073971 31.255613
 249.600000 0.394751 15.135750 31.255613
 249.800000 0.383395 18.209361 31.255613
 250.000000 0.375669 19.785083 31.232100
 250.200000 0.371687 21.292530 31.232100
 250.400000 0.384782 18.497402 31.232100
 250.600000 0.353186 25.376750 31.232100
 250.800000 0.336420 27.645778 31.232100
 251.000000 0.359983 23.864122 31.232100
 251.200000 0.370604 21.979524 31.232100
 251.400000 0.372775 21.497922 31.232100
 251.600000 0.368193 22.525969 31.232100
 251.800000 0.354946 25.579622 31.232100
 252.000000 0.369538 22.219150 31.232100
 252.200000 0.374195 21.805171 31.232100
 252.400000 0.381936 19.857180 31.232100
 252.600000 0.384715 19.058482 31.232100
 252.800000 0.393263 16.200864 31.232100
 253.000000 0.402058 12.901659 31.232100
 253.200000 0.407055 11.989933 31.232100
 253.400000 0.383406 19.896634 31.232100
 253.600000 0.366027 23.718164 31.232100
 253.800000 0.346418 27.120865 31.232100
 254.000000 0.330306 28.792603 31.232100
 254.200000 0.327964 29.828235 31.232100
 254.400000 0.334612 28.544305 31.232100
 254.600000 0.331176 29.102054 31.232100
 254.800000 0.322201 31.615407 31.232100
 255.000000 0.323183 31.276317 31.477445
 255.200000 0.332864 29.155424 31.477445
 255.400000 0.346691 27.489621 31.477445
 255.600000 0.317975 33.547461 31.477445
 255.800000 0.328869 30.006616 31.477445
 256.000000 0.338993 28.315960 31.477445
 256.200000 0.344150 28.250608 31.477445
 256.400000 0.337747 28.948761 31.477445
 256.600000 0.341047 28.594843 31.477445
 256.800000 0.327903 30.634298 31.477445
 257.000000 0.316223 34.307748 31.477445
 257.200000 0.333681 29.673983 31.477445
 257.400000 0.346609 27.983666 31.477445
 257.600000 0.328283 30.815207 31.477445
 257.800000 0.339176 28.909439 31.477445
 258.000000 0.346609 27.983550 31.477445
 258.200000 0.357075 26.372666 31.477445
 258.400000 0.376608 21.554850 31.477445
 258.600000 0.386368 19.137161 31.477445
 258.800000 0.394136 16.740752 31.477445
 259.000000 0.390111 18.042721 31.477445
 259.200000 0.374334 22.525975 31.477445
 259.400000 0.362129 25.211200 31.477445
 259.600000 0.359301 25.903027 31.477445
 259.800000 0.341987 29.064034 31.477445
 260.000000 0.343727 28.869448 31.793497
 260.200000 0.354701 27.358957 31.793497
 260.400000 0.362479 25.346886 31.793497
 260.600000 0.368031 23.957636 31.793497
 260.800000 0.366559 24.310884 31.793497
 261.000000 0.355745 27.102327 31.793497
 261.200000 0.353577 28.143825 31.793497
 261.400000 0.357161 27.264448 31.793497
 261.600000 0.353953 28.057270 31.793497
 261.800000 0.360635 26.328440 31.793497
 262.000000 0.369425 23.981311 31.793497
 262.200000 0.356412 27.869942 31.793497
 262.400000 0.336987 30.324640 31.793497
 262.600000 0.323262 32.702021 31.793497
 262.800000 0.328864 31.332031 31.793497
 263.000000 0.350959 28.977936 31.793497
 263.200000 0.347905 29.909245 31.793497
 263.400000 0.359054 27.649796 31.793497
 263.600000 0.353546 28.967953 31.793497
 263.800000 0.360623 27.228674 31.793497
 264.000000 0.355114 28.625221 31.793497
 264.200000 0.349062 30.206592 31.793497
 264.400000 0.362024 27.283949 31.793497
 264.600000 0.357728 28.475158 31.793497
 264.800000 0.372185 24.342612 31.793497
 265.000000 0.365598 26.232818 31.855187
 265.200000 0.352236 30.074389 31.855187
 265.400000 0.331038 31.327871 31.855187
 265.600000 0.336993 30.958513 31.855187
 265.800000 0.359187 28.582058 31.855187
 266.000000 0.352284 30.066555 31.855187
 266.200000 0.317819 34.466632 31.855187
 266.400000 0.330288 31.574707 31.855187
 266.600000 0.338682 31.233191 31.855187
 266.800000 0.323493 32.858625 31.855187
 267.000000 0.319084 34.094120 31.855187
 267.200000 0.312667 36.219948 31.855187
 267.400000 0.329761 31.935233 31.855187
 267.600000 0.316951 35.099584 31.855187
 267.800000 0.330305 31.862197 31.855187
 268.000000 0.339188 31.392434 31.855187
 268.200000 0.323290 33.525550 31.855187
 268.400000 0.328953 32.397949 31.855187
 268.600000 0.330154 32.242245 31.855187
 268.800000 0.330643 32.187655 31.855187
 269.000000 0.323011 33.595153 31.855187
 269.200000 0.314949 36.110626 31.855187
 269.400000 0.311232 36.886743 31.855187
 269.600000 0.325268 33.451042 31.855187
 269.800000 0.326248 33.242155 31.855187
 270.000000 0.319479 34.924208 32.527642
 270.200000 0.331983 32.650779 32.527642
 270.400000 0.331465 32.709064 32.527642
 270.600000 0.328904 33.070661 32.527642
 270.800000 0.319620 35.255038 32.527642
 271.000000 0.310529 37.309510 32.527642
 271.200000 0.312719 37.270177 32.527642
 271.400000 0.299681 37.511484 32.527642
 271.600000 0.299457 37.478026 32.527642
 271.800000 0.297912 37.224014 32.527642
 272.000000 0.314182 36.960112 32.527642
 272.200000 0.314033 37.330955 32.527642
 272.400000 0.315918 36.876296 32.527642
 272.600000 0.323707 34.670683 32.527642
 272.800000 0.322812 34.920684 32.527642
 273.000000 0.323927 34.610403 32.527642
 273.200000 0.320067 36.078963 32.527642
 273.400000 0.309591 38.319993 32.527642
 273.600000 0.323943 34.980566 32.527642
 273.800000 0.311136 38.141613 32.527642
 274.000000 0.309520 38.326561 32.527642
 274.200000 0.325056 34.868435 32.527642
 274.400000 0.330058 33.694850 32.527642
 274.600000 0.322864 35.493066 32.527642
 274.800000 0.319934 36.366105 32.527642
 275.000000 0.326037 34.605715 33.607362
 275.200000 0.317543 37.376386 33.607362
 275.400000 0.322874 35.856611 33.607362
 275.600000 0.332967 33.556002 33.607362
 275.800000 0.318629 37.080789 33.607362
 276.000000 0.302546 38.626975 33.607362
 276.200000 0.312733 38.697722 33.607362
 276.400000 0.323063 35.924552 33.607362
 276.600000 0.312329 38.768895 33.607362
 276.800000 0.308825 39.179620 33.607362
 277.000000 0.302934 38.989168 33.607362
 277.200000 0.295103 37.673104 33.607362
 277.400000 0.301673 39.122790 33.607362
 277.600000 0.314033 38.674897 33.607362
 277.800000 0.309442 39.415741 33.607362
 278.000000 0.316805 37.968352 33.607362
 278.200000 0.324554 35.877478 33.607362
 278.400000 0.306018 39.775764 33.607362
 278.600000 0.301860 39.347374 33.607362
 278.800000 0.293117 37.216672 33.607362
 279.000000 0.295126 37.792307 33.607362
 279.200000 0.296511 38.493637 33.607362
 279.400000 0.292770 37.436411 33.607362
 279.600000 0.299084 39.118043 33.607362
 279.800000 0.300461 39.399922 33.607362
 280.000000 0.298745 39.042446 34.793278
 280.200000 0.284245 35.105091 34.793278
 280.400000 0.284651 35.226200 34.793278
 280.600000 0.286132 35.671897 34.793278
 280.800000 0.299982 39.612993 34.793278
 281.000000 0.316428 38.666780 34.793278
 281.200000 0.325053 36.099215 34.793278
 281.400000 0.316135 39.065648 34.793278
 281.600000 0.314328 39.557010 34.793278
 281.800000 0.329849 34.705066 34.793278
 282.000000 0.317352 38.697247 34.793278
 282.200000 0.318223 38.731098 34.793278
 282.400000 0.343341 32.701178 34.793278
 282.600000 0.319850 38.184044 34.793278
 282.800000 0.329309 35.069312 34.793278
 283.000000 0.352785 31.051549 34.793278
 283.200000 0.345749 32.770143 34.793278
 283.400000 0.341487 33.260071 34.793278
 283.600000 0.336265 33.856811 34.793278
 283.800000 0.360870 29.139235 34.793278
 284.000000 0.375228 24.263709 34.793278
 284.200000 0.368446 27.059121 34.793278
 284.400000 0.366727 27.625220 34.793278
 284.600000 0.375539 24.757117 34.793278
 284.800000 0.363082 28.815649 34.793278
 285.000000 0.357260 30.575589 35.277214
 285.200000 0.364353 28.804944 35.277214
 285.400000 0.378087 24.101102 35.277214
 285.600000 0.385850 21.358751 35.277214
 285.800000 0.386682 21.048631 35.277214
 286.000000 0.357161 31.050950 35.277214
 286.200000 0.362124 29.962201 35.277214
 286.400000 0.376845 24.710065 35.277214
 286.600000 0.377738 24.391139 35.277214
 286.800000 0.379552 23.741375 35.277214
 287.000000 0.369017 27.522031 35.277214
 287.200000 0.372768 26.667000 35.277214
 287.400000 0.377097 25.064236 35.277214
 287.600000 0.351887 32.971958 35.277214
 287.800000 0.361320 30.678891 35.277214
 288.000000 0.347310 33.545641 35.277214
 288.200000 0.342621 34.229472 35.277214
 288.400000 0.364637 29.789440 35.277214
 288.600000 0.353917 32.959648 35.277214
 288.800000 0.364886 29.700185 35.277214
 289.000000 0.348180 33.854024 35.277214
 289.200000 0.334506 34.976293 35.277214
 289.400000 0.332766 35.167600 35.277214
 289.600000 0.353259 33.459736 35.277214
 289.800000 0.355274 33.003506 35.277214
 290.000000 0.338582 34.719595 35.454880
 290.200000 0.336409 35.197216 35.454880
 290.400000 0.338916 35.079688 35.454880
 290.600000 0.346077 34.750749 35.454880
 290.800000 0.360869 31.472974 35.454880
 291.000000 0.357473 32.584855 35.454880
 291.200000 0.363589 30.858808 35.454880
 291.400000 0.374807 26.296539 35.454880
 291.600000 0.386242 21.638293 35.454880
 291.800000 0.365515 30.099299 35.454880
 292.000000 0.339291 35.262450 35.454880
 292.200000 0.333228 35.906346 35.454880
 292.400000 0.325102 37.299874 35.454880
 292.600000 0.341138 35.591754 35.454880
 292.800000 0.351664 34.654953 35.454880
 293.000000 0.371804 27.560051 35.454880
 293.200000 0.385304 22.371179 35.454880
 293.400000 0.361608 32.132105 35.454880
 293.600000 0.358338 33.231606 35.454880
 293.800000 0.350846 34.996898 35.454880
 294.000000 0.348809 35.269258 35.454880
 294.200000 0.348083 35.708675 35.454880
 294.400000 0.335704 36.013921 35.454880
 294.600000 0.327983 36.794988 35.454880
 294.800000 0.324066 37.661800 35.454880
 295.000000 0.332113 36.226465 35.752646
 295.200000 0.329255 36.921884 35.752646
 295.400000 0.327352 37.245961 35.752646
 295.600000 0.327287 37.258217 35.752646
 295.800000 0.309394 40.967289 35.752646
 296.000000 0.321091 38.722506 35.752646
 296.200000 0.334045 36.644596 35.752646
 296.400000 0.332672 36.757547 35.752646
 296.600000 0.319877 39.352749 35.752646
 296.800000 0.319844 39.361580 35.752646
 297.000000 0.340770 36.399720 35.752646
 297.200000 0.342977 36.679491 35.752646
 297.400000 0.343803 36.642005 35.752646
 297.600000 0.334270 36.943780 35.752646
 297.800000 0.332153 37.101892 35.752646
 298.000000 0.319746 39.515911 35.752646
 298.200000 0.324443 38.654577 35.752646
 298.400000 0.334887 37.090752 35.752646
 298.600000 0.324497 38.641999 35.752646
 298.800000 0.303495 41.018873 35.752646
 299.000000 0.311764 41.329705 35.752646
 299.200000 0.317186 40.683386 35.752646
 299.400000 0.330359 37.659516 35.752646
 299.600000 0.324290 38.886406 35.752646
 299.800000 0.341982 36.850365 35.752646
 300.000000 0.315527 41.038441 36.695436
 300.200000 0.316821 41.045786 36.695436
 300.400000 0.310981 41.942802 36.695436
 300.600000 0.303389 41.440664 36.695436
 300.800000 0.300522 40.772178 36.695436
 301.000000 0.313720 41.637426 36.695436
 301.200000 0.325451 39.034400 36.695436
 301.400000 0.333139 37.580633 36.695436
 301.600000 0.334923 37.394581 36.695436
 301.800000 0.331408 37.812100 36.695436
 302.000000 0.322748 39.755700 36.695436
 302.200000 0.320718 40.611929 36.695436
 302.400000 0.328997 38.502462 36.695436
 302.600000 0.315132 41.930545 36.695436
 302.800000 0.289919 37.314088 36.695436
 303.000000 0.293586 38.680049 36.695436
 303.200000 0.309737 42.642740 36.695436
 303.400000 0.310192 42.630020 36.695436
 303.600000 0.308277 42.632173 36.695436
 303.800000 0.302918 41.938509 36.695436
 304.000000 0.314097 42.226244 36.695436
 304.200000 0.329011 38.680758 36.695436
 304.400000 0.331187 38.251753 36.695436
 304.600000 0.327920 38.928480 36.695436
 304.800000 0.322484 40.402551 36.695436
 305.000000 0.326704 39.227914 37.684853
 305.200000 0.339839 37.495729 37.684853
 305.400000 0.325423 39.871211 37.684853
 305.600000 0.346996 36.754237 37.684853
 305.800000 0.329432 38.890750 37.684853
 306.000000 0.301650 41.903311 37.684853
 306.200000 0.276847 33.274732 37.684853
 306.400000 0.270996 31.366873 37.684853
 306.600000 0.283108 35.364205 37.684853
 306.800000 0.277975 33.640804 37.684853
 307.000000 0.287378 36.918935 37.684853
 307.200000 0.308526 43.402729 37.684853
 307.400000 0.321793 41.025863 37.684853
 307.600000 0.333184 38.245848 37.684853
 307.800000 0.316682 42.434529 37.684853
 308.000000 0.314781 42.843453 37.684853
 308.200000 0.334457 38.173073 37.684853
 308.400000 0.332490 38.485188 37.684853
 308.600000 0.331457 38.675410 37.684853
 308.800000 0.327099 39.691107 37.684853
 309.000000 0.350110 36.227815 37.684853
 309.200000 0.355922 35.013156 37.684853
 309.400000 0.351042 36.373938 37.684853
 309.600000 0.356522 34.812903 37.684853
 309.800000 0.346482 37.195320 37.684853
 310.000000 0.343525 37.533746 38.334482
 310.200000 0.360686 33.423333 38.334482
 310.400000 0.364323 31.837917 38.334482
 310.600000 0.341470 38.040550 38.334482
 310.800000 0.339436 38.194452 38.334482
 311.000000 0.351483 36.557247 38.334482
 311.200000 0.350713 37.083533 38.334482
 311.400000 0.354631 36.006798 38.334482
 311.600000 0.355408 35.751270 38.334482
 311.800000 0.368056 30.318398 38.334482
 312.000000 0.364751 31.876905 38.334482
 312.200000 0.362722 33.228584 38.334482
 312.400000 0.355504 36.068611 38.334482
 312.600000 0.369705 29.938853 38.334482
 312.800000 0.379557 25.269463 38.334482
 313.000000 0.385321 22.604018 38.334482
 313.200000 0.369247 30.518517 38.334482
 313.400000 0.374772 28.015009 38.334482
 313.600000 0.362648 33.464870 38.334482
 313.800000 0.368189 30.999636 38.334482
 314.000000 0.344731 38.235941 38.334482
 314.200000 0.332491 39.333277 38.334482
 314.400000 0.334177 39.160162 38.334482
 314.600000 0.319392 42.219093 38.334482
 314.800000 0.336101 39.014849 38.334482
 315.000000 0.330315 39.633608 38.593118
 315.200000 0.345503 38.664252 38.593118
 315.400000 0.337246 39.217681 38.593118
 315.600000 0.350236 37.916055 38.593118
 315.800000 0.339930 39.071375 38.593118
 316.000000 0.337060 39.229133 38.593118
 316.200000 0.340002 39.366679 38.593118
 316.400000 0.336111 39.596286 38.593118
 316.600000 0.333612 39.802106 38.593118
 316.800000 0.339281 39.406690 38.593118
 317.000000 0.327999 40.605320 38.593118
 317.200000 0.340976 39.507068 38.593118
 317.400000 0.361907 34.073982 38.593118
 317.600000 0.367620 31.416233 38.593118
 317.800000 0.376908 27.096215 38.593118
 318.000000 0.372518 29.116308 38.593118
 318.200000 0.359357 35.505914 38.593118
 318.400000 0.348828 38.660614 38.593118
 318.600000 0.333139 40.134599 38.593118
 318.800000 0.359083 35.615049 38.593118
 319.000000 0.374364 28.737301 38.593118
 319.200000 0.368609 31.862951 38.593118
 319.400000 0.365147 33.410251 38.593118
 319.600000 0.359318 35.815305 38.593118
 319.800000 0.361283 35.044876 38.593118
 320.000000 0.377009 27.986246 38.883361
 320.200000 0.390945 21.405593 38.883361
 320.400000 0.380472 26.827156 38.883361
 320.600000 0.374546 29.635372 38.883361
 320.800000 0.376454 28.750206 38.883361
 321.000000 0.370634 31.401617 38.883361
 321.200000 0.359932 36.177633 38.883361
 321.400000 0.365370 34.090309 38.883361
 321.600000 0.370231 32.012177 38.883361
 321.800000 0.372976 30.778219 38.883361
 322.000000 0.365375 34.088133 38.883361
 322.200000 0.373852 30.702126 38.883361
 322.400000 0.371161 31.954589 38.883361
 322.600000 0.373882 30.687883 38.883361
 322.800000 0.362063 35.773055 38.883361
 323.000000 0.369426 32.735375 38.883361
 323.200000 0.360723 36.604510 38.883361
 323.400000 0.350174 39.199790 38.883361
 323.600000 0.359369 37.051905 38.883361
 323.800000 0.341894 39.829336 38.883361
 324.000000 0.339011 39.906516 38.883361
 324.200000 0.346927 39.824079 38.883361
 324.400000 0.339447 40.190212 38.883361
 324.600000 0.361267 36.514641 38.883361
 324.800000 0.369384 33.198693 38.883361
 325.000000 0.377065 29.508745 39.040229
 325.200000 0.399458 17.102519 39.040229
 325.400000 0.418957 7.817356 39.040229
 325.600000 0.407543 12.796601 39.040229
 325.800000 0.408534 12.313430 39.040229
 326.000000 0.401823 15.780770 39.040229
 326.200000 0.397356 19.141629 39.040229
 326.400000 0.386822 25.098230 39.040229
 326.600000 0.363726 35.938781 39.040229
 326.800000 0.371773 32.659530 39.040229
 327.000000 0.373429 31.915193 39.040229
 327.200000 0.384900 26.467120 39.040229
 327.400000 0.413501 10.692865 39.040229
 327.600000 0.402845 16.149372 39.040229
 327.800000 0.404854 15.053771 39.040229
 328.000000 0.408907 12.934116 39.040229
 328.200000 0.405417 15.709193 39.040229
 328.400000 0.382688 27.899079 39.040229
 328.600000 0.394873 21.335636 39.040229
 328.800000 0.399400 18.889134 39.040229
 329.000000 0.396114 20.662390 39.040229
 329.200000 0.395184 21.862360 39.040229
 329.400000 0.393586 22.722590 39.040229
 329.600000 0.388744 25.292332 39.040229
 329.800000 0.395979 21.432298 39.040229
 330.000000 0.378718 30.263366 39.047095
 330.200000 0.384180 28.052472 39.047095
 330.400000 0.388791 25.630369 39.047095
 330.600000 0.393786 22.889645 39.047095
 330.800000 0.391416 24.200611 39.047095
 331.000000 0.401557 18.532716 39.047095
 331.200000 0.403173 18.388297 39.047095
 331.400000 0.404742 17.500364 39.047095
 331.600000 0.402475 18.782497 39.047095
 331.800000 0.405404 17.125339 39.047095
 332.000000 0.412608 13.067396 39.047095
 332.200000 0.417342 11.439892 39.047095
 332.400000 0.407570 16.821077 39.047095
 332.600000 0.406394 17.461219 39.047095
 332.800000 0.384270 28.563050 39.047095
 333.000000 0.384151 28.617534 39.047095
 333.200000 0.382314 29.937307 39.047095
 333.400000 0.382511 29.849468 39.047095
 333.600000 0.368511 35.331508 39.047095
 333.800000 0.363012 37.068800 39.047095
 334.000000 0.364549 36.609584 39.047095
 334.200000 0.335774 40.413889 39.047095
 334.400000 0.354016 39.475669 39.047095
 334.600000 0.362617 37.523076 39.047095
 334.800000 0.369390 35.357547 39.047095
 335.000000 0.383534 29.542085 39.075768
 335.200000 0.364719 37.113164 39.075768
 335.400000 0.360521 38.237118 39.075768
 335.600000 0.348592 40.143534 39.075768
 335.800000 0.366953 36.441540 39.075768
 336.000000 0.384542 29.535640 39.075768
 336.200000 0.387727 28.436014 39.075768
 336.400000 0.416168 12.223107 39.075768
 336.600000 0.401994 20.527325 39.075768
 336.800000 0.402099 20.465769 39.075768
 337.000000 0.414481 13.190038 39.075768
 337.200000 0.434365 4.097796 39.075768
 337.400000 0.434183 4.164282 39.075768
 337.600000 0.438411 2.785212 39.075768
 337.800000 0.425330 8.121550 39.075768
 338.000000 0.422845 9.433292 39.075768
 338.200000 0.418959 12.703961 39.075768
 338.400000 0.427487 8.137754 39.075768
 338.600000 0.429990 6.900833 39.075768
 338.800000 0.434796 4.779090 39.075768
 339.000000 0.427989 7.883784 39.075768
 339.200000 0.440301 3.743465 39.075768
 339.400000 0.436600 5.130931 39.075768
 339.600000 0.416452 14.991395 39.075768
 339.800000 0.422887 11.722325 39.075768
 340.000000 0.417150 14.642541 39.059891
 340.200000 0.413701 17.236639 39.059891
 340.400000 0.424763 11.559795 39.059891
 340.600000 0.414413 16.896646 39.059891
 340.800000 0.421625 13.242741 39.059891
 341.000000 0.410368 18.781024 39.059891
 341.200000 0.400830 23.598265 39.059891
 341.400000 0.385256 30.152092 39.059891
 341.600000 0.415214 17.228866 39.059891
 341.800000 0.434248 6.817457 39.059891
 342.000000 0.434442 6.720561 39.059891
 342.200000 0.397273 25.127918 39.059891
 342.400000 0.388511 28.785307 39.059891
 342.600000 0.402421 23.071796 39.059891
 342.800000 0.396818 25.312930 39.059891
 343.000000 0.407580 21.029931 39.059891
 343.200000 0.406881 21.994229 39.059891
 343.400000 0.396549 25.945592 39.059891
 343.600000 0.401600 24.029655 39.059891
 343.800000 0.395444 26.368976 39.059891
 344.000000 0.394211 26.844393 39.059891
 344.200000 0.397614 26.055250 39.059891
 344.400000 0.394416 27.294337 39.059891
 344.600000 0.393176 27.774895 39.059891
 344.800000 0.383171 31.600766 39.059891
 345.000000 0.384635 31.057156 39.050667
 345.200000 0.417785 17.338568 39.050667
 345.400000 0.434233 8.277595 39.050667
 345.600000 0.431620 9.672867 39.050667
 345.800000 0.427558 11.940814 39.050667
 346.000000 0.416973 17.759931 39.050667
 346.200000 0.432947 9.404583 39.050667
 346.400000 0.421278 16.226997 39.050667
 346.600000 0.420333 16.755066 39.050667
 346.800000 0.429439 11.442517 39.050667
 347.000000 0.434156 8.728594 39.050667
 347.200000 0.444490 4.854256 39.050667
 347.400000 0.454771 1.734078 39.050667
 347.600000 0.444312 4.927007 39.050667
 347.800000 0.435587 9.132752 39.050667
 348.000000 0.429444 12.568106 39.050667
 348.200000 0.438660 8.351288 39.050667
 348.400000 0.425025 16.004163 39.050667
 348.600000 0.425367 15.821699 39.050667
 348.800000 0.422382 17.365224 39.050667
 349.000000 0.418996 18.981104 39.050667
 349.200000 0.395488 27.835273 39.050667
 349.400000 0.408445 23.733690 39.050667
 349.600000 0.407166 24.141094 39.050667
 349.800000 0.423766 17.377115 39.050667
 350.000000 0.449615 3.532592 39.025622
 350.200000 0.452097 4.203783 39.025622
 350.400000 0.442346 8.009390 39.025622
 350.600000 0.430227 14.336098 39.025622
 350.800000 0.415051 21.504624 39.025622
 351.000000 0.408456 23.761990 39.025622
 351.200000 0.433114 12.917257 39.025622
 351.400000 0.441653 8.387102 39.025622
 351.600000 0.444769 6.955454 39.025622
 351.800000 0.431826 13.644184 39.025622
 352.000000 0.424340 17.775136 39.025622
 352.200000 0.427497 16.849432 39.025622
 352.400000 0.420791 20.326468 39.025622
 352.600000 0.424242 18.619142 39.025622
 352.800000 0.419922 20.724913 39.025622
 353.000000 0.414402 22.944122 39.025622
 353.200000 0.418404 21.995470 39.025622
 353.400000 0.421594 20.507972 39.025622
 353.600000 0.401967 27.019575 39.025622
 353.800000 0.384357 32.006630 39.025622
 354.000000 0.391212 29.874994 39.025622
 354.200000 0.401797 27.420988 39.025622
 354.400000 0.405412 26.477824 39.025622
 354.600000 0.408375 25.664956 39.025622
 354.800000 0.417614 22.429841 39.025622
 355.000000 0.389899 30.731559 39.017240
 355.200000 0.391171 30.792975 39.017240
 355.400000 0.394448 29.820855 39.017240
 355.600000 0.392616 30.360823 39.017240
 355.800000 0.414548 23.773733 39.017240
 356.000000 0.405771 26.636182 39.017240
 356.200000 0.417955 22.742909 39.017240
 356.400000 0.433726 13.605769 39.017240
 356.600000 0.448570 5.688603 39.017240
 356.800000 0.450554 4.924382 39.017240
 357.000000 0.420148 21.673666 39.017240
 357.200000 0.404827 27.831574 39.017240
 357.400000 0.393199 30.695336 39.017240
 357.600000 0.414371 24.913539 39.017240
 357.800000 0.427282 18.234577 39.017240
 358.000000 0.408456 26.865409 39.017240
 358.200000 0.403731 28.607827 39.017240
 358.400000 0.407827 27.570467 39.017240
 358.600000 0.415036 25.133969 39.017240
 358.800000 0.402973 28.785218 39.017240
 359.000000 0.405247 28.242101 39.017240
 359.200000 0.403562 29.141876 39.017240
 359.400000 0.412631 26.500769 39.017240
 359.600000 0.428322 17.944727 39.017240
 359.800000 0.437366 11.850936 39.017240
 360.000000 0.424515 20.444410 39.000067
 360.200000 0.433531 14.975306 39.000067
 360.400000 0.434668 14.180810 39.000067
 360.600000 0.439135 11.178735 39.000067
 360.800000 0.439369 11.029004 39.000067
 361.000000 0.420862 23.319161 39.000067
 361.200000 0.416198 26.214623 39.000067
 361.400000 0.426438 20.478914 39.000067
 361.600000 0.437659 12.473171 39.000067
 361.800000 0.427170 19.977257 39.000067
 362.000000 0.439617 11.154075 39.000067
 362.200000 0.435732 14.853449 39.000067
 362.400000 0.421961 23.845728 39.000067
 362.600000 0.414232 27.243814 39.000067
 362.800000 0.412731 27.726624 39.000067
 363.000000 0.417136 26.151068 39.000067
 363.200000 0.419441 25.665867 39.000067
 363.400000 0.410272 28.899919 39.000067
 363.600000 0.386753 32.979154 39.000067
 363.800000 0.383975 33.583943 39.000067
 364.000000 0.399760 30.694519 39.000067
 364.200000 0.418096 26.497041 39.000067
 364.400000 0.420104 25.518036 39.000067
 364.600000 0.401377 30.906879 39.000067
 364.800000 0.401675 30.863050 39.000067
 365.000000 0.396576 31.602020 38.987457
 365.200000 0.371622 36.527876 38.987457
 365.400000 0.385341 33.887506 38.987457
 365.600000 0.393966 32.422954 38.987457
 365.800000 0.385534 33.852099 38.987457
 366.000000 0.393224 32.538182 38.987457
 366.200000 0.395045 32.666431 38.987457
 366.400000 0.392351 33.086372 38.987457
 366.600000 0.375537 35.965688 38.987457
 366.800000 0.390523 33.379823 38.987457
 367.000000 0.371423 36.709496 38.987457
 367.200000 0.368484 37.588596 38.987457
 367.400000 0.383061 34.890238 38.987457
 367.600000 0.385206 34.491674 38.987457
 367.800000 0.401419 31.706553 38.987457
 368.000000 0.403505 31.327932 38.987457
 368.200000 0.386001 34.563858 38.987457
 368.400000 0.374395 36.570384 38.987457
 368.600000 0.378957 35.771056 38.987457
 368.800000 0.381438 35.339440 38.987457
 369.000000 0.390387 33.850505 38.987457
 369.200000 0.384886 35.113292 38.987457
 369.400000 0.366561 38.070884 38.987457
 369.600000 0.367153 37.971452 38.987457
 369.800000 0.380470 35.818425 38.987457
 370.000000 0.374206 36.819764 39.047347
 370.200000 0.374455 37.119151 39.047347
 370.400000 0.369296 37.936612 39.047347
 370.600000 0.346903 40.453567 39.047347
 370.800000 0.345307 40.467035 39.047347
 371.000000 0.350869 40.307693 39.047347
 371.200000 0.349710 40.657831 39.047347
 371.400000 0.351654 40.548507 39.047347
 371.600000 0.362473 39.216813 39.047347
 371.800000 0.373507 37.363673 39.047347
 372.000000 0.365893 38.649787 39.047347
 372.200000 0.363771 39.314481 39.047347
 372.400000 0.367695 38.654716 39.047347
 372.600000 0.358232 40.130348 39.047347
 372.800000 0.351908 40.733110 39.047347
 373.000000 0.354587 40.531022 39.047347
 373.200000 0.371410 38.162275 39.047347
 373.400000 0.380182 36.485655 39.047347
 373.600000 0.373129 37.839486 39.047347
 373.800000 0.378535 36.805528 39.047347
 374.000000 0.395885 33.539515 39.047347
 374.200000 0.378370 37.035629 39.047347
 374.400000 0.366982 39.042426 39.047347
 374.600000 0.376028 37.451111 39.047347
 374.800000 0.376881 37.299906 39.047347
 375.000000 0.373311 37.931323 39.267436
 375.200000 0.374711 38.005758 39.267436
 375.400000 0.377278 37.541488 39.267436
 375.600000 0.375023 37.949921 39.267436
 375.800000 0.368741 39.042267 39.267436
 376.000000 0.377809 37.444160 39.267436
 376.200000 0.394992 34.375159 39.267436
 376.400000 0.402179 32.862577 39.267436
 376.600000 0.393595 34.655426 39.267436
 376.800000 0.385360 36.315272 39.267436
 377.000000 0.394449 34.484046 39.267436
 377.200000 0.417956 27.424288 39.267436
 377.400000 0.419280 26.693037 39.267436
 377.600000 0.418990 26.856914 39.267436
 377.800000 0.419282 26.691815 39.267436
 378.000000 0.413520 29.564889 39.267436
 378.200000 0.399059 34.196566 39.267436
 378.400000 0.404381 33.029479 39.267436
 378.600000 0.385464 36.689901 39.267436
 378.800000 0.390070 35.864443 39.267436
 379.000000 0.382469 37.215289 39.267436
 379.200000 0.402784 33.541147 39.267436
 379.400000 0.428061 21.207445 39.267436
 379.600000 0.447997 7.404655 39.267436
 379.800000 0.431151 18.861844 39.267436
 380.000000 0.428624 20.785394 39.329116
 380.200000 0.436579 15.342039 39.329116
 380.400000 0.442548 11.032756 39.329116
 380.600000 0.452620 5.435930 39.329116
 380.800000 0.462462 2.234209 39.329116
 381.000000 0.444838 9.551704 39.329116
 381.200000 0.474028 0.740251 39.329116
 381.400000 0.452002 6.729445 39.329116
 381.600000 0.435792 16.897024 39.329116
 381.800000 0.434839 17.594472 39.329116
 382.000000 0.438624 14.856542 39.329116
 382.200000 0.456413 5.249252 39.329116
 382.400000 0.434293 18.861267 39.329116
 382.600000 0.414176 30.594822 39.329116
 382.800000 0.392989 35.643734 39.329116
 383.000000 0.391435 35.931608 39.329116
 383.200000 0.384061 37.589394 39.329116
 383.400000 0.373085 39.196625 39.329116
 383.600000 0.380988 38.081950 39.329116
 383.800000 0.392268 36.129763 39.329116
 384.000000 0.376982 38.673269 39.329116
 384.200000 0.369498 39.922022 39.329116
 384.400000 0.376521 39.049892 39.329116
 384.600000 0.402055 34.270508 39.329116
 384.800000 0.424716 25.389647 39.329116
 385.000000 0.427594 23.544491 39.371255
 385.200000 0.414244 31.105766 39.371255
 385.400000 0.424886 25.887716 39.371255
 385.600000 0.456528 5.294767 39.371255
 385.800000 0.448261 9.645921 39.371255
 386.000000 0.448087 9.752737 39.371255
 386.200000 0.448141 10.852720 39.371255
 386.400000 0.440804 15.653049 39.371255
 386.600000 0.456072 6.479282 39.371255
 386.800000 0.449543 10.006548 39.371255
 387.000000 0.460762 4.442724 39.371255
 387.200000 0.450067 10.810385 39.371255
 387.400000 0.454293 8.674056 39.371255
 387.600000 0.432724 21.486409 39.371255
 387.800000 0.417945 29.761134 39.371255
 388.000000 0.394160 35.986655 39.371255
 388.200000 0.392331 36.690108 39.371255
 388.400000 0.382733 38.365995 39.371255
 388.600000 0.391468 36.853740 39.371255
 388.800000 0.416945 30.288391 39.371255
 389.000000 0.394625 36.248566 39.371255
 389.200000 0.388196 37.772967 39.371255
 389.400000 0.368307 40.209671 39.371255
 389.600000 0.380168 38.962798 39.371255
 389.800000 0.399524 35.596260 39.371255
 390.000000 0.409766 33.015433 39.398321
 390.200000 0.402130 35.372111 39.398321
 390.400000 0.401618 35.482356 39.398321
 390.600000 0.420277 29.180441 39.398321
 390.800000 0.435686 19.655986 39.398321
 391.000000 0.454505 8.577086 39.398321
 391.200000 0.463438 5.896138 39.398321
 391.400000 0.475272 2.243504 39.398321
 391.600000 0.450020 11.987487 39.398321
 391.800000 0.466683 4.701440 39.398321
 392.000000 0.439595 17.802922 39.398321
 392.200000 0.443724 16.148390 39.398321
 392.400000 0.460423 7.416353 39.398321
 392.600000 0.448672 13.345412 39.398321
 392.800000 0.471362 3.310348 39.398321
 393.000000 0.461737 6.837149 39.398321
 393.200000 0.470214 4.756961 39.398321
 393.400000 0.466068 6.321246 39.398321
 393.600000 0.442986 17.169164 39.398321
 393.800000 0.429457 24.839567 39.398321
 394.000000 0.445529 15.826803 39.398321
 394.200000 0.441972 18.557300 39.398321
 394.400000 0.439212 20.032495 39.398321
 394.600000 0.436033 21.755346 39.398321
 394.800000 0.445140 16.893727 39.398321
 395.000000 0.447402 15.724264 39.375562
 395.200000 0.430668 25.141127 39.375562
 395.400000 0.434234 23.326599 39.375562
 395.600000 0.445117 17.764481 39.375562
 395.800000 0.453106 13.634522 39.375562
 396.000000 0.439414 20.677671 39.375562
 396.200000 0.430441 25.837753 39.375562
 396.400000 0.426729 27.579532 39.375562
 396.600000 0.419695 30.546164 39.375562
 396.800000 0.420357 30.290473 39.375562
 397.000000 0.426193 27.822581 39.375562
 397.200000 0.413933 32.901314 39.375562
 397.400000 0.405358 34.967476 39.375562
 397.600000 0.403895 35.258412 39.375562
 397.800000 0.408295 34.339378 39.375562
 398.000000 0.425304 28.726545 39.375562
 398.200000 0.438560 22.498790 39.375562
 398.400000 0.439517 21.973293 39.375562
 398.600000 0.443008 20.030585 39.375562
 398.800000 0.438906 22.309462 39.375562
 399.000000 0.427941 28.003616 39.375562
 399.200000 0.429540 27.730475 39.375562
 399.400000 0.421218 31.352414 39.375562
 399.600000 0.430542 27.228065 39.375562
 399.800000 0.434429 25.184062 39.375562
 400.000000 0.435000 24.872980 39.364872
 400.200000 0.450009 16.577239 39.364872
 400.400000 0.466015 7.337959 39.364872
 400.600000 0.450952 15.999341 39.364872
 400.800000 0.448271 17.642237 39.364872
 401.000000 0.439740 22.768304 39.364872
 401.200000 0.437959 24.426816 39.364872
 401.400000 0.433361 26.913069 39.364872
 401.600000 0.414024 33.929888 39.364872
 401.800000 0.394470 37.051730 39.364872
 402.000000 0.405594 35.419365 39.364872
 402.200000 0.419034 32.928549 39.364872
 402.400000 0.437154 24.917749 39.364872
 402.600000 0.435685 25.734097 39.364872
 402.800000 0.434632 26.305355 39.364872
 403.000000 0.435512 25.828659 39.364872
 403.200000 0.439573 24.061507 39.364872
 403.400000 0.438467 24.713241 39.364872
 403.600000 0.455838 13.602146 39.364872
 403.800000 0.471125 5.110206 39.364872
 404.000000 0.474432 3.820749 39.364872
 404.200000 0.485719 2.198653 39.364872
 404.400000 0.490058 1.447797 39.364872
 404.600000 0.478130 4.086415 39.364872
 404.800000 0.471654 6.339592 39.364872
 405.000000 0.471009 6.597641 39.359256
 405.200000 0.453093 16.568085 39.359256
 405.400000 0.450592 17.975362 39.359256
 405.600000 0.457913 13.968792 39.359256
 405.800000 0.466640 9.758114 39.359256
 406.000000 0.468181 9.084557 39.359256
 406.200000 0.472615 8.380460 39.359256
 406.400000 0.466556 10.956449 39.359256
 406.600000 0.469067 9.871942 39.359256
 406.800000 0.478901 5.898072 39.359256
 407.000000 0.483588 4.256754 39.359256
 407.200000 0.460743 14.014256 39.359256
 407.400000 0.461454 13.720778 39.359256
 407.600000 0.467205 11.469854 39.359256
 407.800000 0.463355 12.954602 39.359256
 408.000000 0.463529 12.885897 39.359256
 408.200000 0.464087 13.651258 39.359256
 408.400000 0.473054 10.135639 39.359256
 408.600000 0.484511 5.776509 39.359256
 408.800000 0.472178 10.478975 39.359256
 409.000000 0.459771 15.377523 39.359256
 409.200000 0.467426 13.114169 39.359256
 409.400000 0.446197 22.052906 39.359256
 409.600000 0.451135 19.862549 39.359256
 409.800000 0.463658 14.673465 39.359256
 410.000000 0.458858 16.632580 39.337080
 410.200000 0.436039 27.046555 39.337080
 410.400000 0.430674 29.320782 39.337080
 410.600000 0.433328 28.214627 39.337080
 410.800000 0.436195 26.978471 39.337080
 411.000000 0.431856 28.834011 39.337080
 411.200000 0.443135 24.309197 39.337080
 411.400000 0.447922 22.186978 39.337080
 411.600000 0.416026 34.301738 39.337080
 411.800000 0.391399 37.755943 39.337080
 412.000000 0.394290 37.381790 39.337080
 412.200000 0.398446 37.174503 39.337080
 412.400000 0.395265 37.587649 39.337080
 412.600000 0.387862 38.513287 39.337080
 412.800000 0.403717 36.470162 39.337080
 413.000000 0.410453 35.471192 39.337080
 413.200000 0.418250 34.218986 39.337080
 413.400000 0.399891 37.265182 39.337080
 413.600000 0.376315 39.693248 39.337080
 413.800000 0.392291 38.140734 39.337080
 414.000000 0.388072 38.606473 39.337080
 414.200000 0.399038 37.606029 39.337080
 414.400000 0.393511 38.296267 39.337080
 414.600000 0.375479 39.979056 39.337080
 414.800000 0.368568 40.426556 39.337080
 415.000000 0.397267 37.833037 39.422897
 415.200000 0.387600 39.233082 39.422897
 415.400000 0.364272 40.759150 39.422897
 415.600000 0.363536 40.809458 39.422897
 415.800000 0.375777 40.075225 39.422897
 416.000000 0.370521 40.363764 39.422897
 416.200000 0.379472 40.102800 39.422897
 416.400000 0.392928 38.771899 39.422897
 416.600000 0.389242 39.206995 39.422897
 416.800000 0.386029 39.544380 39.422897
 417.000000 0.413943 35.446000 39.422897
 417.200000 0.428041 31.316516 39.422897
 417.400000 0.461711 16.356308 39.422897
 417.600000 0.454545 19.378940 39.422897
 417.800000 0.444676 23.690132 39.422897
 418.000000 0.408352 36.880482 39.422897
 418.200000 0.399288 38.446108 39.422897
 418.400000 0.398344 38.551382 39.422897
 418.600000 0.403385 37.950186 39.422897
 418.800000 0.393575 39.043057 39.422897
 419.000000 0.407098 37.420838 39.422897
 419.200000 0.417009 35.617132 39.422897
 419.400000 0.429151 31.090956 39.422897
 419.600000 0.428454 31.401646 39.422897
 419.800000 0.423092 33.603965 39.422897
 420.000000 0.439160 26.337669 39.526013
