#! FIELDS time d metad.bias metad.rct
 0.000000 0.067446 0.000000 0.000000
 0.200000 0.069244 0.000000 0.000000
 0.400000 0.059799 0.000000 0.000000
 0.600000 0.060979 0.000000 0.000000
 0.800000 0.068277 0.000000 0.000000
 1.000000 0.078107 0.000000 0.000000
 1.200000 0.084674 1.589740 0.000000
 1.400000 0.108071 0.235042 0.000000
 1.600000 0.098677 0.681306 0.000000
 1.800000 0.069243 1.469136 0.000000
 2.000000 0.056290 0.605483 0.000000
 2.200000 0.066853 2.648525 0.000000
 2.400000 0.079227 2.272013 0.000000
 2.600000 0.075825 2.457447 0.000000
 2.800000 0.054158 2.173040 0.000000
 3.000000 0.048435 1.729195 0.000000
 3.200000 0.045245 3.037854 0.000000
 3.400000 0.057775 3.725590 0.000000
 3.600000 0.085440 1.881732 0.000000
 3.800000 0.099454 0.659257 0.000000
 4.000000 0.081695 2.239716 0.000000
 4.200000 0.078820 4.057576 0.000000
 4.400000 0.081278 3.861838 0.000000
 4.600000 0.067637 4.381765 0.000000
 4.800000 0.060325 4.262500 0.000000
 5.000000 0.065567 4.368866 1.518697
 5.200000 0.079399 4.956835 1.518697
 5.400000 0.099148 1.598298 1.518697
 5.600000 0.085407 4.019922 1.518697
 5.800000 0.085811 3.948811 1.518697
 6.000000 0.085308 4.037325 1.518697
 6.200000 0.094835 3.493068 1.518697
 6.400000 0.104856 1.506389 1.518697
 6.600000 0.091219 4.306250 1.518697
 6.800000 0.098583 2.670344 1.518697
 7.000000 0.076084 6.551345 1.518697
 7.200000 0.088184 5.897027 1.518697
 7.400000 0.109481 0.997087 1.518697
 7.600000 0.090953 5.163755 1.518697
 7.800000 0.093631 4.423185 1.518697
 8.000000 0.108816 1.083668 1.518697
 8.200000 0.092090 5.744909 1.518697
 8.400000 0.072604 8.005358 1.518697
 8.600000 0.051498 5.150411 1.518697
 8.800000 0.044506 3.734878 1.518697
 9.000000 0.054456 5.718458 1.518697
 9.200000 0.056410 7.420856 1.518697
 9.400000 0.063633 8.348086 1.518697
 9.600000 0.075240 8.544627 1.518697
 9.800000 0.091134 6.010868 1.518697
 10.000000 0.079165 8.192269 4.180112
 10.200000 0.093893 6.155309 4.180112
 10.400000 0.103840 3.798268 4.180112
 10.600000 0.111989 2.455702 4.180112
 10.800000 0.101786 4.220520 4.180112
 11.000000 0.095744 5.667528 4.180112
 11.200000 0.112312 3.148903 4.180112
 11.400000 0.131211 0.640739 4.180112
 11.600000 0.119094 1.992258 4.180112
 11.800000 0.104120 4.906251 4.180112
 12.000000 0.096222 6.902726 4.180112
 12.200000 0.110701 4.270111 4.180112
 12.400000 0.133862 0.520947 4.180112
 12.600000 0.099362 7.346440 4.180112
 12.800000 0.091400 9.348222 4.180112
 13.000000 0.088435 9.929883 4.180112
 13.200000 0.095290 9.441905 4.180112
 13.400000 0.096228 9.170133 4.180112
 13.600000 0.094509 9.660880 4.180112
 13.800000 0.090174 10.720254 4.180112
 14.000000 0.106452 5.930746 4.180112
 14.200000 0.108529 6.617843 4.180112
 14.400000 0.096604 10.141429 4.180112
 14.600000 0.103985 8.045354 4.180112
 14.800000 0.125913 1.921151 4.180112
 15.000000 0.149992 0.052717 6.393584
 15.200000 0.129694 1.986187 6.393584
 15.400000 0.107143 7.082491 6.393584
 15.600000 0.112976 5.307705 6.393584
 15.800000 0.119503 3.582999 6.393584
 16.000000 0.108428 6.683809 6.393584
 16.200000 0.118775 4.776776 6.393584
 16.400000 0.147247 1.852926 6.393584
 16.600000 0.129784 2.448863 6.393584
 16.800000 0.127981 2.701733 6.393584
 17.000000 0.137644 1.903100 6.393584
 17.200000 0.124117 4.491794 6.393584
 17.400000 0.113944 6.701349 6.393584
 17.600000 0.107182 8.566952 6.393584
 17.800000 0.129384 3.881554 6.393584
 18.000000 0.119101 5.431493 6.393584
 18.200000 0.128352 5.107337 6.393584
 18.400000 0.137208 4.183314 6.393584
 18.600000 0.120092 6.590513 6.393584
 18.800000 0.105270 9.985167 6.393584
 19.000000 0.116132 7.480835 6.393584
 19.200000 0.138104 4.541426 6.393584
 19.400000 0.148354 3.415613 6.393584
 19.600000 0.142735 4.027925 6.393584
 19.800000 0.127423 6.186446 6.393584
 20.000000 0.132042 5.365040 7.561410
 20.200000 0.142313 5.162572 7.561410
 20.400000 0.133026 6.588778 7.561410
 20.600000 0.146194 4.538147 7.561410
 20.800000 0.161032 2.053888 7.561410
 21.000000 0.160006 2.212283 7.561410
 21.200000 0.162408 3.415509 7.561410
 21.400000 0.139074 6.260320 7.561410
 21.600000 0.112840 10.096282 7.561410
 21.800000 0.113900 9.919664 7.561410
 22.000000 0.122263 8.473915 7.561410
 22.200000 0.099883 12.263848 7.561410
 22.400000 0.102807 12.055557 7.561410
 22.600000 0.101873 12.124796 7.561410
 22.800000 0.088973 12.743335 7.561410
 23.000000 0.076919 12.042136 7.561410
 23.200000 0.038521 3.399427 7.561410
 23.400000 0.041924 4.297338 7.561410
 23.600000 0.051143 6.920981 7.561410
 23.800000 0.051426 7.001585 7.561410
 24.000000 0.048912 6.281681 7.561410
 24.200000 0.064996 11.408658 7.561410
 24.400000 0.077734 13.372614 7.561410
 24.600000 0.076981 13.301112 7.561410
 24.800000 0.102197 12.347034 7.561410
 25.000000 0.094640 13.088420 9.313122
 25.200000 0.100551 13.417655 9.313122
 25.400000 0.081706 14.292879 9.313122
 25.600000 0.066864 11.942139 9.313122
 25.800000 0.058587 10.118748 9.313122
 26.000000 0.051658 8.382818 9.313122
 26.200000 0.060728 11.611761 9.313122
 26.400000 0.061874 11.819653 9.313122
 26.600000 0.066098 12.537666 9.313122
 26.800000 0.063045 12.025207 9.313122
 27.000000 0.033560 3.618240 9.313122
 27.200000 0.041773 7.687982 9.313122
 27.400000 0.046813 9.142319 9.313122
 27.600000 0.049826 9.895735 9.313122
 27.800000 0.049439 9.804648 9.313122
 28.000000 0.061797 12.056703 9.313122
 28.200000 0.070665 14.178510 9.313122
 28.400000 0.094121 14.229579 9.313122
 28.600000 0.124280 9.469328 9.313122
 28.800000 0.126411 9.059789 9.313122
 29.000000 0.108242 12.354069 9.313122
 29.200000 0.118687 11.337761 9.313122
 29.400000 0.115460 12.042433 9.313122
 29.600000 0.081726 15.091590 9.313122
 29.800000 0.065255 13.566964 9.313122
 30.000000 0.060081 12.820801 10.809898
 30.200000 0.067203 14.697464 10.809898
 30.400000 0.090155 15.210908 10.809898
 30.600000 0.109173 13.218773 10.809898
 30.800000 0.106605 13.612701 10.809898
 31.000000 0.118147 11.459210 10.809898
 31.200000 0.099141 14.979380 10.809898
 31.400000 0.096792 15.110124 10.809898
 31.600000 0.056308 13.108482 10.809898
 31.800000 0.065897 14.567247 10.809898
 32.000000 0.074145 15.227746 10.809898
 32.200000 0.052330 12.456217 10.809898
 32.400000 0.071076 15.896201 10.809898
 32.600000 0.076568 16.226294 10.809898
 32.800000 0.077224 16.246421 10.809898
 33.000000 0.062336 14.793599 10.809898
 33.200000 0.052247 13.152770 10.809898
 33.400000 0.031086 4.757927 10.809898
 33.600000 0.040021 8.265582 10.809898
 33.800000 0.043623 9.800366 10.809898
 34.000000 0.034768 6.110593 10.809898
 34.200000 0.063029 16.036699 10.809898
 34.400000 0.051392 13.580846 10.809898
 34.600000 0.034711 7.421374 10.809898
 34.800000 0.031232 6.104555 10.809898
 35.000000 0.050682 13.367951 12.485920
 35.200000 0.072205 17.116156 12.485920
 35.400000 0.084631 16.569918 12.485920
 35.600000 0.070852 17.108058 12.485920
 35.800000 0.059538 16.311250 12.485920
 36.000000 0.045327 12.462111 12.485920
 36.200000 0.022295 3.707609 12.485920
 36.400000 0.032294 7.640230 12.485920
 36.600000 0.050644 15.264106 12.485920
 36.800000 0.070527 17.347303 12.485920
 37.000000 0.076447 17.163037 12.485920
 37.200000 0.088203 16.876815 12.485920
 37.400000 0.102489 15.107463 12.485920
 37.600000 0.111752 13.819716 12.485920
 37.800000 0.111926 13.789771 12.485920
 38.000000 0.098212 15.615198 12.485920
 38.200000 0.107283 15.228792 12.485920
 38.400000 0.141211 7.022953 12.485920
 38.600000 0.168560 2.428455 12.485920
 38.800000 0.176684 1.274051 12.485920
 39.000000 0.175840 1.376622 12.485920
 39.200000 0.188551 1.468060 12.485920
 39.400000 0.204480 0.279759 12.485920
 39.600000 0.186759 1.670529 12.485920
 39.800000 0.195271 0.821578 12.485920
 40.000000 0.215280 0.048816 13.681798
 40.200000 0.196350 1.522703 13.681798
 40.400000 0.202956 1.587064 13.681798
 40.600000 0.186867 1.945682 13.681798
 40.800000 0.180200 2.584648 13.681798
 41.000000 0.195308 1.536236 13.681798
 41.200000 0.186453 3.351087 13.681798
 41.400000 0.193922 3.193858 13.681798
 41.600000 0.192544 3.217819 13.681798
 41.800000 0.212306 2.653906 13.681798
 42.000000 0.198003 3.124542 13.681798
 42.200000 0.149531 5.954107 13.681798
 42.400000 0.135248 8.321832 13.681798
 42.600000 0.142719 6.882806 13.681798
 42.800000 0.165214 4.618341 13.681798
 43.000000 0.159211 5.028326 13.681798
 43.200000 0.168697 5.590638 13.681798
 43.400000 0.175356 5.070299 13.681798
 43.600000 0.177905 4.932232 13.681798
 43.800000 0.180087 4.846288 13.681798
 44.000000 0.193735 4.755595 13.681798
 44.200000 0.193029 6.172279 13.681798
 44.400000 0.157634 6.624501 13.681798
 44.600000 0.143257 7.593004 13.681798
 44.800000 0.141669 7.761189 13.681798
 45.000000 0.138587 8.160341 13.678985
 45.200000 0.134567 10.011515 13.678985
 45.400000 0.131035 10.652078 13.678985
 45.600000 0.126952 11.483502 13.678985
 45.800000 0.142742 8.815871 13.678985
 46.000000 0.161957 6.706228 13.678985
 46.200000 0.179039 6.466270 13.678985
 46.400000 0.193760 6.306275 13.678985
 46.600000 0.202522 5.729553 13.678985
 46.800000 0.222382 2.519521 13.678985
 47.000000 0.232172 1.162792 13.678985
 47.200000 0.208271 5.416619 13.678985
 47.400000 0.149541 8.956756 13.678985
 47.600000 0.137998 9.824679 13.678985
 47.800000 0.136076 10.053088 13.678985
 48.000000 0.170470 7.087973 13.678985
 48.200000 0.191028 6.879761 13.678985
 48.400000 0.205036 5.831860 13.678985
 48.600000 0.185023 7.158949 13.678985
 48.800000 0.155448 9.356121 13.678985
 49.000000 0.124694 12.039311 13.678985
 49.200000 0.130648 11.852824 13.678985
 49.400000 0.138818 10.528580 13.678985
 49.600000 0.140614 10.318309 13.678985
 49.800000 0.135441 11.008012 13.678985
 50.000000 0.137041 10.767671 13.849135
 50.200000 0.141322 11.284020 13.849135
 50.400000 0.137559 11.777300 13.849135
 50.600000 0.142454 11.150697 13.849135
 50.800000 0.155467 9.987009 13.849135
 51.000000 0.141735 11.234501 13.849135
 51.200000 0.159219 10.203654 13.849135
 51.400000 0.195539 6.645118 13.849135
 51.600000 0.203969 5.944630 13.849135
 51.800000 0.197177 6.538510 13.849135
 52.000000 0.184247 7.223355 13.849135
 52.200000 0.180038 8.746554 13.849135
 52.400000 0.155124 10.916931 13.849135
 52.600000 0.149731 11.452361 13.849135
 52.800000 0.136835 12.892254 13.849135
 53.000000 0.137109 12.859361 13.849135
 53.200000 0.133058 14.302763 13.849135
 53.400000 0.140656 13.399867 13.849135
 53.600000 0.121040 15.381054 13.849135
 53.800000 0.105026 16.373809 13.849135
 54.000000 0.115685 15.754588 13.849135
 54.200000 0.134739 14.506468 13.849135
 54.400000 0.155175 11.414314 13.849135
 54.600000 0.158538 10.951012 13.849135
 54.800000 0.172617 9.335960 13.849135
 55.000000 0.179694 8.783789 14.262964
 55.200000 0.159976 11.257802 14.262964
 55.400000 0.152309 12.047993 14.262964
 55.600000 0.148025 12.593552 14.262964
 55.800000 0.142296 13.410743 14.262964
 56.000000 0.156321 11.603715 14.262964
 56.200000 0.157497 12.526842 14.262964
 56.400000 0.177064 10.533852 14.262964
 56.600000 0.169768 11.259338 14.262964
 56.800000 0.154614 12.821329 14.262964
 57.000000 0.146224 13.674391 14.262964
 57.200000 0.152605 13.894095 14.262964
 57.400000 0.171567 11.303997 14.262964
 57.600000 0.176071 10.760822 14.262964
 57.800000 0.165293 12.144530 14.262964
 58.000000 0.138341 15.332658 14.262964
 58.200000 0.128586 16.723894 14.262964
 58.400000 0.122209 16.914629 14.262964
 58.600000 0.125804 16.814730 14.262964
 58.800000 0.143669 15.707808 14.262964
 59.000000 0.128963 16.710452 14.262964
 59.200000 0.110809 17.498137 14.262964
 59.400000 0.085102 17.992116 14.262964
 59.600000 0.088802 17.781801 14.262964
 59.800000 0.117480 17.636600 14.262964
 60.000000 0.156594 13.940228 14.953766
 60.200000 0.177425 10.994558 14.953766
 60.400000 0.157328 14.740166 14.953766
 60.600000 0.174241 11.501633 14.953766
 60.800000 0.187072 9.634060 14.953766
 61.000000 0.185141 9.900540 14.953766
 61.200000 0.159812 14.521641 14.953766
 61.400000 0.127264 17.732056 14.953766
 61.600000 0.120347 17.713051 14.953766
 61.800000 0.131479 17.662772 14.953766
 62.000000 0.132484 17.635065 14.953766
 62.200000 0.126201 18.469573 14.953766
 62.400000 0.113186 17.915762 14.953766
 62.600000 0.119410 18.245050 14.953766
 62.800000 0.133416 18.400936 14.953766
 63.000000 0.134756 18.340675 14.953766
 63.200000 0.129001 19.206707 14.953766
 63.400000 0.117143 18.519066 14.953766
 63.600000 0.129242 19.210162 14.953766
 63.800000 0.152456 16.443318 14.953766
 64.000000 0.174405 12.382023 14.953766
 64.200000 0.174519 13.375109 14.953766
 64.400000 0.170390 13.917333 14.953766
 64.600000 0.167121 14.365958 14.953766
 64.800000 0.176354 13.132509 14.953766
 65.000000 0.186318 11.596557 15.630709
 65.200000 0.184022 13.031838 15.630709
 65.400000 0.190379 11.794681 15.630709
 65.600000 0.205959 7.411543 15.630709
 65.800000 0.214374 5.368771 15.630709
 66.000000 0.197797 9.812630 15.630709
 66.200000 0.161108 15.583202 15.630709
 66.400000 0.162904 15.371434 15.630709
 66.600000 0.173868 14.514672 15.630709
 66.800000 0.172664 14.582826 15.630709
 67.000000 0.145051 18.080246 15.630709
 67.200000 0.163148 15.721565 15.630709
 67.400000 0.164439 15.547389 15.630709
 67.600000 0.162274 15.846621 15.630709
 67.800000 0.163520 15.670000 15.630709
 68.000000 0.176691 14.438475 15.630709
 68.200000 0.163422 16.304971 15.630709
 68.400000 0.174580 15.496995 15.630709
 68.600000 0.192213 12.948103 15.630709
 68.800000 0.225779 3.795955 15.630709
 69.000000 0.253987 0.634303 15.630709
 69.200000 0.259043 1.959943 15.630709
 69.400000 0.257556 2.077733 15.630709
 69.600000 0.236268 3.258574 15.630709
 69.800000 0.241513 2.997923 15.630709
 70.000000 0.227900 3.862399 15.980146
 70.200000 0.224862 5.634110 15.980146
 70.400000 0.225278 5.592179 15.980146
 70.600000 0.228906 5.239627 15.980146
 70.800000 0.229984 5.137123 15.980146
 71.000000 0.231905 4.953026 15.980146
 71.200000 0.245982 4.400604 15.980146
 71.400000 0.243348 4.826788 15.980146
 71.600000 0.245679 4.449973 15.980146
 71.800000 0.231898 6.357244 15.980146
 72.000000 0.220971 7.137055 15.980146
 72.200000 0.200990 11.194610 15.980146
 72.400000 0.215144 8.841122 15.980146
 72.600000 0.195453 12.532380 15.980146
 72.800000 0.169574 15.803751 15.980146
 73.000000 0.212955 9.056428 15.980146
 73.200000 0.245356 4.951827 15.980146
 73.400000 0.240989 5.919534 15.980146
 73.600000 0.232745 7.695962 15.980146
 73.800000 0.235868 7.054506 15.980146
 74.000000 0.235941 7.038899 15.980146
 74.200000 0.235670 8.375758 15.980146
 74.400000 0.231845 9.100806 15.980146
 74.600000 0.231579 9.144411 15.980146
 74.800000 0.219309 10.282600 15.980146
 75.000000 0.212710 10.636258 15.981006
 75.200000 0.217783 11.383130 15.981006
 75.400000 0.228821 10.152782 15.981006
 75.600000 0.236532 8.496204 15.981006
 75.800000 0.250018 4.864253 15.981006
 76.000000 0.259789 2.711906 15.981006
 76.200000 0.250312 6.059608 15.981006
 76.400000 0.236159 9.036601 15.981006
 76.600000 0.235532 9.163283 15.981006
 76.800000 0.245501 7.046146 15.981006
 77.000000 0.234704 9.326632 15.981006
 77.200000 0.241078 9.051928 15.981006
 77.400000 0.249620 6.901232 15.981006
 77.600000 0.251557 6.428617 15.981006
 77.800000 0.236331 10.149939 15.981006
 78.000000 0.218434 12.008843 15.981006
 78.200000 0.219152 13.017742 15.981006
 78.400000 0.201672 13.486008 15.981006
 78.600000 0.222072 12.902995 15.981006
 78.800000 0.235862 10.769437 15.981006
 79.000000 0.245927 8.018054 15.981006
 79.200000 0.252940 7.266688 15.981006
 79.400000 0.246980 8.948808 15.981006
 79.600000 0.234031 12.099470 15.981006
 79.800000 0.225124 13.139658 15.981006
 80.000000 0.237596 11.374769 16.000293
 80.200000 0.227451 13.816593 16.000293
 80.400000 0.227289 13.824062 16.000293
 80.600000 0.233847 13.154453 16.000293
 80.800000 0.230147 13.626812 16.000293
 81.000000 0.235288 12.903826 16.000293
 81.200000 0.243100 11.858875 16.000293
 81.400000 0.271025 2.766633 16.000293
 81.600000 0.275625 1.829199 16.000293
 81.800000 0.264284 4.551325 16.000293
 82.000000 0.271412 2.678649 16.000293
 82.200000 0.281877 2.145197 16.000293
 82.400000 0.274540 3.548519 16.000293
 82.600000 0.267640 5.109431 16.000293
 82.800000 0.276053 3.234373 16.000293
 83.000000 0.283666 1.855368 16.000293
 83.200000 0.273791 5.004841 16.000293
 83.400000 0.267117 6.110667 16.000293
 83.600000 0.275984 4.661391 16.000293
 83.800000 0.291388 2.297824 16.000293
 84.000000 0.286038 3.099380 16.000293
 84.200000 0.284698 4.824316 16.000293
 84.400000 0.301825 1.878599 16.000293
 84.600000 0.311769 0.663329 16.000293
 84.800000 0.301320 1.959697 16.000293
 85.000000 0.288867 4.166550 15.987204
 85.200000 0.295822 4.224891 15.987204
 85.400000 0.305315 2.160009 15.987204
 85.600000 0.294209 4.579793 15.987204
 85.800000 0.297653 3.812009 15.987204
 86.000000 0.305866 2.054988 15.987204
 86.200000 0.288496 6.497114 15.987204
 86.400000 0.299887 4.781473 15.987204
 86.600000 0.313208 2.354932 15.987204
 86.800000 0.315366 2.020305 15.987204
 87.000000 0.316713 1.824380 15.987204
 87.200000 0.323055 2.526689 15.987204
 87.400000 0.313979 3.819312 15.987204
 87.600000 0.316614 3.451799 15.987204
 87.800000 0.313670 3.861727 15.987204
 88.000000 0.316996 3.397697 15.987204
 88.200000 0.327740 3.038654 15.987204
 88.400000 0.339077 1.173633 15.987204
 88.600000 0.350549 0.260286 15.987204
 88.800000 0.361952 0.027982 15.987204
 89.000000 0.350734 0.252743 15.987204
 89.200000 0.330004 3.279053 15.987204
 89.400000 0.326261 3.772807 15.987204
 89.600000 0.321084 4.502393 15.987204
 89.800000 0.318456 4.854396 15.987204
 90.000000 0.332973 2.942373 15.941347
 90.200000 0.337212 4.047532 15.941347
 90.400000 0.335039 4.265741 15.941347
 90.600000 0.337671 4.002219 15.941347
 90.800000 0.322695 5.489681 15.941347
 91.000000 0.323627 5.407770 15.941347
 91.200000 0.306957 7.055245 15.941347
 91.400000 0.310229 7.132517 15.941347
 91.600000 0.316038 7.170284 15.941347
 91.800000 0.302086 6.963526 15.941347
 92.000000 0.299264 6.948567 15.941347
 92.200000 0.303169 8.219105 15.941347
 92.400000 0.320327 7.501351 15.941347
 92.600000 0.310996 8.092645 15.941347
 92.800000 0.297295 8.232076 15.941347
 93.000000 0.298655 8.232903 15.941347
 93.200000 0.301349 9.421468 15.941347
 93.400000 0.320735 7.868441 15.941347
 93.600000 0.307476 9.192765 15.941347
 93.800000 0.301343 9.421567 15.941347
 94.000000 0.297686 9.442675 15.941347
 94.200000 0.308324 10.036289 15.941347
 94.400000 0.306859 10.178881 15.941347
 94.600000 0.318917 8.541279 15.941347
 94.800000 0.320728 8.220996 15.941347
 95.000000 0.294306 10.500762 15.920537
 95.200000 0.298623 11.644115 15.920537
 95.400000 0.301767 11.489042 15.920537
 95.600000 0.324078 7.747119 15.920537
 95.800000 0.323738 7.819018 15.920537
 96.000000 0.298430 11.648627 15.920537
 96.200000 0.292803 12.475974 15.920537
 96.400000 0.295257 12.653334 15.920537
 96.600000 0.296388 12.691337 15.920537
 96.800000 0.292459 12.441074 15.920537
 97.000000 0.300238 12.617524 15.920537
 97.200000 0.300679 13.586901 15.920537
 97.400000 0.317677 10.038624 15.920537
 97.600000 0.310472 11.951633 15.920537
 97.800000 0.303619 13.283542 15.920537
 98.000000 0.299367 13.656721 15.920537
 98.200000 0.295468 14.531574 15.920537
 98.400000 0.300896 14.518777 15.920537
 98.600000 0.311563 12.366548 15.920537
 98.800000 0.317043 10.689803 15.920537
 99.000000 0.306747 13.609810 15.920537
 99.200000 0.294933 15.185294 15.920537
 99.400000 0.302280 15.293384 15.920537
 99.600000 0.309559 13.861033 15.920537
 99.800000 0.320295 10.300219 15.920537
 100.000000 0.322763 9.444642 15.990061
 100.200000 0.323031 10.502285 15.990061
 100.400000 0.327788 8.897812 15.990061
 100.600000 0.319685 11.639121 15.990061
 100.800000 0.319631 11.657324 15.990061
 101.000000 0.325889 9.531494 15.990061
 101.200000 0.346711 4.367134 15.990061
 101.400000 0.342733 5.343242 15.990061
 101.600000 0.317743 13.271573 15.990061
 101.800000 0.311887 14.794811 15.990061
 102.000000 0.314774 14.093753 15.990061
 102.200000 0.320105 13.437139 15.990061
 102.400000 0.331471 9.286019 15.990061
 102.600000 0.328074 10.565909 15.990061
 102.800000 0.333533 8.523389 15.990061
 103.000000 0.337449 7.145774 15.990061
 103.200000 0.339318 7.796839 15.990061
 103.400000 0.346290 5.634855 15.990061
 103.600000 0.342932 6.640628 15.990061
 103.800000 0.328255 11.552141 15.990061
 104.000000 0.334287 9.494565 15.990061
 104.200000 0.339631 8.769979 15.990061
 104.400000 0.336212 9.973742 15.990061
 104.600000 0.346578 6.370961 15.990061
 104.800000 0.356678 3.421303 15.990061
 105.000000 0.349772 5.346105 16.078026
 105.200000 0.348502 7.119406 16.078026
 105.400000 0.341066 9.429047 16.078026
 105.600000 0.340803 9.509454 16.078026
 105.800000 0.323365 14.297166 16.078026
 106.000000 0.314395 16.072099 16.078026
 106.200000 0.331242 12.758948 16.078026
 106.400000 0.326507 14.160970 16.078026
 106.600000 0.315339 16.770887 16.078026
 106.800000 0.311247 17.354069 16.078026
 107.000000 0.308178 17.608104 16.078026
 107.200000 0.301287 18.182296 16.078026
 107.400000 0.287956 14.459198 16.078026
 107.600000 0.279796 11.277090 16.078026
 107.800000 0.268262 8.428601 16.078026
 108.000000 0.278551 10.839464 16.078026
 108.200000 0.272793 10.188098 16.078026
 108.400000 0.275207 10.848024 16.078026
 108.600000 0.273351 10.330666 16.078026
 108.800000 0.269949 9.564429 16.078026
 109.000000 0.266015 9.011622 16.078026
 109.200000 0.256674 10.184595 16.078026
 109.400000 0.263244 10.004065 16.078026
 109.600000 0.266894 10.271846 16.078026
 109.800000 0.259389 10.010216 16.078026
 110.000000 0.258420 10.056815 16.331718
 110.200000 0.278706 13.237439 16.331718
 110.400000 0.278462 13.175080 16.331718
 110.600000 0.258377 11.177384 16.331718
 110.800000 0.258529 11.168750 16.331718
 111.000000 0.268184 11.333642 16.331718
 111.200000 0.266513 12.247550 16.331718
 111.400000 0.264985 12.146555 16.331718
 111.600000 0.257953 12.039715 16.331718
 111.800000 0.259192 12.017081 16.331718
 112.000000 0.270687 12.666254 16.331718
 112.200000 0.269053 13.466587 16.331718
 112.400000 0.274307 14.170057 16.331718
 112.600000 0.259215 12.759333 16.331718
 112.800000 0.277449 14.695322 16.331718
 113.000000 0.271505 13.767378 16.331718
 113.200000 0.272600 14.862333 16.331718
 113.400000 0.259803 13.475528 16.331718
 113.600000 0.261744 13.625251 16.331718
 113.800000 0.266420 14.091142 16.331718
 114.000000 0.270758 14.617189 16.331718
 114.200000 0.263507 14.597047 16.331718
 114.400000 0.256532 13.880847 16.331718
 114.600000 0.274556 16.020958 16.331718
 114.800000 0.270246 15.463246 16.331718
 115.000000 0.250546 13.664711 16.571108
 115.200000 0.270885 15.924712 16.571108
 115.400000 0.291146 18.305365 16.571108
 115.600000 0.312414 18.140519 16.571108
 115.800000 0.300718 19.062302 16.571108
 116.000000 0.285326 17.539467 16.571108
 116.200000 0.260100 15.175619 16.571108
 116.400000 0.250686 14.670506 16.571108
 116.600000 0.271701 16.532677 16.571108
 116.800000 0.277897 17.343768 16.571108
 117.000000 0.273659 16.785626 16.571108
 117.200000 0.260641 15.795579 16.571108
 117.400000 0.257589 15.427004 16.571108
 117.600000 0.278080 18.161260 16.571108
 117.800000 0.283759 18.791691 16.571108
 118.000000 0.271956 17.388591 16.571108
 118.200000 0.277241 18.819764 16.571108
 118.400000 0.289999 19.770843 16.571108
 118.600000 0.284715 19.451661 16.571108
 118.800000 0.266117 17.311451 16.571108
 119.000000 0.262077 16.636988 16.571108
 119.200000 0.260754 17.251103 16.571108
 119.400000 0.255786 16.459122 16.571108
 119.600000 0.265539 18.027833 16.571108
 119.800000 0.274288 19.090755 16.571108
 120.000000 0.264376 17.845749 17.209710
 120.200000 0.274837 19.757160 17.209710
 120.400000 0.276363 19.831337 17.209710
 120.600000 0.292081 20.111980 17.209710
 120.800000 0.299921 19.938845 17.209710
 121.000000 0.293366 20.111175 17.209710
 121.200000 0.278251 20.329556 17.209710
 121.400000 0.283966 20.607525 17.209710
 121.600000 0.286450 20.699628 17.209710
 121.800000 0.286625 20.705480 17.209710
 122.000000 0.288513 20.761781 17.209710
 122.200000 0.289763 21.483084 17.209710
 122.400000 0.269245 19.799258 17.209710
 122.600000 0.258537 17.757931 17.209710
 122.800000 0.262114 18.485237 17.209710
 123.000000 0.276799 20.748118 17.209710
 123.200000 0.289414 21.963895 17.209710
 123.400000 0.302434 20.975168 17.209710
 123.600000 0.328142 14.102032 17.209710
 123.800000 0.302263 21.000981 17.209710
 124.000000 0.275451 21.304894 17.209710
 124.200000 0.273691 21.768022 17.209710
 124.400000 0.269963 21.169915 17.209710
 124.600000 0.260795 19.029497 17.209710
 124.800000 0.267449 20.660532 17.209710
 125.000000 0.270158 21.205955 18.501714
 125.200000 0.268853 21.632775 18.501714
 125.400000 0.266058 21.001886 18.501714
 125.600000 0.270213 21.896391 18.501714
 125.800000 0.272308 22.242439 18.501714
 126.000000 0.264077 20.495051 18.501714
 126.200000 0.250911 17.541288 18.501714
 126.400000 0.250128 17.370588 18.501714
 126.600000 0.251489 17.673568 18.501714
 126.800000 0.226527 15.293679 18.501714
 127.000000 0.224080 15.052485 18.501714
 127.200000 0.226506 16.175164 18.501714
 127.400000 0.221905 15.696844 18.501714
 127.600000 0.219699 15.410357 18.501714
 127.800000 0.216956 15.034066 18.501714
 128.000000 0.214738 14.735770 18.501714
 128.200000 0.212780 15.392774 18.501714
 128.400000 0.203946 14.614092 18.501714
 128.600000 0.223821 16.675108 18.501714
 128.800000 0.240766 16.805064 18.501714
 129.000000 0.236176 16.852827 18.501714
 129.200000 0.228557 17.638204 18.501714
 129.400000 0.224870 17.371781 18.501714
 129.600000 0.200946 14.594594 18.501714
 129.800000 0.205638 14.802916 18.501714
 130.000000 0.207120 14.928393 18.855560
 130.200000 0.209809 16.110207 18.855560
 130.400000 0.212043 16.380321 18.855560
 130.600000 0.234256 17.888345 18.855560
 130.800000 0.247991 17.909747 18.855560
 131.000000 0.228947 17.966625 18.855560
 131.200000 0.210396 16.543718 18.855560
 131.400000 0.195399 15.400527 18.855560
 131.600000 0.204585 15.827550 18.855560
 131.800000 0.216436 17.507955 18.855560
 132.000000 0.224409 18.538867 18.855560
 132.200000 0.199112 15.658880 18.855560
 132.400000 0.203609 16.032924 18.855560
 132.600000 0.216542 18.192566 18.855560
 132.800000 0.241913 18.578251 18.855560
 133.000000 0.252824 18.973027 18.855560
 133.200000 0.239359 19.283716 18.855560
 133.400000 0.215403 18.012540 18.855560
 133.600000 0.205504 16.267761 18.855560
 133.800000 0.232705 19.659271 18.855560
 134.000000 0.244068 19.099634 18.855560
 134.200000 0.239923 19.970398 18.855560
 134.400000 0.229049 20.149360 18.855560
 134.600000 0.209735 16.985066 18.855560
 134.800000 0.219887 19.030550 18.855560
 135.000000 0.220363 19.117717 19.346743
 135.200000 0.214437 18.619596 19.346743
 135.400000 0.223603 20.367607 19.346743
 135.600000 0.229414 20.787985 19.346743
 135.800000 0.233510 20.718802 19.346743
 136.000000 0.250976 20.233809 19.346743
 136.200000 0.252083 21.050291 19.346743
 136.400000 0.239442 20.851569 19.346743
 136.600000 0.250644 20.916013 19.346743
 136.800000 0.258649 21.957604 19.346743
 137.000000 0.242956 20.720843 19.346743
 137.200000 0.236276 21.623294 19.346743
 137.400000 0.205377 16.763491 19.346743
 137.600000 0.205641 16.810001 19.346743
 137.800000 0.209519 17.590941 19.346743
 138.000000 0.223936 20.858497 19.346743
 138.200000 0.212897 18.913610 19.346743
 138.400000 0.205349 17.078641 19.346743
 138.600000 0.217400 20.124156 19.346743
 138.800000 0.199193 16.130693 19.346743
 139.000000 0.188137 15.617818 19.346743
 139.200000 0.195926 16.615854 19.346743
 139.400000 0.206814 17.787985 19.346743
 139.600000 0.209519 18.340900 19.346743
 139.800000 0.198689 16.759453 19.346743
 140.000000 0.205325 17.525779 19.910855
 140.200000 0.216338 20.605523 19.910855
 140.400000 0.215043 20.320754 19.910855
 140.600000 0.189070 16.940790 19.910855
 140.800000 0.186118 16.829062 19.910855
 141.000000 0.211936 19.628564 19.910855
 141.200000 0.217951 21.620093 19.910855
 141.400000 0.219120 21.832434 19.910855
 141.600000 0.198229 17.926429 19.910855
 141.800000 0.195217 17.621065 19.910855
 142.000000 0.191360 17.316746 19.910855
 142.200000 0.192963 18.238417 19.910855
 142.400000 0.199340 18.761632 19.910855
 142.600000 0.193695 18.290750 19.910855
 142.800000 0.192397 18.198460 19.910855
 143.000000 0.188744 17.945305 19.910855
 143.200000 0.195303 19.125384 19.910855
 143.400000 0.211079 20.769294 19.910855
 143.600000 0.188725 18.730765 19.910855
 143.800000 0.197044 19.225527 19.910855
 144.000000 0.196341 19.184358 19.910855
 144.200000 0.204794 20.512451 19.910855
 144.400000 0.207898 20.832609 19.910855
 144.600000 0.204526 20.488104 19.910855
 144.800000 0.193915 19.782883 19.910855
 145.000000 0.217186 22.068014 20.326697
 145.200000 0.231615 23.199497 20.326697
 145.400000 0.225771 23.402901 20.326697
 145.600000 0.215275 22.458015 20.326697
 145.800000 0.208134 21.405324 20.326697
 146.000000 0.209673 21.623463 20.326697
 146.200000 0.210082 22.350768 20.326697
 146.400000 0.200316 21.062832 20.326697
 146.600000 0.207502 21.980109 20.326697
 146.800000 0.232568 23.326862 20.326697
 147.000000 0.232386 23.346826 20.326697
 147.200000 0.241445 22.725091 20.326697
 147.400000 0.230292 24.162918 20.326697
 147.600000 0.227155 24.324672 20.326697
 147.800000 0.220943 24.112344 20.326697
 148.000000 0.225192 24.334286 20.326697
 148.200000 0.211858 23.248602 20.326697
 148.400000 0.196624 20.787976 20.326697
 148.600000 0.187347 19.589531 20.326697
 148.800000 0.197561 20.906299 20.326697
 149.000000 0.199710 21.189711 20.326697
 149.200000 0.204259 22.520112 20.326697
 149.400000 0.227037 25.043212 20.326697
 149.600000 0.241509 23.056359 20.326697
 149.800000 0.240584 23.206841 20.326697
 150.000000 0.240086 23.290217 21.289024
 150.200000 0.245398 23.106369 21.289024
 150.400000 0.236216 24.559222 21.289024
 150.600000 0.254704 22.679389 21.289024
 150.800000 0.269156 23.692729 21.289024
 151.000000 0.269236 23.696658 21.289024
 151.200000 0.270633 24.360892 21.289024
 151.400000 0.279637 24.143268 21.289024
 151.600000 0.240194 23.984541 21.289024
 151.800000 0.228591 25.431069 21.289024
 152.000000 0.238768 24.210861 21.289024
 152.200000 0.237812 24.957084 21.289024
 152.400000 0.243285 24.100287 21.289024
 152.600000 0.264437 24.087304 21.289024
 152.800000 0.253397 23.369361 21.289024
 153.000000 0.250225 23.416779 21.289024
 153.200000 0.247662 24.189370 21.289024
 153.400000 0.247086 24.237272 21.289024
 153.600000 0.258125 24.113450 21.289024
 153.800000 0.264845 24.502056 21.289024
 154.000000 0.265041 24.512117 21.289024
 154.200000 0.258238 24.649023 21.289024
 154.400000 0.250986 24.383802 21.289024
 154.600000 0.240530 25.177135 21.289024
 154.800000 0.232053 26.048647 21.289024
 155.000000 0.232407 26.026817 22.408720
 155.200000 0.227792 26.666451 22.408720
 155.400000 0.241422 25.528112 22.408720
 155.600000 0.231172 26.641326 22.408720
 155.800000 0.219804 25.817909 22.408720
 156.000000 0.229457 26.683373 22.408720
 156.200000 0.248768 24.970649 22.408720
 156.400000 0.259160 24.898053 22.408720
 156.600000 0.249473 24.916750 22.408720
 156.800000 0.248780 24.969648 22.408720
 157.000000 0.231831 27.136312 22.408720
 157.200000 0.213690 25.150719 22.408720
 157.400000 0.220262 26.725445 22.408720
 157.600000 0.240711 26.466450 22.408720
 157.800000 0.233352 27.542715 22.408720
 158.000000 0.218359 26.308714 22.408720
 158.200000 0.231016 28.078937 22.408720
 158.400000 0.256181 24.946136 22.408720
 158.600000 0.247319 25.494745 22.408720
 158.800000 0.258701 24.994587 22.408720
 159.000000 0.241740 26.445706 22.408720
 159.200000 0.238358 27.618518 22.408720
 159.400000 0.261370 25.319541 22.408720
 159.600000 0.254663 25.322552 22.408720
 159.800000 0.245230 26.335889 22.408720
 160.000000 0.228761 28.523762 23.866253
 160.200000 0.250732 25.745103 23.866253
 160.400000 0.265121 25.414999 23.866253
 160.600000 0.264294 25.406006 23.866253
 160.800000 0.242932 27.070934 23.866253
 161.000000 0.232172 28.909572 23.866253
 161.200000 0.249464 26.149551 23.866253
 161.400000 0.263658 25.450219 23.866253
 161.600000 0.266265 25.457830 23.866253
 161.800000 0.228960 29.489664 23.866253
 162.000000 0.204710 23.617910 23.866253
 162.200000 0.212045 26.300113 23.866253
 162.400000 0.199394 22.969498 23.866253
 162.600000 0.194774 22.004564 23.866253
 162.800000 0.224389 29.342383 23.866253
 163.000000 0.248409 26.327934 23.866253
 163.200000 0.255365 26.035074 23.866253
 163.400000 0.255192 26.047092 23.866253
 163.600000 0.275154 25.205055 23.866253
 163.800000 0.253626 26.174648 23.866253
 164.000000 0.254055 26.136241 23.866253
 164.200000 0.249940 27.148773 23.866253
 164.400000 0.267304 26.065449 23.866253
 164.600000 0.273766 25.560449 23.866253
 164.800000 0.281303 24.592860 23.866253
 165.000000 0.283999 24.200878 24.923830
 165.200000 0.271387 26.204722 24.923830
 165.400000 0.252905 26.858698 24.923830
 165.600000 0.252521 26.895044 24.923830
 165.800000 0.258527 26.540797 24.923830
 166.000000 0.268578 26.343488 24.923830
 166.200000 0.282659 25.337952 24.923830
 166.400000 0.282252 25.404267 24.923830
 166.600000 0.267783 26.911547 24.923830
 166.800000 0.256397 27.008754 24.923830
 167.000000 0.260205 26.965878 24.923830
 167.200000 0.274571 26.794139 24.923830
 167.400000 0.284648 25.143776 24.923830
 167.600000 0.279689 26.030212 24.923830
 167.800000 0.259185 27.493901 24.923830
 168.000000 0.239051 29.412729 24.923830
 168.200000 0.218181 28.358165 24.923830
 168.400000 0.196789 22.425383 24.923830
 168.600000 0.193871 21.825586 24.923830
 168.800000 0.201227 23.402570 24.923830
 169.000000 0.201022 23.354441 24.923830
 169.200000 0.221120 29.423692 24.923830
 169.400000 0.217748 28.560720 24.923830
 169.600000 0.203113 24.471705 24.923830
 169.800000 0.203315 24.521428 24.923830
 170.000000 0.201547 24.095961 25.780906
 170.200000 0.205804 25.727486 25.780906
 170.400000 0.214849 28.135442 25.780906
 170.600000 0.239986 29.781623 25.780906
 170.800000 0.232568 30.663719 25.780906
 171.000000 0.228591 30.676891 25.780906
 171.200000 0.226114 30.925940 25.780906
 171.400000 0.221069 30.061073 25.780906
 171.600000 0.224573 30.723054 25.780906
 171.800000 0.246451 28.911257 25.780906
 172.000000 0.265049 27.587219 25.780906
 172.200000 0.265067 28.098689 25.780906
 172.400000 0.248143 28.909239 25.780906
 172.600000 0.239121 30.385370 25.780906
 172.800000 0.263778 28.137328 25.780906
 173.000000 0.274896 27.194785 25.780906
 173.200000 0.293119 23.884281 25.780906
 173.400000 0.304611 21.189250 25.780906
 173.600000 0.304953 21.103004 25.780906
 173.800000 0.289304 24.740846 25.780906
 174.000000 0.295929 23.249466 25.780906
 174.200000 0.297516 23.504427 25.780906
 174.400000 0.293766 24.353418 25.780906
 174.600000 0.297814 23.434623 25.780906
 174.800000 0.305352 21.511086 25.780906
 175.000000 0.313746 19.006729 26.389319
 175.200000 0.308471 21.327351 26.389319
 175.400000 0.305674 22.071032 26.389319
 175.600000 0.315335 19.244637 26.389319
 175.800000 0.312246 20.225015 26.389319
 176.000000 0.280426 27.129583 26.389319
 176.200000 0.288071 26.190990 26.389319
 176.400000 0.312278 20.269031 26.389319
 176.600000 0.300761 23.444058 26.389319
 176.800000 0.302022 23.137748 26.389319
 177.000000 0.320059 17.641853 26.389319
 177.200000 0.353054 5.852057 26.389319
 177.400000 0.355280 5.151835 26.389319
 177.600000 0.347735 7.652899 26.389319
 177.800000 0.357248 4.560458 26.389319
 178.000000 0.361237 3.458164 26.389319
 178.200000 0.338742 11.516725 26.389319
 178.400000 0.325065 16.637160 26.389319
 178.600000 0.323123 17.363379 26.389319
 178.800000 0.324085 17.005393 26.389319
 179.000000 0.335561 12.651481 26.389319
 179.200000 0.337404 12.975085 26.389319
 179.400000 0.339821 12.103433 26.389319
 179.600000 0.336964 13.134904 26.389319
 179.800000 0.333488 14.407653 26.389319
 180.000000 0.330311 15.566414 26.480828
 180.200000 0.335782 14.385180 26.480828
 180.400000 0.342281 11.867564 26.480828
 180.600000 0.324175 18.522485 26.480828
 180.800000 0.327571 17.406936 26.480828
 181.000000 0.337397 13.759847 26.480828
 181.200000 0.344637 11.812494 26.480828
 181.400000 0.351356 9.126350 26.480828
 181.600000 0.348180 10.382244 26.480828
 181.800000 0.365733 4.171655 26.480828
 182.000000 0.366643 3.914191 26.480828
 182.200000 0.359570 7.428453 26.480828
 182.400000 0.349352 10.670013 26.480828
 182.600000 0.337017 15.061578 26.480828
 182.800000 0.323688 19.319958 26.480828
 183.000000 0.301053 23.977131 26.480828
 183.200000 0.303464 24.147431 26.480828
 183.400000 0.319933 20.542703 26.480828
 183.600000 0.326251 18.753119 26.480828
 183.800000 0.333858 16.230681 26.480828
 184.000000 0.335044 15.808194 26.480828
 184.200000 0.353242 9.801357 26.480828
 184.400000 0.378522 2.472571 26.480828
 184.600000 0.385157 1.323120 26.480828
 184.800000 0.371563 4.112232 26.480828
 185.000000 0.379612 2.254102 26.500992
 185.200000 0.402502 0.606244 26.500992
 185.400000 0.383480 3.103240 26.500992
 185.600000 0.393131 1.561359 26.500992
 185.800000 0.375128 4.736346 26.500992
 186.000000 0.356101 9.268997 26.500992
 186.200000 0.379725 4.148494 26.500992
 186.400000 0.380814 3.900694 26.500992
 186.600000 0.365606 7.751220 26.500992
 186.800000 0.361886 8.777474 26.500992
 187.000000 0.364768 7.980738 26.500992
 187.200000 0.376515 5.812504 26.500992
 187.400000 0.385723 3.325475 26.500992
 187.600000 0.365168 9.097132 26.500992
 187.800000 0.354878 11.772644 26.500992
 188.000000 0.350588 12.867705 26.500992
 188.200000 0.357768 11.922652 26.500992
 188.400000 0.350787 13.802387 26.500992
 188.600000 0.343932 15.581447 26.500992
 188.800000 0.357973 11.864775 26.500992
 189.000000 0.369267 8.390488 26.500992
 189.200000 0.385948 3.979366 26.500992
 189.400000 0.382214 5.147570 26.500992
 189.600000 0.362195 11.708027 26.500992
 189.800000 0.346686 15.254022 26.500992
 190.000000 0.344451 15.751817 26.470774
 190.200000 0.349074 15.561474 26.470774
 190.400000 0.362935 11.912456 26.470774
 190.600000 0.373546 8.276406 26.470774
 190.800000 0.371691 8.951023 26.470774
 191.000000 0.375128 7.697225 26.470774
 191.200000 0.378333 7.746961 26.470774
 191.400000 0.378387 7.726796 26.470774
 191.600000 0.372710 9.807542 26.470774
 191.800000 0.396348 2.027063 26.470774
 192.000000 0.395340 2.246132 26.470774
 192.200000 0.380880 7.783572 26.470774
 192.400000 0.373386 10.109278 26.470774
 192.600000 0.392100 4.595612 26.470774
 192.800000 0.381976 7.445035 26.470774
 193.000000 0.394214 4.087236 26.470774
 193.200000 0.401813 3.813619 26.470774
 193.400000 0.398566 4.542220 26.470774
 193.600000 0.395787 5.180542 26.470774
 193.800000 0.404925 3.146780 26.470774
 194.000000 0.394411 5.499982 26.470774
 194.200000 0.393991 6.967067 26.470774
 194.400000 0.398523 5.871240 26.470774
 194.600000 0.399399 5.648980 26.470774
 194.800000 0.399062 5.734764 26.470774
 195.000000 0.403843 4.497369 26.435386
 195.200000 0.414050 3.221526 26.435386
 195.400000 0.406784 5.148146 26.435386
 195.600000 0.409397 4.438984 26.435386
 195.800000 0.416429 2.654851 26.435386
 196.000000 0.396082 7.725985 26.435386
 196.200000 0.383686 10.583746 26.435386
 196.400000 0.387875 10.165673 26.435386
 196.600000 0.398615 8.418583 26.435386
 196.800000 0.422131 1.805478 26.435386
 197.000000 0.418265 2.668076 26.435386
 197.200000 0.429401 1.914193 26.435386
 197.400000 0.425552 2.596963 26.435386
 197.600000 0.400511 8.718334 26.435386
 197.800000 0.389664 10.213557 26.435386
 198.000000 0.383088 10.738040 26.435386
 198.200000 0.374649 12.522760 26.435386
 198.400000 0.366754 13.361561 26.435386
 198.600000 0.350910 15.636807 26.435386
 198.800000 0.364974 13.581095 26.435386
 199.000000 0.371921 12.787862 26.435386
 199.200000 0.390001 11.636696 26.435386
 199.400000 0.386829 12.099967 26.435386
 199.600000 0.391094 11.458929 26.435386
 199.800000 0.392045 11.295721 26.435386
 200.000000 0.406367 7.767458 26.401908
 200.200000 0.401108 10.434551 26.401908
 200.400000 0.387637 12.555027 26.401908
 200.600000 0.388266 12.495453 26.401908
 200.800000 0.411091 7.518432 26.401908
 201.000000 0.414953 6.254465 26.401908
 201.200000 0.403788 10.747402 26.401908
 201.400000 0.388137 12.773747 26.401908
 201.600000 0.394330 12.275756 26.401908
 201.800000 0.375276 13.610822 26.401908
 202.000000 0.365995 14.404007 26.401908
 202.200000 0.368572 15.080030 26.401908
 202.400000 0.375124 14.387887 26.401908
 202.600000 0.378031 14.073750 26.401908
 202.800000 0.375090 14.391610 26.401908
 203.000000 0.364040 15.498137 26.401908
 203.200000 0.366781 16.115430 26.401908
 203.400000 0.380767 14.259753 26.401908
 203.600000 0.391063 12.968073 26.401908
 203.800000 0.404433 10.655581 26.401908
 204.000000 0.395424 12.384773 26.401908
 204.200000 0.375764 15.389936 26.401908
 204.400000 0.377642 15.194531 26.401908
 204.600000 0.383941 14.591430 26.401908
 204.800000 0.371794 15.806416 26.401908
 205.000000 0.374459 15.528023 26.372045
 205.200000 0.385507 15.120209 26.372045
 205.400000 0.393474 14.049778 26.372045
 205.600000 0.392179 14.248077 26.372045
 205.800000 0.409438 10.016390 26.372045
 206.000000 0.420233 6.109229 26.372045
 206.200000 0.409600 10.996993 26.372045
 206.400000 0.385058 15.257350 26.372045
 206.600000 0.394168 14.229752 26.372045
 206.800000 0.397633 13.726531 26.372045
 207.000000 0.380114 15.798113 26.372045
 207.200000 0.372952 17.337507 26.372045
 207.400000 0.370250 17.502690 26.372045
 207.600000 0.373269 17.314302 26.372045
 207.800000 0.366821 17.626806 26.372045
 208.000000 0.362253 17.656385 26.372045
 208.200000 0.352971 18.193569 26.372045
 208.400000 0.379793 17.100856 26.372045
 208.600000 0.401407 13.383845 26.372045
 208.800000 0.380818 16.954585 26.372045
 209.000000 0.384816 16.363575 26.372045
 209.200000 0.395890 15.195392 26.372045
 209.400000 0.395583 15.262899 26.372045
 209.600000 0.400935 13.967637 26.372045
 209.800000 0.398843 14.504758 26.372045
 210.000000 0.404871 12.851266 26.344962
 210.200000 0.409903 12.169838 26.344962
 210.400000 0.419011 8.597497 26.344962
 210.600000 0.431366 3.931425 26.344962
 210.800000 0.433899 3.169239 26.344962
 211.000000 0.423424 6.812600 26.344962
 211.200000 0.410320 12.900370 26.344962
 211.400000 0.395598 16.303860 26.344962
 211.600000 0.378906 18.238598 26.344962
 211.800000 0.381188 18.025564 26.344962
 212.000000 0.381573 17.987849 26.344962
 212.200000 0.375932 19.214616 26.344962
 212.400000 0.368143 19.355471 26.344962
 212.600000 0.367304 19.334336 26.344962
 212.800000 0.380357 18.887968 26.344962
 213.000000 0.380127 18.908537 26.344962
 213.200000 0.369656 19.966242 26.344962
 213.400000 0.341997 18.481680 26.344962
 213.600000 0.324435 20.786431 26.344962
 213.800000 0.327738 20.262285 26.344962
 214.000000 0.340116 18.627278 26.344962
 214.200000 0.353875 19.124449 26.344962
 214.400000 0.350885 19.011227 26.344962
 214.600000 0.356638 19.292686 26.344962
 214.800000 0.358327 19.413304 26.344962
 215.000000 0.337956 19.595588 26.331216
 215.200000 0.325190 21.639145 26.331216
 215.400000 0.321915 21.969989 26.331216
 215.600000 0.314393 22.819351 26.331216
 215.800000 0.321769 21.985070 26.331216
 216.000000 0.339251 20.197369 26.331216
 216.200000 0.350335 20.061756 26.331216
 216.400000 0.347065 20.234299 26.331216
 216.600000 0.344975 20.386606 26.331216
 216.800000 0.337939 21.037378 26.331216
 217.000000 0.336703 21.156905 26.331216
 217.200000 0.314320 23.229324 26.331216
 217.400000 0.314067 23.250420 26.331216
 217.600000 0.321024 22.796744 26.331216
 217.800000 0.330864 22.307040 26.331216
 218.000000 0.324252 22.646518 26.331216
 218.200000 0.341911 21.612326 26.331216
 218.400000 0.359215 20.300629 26.331216
 218.600000 0.367564 20.325205 26.331216
 218.800000 0.346164 21.073843 26.331216
 219.000000 0.350478 20.640561 26.331216
 219.200000 0.367523 20.690550 26.331216
 219.400000 0.376840 20.152014 26.331216
 219.600000 0.388705 18.596104 26.331216
 219.800000 0.375732 20.247286 26.331216
 220.000000 0.374745 20.324801 26.353058
 220.200000 0.378745 20.651005 26.353058
 220.400000 0.381535 20.289922 26.353058
 220.600000 0.377971 20.737494 26.353058
 220.800000 0.369557 21.284994 26.353058
 221.000000 0.358791 21.302755 26.353058
 221.200000 0.370129 21.778155 26.353058
 221.400000 0.365118 21.951149 26.353058
 221.600000 0.363627 21.969841 26.353058
 221.800000 0.380406 20.684179 26.353058
 222.000000 0.403846 15.276657 26.353058
 222.200000 0.429355 6.005411 26.353058
 222.400000 0.424625 7.987279 26.353058
 222.600000 0.414421 12.367177 26.353058
 222.800000 0.395751 18.287039 26.353058
 223.000000 0.366917 21.951928 26.353058
 223.200000 0.348293 22.513700 26.353058
 223.400000 0.365898 22.627315 26.353058
 223.600000 0.373442 22.251889 26.353058
 223.800000 0.361382 22.608860 26.353058
 224.000000 0.342255 22.771152 26.353058
 224.200000 0.350776 23.006230 26.353058
 224.400000 0.344276 23.296213 26.353058
 224.600000 0.348592 23.086276 26.353058
 224.800000 0.344731 23.271934 26.353058
 225.000000 0.344963 23.259691 26.382999
 225.200000 0.361656 23.221337 26.382999
 225.400000 0.368460 22.884276 26.382999
 225.600000 0.358604 23.312512 26.382999
 225.800000 0.344451 23.907474 26.382999
 226.000000 0.360926 23.244562 26.382999
 226.200000 0.378618 22.037831 26.382999
 226.400000 0.368587 23.420440 26.382999
 226.600000 0.363902 23.747821 26.382999
 226.800000 0.361303 23.853901 26.382999
 227.000000 0.347417 24.163961 26.382999
 227.200000 0.342531 24.861401 26.382999
 227.400000 0.344268 24.835191 26.382999
 227.600000 0.342502 24.861724 26.382999
 227.800000 0.331415 24.653039 26.382999
 228.000000 0.335874 24.825341 26.382999
 228.200000 0.329735 25.096847 26.382999
 228.400000 0.332651 25.277418 26.382999
 228.600000 0.351871 24.949664 26.382999
 228.800000 0.359298 24.516195 26.382999
 229.000000 0.357115 24.652613 26.382999
 229.200000 0.353003 25.449261 26.382999
 229.400000 0.354435 25.381999 26.382999
 229.600000 0.338913 25.720816 26.382999
 229.800000 0.320202 24.434825 26.382999
 230.000000 0.315274 24.249769 26.499836
 230.200000 0.307216 25.000059 26.499836
 230.400000 0.310479 24.876376 26.499836
 230.600000 0.311076 24.862049 26.499836
 230.800000 0.333942 25.788203 26.499836
 231.000000 0.355477 25.343992 26.499836
 231.200000 0.359409 25.639130 26.499836
 231.400000 0.357357 25.793474 26.499836
 231.600000 0.346335 26.231935 26.499836
 231.800000 0.334326 26.010986 26.499836
 232.000000 0.313001 24.844338 26.499836
 232.200000 0.304252 25.662374 26.499836
 232.400000 0.298762 25.987519 26.499836
 232.600000 0.329859 26.024459 26.499836
 232.800000 0.319911 25.537438 26.499836
 233.000000 0.300087 25.898436 26.499836
 233.200000 0.307947 25.996291 26.499836
 233.400000 0.328424 26.041554 26.499836
 233.600000 0.333525 26.236388 26.499836
 233.800000 0.315169 25.762086 26.499836
 234.000000 0.329403 26.081965 26.499836
 234.200000 0.342356 26.721666 26.499836
 234.400000 0.334641 26.784705 26.499836
 234.600000 0.330302 26.665005 26.499836
 234.800000 0.328979 26.611919 26.499836
 235.000000 0.323613 26.364378 26.733819
 235.200000 0.318105 26.667075 26.733819
 235.400000 0.312058 26.512464 26.733819
 235.600000 0.308700 26.501219 26.733819
 235.800000 0.323858 26.916214 26.733819
 236.000000 0.327373 27.064588 26.733819
 236.200000 0.319165 27.159954 26.733819
 236.400000 0.332606 27.685614 26.733819
 236.600000 0.339336 27.481683 26.733819
 236.800000 0.346346 26.977939 26.733819
 237.000000 0.346219 26.988453 26.733819
 237.200000 0.337549 28.015147 26.733819
 237.400000 0.336161 28.042859 26.733819
 237.600000 0.328997 27.912277 26.733819
 237.800000 0.329570 27.938183 26.733819
 238.000000 0.317786 27.168661 26.733819
 238.200000 0.321012 27.903568 26.733819
 238.400000 0.330367 28.336930 26.733819
 238.600000 0.320088 27.843327 26.733819
 238.800000 0.327764 28.267010 26.733819
 239.000000 0.333465 28.348299 26.733819
 239.200000 0.338275 28.668778 26.733819
 239.400000 0.348755 27.648152 26.733819
 239.600000 0.358267 26.436049 26.733819
 239.800000 0.356844 26.628904 26.733819
 240.000000 0.346765 27.882335 27.091992
 240.200000 0.333908 29.187520 27.091992
 240.400000 0.296256 27.130902 27.091992
 240.600000 0.284713 27.840985 27.091992
 240.800000 0.285197 27.794990 27.091992
 241.000000 0.294320 27.187884 27.091992
 241.200000 0.287920 28.034478 27.091992
 241.400000 0.274371 29.031052 27.091992
 241.600000 0.301131 27.570791 27.091992
 241.800000 0.307908 27.647442 27.091992
 242.000000 0.286324 28.144697 27.091992
 242.200000 0.287968 28.527890 27.091992
 242.400000 0.296877 28.021430 27.091992
 242.600000 0.311729 27.918542 27.091992
 242.800000 0.329323 29.088775 27.091992
 243.000000 0.325142 28.831367 27.091992
 243.200000 0.313448 28.350293 27.091992
 243.400000 0.311875 28.251372 27.091992
 243.600000 0.331512 29.612648 27.091992
 243.800000 0.327706 29.480050 27.091992
 244.000000 0.298836 28.049166 27.091992
 244.200000 0.292560 28.741962 27.091992
 244.400000 0.296917 28.598969 27.091992
 244.600000 0.308397 28.499636 27.091992
 244.800000 0.313434 28.661357 27.091992
 245.000000 0.293352 28.713142 27.572016
 245.200000 0.296591 29.084114 27.572016
 245.400000 0.302265 28.898737 27.572016
 245.600000 0.284575 29.513105 27.572016
 245.800000 0.288294 29.380007 27.572016
 246.000000 0.301755 28.913650 27.572016
 246.200000 0.298272 29.494997 27.572016
 246.400000 0.314412 29.229860 27.572016
 246.600000 0.309494 29.217131 27.572016
 246.800000 0.307279 29.250882 27.572016
 247.000000 0.303408 29.347696 27.572016
 247.200000 0.310545 29.631300 27.572016
 247.400000 0.304689 29.783980 27.572016
 247.600000 0.306414 29.733313 27.572016
 247.800000 0.294308 29.986416 27.572016
 248.000000 0.302325 29.851580 27.572016
 248.200000 0.325905 29.931485 27.572016
 248.400000 0.337021 29.632293 27.572016
 248.600000 0.339044 29.469037 27.572016
 248.800000 0.326686 29.934981 27.572016
 249.000000 0.319568 29.886137 27.572016
 249.200000 0.334213 30.085791 27.572016
 249.400000 0.344220 29.027706 27.572016
 249.600000 0.338673 29.706540 27.572016
 249.800000 0.344944 28.927135 27.572016
 250.000000 0.349577 28.242670 28.141914
 250.200000 0.352061 28.348482 28.141914
 250.400000 0.354741 27.908378 28.141914
 250.600000 0.364505 26.063341 28.141914
 250.800000 0.352802 28.228869 28.141914
 251.000000 0.345299 29.354584 28.141914
 251.200000 0.348602 29.349659 28.141914
 251.400000 0.361691 26.900074 28.141914
 251.600000 0.363729 26.448467 28.141914
 251.800000 0.379838 22.401293 28.141914
 252.000000 0.397752 17.956966 28.141914
 252.200000 0.399604 18.236403 28.141914
 252.400000 0.406173 16.126975 28.141914
 252.600000 0.408539 15.241700 28.141914
 252.800000 0.413135 13.354566 28.141914
 253.000000 0.420429 10.065753 28.141914
 253.200000 0.407139 16.527752 28.141914
 253.400000 0.409444 15.740905 28.141914
 253.600000 0.413699 14.120637 28.141914
 253.800000 0.420235 11.272768 28.141914
 254.000000 0.411137 15.121979 28.141914
 254.200000 0.394257 20.329354 28.141914
 254.400000 0.382940 22.289586 28.141914
 254.600000 0.391159 20.846717 28.141914
 254.800000 0.374879 23.993446 28.141914
 255.000000 0.368637 25.418081 28.256449
 255.200000 0.372164 25.161011 28.256449
 255.400000 0.362155 27.360889 28.256449
 255.600000 0.377800 23.813061 28.256449
 255.800000 0.382122 22.825257 28.256449
 256.000000 0.367549 26.226765 28.256449
 256.200000 0.361348 28.016469 28.256449
 256.400000 0.377289 24.374320 28.256449
 256.600000 0.388095 21.812449 28.256449
 256.800000 0.386567 22.140125 28.256449
 257.000000 0.382146 23.158401 28.256449
 257.200000 0.389761 22.015704 28.256449
 257.400000 0.367412 27.185907 28.256449
 257.600000 0.370091 26.635262 28.256449
 257.800000 0.373816 25.799024 28.256449
 258.000000 0.370729 26.497556 28.256449
 258.200000 0.383225 23.902408 28.256449
 258.400000 0.377429 25.418407 28.256449
 258.600000 0.357211 29.208450 28.256449
 258.800000 0.365999 27.969137 28.256449
 259.000000 0.366950 27.796836 28.256449
 259.200000 0.357139 29.625997 28.256449
 259.400000 0.365151 28.619825 28.256449
 259.600000 0.363485 28.879570 28.256449
 259.800000 0.360803 29.236166 28.256449
 260.000000 0.372809 27.034806 28.454630
 260.200000 0.370936 28.000398 28.454630
 260.400000 0.375261 26.923098 28.454630
 260.600000 0.363156 29.353665 28.454630
 260.800000 0.364452 29.181885 28.454630
 261.000000 0.372690 27.588943 28.454630
 261.200000 0.374136 27.732375 28.454630
 261.400000 0.361645 29.919423 28.454630
 261.600000 0.363641 29.718404 28.454630
 261.800000 0.348366 30.588078 28.454630
 262.000000 0.338835 30.898159 28.454630
 262.200000 0.341282 31.272823 28.454630
 262.400000 0.349117 30.908458 28.454630
 262.600000 0.338540 31.345564 28.454630
 262.800000 0.313302 30.549361 28.454630
 263.000000 0.317512 30.643783 28.454630
 263.200000 0.330442 31.567500 28.454630
 263.400000 0.342541 31.336942 28.454630
 263.600000 0.353287 30.701171 28.454630
 263.800000 0.350011 30.901116 28.454630
 264.000000 0.340820 31.421314 28.454630
 264.200000 0.325855 31.689308 28.454630
 264.400000 0.323609 31.556869 28.454630
 264.600000 0.328901 31.845410 28.454630
 264.800000 0.316249 31.163243 28.454630
 265.000000 0.322912 31.515135 29.074378
 265.200000 0.319881 31.761365 29.074378
 265.400000 0.306725 31.172236 29.074378
 265.600000 0.293212 30.659072 29.074378
 265.800000 0.301320 30.999960 29.074378
 266.000000 0.319863 31.760278 29.074378
 266.200000 0.322806 32.355807 29.074378
 266.400000 0.319188 32.144493 29.074378
 266.600000 0.308751 31.559936 29.074378
 266.800000 0.309505 31.597213 29.074378
 267.000000 0.318603 32.108762 29.074378
 267.200000 0.336165 32.722154 29.074378
 267.400000 0.354381 31.020353 29.074378
 267.600000 0.344803 31.974908 29.074378
 267.800000 0.340626 32.379986 29.074378
 268.000000 0.334571 32.808307 29.074378
 268.200000 0.327491 33.275552 29.074378
 268.400000 0.326042 33.226263 29.074378
 268.600000 0.329542 33.312033 29.074378
 268.800000 0.341907 32.620356 29.074378
 269.000000 0.355864 31.026369 29.074378
 269.200000 0.353332 31.738114 29.074378
 269.400000 0.354367 31.628214 29.074378
 269.600000 0.362154 30.667335 29.074378
 269.800000 0.365858 30.036145 29.074378
 270.000000 0.362677 30.587490 29.789093
 270.200000 0.364829 30.671107 29.789093
 270.400000 0.367967 30.024077 29.789093
 270.600000 0.392227 22.316068 29.789093
 270.800000 0.407648 17.514915 29.789093
 271.000000 0.409084 16.984244 29.789093
 271.200000 0.408591 17.990084 29.789093
 271.400000 0.418677 13.479999 29.789093
 271.600000 0.397246 21.424564 29.789093
 271.800000 0.389861 23.409692 29.789093
 272.000000 0.397334 21.401427 29.789093
 272.200000 0.413928 16.155281 29.789093
 272.400000 0.432798 6.121997 29.789093
 272.600000 0.438427 3.751643 29.789093
 272.800000 0.437174 4.223122 29.789093
 273.000000 0.426572 9.351054 29.789093
 273.200000 0.426092 10.769172 29.789093
 273.400000 0.413251 17.254572 29.789093
 273.600000 0.415635 16.197402 29.789093
 273.800000 0.419215 14.456666 29.789093
 274.000000 0.415857 16.094716 29.789093
 274.200000 0.429334 9.566573 29.789093
 274.400000 0.426764 11.054698 29.789093
 274.600000 0.413765 17.880280 29.789093
 274.800000 0.402427 21.529564 29.789093
 275.000000 0.406762 20.387534 29.781183
 275.200000 0.399220 22.870085 29.781183
 275.400000 0.387971 25.027521 29.781183
 275.600000 0.384590 25.831105 29.781183
 275.800000 0.389708 24.654879 29.781183
 276.000000 0.395257 23.599951 29.781183
 276.200000 0.392485 24.709540 29.781183
 276.400000 0.376384 28.349060 29.781183
 276.600000 0.370957 29.661993 29.781183
 276.800000 0.387619 25.643279 29.781183
 277.000000 0.373172 29.149050 29.781183
 277.200000 0.359795 31.827508 29.781183
 277.400000 0.356537 32.097801 29.781183
 277.600000 0.363261 31.453820 29.781183
 277.800000 0.367363 30.840152 29.781183
 278.000000 0.363719 31.395357 29.781183
 278.200000 0.349145 32.887460 29.781183
 278.400000 0.333700 33.538155 29.781183
 278.600000 0.353442 32.658670 29.781183
 278.800000 0.361859 32.047498 29.781183
 279.000000 0.339189 33.407490 29.781183
 279.200000 0.330949 33.856081 29.781183
 279.400000 0.346820 33.361347 29.781183
 279.600000 0.358983 32.476586 29.781183
 279.800000 0.365746 31.616573 29.781183
 280.000000 0.374392 29.687183 30.212444
 280.200000 0.385053 27.070691 30.212444
 280.400000 0.384869 27.122016 30.212444
 280.600000 0.378434 29.001638 30.212444
 280.800000 0.367361 31.744860 30.212444
 281.000000 0.365194 32.093883 30.212444
 281.200000 0.367175 32.192744 30.212444
 281.400000 0.374538 30.458768 30.212444
 281.600000 0.391483 25.528496 30.212444
 281.800000 0.375175 30.274666 30.212444
 282.000000 0.385110 27.227808 30.212444
 282.200000 0.393737 25.439481 30.212444
 282.400000 0.399993 23.872476 30.212444
 282.600000 0.415396 18.093069 30.212444
 282.800000 0.426184 11.779938 30.212444
 283.000000 0.410566 20.359653 30.212444
 283.200000 0.407307 22.324666 30.212444
 283.400000 0.427244 11.503430 30.212444
 283.600000 0.458630 0.362870 30.212444
 283.800000 0.449076 1.556931 30.212444
 284.000000 0.443991 2.889131 30.212444
 284.200000 0.428171 11.787828 30.212444
 284.400000 0.433682 8.752700 30.212444
 284.600000 0.422306 15.232485 30.212444
 284.800000 0.426114 12.990683 30.212444
 285.000000 0.418360 17.464803 30.362889
 285.200000 0.421289 16.610606 30.362889
 285.400000 0.423375 15.366793 30.362889
 285.600000 0.416758 19.117562 30.362889
 285.800000 0.415940 19.531948 30.362889
 286.000000 0.416742 19.125746 30.362889
 286.200000 0.412412 21.872192 30.362889
 286.400000 0.423315 16.081203 30.362889
 286.600000 0.427052 13.707691 30.362889
 286.800000 0.429318 12.269052 30.362889
 287.000000 0.447400 3.641633 30.362889
 287.200000 0.443170 6.489445 30.362889
 287.400000 0.445628 5.669021 30.362889
 287.600000 0.426717 14.495727 30.362889
 287.800000 0.436681 9.130213 30.362889
 288.000000 0.430496 12.320731 30.362889
 288.200000 0.426615 15.532752 30.362889
 288.400000 0.443803 6.950835 30.362889
 288.600000 0.452543 4.117310 30.362889
 288.800000 0.445040 6.488527 30.362889
 289.000000 0.447991 5.470180 30.362889
 289.200000 0.436125 11.335801 30.362889
 289.400000 0.433689 12.455803 30.362889
 289.600000 0.433891 12.360314 30.362889
 289.800000 0.439313 9.980350 30.362889
 290.000000 0.437430 10.765382 30.339965
 290.200000 0.437581 11.784396 30.339965
 290.400000 0.445769 8.510305 30.339965
 290.600000 0.448028 7.673519 30.339965
 290.800000 0.436067 12.440450 30.339965
 291.000000 0.421663 19.201202 30.339965
 291.200000 0.427761 16.994796 30.339965
 291.400000 0.415740 22.356994 30.339965
 291.600000 0.416629 22.035709 30.339965
 291.800000 0.427627 17.061717 30.339965
 292.000000 0.430720 15.511483 30.339965
 292.200000 0.427095 18.179594 30.339965
 292.400000 0.410885 24.192550 30.339965
 292.600000 0.415161 23.069537 30.339965
 292.800000 0.392855 26.611934 30.339965
 293.000000 0.402664 25.486379 30.339965
 293.200000 0.410218 24.830876 30.339965
 293.400000 0.429279 17.222159 30.339965
 293.600000 0.451436 6.901593 30.339965
 293.800000 0.445882 9.201986 30.339965
 294.000000 0.449457 7.695104 30.339965
 294.200000 0.445374 10.620642 30.339965
 294.400000 0.442991 11.618031 30.339965
 294.600000 0.457217 5.855204 30.339965
 294.800000 0.473637 1.281756 30.339965
 295.000000 0.473061 1.375326 30.332827
 295.200000 0.481692 1.806041 30.332827
 295.400000 0.472516 3.113412 30.332827
 295.600000 0.475969 2.565760 30.332827
 295.800000 0.470557 3.463541 30.332827
 296.000000 0.460265 5.886527 30.332827
 296.200000 0.460977 7.030833 30.332827
 296.400000 0.463183 6.416072 30.332827
 296.600000 0.463935 6.210958 30.332827
 296.800000 0.467198 5.351584 30.332827
 297.000000 0.478371 2.875651 30.332827
 297.200000 0.471580 5.678377 30.332827
 297.400000 0.476176 4.824437 30.332827
 297.600000 0.471286 5.733499 30.332827
 297.800000 0.447173 11.336367 30.332827
 298.000000 0.454551 9.340325 30.332827
 298.200000 0.464644 7.951820 30.332827
 298.400000 0.461776 8.667168 30.332827
 298.600000 0.460975 8.868894 30.332827
 298.800000 0.463992 8.113413 30.332827
 299.000000 0.482404 3.862215 30.332827
 299.200000 0.471105 7.503153 30.332827
 299.400000 0.469390 7.809565 30.332827
 299.600000 0.470191 7.666259 30.332827
 299.800000 0.473668 7.043828 30.332827
 300.000000 0.452270 11.263192 30.306172
