#! FIELDS time d metad.bias metad.rct
 0.000000 0.067446 0.000000 0.000000
 0.200000 0.068979 0.000000 0.000000
 0.400000 0.059344 0.000000 0.000000
 0.600000 0.072793 0.000000 0.000000
 0.800000 0.056385 0.000000 0.000000
 1.000000 0.038663 0.000000 0.000000
 1.200000 0.040478 1.737210 0.000000
 1.400000 0.062569 0.489057 0.000000
 1.600000 0.056740 0.844867 0.000000
 1.800000 0.047899 1.447246 0.000000
 2.000000 0.040582 1.735704 0.000000
 2.200000 0.044617 3.179276 0.000000
 2.400000 0.046110 3.059907 0.000000
 2.600000 0.053149 2.235994 0.000000
 2.800000 0.072251 0.311147 0.000000
 3.000000 0.076233 0.165927 0.000000
 3.200000 0.078442 1.831031 0.000000
 3.400000 0.076697 1.889635 0.000000
 3.600000 0.075170 1.930623 0.000000
 3.800000 0.065997 2.088646 0.000000
 4.000000 0.065783 2.093302 0.000000
 4.200000 0.083954 2.321618 0.000000
 4.400000 0.092179 1.323635 0.000000
 4.600000 0.070645 3.524746 0.000000
 4.800000 0.061400 3.760299 0.000000
 5.000000 0.059814 3.781038 1.410669
 5.200000 0.060025 5.256875 1.410669
 5.400000 0.056601 5.270960 1.410669
 5.600000 0.071670 4.554188 1.410669
 5.800000 0.076662 3.901062 1.410669
 6.000000 0.089947 1.775741 1.410669
 6.200000 0.063665 5.504128 1.410669
 6.400000 0.052271 5.266081 1.410669
 6.600000 0.056841 5.410820 1.410669
 6.800000 0.080069 4.669548 1.410669
 7.000000 0.074245 5.173957 1.410669
 7.200000 0.092996 3.578379 1.410669
 7.400000 0.120874 0.216090 1.410669
 7.600000 0.098696 2.482867 1.410669
 7.800000 0.078617 6.148251 1.410669
 8.000000 0.082100 5.654637 1.410669
 8.200000 0.104704 1.955202 1.410669
 8.400000 0.121544 0.235181 1.410669
 8.600000 0.104100 2.067267 1.410669
 8.800000 0.101960 2.493437 1.410669
 9.000000 0.114086 0.691046 1.410669
 9.200000 0.113604 2.430965 1.410669
 9.400000 0.101583 3.770804 1.410669
 9.600000 0.099511 4.087605 1.410669
 9.800000 0.107309 3.045967 1.410669
 10.000000 0.095727 4.738594 3.384103
 10.200000 0.085733 7.758057 3.384103
 10.400000 0.053048 6.033684 3.384103
 10.600000 0.050130 5.704668 3.384103
 10.800000 0.083634 7.988987 3.384103
 11.000000 0.123247 1.845923 3.384103
 11.200000 0.105265 5.222430 3.384103
 11.400000 0.094271 6.666231 3.384103
 11.600000 0.110305 4.730144 3.384103
 11.800000 0.100877 5.739170 3.384103
 12.000000 0.106484 5.095040 3.384103
 12.200000 0.118492 4.991760 3.384103
 12.400000 0.123528 4.154045 3.384103
 12.600000 0.103967 6.740581 3.384103
 12.800000 0.081127 8.553169 3.384103
 13.000000 0.073730 8.414015 3.384103
 13.200000 0.063465 8.316059 3.384103
 13.400000 0.050720 6.139159 3.384103
 13.600000 0.035840 4.034033 3.384103
 13.800000 0.032349 3.472195 3.384103
 14.000000 0.040562 4.730525 3.384103
 14.200000 0.053928 7.591407 3.384103
 14.400000 0.083511 9.468902 3.384103
 14.600000 0.075552 9.789153 3.384103
 14.800000 0.066642 9.148786 3.384103
 15.000000 0.049634 7.159820 5.267397
 15.200000 0.038757 6.857568 5.267397
 15.400000 0.035138 6.048508 5.267397
 15.600000 0.027094 3.942890 5.267397
 15.800000 0.024027 3.149760 5.267397
 16.000000 0.039833 7.070527 5.267397
 16.200000 0.051415 9.544557 5.267397
 16.400000 0.059169 9.796231 5.267397
 16.600000 0.055230 9.672926 5.267397
 16.800000 0.058937 9.788503 5.267397
 17.000000 0.091082 8.598651 5.267397
 17.200000 0.091913 9.671990 5.267397
 17.400000 0.097428 8.809125 5.267397
 17.600000 0.073644 10.789749 5.267397
 17.800000 0.059423 9.931371 5.267397
 18.000000 0.093433 9.444438 5.267397
 18.200000 0.099387 9.546773 5.267397
 18.400000 0.089939 11.067877 5.267397
 18.600000 0.066622 10.617293 5.267397
 18.800000 0.061850 10.191861 5.267397
 19.000000 0.063172 10.300435 5.267397
 19.200000 0.069623 11.917668 5.267397
 19.400000 0.072755 12.098360 5.267397
 19.600000 0.075454 12.190583 5.267397
 19.800000 0.082991 12.030657 5.267397
 20.000000 0.080738 12.148805 7.970752
 20.200000 0.086913 12.615421 7.970752
 20.400000 0.094897 11.128846 7.970752
 20.600000 0.094362 11.247105 7.970752
 20.800000 0.096567 10.747661 7.970752
 21.000000 0.116731 5.945698 7.970752
 21.200000 0.111176 8.471956 7.970752
 21.400000 0.093854 11.775464 7.970752
 21.600000 0.098826 10.867408 7.970752
 21.800000 0.087286 12.756325 7.970752
 22.000000 0.064359 12.068079 7.970752
 22.200000 0.056871 12.066463 7.970752
 22.400000 0.060810 12.619706 7.970752
 22.600000 0.060384 12.561006 7.970752
 22.800000 0.051487 11.275930 7.970752
 23.000000 0.046535 10.448256 7.970752
 23.200000 0.044519 11.144306 7.970752
 23.400000 0.060474 13.286138 7.970752
 23.600000 0.073434 14.119948 7.970752
 23.800000 0.065413 13.716919 7.970752
 24.000000 0.056634 12.908134 7.970752
 24.200000 0.033368 8.089470 7.970752
 24.400000 0.041135 10.902174 7.970752
 24.600000 0.072358 14.667007 7.970752
 24.800000 0.098294 11.064895 7.970752
 25.000000 0.103159 10.078603 9.977399
 25.200000 0.082180 14.401611 9.977399
 25.400000 0.064413 14.534417 9.977399
 25.600000 0.066128 14.628356 9.977399
 25.800000 0.062126 14.383241 9.977399
 26.000000 0.063178 14.456364 9.977399
 26.200000 0.076917 15.329780 9.977399
 26.400000 0.075905 15.399807 9.977399
 26.600000 0.081969 14.837872 9.977399
 26.800000 0.092899 13.173145 9.977399
 27.000000 0.094013 12.975425 9.977399
 27.200000 0.083891 15.376973 9.977399
 27.400000 0.069988 15.868600 9.977399
 27.600000 0.068287 15.811229 9.977399
 27.800000 0.058501 15.018042 9.977399
 28.000000 0.049110 13.449594 9.977399
 28.200000 0.040176 11.685653 9.977399
 28.400000 0.034039 9.074862 9.977399
 28.600000 0.039694 11.497866 9.977399
 28.800000 0.053423 15.209349 9.977399
 29.000000 0.052542 15.070519 9.977399
 29.200000 0.032199 8.588069 9.977399
 29.400000 0.064091 16.812450 9.977399
 29.600000 0.094185 13.952130 9.977399
 29.800000 0.081756 15.786712 9.977399
 30.000000 0.065515 16.807246 12.570800
 30.200000 0.061845 17.585655 12.570800
 30.400000 0.075922 16.979764 12.570800
 30.600000 0.055107 16.975882 12.570800
 30.800000 0.044821 14.390760 12.570800
 31.000000 0.043957 14.073311 12.570800
 31.200000 0.035033 10.861780 12.570800
 31.400000 0.034856 10.767864 12.570800
 31.600000 0.038028 12.399059 12.570800
 31.800000 0.044788 15.312686 12.570800
 32.000000 0.031885 9.174737 12.570800
 32.200000 0.032544 10.691950 12.570800
 32.400000 0.041819 15.084503 12.570800
 32.600000 0.055337 18.051192 12.570800
 32.800000 0.048835 17.161654 12.570800
 33.000000 0.032839 10.849384 12.570800
 33.200000 0.028094 9.321909 12.570800
 33.400000 0.036089 13.586970 12.570800
 33.600000 0.045822 17.163465 12.570800
 33.800000 0.048171 17.657305 12.570800
 34.000000 0.072042 17.562902 12.570800
 34.200000 0.072217 18.344025 12.570800
 34.400000 0.072489 18.313661 12.570800
 34.600000 0.097740 13.514903 12.570800
 34.800000 0.076940 17.730394 12.570800
 35.000000 0.063334 18.969651 14.625343
 35.200000 0.059200 19.717796 14.625343
 35.400000 0.059190 19.717492 14.625343
 35.600000 0.058707 19.700839 14.625343
 35.800000 0.066310 19.580156 14.625343
 36.000000 0.079797 17.689560 14.625343
 36.200000 0.092184 15.491534 14.625343
 36.400000 0.087543 16.713922 14.625343
 36.600000 0.062663 20.150744 14.625343
 36.800000 0.061459 20.125697 14.625343
 37.000000 0.063013 20.154463 14.625343
 37.200000 0.075122 19.811634 14.625343
 37.400000 0.066157 20.813644 14.625343
 37.600000 0.078249 19.204996 14.625343
 37.800000 0.121923 6.750645 14.625343
 38.000000 0.139352 1.967505 14.625343
 38.200000 0.136245 4.195850 14.625343
 38.400000 0.138514 3.735003 14.625343
 38.600000 0.120014 8.052413 14.625343
 38.800000 0.125971 6.549737 14.625343
 39.000000 0.132199 5.075314 14.625343
 39.200000 0.122306 8.590632 14.625343
 39.400000 0.119886 9.080997 14.625343
 39.600000 0.113236 10.438315 14.625343
 39.800000 0.084732 17.660024 14.625343
 40.000000 0.103706 12.598284 15.786698
 40.200000 0.099306 14.673638 15.786698
 40.400000 0.114685 10.899866 15.786698
 40.600000 0.127006 7.908061 15.786698
 40.800000 0.127223 7.854945 15.786698
 41.000000 0.118130 10.062587 15.786698
 41.200000 0.116076 11.668161 15.786698
 41.400000 0.131926 7.432872 15.786698
 41.600000 0.107759 13.479657 15.786698
 41.800000 0.075271 19.965997 15.786698
 42.000000 0.075190 19.978419 15.786698
 42.200000 0.065605 21.458366 15.786698
 42.400000 0.039907 15.856702 15.786698
 42.600000 0.042309 16.916158 15.786698
 42.800000 0.048187 18.999159 15.786698
 43.000000 0.074005 20.867568 15.786698
 43.200000 0.072840 21.704482 15.786698
 43.400000 0.067584 22.053102 15.786698
 43.600000 0.061911 21.851180 15.786698
 43.800000 0.028664 9.761064 15.786698
 44.000000 0.035544 13.680886 15.786698
 44.200000 0.024105 7.925591 15.786698
 44.400000 0.037033 15.421210 15.786698
 44.600000 0.030001 11.422846 15.786698
 44.800000 0.032525 12.924273 15.786698
 45.000000 0.028025 10.232522 17.211199
 45.200000 0.030348 12.727514 17.211199
 45.400000 0.024106 8.997946 17.211199
 45.600000 0.027672 11.128974 17.211199
 45.800000 0.021556 7.537484 17.211199
 46.000000 0.042825 18.733136 17.211199
 46.200000 0.030498 13.357916 17.211199
 46.400000 0.026511 10.850763 17.211199
 46.600000 0.038710 17.850425 17.211199
 46.800000 0.051265 21.555986 17.211199
 47.000000 0.064340 22.485244 17.211199
 47.200000 0.056601 22.758982 17.211199
 47.400000 0.056185 22.714491 17.211199
 47.600000 0.051648 22.064845 17.211199
 47.800000 0.022201 8.204613 17.211199
 48.000000 0.032259 14.491348 17.211199
 48.200000 0.030285 14.183398 17.211199
 48.400000 0.040923 19.755830 17.211199
 48.600000 0.071107 22.685689 17.211199
 48.800000 0.084404 19.685407 17.211199
 49.000000 0.105535 14.112122 17.211199
 49.200000 0.084947 19.893107 17.211199
 49.400000 0.092156 18.093196 17.211199
 49.600000 0.091866 18.163475 17.211199
 49.800000 0.086579 19.480152 17.211199
 50.000000 0.091818 18.175266 18.591712
 50.200000 0.090231 19.338787 18.591712
 50.400000 0.075984 22.414284 18.591712
 50.600000 0.081354 21.395653 18.591712
 50.800000 0.065368 23.373486 18.591712
 51.000000 0.059093 23.234493 18.591712
 51.200000 0.060745 23.933574 18.591712
 51.400000 0.074438 23.017850 18.591712
 51.600000 0.073200 23.215710 18.591712
 51.800000 0.093723 18.533515 18.591712
 52.000000 0.094589 18.317877 18.591712
 52.200000 0.076778 22.973168 18.591712
 52.400000 0.067753 23.977116 18.591712
 52.600000 0.053067 23.266097 18.591712
 52.800000 0.044568 21.371809 18.591712
 53.000000 0.044967 21.495292 18.591712
 53.200000 0.028226 13.287685 18.591712
 53.400000 0.026923 12.386303 18.591712
 53.600000 0.035688 18.096382 18.591712
 53.800000 0.048105 22.993091 18.591712
 54.000000 0.027339 12.674217 18.591712
 54.200000 0.019794 8.533315 18.591712
 54.400000 0.020937 9.273342 18.591712
 54.600000 0.023377 10.916965 18.591712
 54.800000 0.030008 15.487945 18.591712
 55.000000 0.022827 10.540836 19.871392
 55.200000 0.029295 16.006681 19.871392
 55.400000 0.025532 13.488606 19.871392
 55.600000 0.034819 19.264185 19.871392
 55.800000 0.027709 14.963031 19.871392
 56.000000 0.021111 10.474881 19.871392
 56.200000 0.027423 15.775639 19.871392
 56.400000 0.035652 20.372791 19.871392
 56.600000 0.022784 12.696012 19.871392
 56.800000 0.055925 24.468785 19.871392
 57.000000 0.053418 24.348617 19.871392
 57.200000 0.047337 24.289375 19.871392
 57.400000 0.043848 23.588312 19.871392
 57.600000 0.036007 20.832354 19.871392
 57.800000 0.033841 19.758264 19.871392
 58.000000 0.029611 17.311734 19.871392
 58.200000 0.032460 19.800827 19.871392
 58.400000 0.045015 24.331713 19.871392
 58.600000 0.050799 25.031471 19.871392
 58.800000 0.043438 24.015054 19.871392
 59.000000 0.039977 23.084970 19.871392
 59.200000 0.038853 23.330707 19.871392
 59.400000 0.033975 21.181453 19.871392
 59.600000 0.021381 12.798428 19.871392
 59.800000 0.041910 24.266893 19.871392
 60.000000 0.037474 22.805783 21.264821
 60.200000 0.021340 13.123105 21.264821
 60.400000 0.026289 16.834810 21.264821
 60.600000 0.025468 16.230553 21.264821
 60.800000 0.034040 21.832560 21.264821
 61.000000 0.032566 21.013887 21.264821
 61.200000 0.024580 16.163329 21.264821
 61.400000 0.026341 17.502330 21.264821
 61.600000 0.023899 15.637124 21.264821
 61.800000 0.025512 16.877415 21.264821
 62.000000 0.029535 19.787114 21.264821
 62.200000 0.029194 20.279185 21.264821
 62.400000 0.043510 26.218500 21.264821
 62.600000 0.041489 25.869233 21.264821
 62.800000 0.037881 24.866082 21.264821
 63.000000 0.027114 18.790551 21.264821
 63.200000 0.037837 25.436971 21.264821
 63.400000 0.039488 25.915578 21.264821
 63.600000 0.045755 26.802724 21.264821
 63.800000 0.074070 23.829363 21.264821
 64.000000 0.094686 19.081492 21.264821
 64.200000 0.062623 25.688917 21.264821
 64.400000 0.089826 20.995353 21.264821
 64.600000 0.093905 20.024437 21.264821
 64.800000 0.083856 22.286243 21.264821
 65.000000 0.100536 18.247344 22.173019
 65.200000 0.098945 19.470713 22.173019
 65.400000 0.100942 18.905343 22.173019
 65.600000 0.130299 8.365250 22.173019
 65.800000 0.168227 0.342239 22.173019
 66.000000 0.152899 2.048477 22.173019
 66.200000 0.112645 14.970156 22.173019
 66.400000 0.083178 22.821577 22.173019
 66.600000 0.078679 23.571914 22.173019
 66.800000 0.070704 24.753757 22.173019
 67.000000 0.043897 26.675482 22.173019
 67.200000 0.041800 26.929222 22.173019
 67.400000 0.040138 26.589857 22.173019
 67.600000 0.063241 25.884090 22.173019
 67.800000 0.071923 24.680332 22.173019
 68.000000 0.063543 25.845181 22.173019
 68.200000 0.056016 27.248538 22.173019
 68.400000 0.069158 25.600760 22.173019
 68.600000 0.092193 21.196737 22.173019
 68.800000 0.090120 21.655404 22.173019
 69.000000 0.076046 24.429365 22.173019
 69.200000 0.068908 26.165747 22.173019
 69.400000 0.079838 24.289428 22.173019
 69.600000 0.088143 22.499444 22.173019
 69.800000 0.090075 22.045354 22.173019
 70.000000 0.100434 19.235701 23.245396
 70.200000 0.118632 13.142757 23.245396
 70.400000 0.128540 9.538323 23.245396
 70.600000 0.111931 15.818798 23.245396
 70.800000 0.114707 14.706310 23.245396
 71.000000 0.114047 14.971410 23.245396
 71.200000 0.130631 9.361729 23.245396
 71.400000 0.149550 4.333621 23.245396
 71.600000 0.117716 14.375393 23.245396
 71.800000 0.151169 4.010260 23.245396
 72.000000 0.151653 3.915411 23.245396
 72.200000 0.122677 12.579353 23.245396
 72.400000 0.126580 11.188570 23.245396
 72.600000 0.129038 10.391147 23.245396
 72.800000 0.136663 8.339582 23.245396
 73.000000 0.145623 6.524390 23.245396
 73.200000 0.119444 14.094862 23.245396
 73.400000 0.133725 10.011262 23.245396
 73.600000 0.155402 5.695342 23.245396
 73.800000 0.154050 6.028365 23.245396
 74.000000 0.158869 4.808834 23.245396
 74.200000 0.133032 10.476266 23.245396
 74.400000 0.134460 10.234299 23.245396
 74.600000 0.151361 7.904123 23.245396
 74.800000 0.141306 9.316824 23.245396
 75.000000 0.134148 10.285165 23.222939
 75.200000 0.131372 11.877752 23.222939
 75.400000 0.125355 13.179703 23.222939
 75.600000 0.115628 16.018810 23.222939
 75.800000 0.127281 12.720472 23.222939
 76.000000 0.141859 10.220516 23.222939
 76.200000 0.122092 14.511179 23.222939
 76.400000 0.111033 17.654610 23.222939
 76.600000 0.123819 14.112140 23.222939
 76.800000 0.133489 12.451458 23.222939
 77.000000 0.122458 14.423885 23.222939
 77.200000 0.123262 15.156558 23.222939
 77.400000 0.109675 18.711524 23.222939
 77.600000 0.110716 18.429217 23.222939
 77.800000 0.132516 13.318766 23.222939
 78.000000 0.137428 12.501524 23.222939
 78.200000 0.130044 14.644057 23.222939
 78.400000 0.110048 18.798731 23.222939
 78.600000 0.116525 17.224463 23.222939
 78.800000 0.123317 15.787211 23.222939
 79.000000 0.128481 14.888544 23.222939
 79.200000 0.133575 14.960054 23.222939
 79.400000 0.139151 13.907075 23.222939
 79.600000 0.143547 12.868440 23.222939
 79.800000 0.150976 10.592692 23.222939
 80.000000 0.164412 5.473515 23.202251
 80.200000 0.177202 2.721112 23.202251
 80.400000 0.181383 1.798570 23.202251
 80.600000 0.175550 3.152499 23.202251
 80.800000 0.186023 1.054878 23.202251
 81.000000 0.190406 0.590845 23.202251
 81.200000 0.184796 2.813597 23.202251
 81.400000 0.187382 2.559015 23.202251
 81.600000 0.167126 6.362955 23.202251
 81.800000 0.172756 4.816029 23.202251
 82.000000 0.177058 3.903421 23.202251
 82.200000 0.179335 4.971216 23.202251
 82.400000 0.192088 3.045881 23.202251
 82.600000 0.191474 3.132580 23.202251
 82.800000 0.186704 3.817637 23.202251
 83.000000 0.188642 3.536889 23.202251
 83.200000 0.179093 6.232865 23.202251
 83.400000 0.183290 5.732860 23.202251
 83.600000 0.183805 5.670183 23.202251
 83.800000 0.176121 6.603119 23.202251
 84.000000 0.174662 6.800543 23.202251
 84.200000 0.172555 8.390230 23.202251
 84.400000 0.175892 7.921528 23.202251
 84.600000 0.190198 5.555758 23.202251
 84.800000 0.184251 6.668508 23.202251
 85.000000 0.199376 3.535601 23.151576
 85.200000 0.189364 6.920842 23.151576
 85.400000 0.187074 7.234774 23.151576
 85.600000 0.216822 1.434946 23.151576
 85.800000 0.230764 0.233265 23.151576
 86.000000 0.235359 0.106102 23.151576
 86.200000 0.224162 1.928129 23.151576
 86.400000 0.195522 5.897089 23.151576
 86.600000 0.193095 6.339984 23.151576
 86.800000 0.209768 3.099337 23.151576
 87.000000 0.213798 2.540019 23.151576
 87.200000 0.206022 5.130814 23.151576
 87.400000 0.204920 5.291544 23.151576
 87.600000 0.197059 6.434265 23.151576
 87.800000 0.185411 7.698307 23.151576
 88.000000 0.198587 6.221332 23.151576
 88.200000 0.215439 4.624318 23.151576
 88.400000 0.236299 2.386137 23.151576
 88.600000 0.225461 3.332032 23.151576
 88.800000 0.236548 2.365041 23.151576
 89.000000 0.239891 2.074886 23.151576
 89.200000 0.232923 4.100371 23.151576
 89.400000 0.218855 4.708478 23.151576
 89.600000 0.195783 7.926807 23.151576
 89.800000 0.190587 8.375426 23.151576
 90.000000 0.208473 6.025208 23.102334
 90.200000 0.229021 4.746953 23.102334
 90.400000 0.221636 5.422191 23.102334
 90.600000 0.215000 6.312751 23.102334
 90.800000 0.221945 5.387846 23.102334
 91.000000 0.228793 4.764421 23.102334
 91.200000 0.241430 4.633345 23.102334
 91.400000 0.279499 0.067418 23.102334
 91.600000 0.286838 0.010309 23.102334
 91.800000 0.269025 0.412717 23.102334
 92.000000 0.255376 1.978512 23.102334
 92.200000 0.244901 5.247709 23.102334
 92.400000 0.257157 3.275725 23.102334
 92.600000 0.256941 3.312709 23.102334
 92.800000 0.265434 1.951712 23.102334
 93.000000 0.246122 5.078558 23.102334
 93.200000 0.253202 5.200286 23.102334
 93.400000 0.281592 0.470554 23.102334
 93.600000 0.271784 1.472798 23.102334
 93.800000 0.290620 0.115100 23.102334
 94.000000 0.293808 0.063312 23.102334
 94.200000 0.259589 3.923071 23.102334
 94.400000 0.271633 2.077518 23.102334
 94.600000 0.287018 1.786169 23.102334
 94.800000 0.255128 4.847942 23.102334
 95.000000 0.257191 4.417750 23.054263
 95.200000 0.276417 2.420022 23.054263
 95.400000 0.275774 2.479408 23.054263
 95.600000 0.282363 2.076376 23.054263
 95.800000 0.261740 4.871438 23.054263
 96.000000 0.265859 3.997381 23.054263
 96.200000 0.271162 4.426416 23.054263
 96.400000 0.287581 2.487231 23.054263
 96.600000 0.288096 2.455805 23.054263
 96.800000 0.286652 2.546256 23.054263
 97.000000 0.257915 6.975218 23.054263
 97.200000 0.265123 6.753223 23.054263
 97.400000 0.229385 7.773143 23.054263
 97.600000 0.217021 7.390354 23.054263
 97.800000 0.252651 8.923181 23.054263
 98.000000 0.257158 8.380338 23.054263
 98.200000 0.242464 9.728065 23.054263
 98.400000 0.260404 8.976585 23.054263
 98.600000 0.274003 5.292850 23.054263
 98.800000 0.260999 8.844756 23.054263
 99.000000 0.283909 3.271224 23.054263
 99.200000 0.279604 5.447740 23.054263
 99.400000 0.255381 10.075394 23.054263
 99.600000 0.246926 10.164912 23.054263
 99.800000 0.250329 10.280912 23.054263
 100.000000 0.230842 8.164904 23.008144
 100.200000 0.243023 10.696002 23.008144
 100.400000 0.260405 9.589829 23.008144
 100.600000 0.266836 8.173760 23.008144
 100.800000 0.246760 10.846139 23.008144
 101.000000 0.253937 10.552563 23.008144
 101.200000 0.269958 8.053230 23.008144
 101.400000 0.280532 5.522651 23.008144
 101.600000 0.278056 6.022327 23.008144
 101.800000 0.276503 6.367000 23.008144
 102.000000 0.258237 11.029680 23.008144
 102.200000 0.263483 10.847442 23.008144
 102.400000 0.272217 8.128769 23.008144
 102.600000 0.272379 8.078697 23.008144
 102.800000 0.273920 7.611373 23.008144
 103.000000 0.279559 6.100491 23.008144
 103.200000 0.277297 7.982633 23.008144
 103.400000 0.279085 7.546523 23.008144
 103.600000 0.283881 6.461233 23.008144
 103.800000 0.257594 12.669662 23.008144
 104.000000 0.234160 10.566911 23.008144
 104.200000 0.212655 8.654387 23.008144
 104.400000 0.211972 8.644126 23.008144
 104.600000 0.246233 13.472033 23.008144
 104.800000 0.258172 12.895200 23.008144
 105.000000 0.248268 13.578667 22.967475
 105.200000 0.243137 14.073245 22.967475
 105.400000 0.227715 10.736998 22.967475
 105.600000 0.224031 9.965822 22.967475
 105.800000 0.236234 12.758398 22.967475
 106.000000 0.251422 14.517684 22.967475
 106.200000 0.268597 11.229464 22.967475
 106.400000 0.276461 8.599249 22.967475
 106.600000 0.267492 11.619242 22.967475
 106.800000 0.271231 10.306539 22.967475
 107.000000 0.258350 14.450451 22.967475
 107.200000 0.268015 12.181668 22.967475
 107.400000 0.278882 8.252658 22.967475
 107.600000 0.266610 12.718736 22.967475
 107.800000 0.275444 9.392209 22.967475
 108.000000 0.270001 11.414581 22.967475
 108.200000 0.272729 11.410805 22.967475
 108.400000 0.263413 14.837463 22.967475
 108.600000 0.265159 14.259399 22.967475
 108.800000 0.270348 12.332861 22.967475
 109.000000 0.280071 8.728176 22.967475
 109.200000 0.273188 12.301333 22.967475
 109.400000 0.270956 13.083219 22.967475
 109.600000 0.258355 16.561132 22.967475
 109.800000 0.273456 12.207209 22.967475
 110.000000 0.245556 16.206884 22.937860
 110.200000 0.214019 8.901659 22.937860
 110.400000 0.229641 12.159669 22.937860
 110.600000 0.238146 15.050599 22.937860
 110.800000 0.249318 17.602607 22.937860
 111.000000 0.257120 17.360757 22.937860
 111.200000 0.236490 14.811834 22.937860
 111.400000 0.232822 13.451378 22.937860
 111.600000 0.228721 11.995928 22.937860
 111.800000 0.215817 9.069761 22.937860
 112.000000 0.209788 8.751210 22.937860
 112.200000 0.226796 11.996770 22.937860
 112.400000 0.248407 18.230297 22.937860
 112.600000 0.266505 15.553348 22.937860
 112.800000 0.284246 8.720733 22.937860
 113.000000 0.277935 11.031376 22.937860
 113.200000 0.284562 9.582110 22.937860
 113.400000 0.285913 9.077818 22.937860
 113.600000 0.289089 7.907758 22.937860
 113.800000 0.284875 9.464890 22.937860
 114.000000 0.278748 11.789670 22.937860
 114.200000 0.284937 10.392281 22.937860
 114.400000 0.287854 9.220211 22.937860
 114.600000 0.290216 8.271679 22.937860
 114.800000 0.287864 9.215894 22.937860
 115.000000 0.293063 7.142527 22.911406
 115.200000 0.298478 6.309701 22.911406
 115.400000 0.293833 8.114110 22.911406
 115.600000 0.308719 2.905497 22.911406
 115.800000 0.301453 5.208246 22.911406
 116.000000 0.278400 13.746778 22.911406
 116.200000 0.262759 18.779916 22.911406
 116.400000 0.264623 18.445163 22.911406
 116.600000 0.255739 19.386490 22.911406
 116.800000 0.237626 15.506691 22.911406
 117.000000 0.229429 12.746683 22.911406
 117.200000 0.209082 10.325276 22.911406
 117.400000 0.205825 10.219135 22.911406
 117.600000 0.216230 10.867253 22.911406
 117.800000 0.246582 18.773734 22.911406
 118.000000 0.255707 19.598755 22.911406
 118.200000 0.252367 20.248388 22.911406
 118.400000 0.245346 19.088908 22.911406
 118.600000 0.232957 15.079701 22.911406
 118.800000 0.217570 11.068719 22.911406
 119.000000 0.208333 10.299849 22.911406
 119.200000 0.228456 14.036040 22.911406
 119.400000 0.210089 11.474531 22.911406
 119.600000 0.212634 11.595046 22.911406
 119.800000 0.231767 14.995299 22.911406
 120.000000 0.234279 15.787532 22.908953
 120.200000 0.232749 16.161864 22.908953
 120.400000 0.227145 14.466598 22.908953
 120.600000 0.213996 12.024061 22.908953
 120.800000 0.235177 16.943015 22.908953
 121.000000 0.258689 20.368049 22.908953
 121.200000 0.277465 15.593697 22.908953
 121.400000 0.277450 15.599453 22.908953
 121.600000 0.281381 14.068416 22.908953
 121.800000 0.293197 9.025271 22.908953
 122.000000 0.305703 3.964549 22.908953
 122.200000 0.302396 6.581411 22.908953
 122.400000 0.284089 13.485188 22.908953
 122.600000 0.291919 10.552228 22.908953
 122.800000 0.308857 4.423445 22.908953
 123.000000 0.304676 5.779214 22.908953
 123.200000 0.295753 10.208460 22.908953
 123.400000 0.291792 11.535716 22.908953
 123.600000 0.292876 11.176221 22.908953
 123.800000 0.300889 8.440527 22.908953
 124.000000 0.313761 4.201487 22.908953
 124.200000 0.302319 9.029569 22.908953
 124.400000 0.284296 14.154118 22.908953
 124.600000 0.283416 14.408126 22.908953
 124.800000 0.281945 14.836238 22.908953
 125.000000 0.292590 11.805599 22.894379
 125.200000 0.281834 15.668218 22.894379
 125.400000 0.287652 14.176299 22.894379
 125.600000 0.297531 11.386779 22.894379
 125.800000 0.321871 3.568336 22.894379
 126.000000 0.317293 4.903105 22.894379
 126.200000 0.312876 7.671787 22.894379
 126.400000 0.300816 11.122788 22.894379
 126.600000 0.303676 10.350487 22.894379
 126.800000 0.303483 10.403735 22.894379
 127.000000 0.284962 15.006890 22.894379
 127.200000 0.270476 19.233683 22.894379
 127.400000 0.263853 20.635261 22.894379
 127.600000 0.267293 19.944305 22.894379
 127.800000 0.254710 21.530548 22.894379
 128.000000 0.262744 20.829237 22.894379
 128.200000 0.246454 20.944547 22.894379
 128.400000 0.231060 15.828401 22.894379
 128.600000 0.235202 17.286176 22.894379
 128.800000 0.224307 13.807643 22.894379
 129.000000 0.250213 21.707801 22.894379
 129.200000 0.265439 21.408940 22.894379
 129.400000 0.276073 18.559856 22.894379
 129.600000 0.277142 18.267586 22.894379
 129.800000 0.290651 14.637690 22.894379
 130.000000 0.300220 11.844623 22.934798
 130.200000 0.313334 8.385555 22.934798
 130.400000 0.298956 13.256935 22.934798
 130.600000 0.294351 14.546118 22.934798
 130.800000 0.268460 20.757245 22.934798
 131.000000 0.285263 16.725324 22.934798
 131.200000 0.289253 16.614737 22.934798
 131.400000 0.285109 17.590543 22.934798
 131.600000 0.299641 13.576426 22.934798
 131.800000 0.299890 13.493005 22.934798
 132.000000 0.302219 12.691550 22.934798
 132.200000 0.296594 15.487736 22.934798
 132.400000 0.302562 13.564394 22.934798
 132.600000 0.297080 15.346472 22.934798
 132.800000 0.305827 12.351536 22.934798
 133.000000 0.294786 15.988683 22.934798
 133.200000 0.279541 19.617009 22.934798
 133.400000 0.276572 20.060816 22.934798
 133.600000 0.265751 21.942578 22.934798
 133.800000 0.260273 22.716662 22.934798
 134.000000 0.251563 22.637166 22.934798
 134.200000 0.256974 23.521379 22.934798
 134.400000 0.263668 22.742611 22.934798
 134.600000 0.275315 20.440915 22.934798
 134.800000 0.276155 20.291606 22.934798
 135.000000 0.277847 20.003044 23.021413
 135.200000 0.284687 19.571255 23.021413
 135.400000 0.301594 14.883085 23.021413
 135.600000 0.279388 20.466588 23.021413
 135.800000 0.277917 20.709247 23.021413
 136.000000 0.303876 13.961230 23.021413
 136.200000 0.306286 13.857843 23.021413
 136.400000 0.299425 16.600048 23.021413
 136.600000 0.303924 14.880653 23.021413
 136.800000 0.303219 15.171303 23.021413
 137.000000 0.304068 14.820574 23.021413
 137.200000 0.293953 18.951637 23.021413
 137.400000 0.276045 21.346559 23.021413
 137.600000 0.271326 22.029743 23.021413
 137.800000 0.272849 21.794480 23.021413
 138.000000 0.290369 19.629748 23.021413
 138.200000 0.272684 22.182969 23.021413
 138.400000 0.257411 23.860980 23.021413
 138.600000 0.264124 23.339991 23.021413
 138.800000 0.292025 20.067408 23.021413
 139.000000 0.300432 17.704524 23.021413
 139.200000 0.282433 21.638324 23.021413
 139.400000 0.259091 23.825673 23.021413
 139.600000 0.257305 23.873198 23.021413
 139.800000 0.249842 23.150604 23.021413
 140.000000 0.241242 20.515714 23.104688
 140.200000 0.238668 20.181390 23.104688
 140.400000 0.227708 15.613108 23.104688
 140.600000 0.248781 23.538454 23.104688
 140.800000 0.257072 24.275289 23.104688
 141.000000 0.270792 22.636767 23.104688
 141.200000 0.266459 23.869697 23.104688
 141.400000 0.282100 22.151575 23.104688
 141.600000 0.291424 21.091537 23.104688
 141.800000 0.304064 17.032739 23.104688
 142.000000 0.309459 14.240884 23.104688
 142.200000 0.315020 11.909589 23.104688
 142.400000 0.289964 21.728136 23.104688
 142.600000 0.293439 21.217393 23.104688
 142.800000 0.296706 20.504056 23.104688
 143.000000 0.308902 15.476641 23.104688
 143.200000 0.315126 12.651513 23.104688
 143.400000 0.324287 7.106567 23.104688
 143.600000 0.328406 5.031043 23.104688
 143.800000 0.333134 3.151008 23.104688
 144.000000 0.330764 4.022098 23.104688
 144.200000 0.323518 8.834876 23.104688
 144.400000 0.314791 13.689484 23.104688
 144.600000 0.305772 18.325574 23.104688
 144.800000 0.307458 17.560313 23.104688
 145.000000 0.300551 20.262807 23.214549
 145.200000 0.302309 20.392502 23.214549
 145.400000 0.330841 5.545823 23.214549
 145.600000 0.321386 10.242098 23.214549
 145.800000 0.336280 3.617639 23.214549
 146.000000 0.321490 10.182885 23.214549
 146.200000 0.307372 18.953573 23.214549
 146.400000 0.273496 23.185626 23.214549
 146.600000 0.277934 22.935091 23.214549
 146.800000 0.279221 22.901385 23.214549
 147.000000 0.273104 23.217952 23.214549
 147.200000 0.295828 22.543206 23.214549
 147.400000 0.296158 22.488288 23.214549
 147.600000 0.316359 14.262437 23.214549
 147.800000 0.313770 15.733296 23.214549
 148.000000 0.326105 8.764342 23.214549
 148.200000 0.348788 1.662001 23.214549
 148.400000 0.324439 10.829119 23.214549
 148.600000 0.320611 12.907303 23.214549
 148.800000 0.325152 10.449537 23.214549
 149.000000 0.330913 7.553625 23.214549
 149.200000 0.352763 1.469653 23.214549
 149.400000 0.340283 4.839832 23.214549
 149.600000 0.329403 9.521794 23.214549
 149.800000 0.318714 14.843286 23.214549
 150.000000 0.308997 19.281826 23.330419
 150.200000 0.310649 19.342211 23.330419
 150.400000 0.329296 9.869176 23.330419
 150.600000 0.340208 4.951188 23.330419
 150.800000 0.335144 7.056747 23.330419
 151.000000 0.331196 8.917882 23.330419
 151.200000 0.339170 6.374053 23.330419
 151.400000 0.337579 7.073827 23.330419
 151.600000 0.335245 8.145682 23.330419
 151.800000 0.334123 8.675932 23.330419
 152.000000 0.349818 2.603215 23.330419
 152.200000 0.336886 8.460419 23.330419
 152.400000 0.317266 17.103941 23.330419
 152.600000 0.329604 11.509329 23.330419
 152.800000 0.327210 12.576929 23.330419
 153.000000 0.319646 16.031764 23.330419
 153.200000 0.325716 14.042622 23.330419
 153.400000 0.326254 13.786548 23.330419
 153.600000 0.304732 22.301407 23.330419
 153.800000 0.291370 23.727597 23.330419
 154.000000 0.289439 23.720388 23.330419
 154.200000 0.283035 24.161875 23.330419
 154.400000 0.271819 24.296125 23.330419
 154.600000 0.271632 24.308058 23.330419
 154.800000 0.292119 24.320104 23.330419
 155.000000 0.282953 24.159469 23.519146
 155.200000 0.286714 24.851019 23.519146
 155.400000 0.269057 24.884250 23.519146
 155.600000 0.262058 25.264082 23.519146
 155.800000 0.273532 24.690495 23.519146
 156.000000 0.296955 24.432276 23.519146
 156.200000 0.288717 25.379359 23.519146
 156.400000 0.295219 25.202473 23.519146
 156.600000 0.296832 25.036577 23.519146
 156.800000 0.281627 25.068073 23.519146
 157.000000 0.274413 24.859629 23.519146
 157.200000 0.282238 25.603838 23.519146
 157.400000 0.295522 25.389593 23.519146
 157.600000 0.289302 25.742663 23.519146
 157.800000 0.291651 25.683534 23.519146
 158.000000 0.278269 25.482456 23.519146
 158.200000 0.257582 25.813209 23.519146
 158.400000 0.230841 16.881558 23.519146
 158.600000 0.228991 16.127007 23.519146
 158.800000 0.236353 19.308353 23.519146
 159.000000 0.258352 25.873412 23.519146
 159.200000 0.281331 26.294110 23.519146
 159.400000 0.273523 26.307036 23.519146
 159.600000 0.276700 26.273771 23.519146
 159.800000 0.292068 26.075639 23.519146
 160.000000 0.277913 26.272306 24.189045
 160.200000 0.281352 26.823153 24.189045
 160.400000 0.270260 26.863643 24.189045
 160.600000 0.265256 26.914903 24.189045
 160.800000 0.271378 26.849149 24.189045
 161.000000 0.277031 26.814825 24.189045
 161.200000 0.277130 27.344810 24.189045
 161.400000 0.273703 27.342970 24.189045
 161.600000 0.287891 27.122912 24.189045
 161.800000 0.279982 27.340889 24.189045
 162.000000 0.261756 27.178770 24.189045
 162.200000 0.258961 27.477839 24.189045
 162.400000 0.253982 26.667885 24.189045
 162.600000 0.246116 24.168907 24.189045
 162.800000 0.238858 20.864287 24.189045
 163.000000 0.218125 12.905633 24.189045
 163.200000 0.208252 12.470553 24.189045
 163.400000 0.223440 15.170010 24.189045
 163.600000 0.243699 23.368244 24.189045
 163.800000 0.257318 27.304865 24.189045
 164.000000 0.260331 27.621382 24.189045
 164.200000 0.243719 23.652988 24.189045
 164.400000 0.232614 18.564371 24.189045
 164.600000 0.248325 25.512935 24.189045
 164.800000 0.250717 26.314735 24.189045
 165.000000 0.260740 28.162083 24.956800
 165.200000 0.264395 28.781781 24.956800
 165.400000 0.263572 28.775057 24.956800
 165.600000 0.263704 28.776862 24.956800
 165.800000 0.247487 25.540104 24.956800
 166.000000 0.247889 25.698622 24.956800
 166.200000 0.241704 23.481094 24.956800
 166.400000 0.219386 14.265465 24.956800
 166.600000 0.224467 15.689384 24.956800
 166.800000 0.233405 19.355509 24.956800
 167.000000 0.233257 19.284706 24.956800
 167.200000 0.205605 12.330955 24.956800
 167.400000 0.203661 12.095456 24.956800
 167.600000 0.219549 14.791508 24.956800
 167.800000 0.232763 19.791924 24.956800
 168.000000 0.223188 15.876685 24.956800
 168.200000 0.222524 16.523413 24.956800
 168.400000 0.224493 17.182021 24.956800
 168.600000 0.209712 13.446801 24.956800
 168.800000 0.218141 15.248086 24.956800
 169.000000 0.223721 16.917300 24.956800
 169.200000 0.206152 13.265237 24.956800
 169.400000 0.221637 17.059709 24.956800
 169.600000 0.208036 13.635234 24.956800
 169.800000 0.197545 11.724451 24.956800
 170.000000 0.209684 13.972933 25.242863
 170.200000 0.233476 21.744332 25.242863
 170.400000 0.242230 25.213908 25.242863
 170.600000 0.254553 28.750839 25.242863
 170.800000 0.244370 26.014554 25.242863
 171.000000 0.218285 16.853736 25.242863
 171.200000 0.230241 21.121429 25.242863
 171.400000 0.216433 17.221114 25.242863
 171.600000 0.225037 19.495796 25.242863
 171.800000 0.197538 12.715757 25.242863
 172.000000 0.221669 18.556954 25.242863
 172.200000 0.220144 18.916292 25.242863
 172.400000 0.207680 15.633098 25.242863
 172.600000 0.188945 10.891566 25.242863
 172.800000 0.211190 16.567647 25.242863
 173.000000 0.230548 21.866635 25.242863
 173.200000 0.267928 29.041446 25.242863
 173.400000 0.284555 27.743910 25.242863
 173.600000 0.276970 28.307321 25.242863
 173.800000 0.289638 27.248837 25.242863
 174.000000 0.275762 28.400678 25.242863
 174.200000 0.275414 28.921732 25.242863
 174.400000 0.278893 28.647685 25.242863
 174.600000 0.295442 26.555306 25.242863
 174.800000 0.299332 25.602136 25.242863
 175.000000 0.306390 23.259061 25.662703
 175.200000 0.302710 25.181803 25.662703
 175.400000 0.312223 21.368456 25.662703
 175.600000 0.312067 21.441391 25.662703
 175.800000 0.308048 23.216655 25.662703
 176.000000 0.285763 28.278024 25.662703
 176.200000 0.276126 29.349821 25.662703
 176.400000 0.285332 28.809655 25.662703
 176.600000 0.283662 28.932192 25.662703
 176.800000 0.282434 29.011527 25.662703
 177.000000 0.282706 28.994630 25.662703
 177.200000 0.276596 29.768803 25.662703
 177.400000 0.287738 29.048444 25.662703
 177.600000 0.288201 28.995807 25.662703
 177.800000 0.290622 28.674740 25.662703
 178.000000 0.290967 28.622095 25.662703
 178.200000 0.270512 30.164178 25.662703
 178.400000 0.257658 29.793311 25.662703
 178.600000 0.263069 30.134648 25.662703
 178.800000 0.252314 28.989558 25.662703
 179.000000 0.249882 28.461713 25.662703
 179.200000 0.273197 30.277507 25.662703
 179.400000 0.277509 30.149006 25.662703
 179.600000 0.277304 30.155539 25.662703
 179.800000 0.267495 30.431960 25.662703
 180.000000 0.281243 30.011792 26.699571
 180.200000 0.267938 30.732032 26.699571
 180.400000 0.268499 30.728928 26.699571
 180.600000 0.274911 30.648091 26.699571
 180.800000 0.289980 29.656556 26.699571
 181.000000 0.307099 24.286534 26.699571
 181.200000 0.309602 23.678057 26.699571
 181.400000 0.320880 17.513673 26.699571
 181.600000 0.303246 26.525835 26.699571
 181.800000 0.284941 30.442328 26.699571
 182.000000 0.287544 30.239898 26.699571
 182.200000 0.279351 31.041716 26.699571
 182.400000 0.285871 30.831908 26.699571
 182.600000 0.287871 30.663207 26.699571
 182.800000 0.285852 30.833212 26.699571
 183.000000 0.299298 28.252275 26.699571
 183.200000 0.314567 21.454917 26.699571
 183.400000 0.340321 7.608683 26.699571
 183.600000 0.348113 4.796776 26.699571
 183.800000 0.333964 10.496248 26.699571
 184.000000 0.329401 12.857809 26.699571
 184.200000 0.335898 10.463647 26.699571
 184.400000 0.331667 12.632569 26.699571
 184.600000 0.317395 20.510944 26.699571
 184.800000 0.308554 25.147788 26.699571
 185.000000 0.334133 11.352011 27.198202
 185.200000 0.335869 11.526354 27.198202
 185.400000 0.335138 11.895999 27.198202
 185.600000 0.313145 23.215159 27.198202
 185.800000 0.303889 27.362765 27.198202
 186.000000 0.313304 23.136833 27.198202
 186.200000 0.314639 23.094894 27.198202
 186.400000 0.307625 26.389983 27.198202
 186.600000 0.304754 27.552247 27.198202
 186.800000 0.293686 30.581220 27.198202
 187.000000 0.269656 31.045341 27.198202
 187.200000 0.260387 31.045055 27.198202
 187.400000 0.248869 28.933100 27.198202
 187.600000 0.235377 24.413342 27.198202
 187.800000 0.232024 23.256385 27.198202
 188.000000 0.229465 22.402397 27.198202
 188.200000 0.223548 21.128197 27.198202
 188.400000 0.228691 22.793860 27.198202
 188.600000 0.239444 26.363241 27.198202
 188.800000 0.239448 26.364555 27.198202
 189.000000 0.241838 27.144609 27.198202
 189.200000 0.249833 29.904460 27.198202
 189.400000 0.276323 31.655992 27.198202
 189.600000 0.288772 31.347472 27.198202
 189.800000 0.305773 27.178674 27.198202
 190.000000 0.310097 25.301750 27.803528
 190.200000 0.304314 28.274246 27.803528
 190.400000 0.330223 14.981213 27.803528
 190.600000 0.330147 15.024022 27.803528
 190.800000 0.325973 17.393024 27.803528
 191.000000 0.331504 14.260510 27.803528
 191.200000 0.362102 2.070584 27.803528
 191.400000 0.331872 14.981474 27.803528
 191.600000 0.324492 19.065005 27.803528
 191.800000 0.350630 5.452485 27.803528
 192.000000 0.342654 9.091198 27.803528
 192.200000 0.334629 14.447808 27.803528
 192.400000 0.330575 16.551720 27.803528
 192.600000 0.322738 20.488965 27.803528
 192.800000 0.315759 23.821932 27.803528
 193.000000 0.327861 17.936906 27.803528
 193.200000 0.366520 1.670665 27.803528
 193.400000 0.369748 1.154698 27.803528
 193.600000 0.354138 5.216266 27.803528
 193.800000 0.341681 11.272362 27.803528
 194.000000 0.357546 3.968160 27.803528
 194.200000 0.343590 11.187279 27.803528
 194.400000 0.338569 13.646229 27.803528
 194.600000 0.335850 15.004037 27.803528
 194.800000 0.344351 10.825761 27.803528
 195.000000 0.322794 21.302310 27.867398
 195.200000 0.307536 28.054283 27.867398
 195.400000 0.314753 25.428306 27.867398
 195.600000 0.319559 23.425181 27.867398
 195.800000 0.308870 27.608351 27.867398
 196.000000 0.315460 25.145346 27.867398
 196.200000 0.300616 30.342243 27.867398
 196.400000 0.283861 31.844007 27.867398
 196.600000 0.274400 31.684792 27.867398
 196.800000 0.265532 31.551449 27.867398
 197.000000 0.234559 25.200763 27.867398
 197.200000 0.246570 29.500855 27.867398
 197.400000 0.227429 23.219389 27.867398
 197.600000 0.208645 16.545355 27.867398
 197.800000 0.197728 13.133809 27.867398
 198.000000 0.217649 19.679211 27.867398
 198.200000 0.245197 29.277140 27.867398
 198.400000 0.240099 27.865910 27.867398
 198.600000 0.239806 27.779309 27.867398
 198.800000 0.237284 27.013844 27.867398
 199.000000 0.229699 24.568065 27.867398
 199.200000 0.233436 26.362243 27.867398
 199.400000 0.221021 22.100422 27.867398
 199.600000 0.214217 19.514722 27.867398
 199.800000 0.211569 18.492640 27.867398
 200.000000 0.207829 17.061674 28.090495
 200.200000 0.220971 22.639067 28.090495
 200.400000 0.231622 26.015420 28.090495
 200.600000 0.233325 26.518998 28.090495
 200.800000 0.214588 20.397077 28.090495
 201.000000 0.215162 20.605066 28.090495
 201.200000 0.226668 25.016190 28.090495
 201.400000 0.240576 28.695757 28.090495
 201.600000 0.237471 27.928932 28.090495
 201.800000 0.235659 27.465804 28.090495
 202.000000 0.232664 26.677968 28.090495
 202.200000 0.223406 24.490173 28.090495
 202.400000 0.250225 30.943590 28.090495
 202.600000 0.255098 31.448760 28.090495
 202.800000 0.265477 31.702543 28.090495
 203.000000 0.253102 31.277528 28.090495
 203.200000 0.246214 30.702669 28.090495
 203.400000 0.251449 31.529638 28.090495
 203.600000 0.235723 28.226184 28.090495
 203.800000 0.231811 27.139140 28.090495
 204.000000 0.243793 30.206926 28.090495
 204.200000 0.243527 30.604401 28.090495
 204.400000 0.242877 30.459014 28.090495
 204.600000 0.236207 28.756421 28.090495
 204.800000 0.251234 31.905964 28.090495
 205.000000 0.260012 32.314981 28.762446
 205.200000 0.269946 32.351133 28.762446
 205.400000 0.269148 32.386679 28.762446
 205.600000 0.257053 32.702882 28.762446
 205.800000 0.249239 31.972881 28.762446
 206.000000 0.251880 32.332810 28.762446
 206.200000 0.274552 32.319610 28.762446
 206.400000 0.278559 32.191372 28.762446
 206.600000 0.272557 32.408898 28.762446
 206.800000 0.286444 31.984934 28.762446
 207.000000 0.283964 32.066208 28.762446
 207.200000 0.287958 32.321702 28.762446
 207.400000 0.284002 32.484655 28.762446
 207.600000 0.291787 32.020342 28.762446
 207.800000 0.288475 32.290553 28.762446
 208.000000 0.291687 32.030531 28.762446
 208.200000 0.289331 32.647859 28.762446
 208.400000 0.316442 25.461302 28.762446
 208.600000 0.319991 23.874978 28.762446
 208.800000 0.323835 22.040403 28.762446
 209.000000 0.333855 16.790751 28.762446
 209.200000 0.336002 16.434522 28.762446
 209.400000 0.333753 17.675007 28.762446
 209.600000 0.345312 11.289990 28.762446
 209.800000 0.331917 18.665645 28.762446
 210.000000 0.348024 9.892424 29.361987
 210.200000 0.348297 10.882627 29.361987
 210.400000 0.336768 16.856997 29.361987
 210.600000 0.316582 25.950022 29.361987
 210.800000 0.315388 26.402258 29.361987
 211.000000 0.329745 20.342069 29.361987
 211.200000 0.325701 22.876614 29.361987
 211.400000 0.314680 27.092506 29.361987
 211.600000 0.319636 25.315523 29.361987
 211.800000 0.320850 24.852664 29.361987
 212.000000 0.315807 26.703444 29.361987
 212.200000 0.333025 19.718070 29.361987
 212.400000 0.352210 9.245617 29.361987
 212.600000 0.345974 12.520335 29.361987
 212.800000 0.335827 18.209945 29.361987
 213.000000 0.335691 18.284644 29.361987
 213.200000 0.353061 9.224433 29.361987
 213.400000 0.343340 14.669597 29.361987
 213.600000 0.356818 7.383152 29.361987
 213.800000 0.360931 5.608629 29.361987
 214.000000 0.365543 3.942081 29.361987
 214.200000 0.388598 0.705891 29.361987
 214.400000 0.379332 1.922765 29.361987
 214.600000 0.365358 5.470328 29.361987
 214.800000 0.358964 7.757721 29.361987
 215.000000 0.362701 6.369501 29.435393
 215.200000 0.349516 12.846739 29.435393
 215.400000 0.345340 14.764761 29.435393
 215.600000 0.337571 18.590468 29.435393
 215.800000 0.352858 11.417204 29.435393
 216.000000 0.364784 6.963565 29.435393
 216.200000 0.381446 2.860073 29.435393
 216.400000 0.372412 5.620163 29.435393
 216.600000 0.369628 6.573950 29.435393
 216.800000 0.369562 6.596760 29.435393
 217.000000 0.371832 5.817288 29.435393
 217.200000 0.380872 4.136784 29.435393
 217.400000 0.392610 1.337799 29.435393
 217.600000 0.386694 2.517763 29.435393
 217.800000 0.365952 9.095526 29.435393
 218.000000 0.351415 13.417758 29.435393
 218.200000 0.352821 13.927652 29.435393
 218.400000 0.348528 15.346740 29.435393
 218.600000 0.358446 12.169159 29.435393
 218.800000 0.341145 18.105994 29.435393
 219.000000 0.348797 15.254332 29.435393
 219.200000 0.358828 12.758375 29.435393
 219.400000 0.367827 9.424071 29.435393
 219.600000 0.378376 5.255342 29.435393
 219.800000 0.357365 13.259323 29.435393
 220.000000 0.346401 16.973102 29.413253
 220.200000 0.335694 21.578742 29.413253
 220.400000 0.340182 19.999349 29.413253
 220.600000 0.342641 19.125670 29.413253
 220.800000 0.337888 20.810202 29.413253
 221.000000 0.348042 17.217453 29.413253
 221.200000 0.357171 14.634885 29.413253
 221.400000 0.359496 13.694361 29.413253
 221.600000 0.367386 10.258698 29.413253
 221.800000 0.361511 12.849988 29.413253
 222.000000 0.338271 21.332099 29.413253
 222.200000 0.329543 24.606478 29.413253
 222.400000 0.341770 20.838334 29.413253
 222.600000 0.346391 19.190093 29.413253
 222.800000 0.354767 15.940816 29.413253
 223.000000 0.368393 9.891007 29.413253
 223.200000 0.371405 9.597118 29.413253
 223.400000 0.374750 8.015159 29.413253
 223.600000 0.359010 15.079099 29.413253
 223.800000 0.351407 17.879144 29.413253
 224.000000 0.348594 18.839747 29.413253
 224.200000 0.326727 25.640779 29.413253
 224.400000 0.318180 27.613470 29.413253
 224.600000 0.328823 25.151221 29.413253
 224.800000 0.315714 28.195091 29.413253
 225.000000 0.323502 26.382158 29.453419
 225.200000 0.340399 22.438459 29.453419
 225.400000 0.334397 24.200276 29.453419
 225.600000 0.331622 24.945356 29.453419
 225.800000 0.322047 27.254271 29.453419
 226.000000 0.315206 28.778995 29.453419
 226.200000 0.318949 28.420107 29.453419
 226.400000 0.330096 25.634941 29.453419
 226.600000 0.332893 24.851096 29.453419
 226.800000 0.308817 30.601523 29.453419
 227.000000 0.309871 30.390951 29.453419
 227.200000 0.315309 29.665069 29.453419
 227.400000 0.299037 32.552205 29.453419
 227.600000 0.319615 28.631851 29.453419
 227.800000 0.331749 25.331482 29.453419
 228.000000 0.321000 28.284139 29.453419
 228.200000 0.336614 24.127303 29.453419
 228.400000 0.347537 20.264552 29.453419
 228.600000 0.340873 22.660724 29.453419
 228.800000 0.324762 27.785072 29.453419
 229.000000 0.312134 30.788674 29.453419
 229.200000 0.312972 31.063894 29.453419
 229.400000 0.308194 31.946037 29.453419
 229.600000 0.282641 33.141673 29.453419
 229.800000 0.298831 33.039145 29.453419
 230.000000 0.306347 32.230964 29.979699
 230.200000 0.308685 32.276015 29.979699
 230.400000 0.308260 32.348122 29.979699
 230.600000 0.296624 33.508633 29.979699
 230.800000 0.275546 33.012879 29.979699
 231.000000 0.280758 33.177372 29.979699
 231.200000 0.293445 33.851556 29.979699
 231.400000 0.300683 33.445041 29.979699
 231.600000 0.310567 31.986834 29.979699
 231.800000 0.317075 30.493796 29.979699
 232.000000 0.319755 29.773564 29.979699
 232.200000 0.320260 30.096546 29.979699
 232.400000 0.331559 26.408606 29.979699
 232.600000 0.332898 25.922853 29.979699
 232.800000 0.329916 26.994968 29.979699
 233.000000 0.344690 21.473650 29.979699
 233.200000 0.332080 26.692170 29.979699
 233.400000 0.336660 25.109243 29.979699
 233.600000 0.336069 25.318772 29.979699
 233.800000 0.337445 24.829352 29.979699
 234.000000 0.339695 24.015946 29.979699
 234.200000 0.307324 32.998124 29.979699
 234.400000 0.299430 33.759265 29.979699
 234.600000 0.302389 33.544667 29.979699
 234.800000 0.311817 32.299941 29.979699
 235.000000 0.313337 32.024657 30.454602
 235.200000 0.311211 32.820042 30.454602
 235.400000 0.305582 33.585530 30.454602
 235.600000 0.304822 33.661956 30.454602
 235.800000 0.292826 34.123585 30.454602
 236.000000 0.293706 34.130861 30.454602
 236.200000 0.301701 34.244773 30.454602
 236.400000 0.297457 34.467829 30.454602
 236.600000 0.287400 34.316408 30.454602
 236.800000 0.309715 33.272846 30.454602
 237.000000 0.276696 33.649402 30.454602
 237.200000 0.286146 34.566364 30.454602
 237.400000 0.276360 34.023300 30.454602
 237.600000 0.295801 34.677590 30.454602
 237.800000 0.292058 34.724122 30.454602
 238.000000 0.300421 34.443929 30.454602
 238.200000 0.307343 34.023241 30.454602
 238.400000 0.310625 33.446313 30.454602
 238.600000 0.298949 34.916284 30.454602
 238.800000 0.289985 34.994070 30.454602
 239.000000 0.293905 35.059618 30.454602
 239.200000 0.297658 35.335003 30.454602
 239.400000 0.315720 32.461993 30.454602
 239.600000 0.327064 29.153608 30.454602
 239.800000 0.318169 31.814770 30.454602
 240.000000 0.313067 33.107065 31.443361
 240.200000 0.318537 32.088512 31.443361
 240.400000 0.320699 31.454928 31.443361
 240.600000 0.325602 29.902099 31.443361
 240.800000 0.318283 32.160522 31.443361
 241.000000 0.298603 35.535775 31.443361
 241.200000 0.298204 35.911261 31.443361
 241.400000 0.285771 35.424681 31.443361
 241.600000 0.291831 35.877774 31.443361
 241.800000 0.292566 35.907695 31.443361
 242.000000 0.290249 35.792391 31.443361
 242.200000 0.299515 36.143149 31.443361
 242.400000 0.296486 36.280624 31.443361
 242.600000 0.281069 35.223143 31.443361
 242.800000 0.266637 33.988708 31.443361
 243.000000 0.272196 34.300873 31.443361
 243.200000 0.280471 35.477716 31.443361
 243.400000 0.281353 35.572152 31.443361
 243.600000 0.289962 36.317130 31.443361
 243.800000 0.279907 35.417074 31.443361
 244.000000 0.280177 35.446093 31.443361
 244.200000 0.279121 35.692367 31.443361
 244.400000 0.278581 35.633413 31.443361
 244.600000 0.263881 34.415531 31.443361
 244.800000 0.272682 35.036811 31.443361
 245.000000 0.274654 35.222736 32.505326
 245.200000 0.285013 36.576419 32.505326
 245.400000 0.292892 36.840235 32.505326
 245.600000 0.282666 36.383195 32.505326
 245.800000 0.282433 36.362132 32.505326
 246.000000 0.292628 36.843376 32.505326
 246.200000 0.292511 37.183533 32.505326
 246.400000 0.292675 37.181943 32.505326
 246.600000 0.312530 34.179683 32.505326
 246.800000 0.297377 36.971245 32.505326
 247.000000 0.313677 33.860264 32.505326
 247.200000 0.294654 37.305095 32.505326
 247.400000 0.296144 37.252715 32.505326
 247.600000 0.277519 36.100894 32.505326
 247.800000 0.258833 34.301587 32.505326
 248.000000 0.299014 37.061950 32.505326
 248.200000 0.300755 37.220663 32.505326
 248.400000 0.283250 36.955390 32.505326
 248.600000 0.288796 37.480754 32.505326
 248.800000 0.296614 37.561209 32.505326
 249.000000 0.316086 33.711318 32.505326
 249.200000 0.319290 33.026714 32.505326
 249.400000 0.313404 34.919975 32.505326
 249.600000 0.315391 34.321113 32.505326
 249.800000 0.316981 33.810603 32.505326
 250.000000 0.299528 37.562152 33.464550
 250.200000 0.296585 38.051702 33.464550
 250.400000 0.307910 36.597025 33.464550
 250.600000 0.314272 34.866474 33.464550
 250.800000 0.327555 29.994272 33.464550
 251.000000 0.342287 23.942376 33.464550
 251.200000 0.342068 24.636840 33.464550
 251.400000 0.347763 22.168752 33.464550
 251.600000 0.359976 16.274825 33.464550
 251.800000 0.355516 18.530275 33.464550
 252.000000 0.345312 23.249102 33.464550
 252.200000 0.344357 24.282390 33.464550
 252.400000 0.311920 35.696978 33.464550
 252.600000 0.305629 37.116649 33.464550
 252.800000 0.330734 29.547861 33.464550
 253.000000 0.319305 33.481726 33.464550
 253.200000 0.333578 28.771602 33.464550
 253.400000 0.324437 32.127973 33.464550
 253.600000 0.316273 34.830184 33.464550
 253.800000 0.322190 32.909479 33.464550
 254.000000 0.331176 29.677353 33.464550
 254.200000 0.344256 24.742689 33.464550
 254.400000 0.335464 28.493287 33.464550
 254.600000 0.320449 33.859302 33.464550
 254.800000 0.337541 27.653939 33.464550
 255.000000 0.331244 30.118653 33.728838
 255.200000 0.332872 29.957834 33.728838
 255.400000 0.355497 19.301212 33.728838
 255.600000 0.346869 23.791076 33.728838
 255.800000 0.365016 13.934144 33.728838
 256.000000 0.366289 13.200468 33.728838
 256.200000 0.374045 9.691291 33.728838
 256.400000 0.379391 6.813589 33.728838
 256.600000 0.353118 21.243220 33.728838
 256.800000 0.346279 24.478831 33.728838
 257.000000 0.348326 23.539537 33.728838
 257.200000 0.330352 31.258696 33.728838
 257.400000 0.330118 31.336881 33.728838
 257.600000 0.328353 31.918463 33.728838
 257.800000 0.328784 31.778098 33.728838
 258.000000 0.344066 26.058723 33.728838
 258.200000 0.351265 23.237859 33.728838
 258.400000 0.329462 31.896133 33.728838
 258.600000 0.322370 33.963767 33.728838
 258.800000 0.322667 33.881553 33.728838
 259.000000 0.325675 33.028421 33.728838
 259.200000 0.341133 28.060945 33.728838
 259.400000 0.337703 29.429864 33.728838
 259.600000 0.348394 24.774135 33.728838
 259.800000 0.345732 26.039032 33.728838
 260.000000 0.325110 33.593164 33.950563
 260.200000 0.330796 32.223496 33.950563
 260.400000 0.326897 33.459966 33.950563
 260.600000 0.318384 35.737407 33.950563
 260.800000 0.300192 38.332711 33.950563
 261.000000 0.296946 38.376373 33.950563
 261.200000 0.318276 35.877367 33.950563
 261.400000 0.320177 35.399830 33.950563
 261.600000 0.312852 37.077099 33.950563
 261.800000 0.322803 34.696578 33.950563
 262.000000 0.316326 36.338378 33.950563
 262.200000 0.305597 38.491873 33.950563
 262.400000 0.302830 38.719986 33.950563
 262.600000 0.305127 38.537989 33.950563
 262.800000 0.299733 38.846176 33.950563
 263.000000 0.298902 38.856646 33.950563
 263.200000 0.290666 38.723970 33.950563
 263.400000 0.265428 34.988435 33.950563
 263.600000 0.281373 37.297857 33.950563
 263.800000 0.269487 35.426156 33.950563
 264.000000 0.277979 36.696002 33.950563
 264.200000 0.286159 38.406738 33.950563
 264.400000 0.308212 38.479396 33.950563
 264.600000 0.322894 35.075519 33.950563
 264.800000 0.307728 38.552232 33.950563
 265.000000 0.288235 38.689936 34.957750
 265.200000 0.303533 39.232338 34.957750
 265.400000 0.305664 38.985407 34.957750
 265.600000 0.306866 38.817999 34.957750
 265.800000 0.308905 38.490373 34.957750
 266.000000 0.308170 38.614722 34.957750
 266.200000 0.327881 33.643393 34.957750
 266.400000 0.299165 39.790680 34.957750
 266.600000 0.281807 38.056371 34.957750
 266.800000 0.287837 39.075727 34.957750
 267.000000 0.286311 38.846517 34.957750
 267.200000 0.304423 39.589776 34.957750
 267.400000 0.320774 35.958835 34.957750
 267.600000 0.328964 33.268148 34.957750
 267.800000 0.314681 37.643065 34.957750
 268.000000 0.304304 39.604029 34.957750
 268.200000 0.292298 40.086808 34.957750
 268.400000 0.285061 39.082703 34.957750
 268.600000 0.305326 39.774093 34.957750
 268.800000 0.327838 33.751695 34.957750
 269.000000 0.311564 38.635199 34.957750
 269.200000 0.304637 40.144725 34.957750
 269.400000 0.303766 40.238798 34.957750
 269.600000 0.311818 38.890830 34.957750
 269.800000 0.316368 37.723309 34.957750
 270.000000 0.315277 38.025618 35.944953
 270.200000 0.316726 37.941300 35.944953
 270.400000 0.318661 37.360594 35.944953
 270.600000 0.322142 36.221976 35.944953
 270.800000 0.311592 39.254091 35.944953
 271.000000 0.305948 40.243679 35.944953
 271.200000 0.318493 37.617784 35.944953
 271.400000 0.317271 38.001159 35.944953
 271.600000 0.309039 40.051782 35.944953
 271.800000 0.315365 38.562677 35.944953
 272.000000 0.309713 39.923260 35.944953
 272.200000 0.311196 39.908108 35.944953
 272.400000 0.307865 40.549648 35.944953
 272.600000 0.297944 41.152767 35.944953
 272.800000 0.284896 39.340523 35.944953
 273.000000 0.282796 38.875368 35.944953
 273.200000 0.275675 37.545895 35.944953
 273.400000 0.278207 38.122317 35.944953
 273.600000 0.285188 39.708832 35.944953
 273.800000 0.296628 41.289975 35.944953
 274.000000 0.296937 41.304192 35.944953
 274.200000 0.303097 41.466663 35.944953
 274.400000 0.301669 41.563359 35.944953
 274.600000 0.282323 39.250412 35.944953
 274.800000 0.272499 36.941709 35.944953
 275.000000 0.278315 38.275921 36.928095
 275.200000 0.310520 40.325388 36.928095
 275.400000 0.321760 36.817423 36.928095
 275.600000 0.310680 40.288067 36.928095
 275.800000 0.296003 41.691776 36.928095
 276.000000 0.282335 39.560132 36.928095
 276.200000 0.293824 41.767252 36.928095
 276.400000 0.287849 41.005874 36.928095
 276.600000 0.282869 39.984415 36.928095
 276.800000 0.298202 41.924465 36.928095
 277.000000 0.292308 41.631433 36.928095
 277.200000 0.278888 39.209480 36.928095
 277.400000 0.297073 42.178699 36.928095
 277.600000 0.306104 41.445934 36.928095
 277.800000 0.292100 41.883535 36.928095
 278.000000 0.290707 41.716811 36.928095
 278.200000 0.286471 41.268147 36.928095
 278.400000 0.303548 42.009906 36.928095
 278.600000 0.324563 35.796386 36.928095
 278.800000 0.329670 33.694525 36.928095
 279.000000 0.333021 32.261337 36.928095
 279.200000 0.327253 35.089148 36.928095
 279.400000 0.334511 32.024712 36.928095
 279.600000 0.346961 26.000351 36.928095
 279.800000 0.357276 20.231658 36.928095
 280.000000 0.357577 20.053534 37.596616
 280.200000 0.376985 8.527774 37.596616
 280.400000 0.384174 4.809628 37.596616
 280.600000 0.386912 3.700230 37.596616
 280.800000 0.377653 8.140758 37.596616
 281.000000 0.385850 4.109179 37.596616
 281.200000 0.368336 14.712757 37.596616
 281.400000 0.354514 22.706399 37.596616
 281.600000 0.374514 11.111501 37.596616
 281.800000 0.369617 13.952283 37.596616
 282.000000 0.378511 8.946187 37.596616
 282.200000 0.380701 9.009205 37.596616
 282.400000 0.384737 7.097713 37.596616
 282.600000 0.371148 14.090836 37.596616
 282.800000 0.363525 18.288278 37.596616
 283.000000 0.348619 25.943142 37.596616
 283.200000 0.374070 12.616092 37.596616
 283.400000 0.385898 6.611647 37.596616
 283.600000 0.373439 12.969931 37.596616
 283.800000 0.356543 22.471565 37.596616
 284.000000 0.370376 14.709181 37.596616
 284.200000 0.398713 2.494945 37.596616
 284.400000 0.400035 2.182445 37.596616
 284.600000 0.399702 2.258318 37.596616
 284.800000 0.383421 8.356624 37.596616
 285.000000 0.372890 14.175430 37.580209
 285.200000 0.379508 11.273515 37.580209
 285.400000 0.392600 4.738155 37.580209
 285.600000 0.383990 8.777129 37.580209
 285.800000 0.389654 5.979482 37.580209
 286.000000 0.388696 6.417189 37.580209
 286.200000 0.385659 9.191661 37.580209
 286.400000 0.410290 1.147303 37.580209
 286.600000 0.399156 3.616879 37.580209
 286.800000 0.406440 1.787946 37.580209
 287.000000 0.394252 5.342707 37.580209
 287.200000 0.397221 5.603822 37.580209
 287.400000 0.393530 7.006880 37.580209
 287.600000 0.387092 9.722128 37.580209
 287.800000 0.391367 7.885962 37.580209
 288.000000 0.400059 4.621987 37.580209
 288.200000 0.398817 6.460027 37.580209
 288.400000 0.387597 10.507060 37.580209
 288.600000 0.392107 8.818300 37.580209
 288.800000 0.396338 7.308253 37.580209
 289.000000 0.376753 14.945454 37.580209
 289.200000 0.391463 9.609743 37.580209
 289.400000 0.386732 11.561358 37.580209
 289.600000 0.399200 6.623914 37.580209
 289.800000 0.395499 8.012477 37.580209
 290.000000 0.385912 11.906306 37.551036
 290.200000 0.376250 16.898413 37.551036
 290.400000 0.351749 26.105747 37.551036
 290.600000 0.366093 20.764370 37.551036
 290.800000 0.380470 15.200353 37.551036
 291.000000 0.377452 16.420714 37.551036
 291.200000 0.378731 16.746329 37.551036
 291.400000 0.382963 14.958053 37.551036
 291.600000 0.369175 20.341007 37.551036
 291.800000 0.373115 18.929061 37.551036
 292.000000 0.391211 11.231560 37.551036
 292.200000 0.408666 4.518453 37.551036
 292.400000 0.401755 7.361182 37.551036
 292.600000 0.395904 10.085428 37.551036
 292.800000 0.393256 11.338114 37.551036
 293.000000 0.408253 4.670972 37.551036
 293.200000 0.411496 4.936787 37.551036
 293.400000 0.420695 2.348472 37.551036
 293.600000 0.432132 0.652697 37.551036
 293.800000 0.403692 7.865727 37.551036
 294.000000 0.390449 13.344539 37.551036
 294.200000 0.385777 16.088964 37.551036
 294.400000 0.380878 17.744296 37.551036
 294.600000 0.362454 22.961258 37.551036
 294.800000 0.372062 20.313283 37.551036
 295.000000 0.373142 20.016471 37.523709
 295.200000 0.370212 21.520387 37.523709
 295.400000 0.364420 23.008316 37.523709
 295.600000 0.344397 29.133963 37.523709
 295.800000 0.339936 30.752555 37.523709
 296.000000 0.345054 28.899648 37.523709
 296.200000 0.345959 29.061456 37.523709
 296.400000 0.347635 28.471463 37.523709
 296.600000 0.369212 21.911763 37.523709
 296.800000 0.360889 24.208501 37.523709
 297.000000 0.377152 19.620502 37.523709
 297.200000 0.366829 23.135753 37.523709
 297.400000 0.364536 23.698093 37.523709
 297.600000 0.362123 24.298282 37.523709
 297.800000 0.345822 29.190974 37.523709
 298.000000 0.334824 33.028779 37.523709
 298.200000 0.317738 39.017301 37.523709
 298.400000 0.328082 35.728453 37.523709
 298.600000 0.329656 35.200742 37.523709
 298.800000 0.323554 37.211877 37.523709
 299.000000 0.315814 39.572470 37.523709
 299.200000 0.321048 38.290630 37.523709
 299.400000 0.334823 33.565369 37.523709
 299.600000 0.322968 37.668006 37.523709
 299.800000 0.301495 42.515843 37.523709
 300.000000 0.305496 42.108700 37.944008
 300.200000 0.303247 42.639320 37.944008
 300.400000 0.299115 42.857230 37.944008
 300.600000 0.298160 42.857719 37.944008
 300.800000 0.297941 42.855211 37.944008
 301.000000 0.312966 40.866837 37.944008
 301.200000 0.328199 36.156478 37.944008
 301.400000 0.324657 37.434519 37.944008
 301.600000 0.344780 29.955684 37.944008
 301.800000 0.353501 26.891463 37.944008
 302.000000 0.346791 29.214996 37.944008
 302.200000 0.340215 32.103512 37.944008
 302.400000 0.339680 32.298601 37.944008
 302.600000 0.328165 36.388901 37.944008
 302.800000 0.311331 41.580266 37.944008
 303.000000 0.311865 41.455933 37.944008
 303.200000 0.330357 35.753134 37.944008
 303.400000 0.336539 33.505117 37.944008
 303.600000 0.321596 38.844518 37.944008
 303.800000 0.326691 37.067654 37.944008
 304.000000 0.344537 30.542469 37.944008
 304.200000 0.351111 28.560968 37.944008
 304.400000 0.341810 31.998353 37.944008
 304.600000 0.353036 27.867610 37.944008
 304.800000 0.352366 28.107170 37.944008
 305.000000 0.345545 30.616462 38.353268
 305.200000 0.364498 24.387188 38.353268
 305.400000 0.344718 31.370952 38.353268
 305.600000 0.344010 31.632088 38.353268
 305.800000 0.322984 38.672267 38.353268
 306.000000 0.318592 40.023299 38.353268
 306.200000 0.327432 37.500015 38.353268
 306.400000 0.327824 37.370300 38.353268
 306.600000 0.349691 29.544770 38.353268
 306.800000 0.348742 29.906280 38.353268
 307.000000 0.341109 32.777922 38.353268
 307.200000 0.351803 29.060055 38.353268
 307.400000 0.344620 31.867415 38.353268
 307.600000 0.350605 29.530294 38.353268
 307.800000 0.344153 32.045797 38.353268
 308.000000 0.335423 35.178065 38.353268
 308.200000 0.335713 35.445459 38.353268
 308.400000 0.337487 34.834810 38.353268
 308.600000 0.340939 33.587846 38.353268
 308.800000 0.354547 28.159227 38.353268
 309.000000 0.351030 29.575520 38.353268
 309.200000 0.367635 23.816462 38.353268
 309.400000 0.376474 20.875456 38.353268
 309.600000 0.378189 20.269270 38.353268
 309.800000 0.369542 23.187785 38.353268
 310.000000 0.350949 30.077240 38.609753
 310.200000 0.344259 33.150541 38.609753
 310.400000 0.359519 27.061476 38.609753
 310.600000 0.369843 23.295895 38.609753
 310.800000 0.360389 26.723119 38.609753
 311.000000 0.362738 25.830551 38.609753
 311.200000 0.364555 25.711009 38.609753
 311.400000 0.367983 24.462303 38.609753
 311.600000 0.351748 30.631894 38.609753
 311.800000 0.370539 23.539527 38.609753
 312.000000 0.375903 21.563371 38.609753
 312.200000 0.392223 14.822625 38.609753
 312.400000 0.395057 13.340281 38.609753
 312.600000 0.383020 19.300049 38.609753
 312.800000 0.389827 16.049542 38.609753
 313.000000 0.393677 14.064690 38.609753
 313.200000 0.385989 18.752289 38.609753
 313.400000 0.382907 20.073108 38.609753
 313.600000 0.376433 22.513443 38.609753
 313.800000 0.367921 25.278598 38.609753
 314.000000 0.370696 24.401294 38.609753
 314.200000 0.357964 28.993534 38.609753
 314.400000 0.336392 35.969826 38.609753
 314.600000 0.311316 42.373751 38.609753
 314.800000 0.318160 40.847207 38.609753
 315.000000 0.329412 37.867882 38.685632
 315.200000 0.349476 32.005838 38.685632
 315.400000 0.362672 27.509647 38.685632
 315.600000 0.354154 30.355529 38.685632
 315.800000 0.360019 28.364742 38.685632
 316.000000 0.346317 33.105836 38.685632
 316.200000 0.345011 33.950645 38.685632
 316.400000 0.358987 28.984614 38.685632
 316.600000 0.364403 27.157777 38.685632
 316.800000 0.358968 28.991281 38.685632
 317.000000 0.355946 30.058745 38.685632
 317.200000 0.348898 33.014216 38.685632
 317.400000 0.344927 34.328693 38.685632
 317.600000 0.331646 37.959697 38.685632
 317.800000 0.313397 42.186553 38.685632
 318.000000 0.313451 42.176246 38.685632
 318.200000 0.331374 38.156188 38.685632
 318.400000 0.342368 35.160438 38.685632
 318.600000 0.319588 41.094142 38.685632
 318.800000 0.297559 43.512460 38.685632
 319.000000 0.293705 43.088375 38.685632
 319.200000 0.289733 42.640603 38.685632
 319.400000 0.280753 40.266980 38.685632
 319.600000 0.279176 39.794682 38.685632
 319.800000 0.280243 40.114900 38.685632
 320.000000 0.288627 42.398158 39.262558
 320.200000 0.282873 41.136165 39.262558
 320.400000 0.266970 36.627162 39.262558
 320.600000 0.291884 43.314064 39.262558
 320.800000 0.292298 43.383304 39.262558
 321.000000 0.292035 43.339694 39.262558
 321.200000 0.265774 36.420822 39.262558
 321.400000 0.262962 35.833498 39.262558
 321.600000 0.282966 41.374906 39.262558
 321.800000 0.274538 38.728906 39.262558
 322.000000 0.268939 37.164289 39.262558
 322.200000 0.271210 38.092698 39.262558
 322.400000 0.263636 36.283156 39.262558
 322.600000 0.279537 40.562998 39.262558
 322.800000 0.269893 37.742258 39.262558
 323.000000 0.278375 40.205282 39.262558
 323.200000 0.267164 37.287192 39.262558
 323.400000 0.278891 40.656039 39.262558
 323.600000 0.294553 44.195304 39.262558
 323.800000 0.288188 43.189068 39.262558
 324.000000 0.286046 42.692124 39.262558
 324.200000 0.274247 39.427439 39.262558
 324.400000 0.291118 43.992908 39.262558
 324.600000 0.277252 40.371201 39.262558
 324.800000 0.261348 36.032492 39.262558
 325.000000 0.252149 33.950638 39.825679
 325.200000 0.255165 35.047964 39.825679
 325.400000 0.279823 41.250543 39.825679
 325.600000 0.284638 42.626649 39.825679
 325.800000 0.262290 36.548639 39.825679
 326.000000 0.280004 41.305253 39.825679
 326.200000 0.271737 39.070001 39.825679
 326.400000 0.270052 38.593294 39.825679
 326.600000 0.282012 42.174146 39.825679
 326.800000 0.282736 42.379552 39.825679
 327.000000 0.267640 37.951872 39.825679
 327.200000 0.280272 41.889887 39.825679
 327.400000 0.294912 44.685081 39.825679
 327.600000 0.276162 40.676851 39.825679
 327.800000 0.270960 39.162418 39.825679
 328.000000 0.280070 41.831826 39.825679
 328.200000 0.285109 43.431292 39.825679
 328.400000 0.282615 42.808994 39.825679
 328.600000 0.265635 37.946246 39.825679
 328.800000 0.270113 39.146240 39.825679
 329.000000 0.269674 39.022793 39.825679
 329.200000 0.279978 42.319716 39.825679
 329.400000 0.259798 36.782178 39.825679
 329.600000 0.277645 41.653643 39.825679
 329.800000 0.291966 44.718082 39.825679
 330.000000 0.288449 44.255159 40.441788
 330.200000 0.289220 44.620021 40.441788
 330.400000 0.308568 43.966897 40.441788
 330.600000 0.318153 41.686131 40.441788
 330.800000 0.309524 43.775165 40.441788
 331.000000 0.325743 39.651331 40.441788
 331.200000 0.303963 44.817394 40.441788
 331.400000 0.318168 41.945247 40.441788
 331.600000 0.332873 38.063639 40.441788
 331.800000 0.321753 41.006645 40.441788
 332.000000 0.321029 41.197894 40.441788
 332.200000 0.330519 38.918701 40.441788
 332.400000 0.349401 32.987819 40.441788
 332.600000 0.358072 29.802409 40.441788
 332.800000 0.357809 29.897829 40.441788
 333.000000 0.344863 34.589908 40.441788
 333.200000 0.339567 36.666928 40.441788
 333.400000 0.328007 39.803521 40.441788
 333.600000 0.302145 45.137484 40.441788
 333.800000 0.298036 45.310071 40.441788
 334.000000 0.300475 45.242222 40.441788
 334.200000 0.324467 40.772597 40.441788
 334.400000 0.318969 42.207188 40.441788
 334.600000 0.306846 44.822984 40.441788
 334.800000 0.316228 42.897296 40.441788
 335.000000 0.317637 42.546512 40.980124
 335.200000 0.333548 38.531276 40.980124
 335.400000 0.309660 44.569318 40.980124
 335.600000 0.317427 42.862319 40.980124
 335.800000 0.318875 42.493472 40.980124
 336.000000 0.317924 42.736857 40.980124
 336.200000 0.317260 43.164741 40.980124
 336.400000 0.306528 45.265583 40.980124
 336.600000 0.283802 43.727824 40.980124
 336.800000 0.288265 44.748243 40.980124
 337.000000 0.296490 45.715452 40.980124
 337.200000 0.299237 45.989797 40.980124
 337.400000 0.307418 45.321088 40.980124
 337.600000 0.306387 45.467005 40.980124
 337.800000 0.317040 43.308510 40.980124
 338.000000 0.320042 42.514353 40.980124
 338.200000 0.333762 38.803712 40.980124
 338.400000 0.320202 42.734225 40.980124
 338.600000 0.308212 45.390328 40.980124
 338.800000 0.290619 45.402075 40.980124
 339.000000 0.281028 43.100555 40.980124
 339.200000 0.295045 46.093312 40.980124
 339.400000 0.290734 45.628494 40.980124
 339.600000 0.283045 43.944933 40.980124
 339.800000 0.278348 42.518243 40.980124
 340.000000 0.289379 45.408079 41.727241
 340.200000 0.304275 46.081991 41.727241
 340.400000 0.316711 43.707614 41.727241
 340.600000 0.311919 44.839756 41.727241
 340.800000 0.313153 44.569774 41.727241
 341.000000 0.307814 45.609751 41.727241
 341.200000 0.280135 43.316946 41.727241
 341.400000 0.264080 38.136834 41.727241
 341.600000 0.261086 37.310965 41.727241
 341.800000 0.278380 42.738606 41.727241
 342.000000 0.253770 35.314309 41.727241
 342.200000 0.272944 41.052888 41.727241
 342.400000 0.276864 42.337383 41.727241
 342.600000 0.271887 40.713555 41.727241
 342.800000 0.274207 41.463970 41.727241
 343.000000 0.271029 40.442426 41.727241
 343.200000 0.273076 41.381812 41.727241
 343.400000 0.296901 46.635959 41.727241
 343.600000 0.278956 43.269742 41.727241
 343.800000 0.268535 39.965476 41.727241
 344.000000 0.285447 45.096123 41.727241
 344.200000 0.260697 37.819829 41.727241
 344.400000 0.272664 41.412696 41.727241
 344.600000 0.289510 46.152995 41.727241
 344.800000 0.295441 46.766164 41.727241
 345.000000 0.272217 41.265942 42.242092
 345.200000 0.273756 42.050901 42.242092
 345.400000 0.270533 40.995890 42.242092
 345.600000 0.281499 44.496626 42.242092
 345.800000 0.273916 42.103616 42.242092
 346.000000 0.279898 44.024903 42.242092
 346.200000 0.283431 45.265411 42.242092
 346.400000 0.285716 45.808536 42.242092
 346.600000 0.278095 43.708708 42.242092
 346.800000 0.270775 41.278763 42.242092
 347.000000 0.282745 45.085289 42.242092
 347.200000 0.293241 47.074058 42.242092
 347.400000 0.301648 46.913933 42.242092
 347.600000 0.330810 39.767431 42.242092
 347.800000 0.322194 42.377581 42.242092
 348.000000 0.322836 42.185422 42.242092
 348.200000 0.321773 42.769619 42.242092
 348.400000 0.331674 39.727049 42.242092
 348.600000 0.339736 37.081449 42.242092
 348.800000 0.361780 28.695741 42.242092
 349.000000 0.342400 36.141109 42.242092
 349.200000 0.330963 40.212821 42.242092
 349.400000 0.325831 41.734504 42.242092
 349.600000 0.337679 38.113867 42.242092
 349.800000 0.336974 38.343823 42.242092
 350.000000 0.340765 37.070370 42.652090
 350.200000 0.326702 41.695725 42.652090
 350.400000 0.327842 41.375713 42.652090
 350.600000 0.349226 34.170483 42.652090
 350.800000 0.336101 38.944795 42.652090
 351.000000 0.332988 39.890769 42.652090
 351.200000 0.339614 38.070464 42.652090
 351.400000 0.325855 42.196595 42.652090
 351.600000 0.333348 40.079706 42.652090
 351.800000 0.325594 42.266746 42.652090
 352.000000 0.323362 42.862267 42.652090
 352.200000 0.327566 41.979923 42.652090
 352.400000 0.322698 43.296339 42.652090
 352.600000 0.336614 39.246335 42.652090
 352.800000 0.339083 38.402887 42.652090
 353.000000 0.332430 40.567208 42.652090
 353.200000 0.335934 39.749472 42.652090
 353.400000 0.331753 41.057816 42.652090
 353.600000 0.313325 45.640132 42.652090
 353.800000 0.309747 46.269678 42.652090
 354.000000 0.275279 42.997170 42.652090
 354.200000 0.274254 42.903388 42.652090
 354.400000 0.298079 47.397201 42.652090
 354.600000 0.308069 46.546867 42.652090
 354.800000 0.316516 44.991684 42.652090
 355.000000 0.292429 47.233771 43.114300
 355.200000 0.306110 46.951332 43.114300
 355.400000 0.322937 43.496464 43.114300
 355.600000 0.318725 44.538945 43.114300
 355.800000 0.294953 47.583793 43.114300
 356.000000 0.289245 47.095166 43.114300
 356.200000 0.300633 47.650304 43.114300
 356.400000 0.321753 43.818072 43.114300
 356.600000 0.317941 44.757777 43.114300
 356.800000 0.293454 47.723619 43.114300
 357.000000 0.287018 46.935929 43.114300
 357.200000 0.281535 45.787292 43.114300
 357.400000 0.267909 40.944354 43.114300
 357.600000 0.270913 42.042654 43.114300
 357.800000 0.265574 40.119828 43.114300
 358.000000 0.263271 39.332429 43.114300
 358.200000 0.271714 42.599623 43.114300
 358.400000 0.294707 47.999505 43.114300
 358.600000 0.311716 46.169896 43.114300
 358.800000 0.325714 42.786945 43.114300
 359.000000 0.327917 42.180938 43.114300
 359.200000 0.301186 47.814156 43.114300
 359.400000 0.301697 47.770606 43.114300
 359.600000 0.281707 45.982502 43.114300
 359.800000 0.297695 48.010188 43.114300
 360.000000 0.296919 48.028068 43.712176
 360.200000 0.272223 42.836920 43.712176
 360.400000 0.251463 35.635292 43.712176
 360.600000 0.248676 34.615223 43.712176
 360.800000 0.261997 39.222468 43.712176
 361.000000 0.267794 41.224081 43.712176
 361.200000 0.267971 41.566211 43.712176
 361.400000 0.262038 39.495318 43.712176
 361.600000 0.259703 38.699415 43.712176
 361.800000 0.252891 36.313678 43.712176
 362.000000 0.260600 39.004529 43.712176
 362.200000 0.261181 39.510161 43.712176
 362.400000 0.221761 24.331509 43.712176
 362.600000 0.221650 24.288654 43.712176
 362.800000 0.215157 21.719245 43.712176
 363.000000 0.222289 24.535122 43.712176
 363.200000 0.246749 34.347419 43.712176
 363.400000 0.253715 36.953704 43.712176
 363.600000 0.244949 33.649934 43.712176
 363.800000 0.243671 33.152119 43.712176
 364.000000 0.249752 35.494659 43.712176
 364.200000 0.245392 34.167183 43.712176
 364.400000 0.263087 40.414754 43.712176
 364.600000 0.260784 39.670620 43.712176
 364.800000 0.262120 40.102120 43.712176
 365.000000 0.257328 38.540311 43.853670
 365.200000 0.254023 37.716833 43.853670
 365.400000 0.263701 40.900965 43.853670
 365.600000 0.280215 46.120898 43.853670
 365.800000 0.277061 45.190682 43.853670
 366.000000 0.291782 48.208284 43.853670
 366.200000 0.291139 48.365430 43.853670
 366.400000 0.274786 44.580399 43.853670
 366.600000 0.265162 41.405723 43.853670
 366.800000 0.261233 40.144844 43.853670
 367.000000 0.277599 45.485984 43.853670
 367.200000 0.263694 41.083851 43.853670
 367.400000 0.278877 46.109053 43.853670
 367.600000 0.312203 46.447022 43.853670
 367.800000 0.319808 44.659307 43.853670
 368.000000 0.316569 45.457545 43.853670
 368.200000 0.295958 48.715844 43.853670
 368.400000 0.284624 47.620790 43.853670
 368.600000 0.268587 42.713305 43.853670
 368.800000 0.280503 46.593342 43.853670
 369.000000 0.299485 48.560187 43.853670
 369.200000 0.304347 48.238180 43.853670
 369.400000 0.300957 48.639150 43.853670
 369.600000 0.303535 48.348159 43.853670
 369.800000 0.309113 47.441804 43.853670
 370.000000 0.291433 48.769252 44.571333
 370.200000 0.287205 48.439165 44.571333
 370.400000 0.300163 48.877410 44.571333
 370.600000 0.309628 47.436806 44.571333
 370.800000 0.304058 48.417972 44.571333
 371.000000 0.314393 46.377634 44.571333
 371.200000 0.305450 48.390850 44.571333
 371.400000 0.285718 48.194575 44.571333
 371.600000 0.287176 48.476523 44.571333
 371.800000 0.292856 49.135286 44.571333
 372.000000 0.288637 48.713973 44.571333
 372.200000 0.298998 49.257937 44.571333
 372.400000 0.301504 49.035672 44.571333
 372.600000 0.299108 49.250394 44.571333
 372.800000 0.298034 49.315697 44.571333
 373.000000 0.300134 49.169819 44.571333
 373.200000 0.297621 49.528560 44.571333
 373.400000 0.287240 48.821996 44.571333
 373.600000 0.302272 49.141565 44.571333
 373.800000 0.300360 49.345548 44.571333
 374.000000 0.307435 48.327082 44.571333
 374.200000 0.310567 47.876704 44.571333
 374.400000 0.307031 48.606220 44.571333
 374.600000 0.306224 48.751474 44.571333
 374.800000 0.316831 46.300854 44.571333
 375.000000 0.317522 46.108905 45.259025
 375.200000 0.315878 46.783246 45.259025
 375.400000 0.315072 46.996457 45.259025
 375.600000 0.308859 48.436575 45.259025
 375.800000 0.299962 49.672689 45.259025
 376.000000 0.313864 47.305034 45.259025
 376.200000 0.324731 44.336599 45.259025
 376.400000 0.341295 38.254865 45.259025
 376.600000 0.325278 44.158574 45.259025
 376.800000 0.317109 46.656146 45.259025
 377.000000 0.313351 47.644669 45.259025
 377.200000 0.304001 49.599218 45.259025
 377.400000 0.312344 48.095417 45.259025
 377.600000 0.322966 45.072204 45.259025
 377.800000 0.322431 45.244837 45.259025
 378.000000 0.338006 39.655160 45.259025
 378.200000 0.359026 30.375937 45.259025
 378.400000 0.351827 33.717262 45.259025
 378.600000 0.329960 42.952971 45.259025
 378.800000 0.343381 37.668103 45.259025
 379.000000 0.334839 41.189961 45.259025
 379.200000 0.330669 42.974198 45.259025
 379.400000 0.326256 44.439025 45.259025
 379.600000 0.321286 45.954507 45.259025
 379.800000 0.341440 38.774225 45.259025
 380.000000 0.354994 32.330320 45.570541
 380.200000 0.367852 27.041887 45.570541
 380.400000 0.361255 29.844450 45.570541
 380.600000 0.358278 31.196267 45.570541
 380.800000 0.357658 31.484465 45.570541
 381.000000 0.369902 26.210286 45.570541
 381.200000 0.365841 28.396001 45.570541
 381.400000 0.364076 29.121001 45.570541
 381.600000 0.383792 20.652774 45.570541
 381.800000 0.375359 24.509495 45.570541
 382.000000 0.379472 22.704077 45.570541
 382.200000 0.404150 9.654859 45.570541
 382.400000 0.396025 14.382221 45.570541
 382.600000 0.375938 24.882117 45.570541
 382.800000 0.388192 18.931485 45.570541
 383.000000 0.397900 13.264844 45.570541
 383.200000 0.401683 11.984951 45.570541
 383.400000 0.370695 27.156294 45.570541
 383.600000 0.357219 32.304073 45.570541
 383.800000 0.357050 32.375444 45.570541
 384.000000 0.361249 30.658963 45.570541
 384.200000 0.359748 31.702977 45.570541
 384.400000 0.357912 32.448882 45.570541
 384.600000 0.346498 37.294436 45.570541
 384.800000 0.350266 35.692576 45.570541
 385.000000 0.347109 37.037851 45.564649
 385.200000 0.336205 41.552932 45.564649
 385.400000 0.330462 43.406511 45.564649
 385.600000 0.333199 42.545890 45.564649
 385.800000 0.336404 41.485040 45.564649
 386.000000 0.349976 36.146950 45.564649
 386.200000 0.353726 34.850870 45.564649
 386.400000 0.352662 35.320353 45.564649
 386.600000 0.355068 34.257981 45.564649
 386.800000 0.354203 34.639906 45.564649
 387.000000 0.334263 42.403389 45.564649
 387.200000 0.347384 37.783000 45.564649
 387.400000 0.359383 32.442146 45.564649
 387.600000 0.345656 38.514567 45.564649
 387.800000 0.331799 43.419458 45.564649
 388.000000 0.333907 42.779016 45.564649
 388.200000 0.354077 34.910977 45.564649
 388.400000 0.347248 38.016102 45.564649
 388.600000 0.342959 39.826350 45.564649
 388.800000 0.337509 41.861130 45.564649
 389.000000 0.336801 42.102574 45.564649
 389.200000 0.361855 31.489878 45.564649
 389.400000 0.344763 39.317295 45.564649
 389.600000 0.327096 45.218329 45.564649
 389.800000 0.321523 46.597681 45.564649
 390.000000 0.330568 44.281607 45.742346
 390.200000 0.323558 46.326344 45.742346
 390.400000 0.339449 41.641614 45.742346
 390.600000 0.354921 34.716286 45.742346
 390.800000 0.354317 35.005373 45.742346
 391.000000 0.347117 38.417709 45.742346
 391.200000 0.345891 39.287916 45.742346
 391.400000 0.329392 45.006982 45.742346
 391.600000 0.316687 47.886440 45.742346
 391.800000 0.317768 47.669122 45.742346
 392.000000 0.311046 48.904603 45.742346
 392.200000 0.308726 49.453056 45.742346
 392.400000 0.295967 50.190997 45.742346
 392.600000 0.289834 49.578803 45.742346
 392.800000 0.272793 44.462242 45.742346
 393.000000 0.270265 43.528504 45.742346
 393.200000 0.273784 45.074760 45.742346
 393.400000 0.292418 50.012533 45.742346
 393.600000 0.297541 50.281325 45.742346
 393.800000 0.297793 50.282651 45.742346
 394.000000 0.324256 46.392268 45.742346
 394.200000 0.334991 43.651676 45.742346
 394.400000 0.340679 41.606939 45.742346
 394.600000 0.326778 45.994571 45.742346
 394.800000 0.312692 48.995377 45.742346
 395.000000 0.321291 47.298985 46.134621
 395.200000 0.333938 44.135646 46.134621
 395.400000 0.330137 45.283673 46.134621
 395.600000 0.317243 48.362499 46.134621
 395.800000 0.319268 47.950160 46.134621
 396.000000 0.328760 45.667794 46.134621
 396.200000 0.338368 42.784438 46.134621
 396.400000 0.351150 36.981866 46.134621
 396.600000 0.357005 34.055236 46.134621
 396.800000 0.356248 34.428234 46.134621
 397.000000 0.362207 31.584835 46.134621
 397.200000 0.376576 25.684795 46.134621
 397.400000 0.394583 16.271308 46.134621
 397.600000 0.384682 21.787897 46.134621
 397.800000 0.384276 21.996022 46.134621
 398.000000 0.387624 20.236705 46.134621
 398.200000 0.381112 24.215127 46.134621
 398.400000 0.367513 29.936880 46.134621
 398.600000 0.355809 35.110821 46.134621
 398.800000 0.342842 41.136440 46.134621
 399.000000 0.330295 45.509845 46.134621
 399.200000 0.331598 45.365379 46.134621
 399.400000 0.344009 40.788389 46.134621
 399.600000 0.350173 37.906692 46.134621
 399.800000 0.369222 29.247920 46.134621
 400.000000 0.383703 22.973234 46.255908
 400.200000 0.392865 18.473076 46.255908
 400.400000 0.382800 24.042183 46.255908
 400.600000 0.372244 28.490789 46.255908
 400.800000 0.354495 35.893319 46.255908
 401.000000 0.360178 33.298414 46.255908
 401.200000 0.349258 38.697028 46.255908
 401.400000 0.330992 45.601208 46.255908
 401.600000 0.325193 47.078613 46.255908
 401.800000 0.345260 40.490531 46.255908
 402.000000 0.359766 33.875556 46.255908
 402.200000 0.370399 29.809259 46.255908
 402.400000 0.381243 25.060710 46.255908
 402.600000 0.372517 28.938358 46.255908
 402.800000 0.383580 23.889174 46.255908
 403.000000 0.395433 16.894825 46.255908
 403.200000 0.401403 13.731816 46.255908
 403.400000 0.403025 12.643537 46.255908
 403.600000 0.397781 16.169440 46.255908
 403.800000 0.396586 16.963354 46.255908
 404.000000 0.399231 15.196199 46.255908
 404.200000 0.399981 15.579113 46.255908
 404.400000 0.392660 20.290535 46.255908
 404.600000 0.410578 8.566739 46.255908
 404.800000 0.425839 2.045877 46.255908
 405.000000 0.411764 7.863517 46.244639
 405.200000 0.416858 6.355182 46.244639
 405.400000 0.422031 4.111443 46.244639
 405.600000 0.403877 13.998435 46.244639
 405.800000 0.401383 15.595018 46.244639
 406.000000 0.400090 16.415080 46.244639
 406.200000 0.402381 15.790173 46.244639
 406.400000 0.411415 9.932963 46.244639
 406.600000 0.429856 1.944289 46.244639
 406.800000 0.429700 1.980157 46.244639
 407.000000 0.416729 6.872948 46.244639
 407.200000 0.389032 23.604106 46.244639
 407.400000 0.373606 29.215178 46.244639
 407.600000 0.382884 26.041532 46.244639
 407.800000 0.368325 31.030089 46.244639
 408.000000 0.385108 25.207618 46.244639
 408.200000 0.385020 25.810926 46.244639
 408.400000 0.358557 34.990453 46.244639
 408.600000 0.361624 33.753454 46.244639
 408.800000 0.373860 29.559903 46.244639
 409.000000 0.392568 22.483438 46.244639
 409.200000 0.375728 29.317672 46.244639
 409.400000 0.362897 33.353756 46.244639
 409.600000 0.374784 29.588903 46.244639
 409.800000 0.373230 30.036398 46.244639
 410.000000 0.385407 26.234758 46.222688
 410.200000 0.388895 25.367810 46.222688
 410.400000 0.382714 27.718459 46.222688
 410.600000 0.377907 29.164179 46.222688
 410.800000 0.367742 31.963671 46.222688
 411.000000 0.362314 33.734915 46.222688
 411.200000 0.376330 29.848107 46.222688
 411.400000 0.379664 28.862113 46.222688
 411.600000 0.397661 20.749774 46.222688
 411.800000 0.440210 0.851210 46.222688
 412.000000 0.414197 9.937212 46.222688
 412.200000 0.416489 9.703980 46.222688
 412.400000 0.421308 7.093523 46.222688
 412.600000 0.421448 7.023879 46.222688
 412.800000 0.430341 3.353689 46.222688
 413.000000 0.436480 1.746430 46.222688
 413.200000 0.429107 5.201625 46.222688
 413.400000 0.408409 14.975434 46.222688
 413.600000 0.394929 22.893490 46.222688
 413.800000 0.394237 23.249891 46.222688
 414.000000 0.390209 25.162934 46.222688
 414.200000 0.389501 26.039254 46.222688
 414.400000 0.385410 27.616046 46.222688
 414.600000 0.410489 13.953667 46.222688
 414.800000 0.419168 9.124859 46.222688
 415.000000 0.419460 8.983807 46.204405
 415.200000 0.420830 9.512026 46.204405
 415.400000 0.426045 7.295599 46.204405
 415.600000 0.416191 11.794771 46.204405
 415.800000 0.381627 28.872820 46.204405
 416.000000 0.376754 30.173428 46.204405
 416.200000 0.381497 29.344197 46.204405
 416.400000 0.396610 23.072892 46.204405
 416.600000 0.419360 10.211952 46.204405
 416.800000 0.415197 12.335360 46.204405
 417.000000 0.429898 5.904980 46.204405
 417.200000 0.413313 14.093242 46.204405
 417.400000 0.409053 16.320402 46.204405
 417.600000 0.412920 14.290914 46.204405
 417.800000 0.426945 8.272384 46.204405
 418.000000 0.448142 2.364632 46.204405
 418.200000 0.438317 5.958364 46.204405
 418.400000 0.433993 6.951846 46.204405
 418.600000 0.416889 12.545767 46.204405
 418.800000 0.411363 15.166277 46.204405
 419.000000 0.420708 10.981369 46.204405
 419.200000 0.431702 8.342070 46.204405
 419.400000 0.447834 4.207292 46.204405
 419.600000 0.431912 8.279565 46.204405
 419.800000 0.417722 13.238568 46.204405
 420.000000 0.414803 14.480245 46.182448
