#! FIELDS time d metad.bias metad.rct
 0.000000 0.141316 0.000000 0.000000
 0.200000 0.126843 0.000000 0.000000
 0.400000 0.147309 0.000000 0.000000
 0.600000 0.154443 0.000000 0.000000
 0.800000 0.146708 0.000000 0.000000
 1.000000 0.138595 0.000000 0.000000
 1.200000 0.152998 1.102388 0.000000
 1.400000 0.144398 1.623547 0.000000
 1.600000 0.158509 0.722974 0.000000
 1.800000 0.161278 0.555488 0.000000
 2.000000 0.140221 1.739721 0.000000
 2.200000 0.147899 2.863417 0.000000
 2.400000 0.140382 3.357004 0.000000
 2.600000 0.133223 3.093226 0.000000
 2.800000 0.142610 3.287375 0.000000
 3.000000 0.148369 2.811533 0.000000
 3.200000 0.155453 3.275577 0.000000
 3.400000 0.153374 3.637582 0.000000
 3.600000 0.155963 3.183850 0.000000
 3.800000 0.170787 0.875653 0.000000
 4.000000 0.167736 1.230033 0.000000
 4.200000 0.143640 5.154042 0.000000
 4.400000 0.129483 3.465539 0.000000
 4.600000 0.139475 4.937199 0.000000
 4.800000 0.128899 3.354780 0.000000
 5.000000 0.132310 3.979411 1.584509
 5.200000 0.137598 6.128008 1.584509
 5.400000 0.135345 5.897471 1.584509
 5.600000 0.127210 4.414267 1.584509
 5.800000 0.128314 4.657710 1.584509
 6.000000 0.114909 1.760423 1.584509
 6.200000 0.128275 5.736001 1.584509
 6.400000 0.156220 4.813172 1.584509
 6.600000 0.177595 1.701687 1.584509
 6.800000 0.182532 1.180392 1.584509
 7.000000 0.175341 1.967202 1.584509
 7.200000 0.175695 3.527213 1.584509
 7.400000 0.176961 3.368613 1.584509
 7.600000 0.166158 4.534358 1.584509
 7.800000 0.160044 5.123002 1.584509
 8.000000 0.179016 3.098320 1.584509
 8.200000 0.180063 4.476153 1.584509
 8.400000 0.162254 5.720181 1.584509
 8.600000 0.169248 5.469223 1.584509
 8.800000 0.171311 5.361928 1.584509
 9.000000 0.183619 3.908615 1.584509
 9.200000 0.204366 1.251346 1.584509
 9.400000 0.195709 2.813050 1.584509
 9.600000 0.201197 1.742951 1.584509
 9.800000 0.206159 1.018498 1.584509
 10.000000 0.193408 3.318030 3.073851
 10.200000 0.161009 6.380846 3.073851
 10.400000 0.154620 6.375835 3.073851
 10.600000 0.147390 6.681973 3.073851
 10.800000 0.158174 6.333314 3.073851
 11.000000 0.157047 6.334843 3.073851
 11.200000 0.160471 7.652016 3.073851
 11.400000 0.179525 7.379554 3.073851
 11.600000 0.169646 7.757564 3.073851
 11.800000 0.161776 7.661376 3.073851
 12.000000 0.143941 7.707620 3.073851
 12.200000 0.138621 8.575129 3.073851
 12.400000 0.137975 8.498217 3.073851
 12.600000 0.154354 8.656863 3.073851
 12.800000 0.172377 7.952213 3.073851
 13.000000 0.171027 8.000439 3.073851
 13.200000 0.156222 9.300129 3.073851
 13.400000 0.160599 9.283448 3.073851
 13.600000 0.139610 8.814102 3.073851
 13.800000 0.137961 8.602171 3.073851
 14.000000 0.136358 8.359125 3.073851
 14.200000 0.136888 9.648602 3.073851
 14.400000 0.145825 10.260891 3.073851
 14.600000 0.144709 10.259715 3.073851
 14.800000 0.126618 7.270472 3.073851
 15.000000 0.133904 9.111108 5.976881
 15.200000 0.131356 9.685430 5.976881
 15.400000 0.138914 11.020823 5.976881
 15.600000 0.132247 9.907045 5.976881
 15.800000 0.139054 11.032965 5.976881
 16.000000 0.143202 11.190044 5.976881
 16.200000 0.154547 11.140692 5.976881
 16.400000 0.162671 10.184722 5.976881
 16.600000 0.178545 8.729149 5.976881
 16.800000 0.187335 6.931728 5.976881
 17.000000 0.161907 10.256075 5.976881
 17.200000 0.172666 10.269110 5.976881
 17.400000 0.202900 2.861470 5.976881
 17.600000 0.201469 3.203355 5.976881
 17.800000 0.170843 10.489956 5.976881
 18.000000 0.142429 12.726482 5.976881
 18.200000 0.136842 12.955952 5.976881
 18.400000 0.152632 13.107791 5.976881
 18.600000 0.182872 8.399210 5.976881
 18.800000 0.193734 5.326441 5.976881
 19.000000 0.197236 4.318943 5.976881
 19.200000 0.180704 9.700919 5.976881
 19.400000 0.178395 10.064801 5.976881
 19.600000 0.166816 11.349364 5.976881
 19.800000 0.160387 12.064391 5.976881
 20.000000 0.160263 12.080219 8.847807
 20.200000 0.166315 12.340983 8.847807
 20.400000 0.163764 12.660206 8.847807
 20.600000 0.175586 11.047485 8.847807
 20.800000 0.168855 12.017961 8.847807
 21.000000 0.179489 10.347179 8.847807
 21.200000 0.198825 5.835016 8.847807
 21.400000 0.194956 7.112416 8.847807
 21.600000 0.190908 8.433722 8.847807
 21.800000 0.202329 4.721028 8.847807
 22.000000 0.198591 5.911602 8.847807
 22.200000 0.212311 3.013273 8.847807
 22.400000 0.213013 2.835436 8.847807
 22.600000 0.194243 8.638169 8.847807
 22.800000 0.187645 10.463945 8.847807
 23.000000 0.179371 12.064233 8.847807
 23.200000 0.183229 12.411346 8.847807
 23.400000 0.179437 13.077210 8.847807
 23.600000 0.181354 12.770462 8.847807
 23.800000 0.188711 11.040323 8.847807
 24.000000 0.212177 3.139589 8.847807
 24.200000 0.202187 7.609897 8.847807
 24.400000 0.193330 10.265663 8.847807
 24.600000 0.174401 13.672388 8.847807
 24.800000 0.171323 13.815161 8.847807
 25.000000 0.188817 11.460041 10.140198
 25.200000 0.191448 11.818440 10.140198
 25.400000 0.199322 9.312010 10.140198
 25.600000 0.213610 4.543756 10.140198
 25.800000 0.216576 3.718745 10.140198
 26.000000 0.219588 2.971091 10.140198
 26.200000 0.215982 5.366388 10.140198
 26.400000 0.221564 4.053562 10.140198
 26.600000 0.184593 13.499072 10.140198
 26.800000 0.183826 13.617421 10.140198
 27.000000 0.177624 14.239263 10.140198
 27.200000 0.160815 14.745862 10.140198
 27.400000 0.162124 14.784689 10.140198
 27.600000 0.169115 15.110702 10.140198
 27.800000 0.193308 12.140670 10.140198
 28.000000 0.219199 4.613011 10.140198
 28.200000 0.234835 2.393288 10.140198
 28.400000 0.249091 0.486140 10.140198
 28.600000 0.234381 2.484930 10.140198
 28.800000 0.224897 4.662937 10.140198
 29.000000 0.229675 3.517629 10.140198
 29.200000 0.238358 3.007241 10.140198
 29.400000 0.261219 0.220832 10.140198
 29.600000 0.268662 0.056040 10.140198
 29.800000 0.276888 0.007687 10.140198
 30.000000 0.271630 0.028183 10.748714
 30.200000 0.271309 1.777948 10.748714
 30.400000 0.254081 1.502917 10.748714
 30.600000 0.241164 2.641424 10.748714
 30.800000 0.230446 4.870612 10.748714
 31.000000 0.216110 7.755745 10.748714
 31.200000 0.226893 6.622682 10.748714
 31.400000 0.239523 3.296404 10.748714
 31.600000 0.226252 6.791307 10.748714
 31.800000 0.243708 2.476975 10.748714
 32.000000 0.253734 1.558553 10.748714
 32.200000 0.239396 4.357617 10.748714
 32.400000 0.239303 4.372409 10.748714
 32.600000 0.246357 3.536197 10.748714
 32.800000 0.218632 8.636941 10.748714
 33.000000 0.229060 6.456791 10.748714
 33.200000 0.233371 6.754498 10.748714
 33.400000 0.219306 9.577954 10.748714
 33.600000 0.205231 11.036456 10.748714
 33.800000 0.211934 10.371889 10.748714
 34.000000 0.229280 7.718970 10.748714
 34.200000 0.217435 10.723187 10.748714
 34.400000 0.228689 9.093275 10.748714
 34.600000 0.231029 8.543260 10.748714
 34.800000 0.213321 10.947349 10.748714
 35.000000 0.209509 11.113044 11.113212
 35.200000 0.208383 12.233882 11.113212
 35.400000 0.202753 12.571878 11.113212
 35.600000 0.191909 13.866181 11.113212
 35.800000 0.184133 14.920113 11.113212
 36.000000 0.159334 14.718345 11.113212
 36.200000 0.172319 15.924416 11.113212
 36.400000 0.169225 15.883233 11.113212
 36.600000 0.161676 15.672077 11.113212
 36.800000 0.165238 15.769886 11.113212
 37.000000 0.161358 15.664899 11.113212
 37.200000 0.156608 16.424739 11.113212
 37.400000 0.161883 16.547325 11.113212
 37.600000 0.155536 16.396432 11.113212
 37.800000 0.165552 16.616863 11.113212
 38.000000 0.171443 16.614320 11.113212
 38.200000 0.166398 17.416878 11.113212
 38.400000 0.154401 16.800200 11.113212
 38.600000 0.157617 16.994956 11.113212
 38.800000 0.158186 17.027597 11.113212
 39.000000 0.154692 16.818814 11.113212
 39.200000 0.160827 17.934296 11.113212
 39.400000 0.160354 17.918390 11.113212
 39.600000 0.160516 17.923963 11.113212
 39.800000 0.194387 13.921380 11.113212
 40.000000 0.191500 14.510301 13.599971
 40.200000 0.172671 18.229937 13.599971
 40.400000 0.169927 18.286500 13.599971
 40.600000 0.154291 17.660625 13.599971
 40.800000 0.153193 17.575843 13.599971
 41.000000 0.146747 16.834608 13.599971
 41.200000 0.137876 15.351889 13.599971
 41.400000 0.136924 14.993635 13.599971
 41.600000 0.119954 7.064343 13.599971
 41.800000 0.129992 11.898335 13.599971
 42.000000 0.135138 14.270320 13.599971
 42.200000 0.123153 9.206856 13.599971
 42.400000 0.141926 17.475508 13.599971
 42.600000 0.146664 18.337455 13.599971
 42.800000 0.156172 18.812891 13.599971
 43.000000 0.165780 18.718196 13.599971
 43.200000 0.143691 18.119034 13.599971
 43.400000 0.144887 18.366416 13.599971
 43.600000 0.124824 10.089755 13.599971
 43.800000 0.115054 5.473629 13.599971
 44.000000 0.122410 8.838338 13.599971
 44.200000 0.114854 6.434549 13.599971
 44.400000 0.137982 17.123681 13.599971
 44.600000 0.151148 19.366002 13.599971
 44.800000 0.161949 19.548019 13.599971
 45.000000 0.159120 19.550072 15.535522
 45.200000 0.142388 18.686717 15.535522
 45.400000 0.144734 19.187195 15.535522
 45.600000 0.155555 20.225377 15.535522
 45.800000 0.153977 20.168215 15.535522
 46.000000 0.168988 19.972440 15.535522
 46.200000 0.186998 17.159380 15.535522
 46.400000 0.180487 18.877023 15.535522
 46.600000 0.154843 20.662711 15.535522
 46.800000 0.142583 18.884843 15.535522
 47.000000 0.127664 12.799315 15.535522
 47.200000 0.128069 13.998192 15.535522
 47.400000 0.128606 14.272926 15.535522
 47.600000 0.120271 9.848177 15.535522
 47.800000 0.121336 10.413618 15.535522
 48.000000 0.141273 19.187959 15.535522
 48.200000 0.139606 19.489691 15.535522
 48.400000 0.147936 21.021715 15.535522
 48.600000 0.161114 21.293830 15.535522
 48.800000 0.159914 21.321573 15.535522
 49.000000 0.150801 21.226785 15.535522
 49.200000 0.155422 22.000330 15.535522
 49.400000 0.157461 21.968916 15.535522
 49.600000 0.180968 18.871719 15.535522
 49.800000 0.193400 15.422084 15.535522
 50.000000 0.188403 16.797950 17.365985
 50.200000 0.197755 15.074108 17.365985
 50.400000 0.191810 16.650954 17.365985
 50.600000 0.185191 18.526843 17.365985
 50.800000 0.177239 20.394176 17.365985
 51.000000 0.165113 21.809542 17.365985
 51.200000 0.160179 22.642216 17.365985
 51.400000 0.169662 22.098415 17.365985
 51.600000 0.175296 21.263130 17.365985
 51.800000 0.185468 18.714184 17.365985
 52.000000 0.181381 19.873486 17.365985
 52.200000 0.191813 17.351610 17.365985
 52.400000 0.200595 14.791942 17.365985
 52.600000 0.205582 13.750256 17.365985
 52.800000 0.194833 16.390570 17.365985
 53.000000 0.184584 19.681348 17.365985
 53.200000 0.197092 16.233212 17.365985
 53.400000 0.197199 16.199706 17.365985
 53.600000 0.181669 21.233287 17.365985
 53.800000 0.189064 18.950450 17.365985
 54.000000 0.178377 21.994997 17.365985
 54.200000 0.179831 22.336026 17.365985
 54.400000 0.192986 18.002757 17.365985
 54.600000 0.208016 13.654034 17.365985
 54.800000 0.212431 12.903706 17.365985
 55.000000 0.219931 11.676170 18.939095
 55.200000 0.195687 17.301471 18.939095
 55.400000 0.180956 22.095040 18.939095
 55.600000 0.197466 16.745663 18.939095
 55.800000 0.199358 16.200707 18.939095
 56.000000 0.213493 13.686947 18.939095
 56.200000 0.206384 15.518534 18.939095
 56.400000 0.200042 16.652573 18.939095
 56.600000 0.186187 20.742746 18.939095
 56.800000 0.202550 16.137071 18.939095
 57.000000 0.196333 17.588737 18.939095
 57.200000 0.197833 17.982140 18.939095
 57.400000 0.209218 15.706036 18.939095
 57.600000 0.204747 16.443507 18.939095
 57.800000 0.214327 14.917505 18.939095
 58.000000 0.213986 14.973327 18.939095
 58.200000 0.212572 16.091572 18.939095
 58.400000 0.201162 17.791979 18.939095
 58.600000 0.201738 17.685563 18.939095
 58.800000 0.192906 19.717909 18.939095
 59.000000 0.191734 20.036064 18.939095
 59.200000 0.209407 16.891789 18.939095
 59.400000 0.194996 19.869396 18.939095
 59.600000 0.181840 23.134565 18.939095
 59.800000 0.203216 17.963630 18.939095
 60.000000 0.215179 15.879411 19.541987
 60.200000 0.188277 21.853536 19.541987
 60.400000 0.177761 23.762550 19.541987
 60.600000 0.194278 20.386861 19.541987
 60.800000 0.229217 12.090325 19.541987
 61.000000 0.240879 7.091822 19.541987
 61.200000 0.240449 8.525157 19.541987
 61.400000 0.229645 12.863275 19.541987
 61.600000 0.242772 7.704197 19.541987
 61.800000 0.250858 5.472155 19.541987
 62.000000 0.237863 9.514202 19.541987
 62.200000 0.221990 16.175286 19.541987
 62.400000 0.212715 17.686028 19.541987
 62.600000 0.200282 19.175499 19.541987
 62.800000 0.196716 19.865057 19.541987
 63.000000 0.212164 17.744080 19.541987
 63.200000 0.198271 20.063621 19.541987
 63.400000 0.189799 21.749883 19.541987
 63.600000 0.178559 23.738823 19.541987
 63.800000 0.162512 23.707672 19.541987
 64.000000 0.149951 22.538638 19.541987
 64.200000 0.176963 24.013165 19.541987
 64.400000 0.182423 23.274819 19.541987
 64.600000 0.161789 24.124823 19.541987
 64.800000 0.145088 22.318277 19.541987
 65.000000 0.149673 23.141893 20.296369
 65.200000 0.152961 24.133923 20.296369
 65.400000 0.159528 24.508829 20.296369
 65.600000 0.168876 24.617655 20.296369
 65.800000 0.198387 20.049014 20.296369
 66.000000 0.197226 20.247073 20.296369
 66.200000 0.187113 22.946095 20.296369
 66.400000 0.163325 24.660925 20.296369
 66.600000 0.148344 23.567538 20.296369
 66.800000 0.154429 24.261474 20.296369
 67.000000 0.162574 24.640579 20.296369
 67.200000 0.203732 19.986680 20.296369
 67.400000 0.198694 20.736767 20.296369
 67.600000 0.194392 21.546548 20.296369
 67.800000 0.194073 21.611812 20.296369
 68.000000 0.193729 21.682722 20.296369
 68.200000 0.202642 20.689145 20.296369
 68.400000 0.200642 21.019508 20.296369
 68.600000 0.187658 23.596975 20.296369
 68.800000 0.178702 24.980029 20.296369
 69.000000 0.163773 25.343691 20.296369
 69.200000 0.160173 25.741919 20.296369
 69.400000 0.171002 25.927981 20.296369
 69.600000 0.188849 23.499362 20.296369
 69.800000 0.213463 19.071242 20.296369
 70.000000 0.207091 20.036587 21.674234
 70.200000 0.176231 25.682175 21.674234
 70.400000 0.174238 25.826589 21.674234
 70.600000 0.199049 21.957411 21.674234
 70.800000 0.204140 21.175096 21.674234
 71.000000 0.201175 21.616176 21.674234
 71.200000 0.204026 21.847692 21.674234
 71.400000 0.211072 20.684937 21.674234
 71.600000 0.204782 21.732163 21.674234
 71.800000 0.183577 25.111884 21.674234
 72.000000 0.168415 26.060181 21.674234
 72.200000 0.149602 24.779696 21.674234
 72.400000 0.126739 14.436804 21.674234
 72.600000 0.120013 10.263708 21.674234
 72.800000 0.141127 22.257439 21.674234
 73.000000 0.167228 26.591759 21.674234
 73.200000 0.198661 22.810546 21.674234
 73.400000 0.192247 24.035390 21.674234
 73.600000 0.197826 22.960972 21.674234
 73.800000 0.173220 27.014461 21.674234
 74.000000 0.136906 20.437956 21.674234
 74.200000 0.142283 23.492584 21.674234
 74.400000 0.140415 22.762118 21.674234
 74.600000 0.154865 26.393273 21.674234
 74.800000 0.161882 27.035953 21.674234
 75.000000 0.160552 26.949017 23.204542
 75.200000 0.169370 27.650813 23.204542
 75.400000 0.165361 27.686656 23.204542
 75.600000 0.162498 27.593279 23.204542
 75.800000 0.157402 27.195707 23.204542
 76.000000 0.139518 22.574934 23.204542
 76.200000 0.114440 7.590559 23.204542
 76.400000 0.123005 12.918869 23.204542
 76.600000 0.121898 12.169763 23.204542
 76.800000 0.125091 14.352939 23.204542
 77.000000 0.143124 24.681094 23.204542
 77.200000 0.147407 26.523700 23.204542
 77.400000 0.157926 27.908866 23.204542
 77.600000 0.185359 25.558268 23.204542
 77.800000 0.184401 25.756043 23.204542
 78.000000 0.187978 25.003398 23.204542
 78.200000 0.172947 27.921702 23.204542
 78.400000 0.171742 28.007359 23.204542
 78.600000 0.176059 27.623151 23.204542
 78.800000 0.168907 28.145629 23.204542
 79.000000 0.169522 28.122933 23.204542
 79.200000 0.158899 28.430608 23.204542
 79.400000 0.164369 28.676882 23.204542
 79.600000 0.167124 28.684346 23.204542
 79.800000 0.162607 28.629734 23.204542
 80.000000 0.194544 24.265467 24.467770
 80.200000 0.182908 27.372453 24.467770
 80.400000 0.169967 28.758100 24.467770
 80.600000 0.183392 27.283825 24.467770
 80.800000 0.169533 28.769494 24.467770
 81.000000 0.156503 28.250286 24.467770
 81.200000 0.154018 28.449547 24.467770
 81.400000 0.174298 28.764612 24.467770
 81.600000 0.201899 23.215389 24.467770
 81.800000 0.208845 21.717819 24.467770
 82.000000 0.167877 29.166291 24.467770
 82.200000 0.157061 29.170262 24.467770
 82.400000 0.134358 21.218433 24.467770
 82.600000 0.123047 13.233329 24.467770
 82.800000 0.126031 15.385999 24.467770
 83.000000 0.141884 25.309294 24.467770
 83.200000 0.149301 28.318785 24.467770
 83.400000 0.158599 29.631660 24.467770
 83.600000 0.171830 29.515529 24.467770
 83.800000 0.178292 28.670292 24.467770
 84.000000 0.194223 25.054930 24.467770
 84.200000 0.216990 19.820516 24.467770
 84.400000 0.215487 20.287390 24.467770
 84.600000 0.220637 18.565337 24.467770
 84.800000 0.198398 24.601532 24.467770
 85.000000 0.184549 27.880056 25.853757
 85.200000 0.143604 26.596277 25.853757
 85.400000 0.173155 29.976613 25.853757
 85.600000 0.192553 26.476921 25.853757
 85.800000 0.196335 25.478486 25.853757
 86.000000 0.199883 24.539034 25.853757
 86.200000 0.210504 22.235222 25.853757
 86.400000 0.191440 27.265161 25.853757
 86.600000 0.215709 20.613538 25.853757
 86.800000 0.210912 22.115676 25.853757
 87.000000 0.227508 15.860780 25.853757
 87.200000 0.238080 11.599548 25.853757
 87.400000 0.214876 21.494628 25.853757
 87.600000 0.220297 19.718955 25.853757
 87.800000 0.238766 11.275400 25.853757
 88.000000 0.246901 7.850300 25.853757
 88.200000 0.247353 8.921873 25.853757
 88.400000 0.258873 5.557719 25.853757
 88.600000 0.260122 5.274365 25.853757
 88.800000 0.259735 5.360762 25.853757
 89.000000 0.258759 5.584365 25.853757
 89.200000 0.250884 8.923786 25.853757
 89.400000 0.246189 10.303279 25.853757
 89.600000 0.239473 12.631508 25.853757
 89.800000 0.251403 8.782691 25.853757
 90.000000 0.257875 7.156637 25.967277
 90.200000 0.240576 12.874094 25.967277
 90.400000 0.221873 19.564168 25.967277
 90.600000 0.209512 23.001883 25.967277
 90.800000 0.224513 18.660067 25.967277
 91.000000 0.233923 15.170957 25.967277
 91.200000 0.243556 12.695914 25.967277
 91.400000 0.234697 15.776890 25.967277
 91.600000 0.242307 13.101142 25.967277
 91.800000 0.246083 11.910891 25.967277
 92.000000 0.218776 21.078955 25.967277
 92.200000 0.192375 27.256490 25.967277
 92.400000 0.209022 23.895737 25.967277
 92.600000 0.203223 24.996237 25.967277
 92.800000 0.204546 24.740858 25.967277
 93.000000 0.220778 21.205271 25.967277
 93.200000 0.215466 23.218145 25.967277
 93.400000 0.219522 22.239331 25.967277
 93.600000 0.222823 21.256175 25.967277
 93.800000 0.215092 23.296666 25.967277
 94.000000 0.202805 25.409317 25.967277
 94.200000 0.209300 24.864041 25.967277
 94.400000 0.216452 23.374752 25.967277
 94.600000 0.234344 16.817947 25.967277
 94.800000 0.235571 16.290597 25.967277
 95.000000 0.255395 9.408242 26.146756
 95.200000 0.250243 11.970332 26.146756
 95.400000 0.249550 12.162926 26.146756
 95.600000 0.243602 13.924147 26.146756
 95.800000 0.236056 16.583467 26.146756
 96.000000 0.234137 17.327192 26.146756
 96.200000 0.254964 10.985334 26.146756
 96.400000 0.238687 16.373400 26.146756
 96.600000 0.247297 13.352524 26.146756
 96.800000 0.283351 2.466821 26.146756
 97.000000 0.273182 5.188844 26.146756
 97.200000 0.257183 11.092671 26.146756
 97.400000 0.237321 16.972426 26.146756
 97.600000 0.244407 14.528203 26.146756
 97.800000 0.257248 11.076271 26.146756
 98.000000 0.256335 11.305401 26.146756
 98.200000 0.270072 8.227281 26.146756
 98.400000 0.282594 4.000332 26.146756
 98.600000 0.288778 2.375470 26.146756
 98.800000 0.288142 2.520707 26.146756
 99.000000 0.279918 4.835718 26.146756
 99.200000 0.294469 2.192388 26.146756
 99.400000 0.296482 1.799269 26.146756
 99.600000 0.278690 6.646023 26.146756
 99.800000 0.290851 3.020125 26.146756
 100.000000 0.275288 7.748105 26.118003
 100.200000 0.278906 7.779120 26.118003
 100.400000 0.290314 3.904970 26.118003
 100.600000 0.296248 2.307745 26.118003
 100.800000 0.258452 12.982691 26.118003
 101.000000 0.257080 13.207648 26.118003
 101.200000 0.271093 10.877273 26.118003
 101.400000 0.290885 3.807258 26.118003
 101.600000 0.309490 0.433484 26.118003
 101.800000 0.306315 0.695047 26.118003
 102.000000 0.290404 3.958257 26.118003
 102.200000 0.286055 6.843604 26.118003
 102.400000 0.278987 9.181811 26.118003
 102.600000 0.251524 15.063112 26.118003
 102.800000 0.236230 18.237495 26.118003
 103.000000 0.241897 16.750606 26.118003
 103.200000 0.276007 10.177507 26.118003
 103.400000 0.322228 0.189118 26.118003
 103.600000 0.336861 0.009308 26.118003
 103.800000 0.300693 2.598904 26.118003
 104.000000 0.284639 7.328590 26.118003
 104.200000 0.284978 8.476991 26.118003
 104.400000 0.276555 11.096497 26.118003
 104.600000 0.298384 3.971771 26.118003
 104.800000 0.296421 4.578034 26.118003
 105.000000 0.289734 6.834160 26.083268
 105.200000 0.298575 4.999240 26.083268
 105.400000 0.300736 4.283737 26.083268
 105.600000 0.307858 2.299782 26.083268
 105.800000 0.299757 4.602877 26.083268
 106.000000 0.279750 11.198701 26.083268
 106.200000 0.257266 15.467345 26.083268
 106.400000 0.252908 15.913872 26.083268
 106.600000 0.255079 15.683044 26.083268
 106.800000 0.280950 11.939336 26.083268
 107.000000 0.311626 1.646944 26.083268
 107.200000 0.311108 3.372830 26.083268
 107.400000 0.299456 6.318923 26.083268
 107.600000 0.296815 7.160841 26.083268
 107.800000 0.285926 10.752290 26.083268
 108.000000 0.260799 15.134751 26.083268
 108.200000 0.244353 17.642371 26.083268
 108.400000 0.250221 16.930613 26.083268
 108.600000 0.234290 19.749132 26.083268
 108.800000 0.242832 17.886079 26.083268
 109.000000 0.243978 17.699972 26.083268
 109.200000 0.264859 15.902776 26.083268
 109.400000 0.271305 14.830275 26.083268
 109.600000 0.269092 15.232635 26.083268
 109.800000 0.259712 16.583928 26.083268
 110.000000 0.233196 20.649478 26.074404
 110.200000 0.234206 21.109836 26.074404
 110.400000 0.229588 22.191353 26.074404
 110.600000 0.219490 24.163688 26.074404
 110.800000 0.214414 24.842570 26.074404
 111.000000 0.206190 25.766206 26.074404
 111.200000 0.213432 25.450415 26.074404
 111.400000 0.224120 23.633241 26.074404
 111.600000 0.229731 22.319809 26.074404
 111.800000 0.226356 23.132196 26.074404
 112.000000 0.244322 18.992643 26.074404
 112.200000 0.252906 18.290256 26.074404
 112.400000 0.259298 17.241848 26.074404
 112.600000 0.248595 18.997251 26.074404
 112.800000 0.236567 21.289601 26.074404
 113.000000 0.227388 23.285873 26.074404
 113.200000 0.249955 18.969929 26.074404
 113.400000 0.270782 15.123498 26.074404
 113.600000 0.282937 11.969714 26.074404
 113.800000 0.295147 7.777479 26.074404
 114.000000 0.298828 6.549055 26.074404
 114.200000 0.299375 7.681463 26.074404
 114.400000 0.252453 18.524832 26.074404
 114.600000 0.240964 20.793186 26.074404
 114.800000 0.228520 23.666083 26.074404
 115.000000 0.234807 22.220940 26.252034
 115.200000 0.242236 21.088787 26.252034
 115.400000 0.234946 22.838321 26.252034
 115.600000 0.236441 22.480033 26.252034
 115.800000 0.224002 25.063707 26.252034
 116.000000 0.210128 26.399065 26.252034
 116.200000 0.210948 26.883303 26.252034
 116.400000 0.236672 22.536380 26.252034
 116.600000 0.204797 27.302918 26.252034
 116.800000 0.174910 30.191614 26.252034
 117.000000 0.195353 28.183241 26.252034
 117.200000 0.190140 29.262240 26.252034
 117.400000 0.188121 29.476556 26.252034
 117.600000 0.175043 30.384478 26.252034
 117.800000 0.156396 29.584302 26.252034
 118.000000 0.144707 27.006550 26.252034
 118.200000 0.144134 27.323029 26.252034
 118.400000 0.126631 16.414346 26.252034
 118.600000 0.129477 18.600196 26.252034
 118.800000 0.150031 29.020754 26.252034
 119.000000 0.143356 27.022538 26.252034
 119.200000 0.119755 11.431208 26.252034
 119.400000 0.119226 11.055227 26.252034
 119.600000 0.112946 7.097118 26.252034
 119.800000 0.111316 6.239250 26.252034
 120.000000 0.116011 8.903713 26.909618
 120.200000 0.113642 8.647904 26.909618
 120.400000 0.109557 6.466775 26.909618
 120.600000 0.114513 9.160466 26.909618
 120.800000 0.124908 16.319972 26.909618
 121.000000 0.121354 13.704925 26.909618
 121.200000 0.113435 9.354645 26.909618
 121.400000 0.123971 16.557749 26.909618
 121.600000 0.126312 18.272065 26.909618
 121.800000 0.137285 25.450796 26.909618
 122.000000 0.145580 28.773900 26.909618
 122.200000 0.122264 15.457467 26.909618
 122.400000 0.110354 7.618683 26.909618
 122.600000 0.112601 8.900386 26.909618
 122.800000 0.113950 9.720087 26.909618
 123.000000 0.116873 11.617668 26.909618
 123.200000 0.123877 17.594224 26.909618
 123.400000 0.119625 14.559219 26.909618
 123.600000 0.118789 13.974097 26.909618
 123.800000 0.116460 12.382391 26.909618
 124.000000 0.125075 18.454646 26.909618
 124.200000 0.128361 21.535157 26.909618
 124.400000 0.124130 18.543925 26.909618
 124.600000 0.117003 13.413510 26.909618
 124.800000 0.122055 17.038777 26.909618
 125.000000 0.114235 11.516967 27.254235
 125.200000 0.114768 12.921623 27.254235
 125.400000 0.108543 8.952432 27.254235
 125.600000 0.117745 14.955426 27.254235
 125.800000 0.113309 11.950680 27.254235
 126.000000 0.116584 14.155824 27.254235
 126.200000 0.113418 12.933497 27.254235
 126.400000 0.125716 21.236842 27.254235
 126.600000 0.127929 22.627259 27.254235
 126.800000 0.120952 18.078901 27.254235
 127.000000 0.124350 20.350950 27.254235
 127.200000 0.115753 15.117371 27.254235
 127.400000 0.113257 13.362407 27.254235
 127.600000 0.104871 7.880276 27.254235
 127.800000 0.121034 18.824235 27.254235
 128.000000 0.113957 13.852205 27.254235
 128.200000 0.116873 16.835710 27.254235
 128.400000 0.117690 17.401653 27.254235
 128.600000 0.119111 18.376364 27.254235
 128.800000 0.115811 16.095725 27.254235
 129.000000 0.129923 25.012777 27.254235
 129.200000 0.123537 21.815239 27.254235
 129.400000 0.112961 14.400668 27.254235
 129.600000 0.110289 12.482269 27.254235
 129.800000 0.114904 15.808417 27.254235
 130.000000 0.113158 14.543586 27.536517
 130.200000 0.119706 20.067438 27.536517
 130.400000 0.116147 17.603931 27.536517
 130.600000 0.107490 11.385234 27.536517
 130.800000 0.115927 17.447835 27.536517
 131.000000 0.110044 13.204808 27.536517
 131.200000 0.108787 13.271369 27.536517
 131.400000 0.106106 11.365893 27.536517
 131.600000 0.118388 20.003216 27.536517
 131.800000 0.121312 21.860879 27.536517
 132.000000 0.127634 25.387464 27.536517
 132.200000 0.125315 24.735306 27.536517
 132.400000 0.136678 29.513588 27.536517
 132.600000 0.137570 29.755992 27.536517
 132.800000 0.132386 28.069589 27.536517
 133.000000 0.130412 27.254035 27.536517
 133.200000 0.108229 13.288237 27.536517
 133.400000 0.113331 17.162523 27.536517
 133.600000 0.099935 7.491065 27.536517
 133.800000 0.097651 6.149352 27.536517
 134.000000 0.101985 8.807175 27.536517
 134.200000 0.102548 10.366382 27.536517
 134.400000 0.107270 13.679121 27.536517
 134.600000 0.108400 14.496138 27.536517
 134.800000 0.100180 8.816704 27.536517
 135.000000 0.106662 13.241631 27.846814
 135.200000 0.117137 21.432617 27.846814
 135.400000 0.126743 26.698594 27.846814
 135.600000 0.124267 25.503999 27.846814
 135.800000 0.123247 24.977299 27.846814
 136.000000 0.109293 16.099366 27.846814
 136.200000 0.121616 24.704359 27.846814
 136.400000 0.129059 28.064327 27.846814
 136.600000 0.127639 27.505119 27.846814
 136.800000 0.122239 25.026130 27.846814
 137.000000 0.133912 29.667623 27.846814
 137.200000 0.129799 28.789506 27.846814
 137.400000 0.126988 27.654910 27.846814
 137.600000 0.118771 23.422476 27.846814
 137.800000 0.114961 21.028963 27.846814
 138.000000 0.119294 23.730929 27.846814
 138.200000 0.141324 31.767277 27.846814
 138.400000 0.128045 28.614019 27.846814
 138.600000 0.129884 29.294700 27.846814
 138.800000 0.121547 25.601665 27.846814
 139.000000 0.112671 20.030811 27.846814
 139.200000 0.100973 11.816471 27.846814
 139.400000 0.115117 22.424428 27.846814
 139.600000 0.115513 22.684380 27.846814
 139.800000 0.112113 20.349461 27.846814
 140.000000 0.115287 22.536113 28.297555
 140.200000 0.124691 28.223076 28.297555
 140.400000 0.134550 31.196913 28.297555
 140.600000 0.136588 31.543662 28.297555
 140.800000 0.144696 32.120894 28.297555
 141.000000 0.130526 30.248301 28.297555
 141.200000 0.119903 26.294884 28.297555
 141.400000 0.115407 23.529712 28.297555
 141.600000 0.119207 25.901628 28.297555
 141.800000 0.118531 25.506957 28.297555
 142.000000 0.129770 30.484600 28.297555
 142.200000 0.129202 30.760901 28.297555
 142.400000 0.141806 32.716846 28.297555
 142.600000 0.146601 32.600143 28.297555
 142.800000 0.149771 32.377782 28.297555
 143.000000 0.156960 31.738069 28.297555
 143.200000 0.144104 32.997287 28.297555
 143.400000 0.124058 28.825180 28.297555
 143.600000 0.125525 29.470438 28.297555
 143.800000 0.128201 30.500307 28.297555
 144.000000 0.130388 31.201939 28.297555
 144.200000 0.112648 22.040874 28.297555
 144.400000 0.129143 31.252387 28.297555
 144.600000 0.137216 33.013912 28.297555
 144.800000 0.130643 31.711581 28.297555
 145.000000 0.117222 25.334748 29.249969
 145.200000 0.123610 29.527078 29.249969
 145.400000 0.130920 32.162624 29.249969
 145.600000 0.133557 32.741717 29.249969
 145.800000 0.119678 27.442901 29.249969
 146.000000 0.120367 27.842382 29.249969
 146.200000 0.136736 33.477234 29.249969
 146.400000 0.140823 33.637316 29.249969
 146.600000 0.145394 33.460688 29.249969
 146.800000 0.171814 31.066963 29.249969
 147.000000 0.176668 30.688331 29.249969
 147.200000 0.166308 31.814360 29.249969
 147.400000 0.160297 32.209638 29.249969
 147.600000 0.169423 31.634374 29.249969
 147.800000 0.160975 32.159598 29.249969
 148.000000 0.159437 32.275621 29.249969
 148.200000 0.161914 32.502961 29.249969
 148.400000 0.160312 32.623391 29.249969
 148.600000 0.147756 33.644436 29.249969
 148.800000 0.159033 32.723216 29.249969
 149.000000 0.145011 33.795263 29.249969
 149.200000 0.154388 33.429901 29.249969
 149.400000 0.148647 33.959644 29.249969
 149.600000 0.146486 34.109127 29.249969
 149.800000 0.147714 34.029380 29.249969
 150.000000 0.162064 32.695126 30.283585
 150.200000 0.181975 30.944670 30.283585
 150.400000 0.190851 29.624782 30.283585
 150.600000 0.196035 28.866019 30.283585
 150.800000 0.199582 28.395959 30.283585
 151.000000 0.176017 31.722496 30.283585
 151.200000 0.167013 33.012333 30.283585
 151.400000 0.164213 33.224162 30.283585
 151.600000 0.171513 32.631894 30.283585
 151.800000 0.167503 32.974041 30.283585
 152.000000 0.170854 32.693046 30.283585
 152.200000 0.174895 32.672860 30.283585
 152.400000 0.189043 30.385908 30.283585
 152.600000 0.179851 31.989153 30.283585
 152.800000 0.171729 33.018611 30.283585
 153.000000 0.162101 33.720298 30.283585
 153.200000 0.149072 34.698570 30.283585
 153.400000 0.157537 34.353733 30.283585
 153.600000 0.157218 34.369423 30.283585
 153.800000 0.155777 34.438271 30.283585
 154.000000 0.168541 33.649525 30.283585
 154.200000 0.160983 34.517722 30.283585
 154.400000 0.189150 30.593886 30.283585
 154.600000 0.196510 29.156557 30.283585
 154.800000 0.195994 29.248393 30.283585
 155.000000 0.185122 31.434582 31.209872
 155.200000 0.173808 33.779122 31.209872
 155.400000 0.170810 34.093859 31.209872
 155.600000 0.169476 34.205252 31.209872
 155.800000 0.160570 34.647952 31.209872
 156.000000 0.161742 34.610836 31.209872
 156.200000 0.168371 34.625712 31.209872
 156.400000 0.141579 34.877545 31.209872
 156.600000 0.148250 35.143621 31.209872
 156.800000 0.184321 32.150500 31.209872
 157.000000 0.193037 30.222019 31.209872
 157.200000 0.170722 34.564687 31.209872
 157.400000 0.191777 30.949792 31.209872
 157.600000 0.192943 30.697678 31.209872
 157.800000 0.194663 30.330858 31.209872
 158.000000 0.195525 30.150510 31.209872
 158.200000 0.207188 28.425805 31.209872
 158.400000 0.188737 32.021762 31.209872
 158.600000 0.162089 35.064194 31.209872
 158.800000 0.161866 35.068984 31.209872
 159.000000 0.158647 35.122391 31.209872
 159.200000 0.141267 35.039825 31.209872
 159.400000 0.136898 34.475272 31.209872
 159.600000 0.145830 35.351696 31.209872
 159.800000 0.163395 35.380714 31.209872
 160.000000 0.160540 35.457373 32.125670
 160.200000 0.165129 35.655666 32.125670
 160.400000 0.153362 35.832591 32.125670
 160.600000 0.148355 35.699980 32.125670
 160.800000 0.155365 35.852225 32.125670
 161.000000 0.155391 35.852372 32.125670
 161.200000 0.160651 36.148947 32.125670
 161.400000 0.180077 33.977143 32.125670
 161.600000 0.187286 32.481436 32.125670
 161.800000 0.196894 30.364007 32.125670
 162.000000 0.208376 28.239329 32.125670
 162.200000 0.212204 28.135842 32.125670
 162.400000 0.204716 29.327064 32.125670
 162.600000 0.209005 28.637825 32.125670
 162.800000 0.212671 28.061843 32.125670
 163.000000 0.231245 24.115947 32.125670
 163.200000 0.239254 22.474358 32.125670
 163.400000 0.209499 28.768740 32.125670
 163.600000 0.186799 32.770566 32.125670
 163.800000 0.189016 32.324519 32.125670
 164.000000 0.209762 28.732872 32.125670
 164.200000 0.203557 30.076494 32.125670
 164.400000 0.214477 28.552280 32.125670
 164.600000 0.225418 26.437164 32.125670
 164.800000 0.229337 25.420767 32.125670
 165.000000 0.230448 25.112791 32.434475
 165.200000 0.245426 21.165049 32.434475
 165.400000 0.239601 22.917521 32.434475
 165.600000 0.248045 20.430146 32.434475
 165.800000 0.214640 28.855339 32.434475
 166.000000 0.204775 30.034049 32.434475
 166.200000 0.187897 32.970190 32.434475
 166.400000 0.207524 30.151891 32.434475
 166.600000 0.225510 27.132271 32.434475
 166.800000 0.224454 27.388340 32.434475
 167.000000 0.183980 33.616781 32.434475
 167.200000 0.186210 33.635898 32.434475
 167.400000 0.183079 34.155324 32.434475
 167.600000 0.176197 35.172186 32.434475
 167.800000 0.166557 36.072193 32.434475
 168.000000 0.161371 36.262212 32.434475
 168.200000 0.163173 36.563778 32.434475
 168.400000 0.167112 36.363454 32.434475
 168.600000 0.179620 34.860076 32.434475
 168.800000 0.186703 33.635487 32.434475
 169.000000 0.188773 33.263228 32.434475
 169.200000 0.181386 34.919396 32.434475
 169.400000 0.185504 34.238165 32.434475
 169.600000 0.190091 33.423143 32.434475
 169.800000 0.176598 35.612956 32.434475
 170.000000 0.182373 34.762022 33.149464
 170.200000 0.186328 34.454265 33.149464
 170.400000 0.199875 31.862868 33.149464
 170.600000 0.200040 31.832309 33.149464
 170.800000 0.201792 31.512870 33.149464
 171.000000 0.184418 34.792114 33.149464
 171.200000 0.200327 31.990686 33.149464
 171.400000 0.220514 28.332536 33.149464
 171.600000 0.206992 30.745822 33.149464
 171.800000 0.186515 34.788321 33.149464
 172.000000 0.191482 33.811986 33.149464
 172.200000 0.208011 30.780247 33.149464
 172.400000 0.197230 32.979847 33.149464
 172.600000 0.193134 33.856038 33.149464
 172.800000 0.206281 31.109092 33.149464
 173.000000 0.201687 32.030561 33.149464
 173.200000 0.200203 32.761007 33.149464
 173.400000 0.188830 35.018114 33.149464
 173.600000 0.176964 36.591500 33.149464
 173.800000 0.162855 37.029639 33.149464
 174.000000 0.171966 36.922350 33.149464
 174.200000 0.159466 37.182769 33.149464
 174.400000 0.155021 36.938428 33.149464
 174.600000 0.149643 36.549680 33.149464
 174.800000 0.160144 37.213013 33.149464
 175.000000 0.165108 37.357342 33.957258
 175.200000 0.161909 37.604918 33.957258
 175.400000 0.172769 37.511549 33.957258
 175.600000 0.180109 36.772754 33.957258
 175.800000 0.189160 35.225917 33.957258
 176.000000 0.207752 31.240063 33.957258
 176.200000 0.201845 32.882121 33.957258
 176.400000 0.196430 33.999834 33.957258
 176.600000 0.187806 35.672122 33.957258
 176.800000 0.192360 34.817939 33.957258
 177.000000 0.187770 35.678371 33.957258
 177.200000 0.187378 36.104547 33.957258
 177.400000 0.185601 36.402799 33.957258
 177.600000 0.174455 37.666219 33.957258
 177.800000 0.177914 37.395494 33.957258
 178.000000 0.164132 37.780417 33.957258
 178.200000 0.159325 37.852834 33.957258
 178.400000 0.168745 38.159871 33.957258
 178.600000 0.186946 36.281145 33.957258
 178.800000 0.207629 31.852709 33.957258
 179.000000 0.221560 28.646594 33.957258
 179.200000 0.210028 31.696877 33.957258
 179.400000 0.191857 35.386778 33.957258
 179.600000 0.193482 35.059332 33.957258
 179.800000 0.186342 36.419690 33.957258
 180.000000 0.183025 36.955706 34.588799
 180.200000 0.197555 34.430287 34.588799
 180.400000 0.189029 36.245764 34.588799
 180.600000 0.177190 38.001691 34.588799
 180.800000 0.177687 37.955051 34.588799
 181.000000 0.186569 36.708398 34.588799
 181.200000 0.196124 35.024797 34.588799
 181.400000 0.207504 32.411413 34.588799
 181.600000 0.200600 33.976756 34.588799
 181.800000 0.203701 33.259805 34.588799
 182.000000 0.193739 35.572413 34.588799
 182.200000 0.183136 37.888034 34.588799
 182.400000 0.177977 38.422354 34.588799
 182.600000 0.159406 38.046731 34.588799
 182.800000 0.159068 38.015850 34.588799
 183.000000 0.175235 38.583683 34.588799
 183.200000 0.201067 34.256628 34.588799
 183.400000 0.204801 33.328672 34.588799
 183.600000 0.196136 35.494739 34.588799
 183.800000 0.186434 37.629597 34.588799
 184.000000 0.192185 36.441391 34.588799
 184.200000 0.181128 38.684873 34.588799
 184.400000 0.172674 39.115775 34.588799
 184.600000 0.141981 35.980875 34.588799
 184.800000 0.157026 37.990538 34.588799
 185.000000 0.148681 36.961889 35.411283
 185.200000 0.137317 35.343262 35.411283
 185.400000 0.157781 38.357642 35.411283
 185.600000 0.151088 37.604776 35.411283
 185.800000 0.152091 37.726081 35.411283
 186.000000 0.150861 37.576897 35.411283
 186.200000 0.153991 38.268222 35.411283
 186.400000 0.142784 36.708817 35.411283
 186.600000 0.151908 38.031563 35.411283
 186.800000 0.171464 39.338085 35.411283
 187.000000 0.160324 38.873530 35.411283
 187.200000 0.155482 38.720409 35.411283
 187.400000 0.176666 39.327617 35.411283
 187.600000 0.185746 38.175214 35.411283
 187.800000 0.191473 36.996224 35.411283
 188.000000 0.148673 37.851678 35.411283
 188.200000 0.151370 38.545201 35.411283
 188.400000 0.142752 37.158433 35.411283
 188.600000 0.137835 36.036067 35.411283
 188.800000 0.124873 31.235817 35.411283
 189.000000 0.116249 25.919905 35.411283
 189.200000 0.121514 29.920064 35.411283
 189.400000 0.109113 20.625249 35.411283
 189.600000 0.119894 28.945748 35.411283
 189.800000 0.125858 32.169033 35.411283
 190.000000 0.128655 33.365700 36.031367
 190.200000 0.135827 36.072997 36.031367
 190.400000 0.139332 36.884590 36.031367
 190.600000 0.136358 36.207603 36.031367
 190.800000 0.139971 37.014484 36.031367
 191.000000 0.151711 38.741901 36.031367
 191.200000 0.153467 39.231473 36.031367
 191.400000 0.148946 38.730301 36.031367
 191.600000 0.143183 37.865131 36.031367
 191.800000 0.134868 35.984269 36.031367
 192.000000 0.139082 37.050703 36.031367
 192.200000 0.144284 38.369332 36.031367
 192.400000 0.138358 37.221474 36.031367
 192.600000 0.124035 31.923657 36.031367
 192.800000 0.128438 34.029245 36.031367
 193.000000 0.143122 38.178312 36.031367
 193.200000 0.140497 38.002384 36.031367
 193.400000 0.132848 35.934139 36.031367
 193.600000 0.119160 29.059324 36.031367
 193.800000 0.134828 36.569598 36.031367
 194.000000 0.144937 38.787438 36.031367
 194.200000 0.159831 40.199248 36.031367
 194.400000 0.151167 39.798580 36.031367
 194.600000 0.143331 38.842355 36.031367
 194.800000 0.147050 39.384722 36.031367
 195.000000 0.151199 39.801190 36.824376
 195.200000 0.144157 39.244564 36.824376
 195.400000 0.149610 39.957953 36.824376
 195.600000 0.146500 39.598365 36.824376
 195.800000 0.143260 39.088623 36.824376
 196.000000 0.129167 34.818018 36.824376
 196.200000 0.126254 33.796947 36.824376
 196.400000 0.119264 29.530766 36.824376
 196.600000 0.112690 24.287844 36.824376
 196.800000 0.112158 23.818398 36.824376
 197.000000 0.114115 25.514235 36.824376
 197.200000 0.104748 17.392353 36.824376
 197.400000 0.114160 26.114240 36.824376
 197.600000 0.111103 23.423288 36.824376
 197.800000 0.113404 25.469126 36.824376
 198.000000 0.112420 24.607977 36.824376
 198.200000 0.119429 30.698620 36.824376
 198.400000 0.109319 22.340037 36.824376
 198.600000 0.099886 13.256139 36.824376
 198.800000 0.102601 15.817180 36.824376
 199.000000 0.096328 10.151948 36.824376
 199.200000 0.111015 24.613224 36.824376
 199.400000 0.104861 18.962304 36.824376
 199.600000 0.114679 27.652416 36.824376
 199.800000 0.106007 20.041058 36.824376
 200.000000 0.105737 19.787039 36.968033
 200.200000 0.102609 17.553832 36.968033
 200.400000 0.111607 25.797292 36.968033
 200.600000 0.105754 20.528447 36.968033
 200.800000 0.111572 25.768163 36.968033
 201.000000 0.113071 27.003559 36.968033
 201.200000 0.103382 18.711969 36.968033
 201.400000 0.112053 26.695683 36.968033
 201.600000 0.130367 36.838835 36.968033
 201.800000 0.129427 36.535673 36.968033
 202.000000 0.131550 37.197249 36.968033
 202.200000 0.133825 38.147761 36.968033
 202.400000 0.151055 40.429833 36.968033
 202.600000 0.165253 40.435181 36.968033
 202.800000 0.161580 40.538385 36.968033
 203.000000 0.146934 40.184226 36.968033
 203.200000 0.132380 37.949368 36.968033
 203.400000 0.129557 37.058561 36.968033
 203.600000 0.121460 33.478545 36.968033
 203.800000 0.130613 37.410036 36.968033
 204.000000 0.137907 39.277840 36.968033
 204.200000 0.146120 40.671452 36.968033
 204.400000 0.128499 36.932374 36.968033
 204.600000 0.129114 37.160265 36.968033
 204.800000 0.138853 39.759152 36.968033
 205.000000 0.142636 40.327136 37.589978
 205.200000 0.136987 39.665823 37.589978
 205.400000 0.136817 39.628419 37.589978
 205.600000 0.150233 41.149118 37.589978
 205.800000 0.148588 41.094343 37.589978
 206.000000 0.134414 39.044191 37.589978
 206.200000 0.150838 41.330803 37.589978
 206.400000 0.158340 41.162729 37.589978
 206.600000 0.151909 41.332170 37.589978
 206.800000 0.172356 40.169117 37.589978
 207.000000 0.168616 40.503869 37.589978
 207.200000 0.140352 40.629440 37.589978
 207.400000 0.124762 35.748433 37.589978
 207.600000 0.132072 38.686061 37.589978
 207.800000 0.126341 36.493796 37.589978
 208.000000 0.119942 33.036479 37.589978
 208.200000 0.117672 31.909783 37.589978
 208.400000 0.122298 34.844660 37.589978
 208.600000 0.124206 35.855702 37.589978
 208.800000 0.120013 33.483326 37.589978
 209.000000 0.119653 33.253249 37.589978
 209.200000 0.118368 32.793174 37.589978
 209.400000 0.114994 30.267482 37.589978
 209.600000 0.125953 37.051562 37.589978
 209.800000 0.133085 39.536760 37.589978
 210.000000 0.132484 39.373971 38.152381
 210.200000 0.145511 41.619065 38.152381
 210.400000 0.167196 40.926731 38.152381
 210.600000 0.155246 41.612677 38.152381
 210.800000 0.166673 40.967772 38.152381
 211.000000 0.176088 40.016597 38.152381
 211.200000 0.171033 40.869373 38.152381
 211.400000 0.164597 41.341256 38.152381
 211.600000 0.171914 40.786155 38.152381
 211.800000 0.174501 40.507671 38.152381
 212.000000 0.153459 41.759783 38.152381
 212.200000 0.152433 42.044379 38.152381
 212.400000 0.174915 40.555800 38.152381
 212.600000 0.152871 42.040051 38.152381
 212.800000 0.141423 41.540793 38.152381
 213.000000 0.129691 38.887717 38.152381
 213.200000 0.123886 36.659063 38.152381
 213.400000 0.107064 23.172756 38.152381
 213.600000 0.102724 18.712404 38.152381
 213.800000 0.108476 24.597175 38.152381
 214.000000 0.115832 31.307368 38.152381
 214.200000 0.110236 26.731824 38.152381
 214.400000 0.116236 32.063643 38.152381
 214.600000 0.115373 31.368683 38.152381
 214.800000 0.125507 37.821796 38.152381
 215.000000 0.113074 29.393467 38.698044
 215.200000 0.107294 24.214004 38.698044
 215.400000 0.114534 31.138293 38.698044
 215.600000 0.114872 31.422382 38.698044
 215.800000 0.117258 33.306256 38.698044
 216.000000 0.120891 35.755682 38.698044
 216.200000 0.123463 37.536873 38.698044
 216.400000 0.137001 41.629515 38.698044
 216.600000 0.137950 41.755039 38.698044
 216.800000 0.132747 40.849817 38.698044
 217.000000 0.119134 34.988214 38.698044
 217.200000 0.122512 37.398276 38.698044
 217.400000 0.134734 41.474665 38.698044
 217.600000 0.130491 40.547551 38.698044
 217.800000 0.124216 38.255255 38.698044
 218.000000 0.125507 38.832236 38.698044
 218.200000 0.132213 41.256335 38.698044
 218.400000 0.121462 37.112707 38.698044
 218.600000 0.130599 40.869406 38.698044
 218.800000 0.118028 34.858609 38.698044
 219.000000 0.110703 28.438948 38.698044
 219.200000 0.105360 23.218966 38.698044
 219.400000 0.109832 28.044087 38.698044
 219.600000 0.106276 24.232872 38.698044
 219.800000 0.105522 23.398481 38.698044
 220.000000 0.115879 33.656891 39.076200
 220.200000 0.110843 29.441170 39.076200
 220.400000 0.128395 40.744699 39.076200
 220.600000 0.143806 42.568244 39.076200
 220.800000 0.159671 41.930992 39.076200
 221.000000 0.157107 42.087697 39.076200
 221.200000 0.174157 40.797228 39.076200
 221.400000 0.179469 39.973188 39.076200
 221.600000 0.165116 41.780336 39.076200
 221.800000 0.166156 41.687149 39.076200
 222.000000 0.179710 39.930785 39.076200
 222.200000 0.195702 36.333149 39.076200
 222.400000 0.202141 34.457930 39.076200
 222.600000 0.180604 40.064344 39.076200
 222.800000 0.157349 42.438820 39.076200
 223.000000 0.181402 39.914101 39.076200
 223.200000 0.180870 40.310412 39.076200
 223.400000 0.155808 42.580203 39.076200
 223.600000 0.142378 42.743617 39.076200
 223.800000 0.130267 41.292441 39.076200
 224.000000 0.153225 42.669894 39.076200
 224.200000 0.145716 43.027286 39.076200
 224.400000 0.145493 43.024741 39.076200
 224.600000 0.137054 42.559393 39.076200
 224.800000 0.120301 37.219243 39.076200
 225.000000 0.117825 35.561712 39.701292
 225.200000 0.119930 37.343934 39.701292
 225.400000 0.125191 40.028616 39.701292
 225.600000 0.124321 39.664773 39.701292
 225.800000 0.152169 42.987884 39.701292
 226.000000 0.162734 42.484408 39.701292
 226.200000 0.175969 41.362849 39.701292
 226.400000 0.184706 39.636618 39.701292
 226.600000 0.182857 40.063083 39.701292
 226.800000 0.177110 41.178434 39.701292
 227.000000 0.158428 42.982681 39.701292
 227.200000 0.162959 42.980076 39.701292
 227.400000 0.150708 43.445848 39.701292
 227.600000 0.152464 43.425360 39.701292
 227.800000 0.152401 43.426370 39.701292
 228.000000 0.166222 42.717905 39.701292
 228.200000 0.144472 43.465007 39.701292
 228.400000 0.164327 43.137654 39.701292
 228.600000 0.167613 42.846322 39.701292
 228.800000 0.147509 43.559172 39.701292
 229.000000 0.161828 43.305585 39.701292
 229.200000 0.167857 43.056108 39.701292
 229.400000 0.171924 42.540922 39.701292
 229.600000 0.173921 42.228155 39.701292
 229.800000 0.182837 40.371856 39.701292
 230.000000 0.163742 43.433122 40.540305
 230.200000 0.154784 44.007915 40.540305
 230.400000 0.126739 40.683273 40.540305
 230.600000 0.130102 41.715758 40.540305
 230.800000 0.120682 37.828403 40.540305
 231.000000 0.155446 44.004899 40.540305
 231.200000 0.170614 43.099461 40.540305
 231.400000 0.180240 41.187927 40.540305
 231.600000 0.170498 43.116755 40.540305
 231.800000 0.158164 44.203452 40.540305
 232.000000 0.135063 42.835286 40.540305
 232.200000 0.141142 43.857435 40.540305
 232.400000 0.173076 42.706854 40.540305
 232.600000 0.193263 37.431883 40.540305
 232.800000 0.198092 35.881720 40.540305
 233.000000 0.211665 31.942628 40.540305
 233.200000 0.227373 27.753880 40.540305
 233.400000 0.217877 30.708329 40.540305
 233.600000 0.213803 31.804901 40.540305
 233.800000 0.197379 36.377285 40.540305
 234.000000 0.179345 41.445710 40.540305
 234.200000 0.158314 44.379754 40.540305
 234.400000 0.165942 43.910864 40.540305
 234.600000 0.165563 43.947027 40.540305
 234.800000 0.176420 42.353322 40.540305
 235.000000 0.187165 39.671763 41.030634
 235.200000 0.172156 43.306118 41.030634
 235.400000 0.173649 43.075154 41.030634
 235.600000 0.191665 38.596341 41.030634
 235.800000 0.220620 29.950754 41.030634
 236.000000 0.234670 25.120117 41.030634
 236.200000 0.224730 29.116644 41.030634
 236.400000 0.222773 29.705331 41.030634
 236.600000 0.213778 32.108374 41.030634
 236.800000 0.207480 33.745204 41.030634
 237.000000 0.223578 29.467091 41.030634
 237.200000 0.238852 24.422716 41.030634
 237.400000 0.225845 29.232312 41.030634
 237.600000 0.202118 35.456273 41.030634
 237.800000 0.189607 39.280242 41.030634
 238.000000 0.197139 36.948568 41.030634
 238.200000 0.201180 36.053736 41.030634
 238.400000 0.200795 36.169135 41.030634
 238.600000 0.197722 37.106157 41.030634
 238.800000 0.202006 35.808484 41.030634
 239.000000 0.200161 36.360414 41.030634
 239.200000 0.232869 26.790686 41.030634
 239.400000 0.247031 21.421927 41.030634
 239.600000 0.239298 24.266899 41.030634
 239.800000 0.219662 31.294805 41.030634
 240.000000 0.218700 31.569005 41.087735
 240.200000 0.215661 32.820963 41.087735
 240.400000 0.216531 32.591609 41.087735
 240.600000 0.208308 34.692988 41.087735
 240.800000 0.192608 39.081977 41.087735
 241.000000 0.200429 36.829411 41.087735
 241.200000 0.199643 37.393495 41.087735
 241.400000 0.190512 39.939116 41.087735
 241.600000 0.178402 42.590990 41.087735
 241.800000 0.190783 39.868039 41.087735
 242.000000 0.188063 40.562492 41.087735
 242.200000 0.189444 40.501592 41.087735
 242.400000 0.183502 41.884236 41.087735
 242.600000 0.164600 44.283517 41.087735
 242.800000 0.158398 44.488461 41.087735
 243.000000 0.149917 44.400050 41.087735
 243.200000 0.151953 44.697185 41.087735
 243.400000 0.148838 44.602236 41.087735
 243.600000 0.142272 44.183299 41.087735
 243.800000 0.138166 43.729087 41.087735
 244.000000 0.151996 44.698051 41.087735
 244.200000 0.153208 44.955665 41.087735
 244.400000 0.151378 44.923207 41.087735
 244.600000 0.144774 44.594150 41.087735
 244.800000 0.151309 44.921479 41.087735
 245.000000 0.141678 44.316619 41.676715
 245.200000 0.147063 44.974213 41.676715
 245.400000 0.145480 44.881037 41.676715
 245.600000 0.142063 44.599032 41.676715
 245.800000 0.122365 39.156539 41.676715
 246.000000 0.117961 36.290599 41.676715
 246.200000 0.124782 40.698912 41.676715
 246.400000 0.126330 41.356229 41.676715
 246.600000 0.128814 42.245159 41.676715
 246.800000 0.132795 43.316770 41.676715
 247.000000 0.120528 38.407034 41.676715
 247.200000 0.112055 31.708978 41.676715
 247.400000 0.118969 37.683700 41.676715
 247.600000 0.138132 44.415472 41.676715
 247.800000 0.138669 44.479339 41.676715
 248.000000 0.156380 45.133187 41.676715
 248.200000 0.173756 43.781929 41.676715
 248.400000 0.175728 43.469822 41.676715
 248.600000 0.161776 45.107559 41.676715
 248.800000 0.137778 44.479604 41.676715
 249.000000 0.130664 43.096017 41.676715
 249.200000 0.138046 44.742992 41.676715
 249.400000 0.148889 45.477194 41.676715
 249.600000 0.162046 45.117072 41.676715
 249.800000 0.174952 43.598602 41.676715
 250.000000 0.182333 42.231301 42.152038
 250.200000 0.172536 44.181879 42.152038
 250.400000 0.152484 45.541089 42.152038
 250.600000 0.157674 45.444775 42.152038
 250.800000 0.156795 45.473677 42.152038
 251.000000 0.162560 45.189229 42.152038
 251.200000 0.151913 45.722139 42.152038
 251.400000 0.144978 45.465031 42.152038
 251.600000 0.127116 42.243588 42.152038
 251.800000 0.122192 39.949505 42.152038
 252.000000 0.133631 44.074927 42.152038
 252.200000 0.142357 45.478503 42.152038
 252.400000 0.146625 45.726941 42.152038
 252.600000 0.141868 45.439309 42.152038
 252.800000 0.134159 44.425012 42.152038
 253.000000 0.145159 45.659066 42.152038
 253.200000 0.145089 45.884340 42.152038
 253.400000 0.144273 45.838022 42.152038
 253.600000 0.131489 43.985242 42.152038
 253.800000 0.140066 45.489616 42.152038
 254.000000 0.158573 45.849846 42.152038
 254.200000 0.143727 45.942454 42.152038
 254.400000 0.132038 44.171962 42.152038
 254.600000 0.124827 41.610531 42.152038
 254.800000 0.144658 46.008116 42.152038
 255.000000 0.149332 46.217106 42.914678
 255.200000 0.149415 46.442414 42.914678
 255.400000 0.136567 45.263344 42.914678
 255.600000 0.132341 44.365115 42.914678
 255.800000 0.129728 43.615394 42.914678
 256.000000 0.122980 40.710865 42.914678
 256.200000 0.135988 45.355235 42.914678
 256.400000 0.142053 46.127466 42.914678
 256.600000 0.144866 46.333355 42.914678
 256.800000 0.138908 45.790780 42.914678
 257.000000 0.134289 45.036358 42.914678
 257.200000 0.138022 45.900646 42.914678
 257.400000 0.133799 45.169400 42.914678
 257.600000 0.131163 44.524235 42.914678
 257.800000 0.137924 45.887263 42.914678
 258.000000 0.148418 46.632570 42.914678
 258.200000 0.140978 46.432527 42.914678
 258.400000 0.136204 45.782908 42.914678
 258.600000 0.133209 45.170298 42.914678
 258.800000 0.144483 46.708680 42.914678
 259.000000 0.152413 46.835766 42.914678
 259.200000 0.168082 45.542731 42.914678
 259.400000 0.182299 42.745774 42.914678
 259.600000 0.183627 42.423750 42.914678
 259.800000 0.167973 45.559679 42.914678
 260.000000 0.158780 46.697353 43.603086
 260.200000 0.167869 45.757726 43.603086
 260.400000 0.181430 43.019998 43.603086
 260.600000 0.172654 44.912594 43.603086
 260.800000 0.182143 42.847416 43.603086
 261.000000 0.193685 39.632388 43.603086
 261.200000 0.201142 37.566994 43.603086
 261.400000 0.188688 41.401660 43.603086
 261.600000 0.203486 36.824693 43.603086
 261.800000 0.197609 38.697976 43.603086
 262.000000 0.185937 42.140010 43.603086
 262.200000 0.197319 38.991305 43.603086
 262.400000 0.190914 41.019190 43.603086
 262.600000 0.182501 43.247208 43.603086
 262.800000 0.184306 42.818040 43.603086
 263.000000 0.186844 42.169802 43.603086
 263.200000 0.200626 38.072876 43.603086
 263.400000 0.198968 38.639543 43.603086
 263.600000 0.207023 35.944246 43.603086
 263.800000 0.198781 38.703563 43.603086
 264.000000 0.199965 38.298602 43.603086
 264.200000 0.183166 43.521139 43.603086
 264.400000 0.165325 46.419964 43.603086
 264.600000 0.175397 44.999170 43.603086
 264.800000 0.176259 44.853784 43.603086
 265.000000 0.167752 46.121230 43.903926
 265.200000 0.166696 46.478081 43.903926
 265.400000 0.180168 44.300291 43.903926
 265.600000 0.188597 42.279488 43.903926
 265.800000 0.172558 45.663490 43.903926
 266.000000 0.162944 46.893794 43.903926
 266.200000 0.163435 47.061923 43.903926
 266.400000 0.169676 46.284394 43.903926
 266.600000 0.188683 42.304885 43.903926
 266.800000 0.185044 43.282402 43.903926
 267.000000 0.187308 42.688465 43.903926
 267.200000 0.189132 42.435401 43.903926
 267.400000 0.213548 34.190503 43.903926
 267.600000 0.235519 26.030764 43.903926
 267.800000 0.212936 34.388600 43.903926
 268.000000 0.226976 29.533982 43.903926
 268.200000 0.216536 33.590611 43.903926
 268.400000 0.210387 35.474935 43.903926
 268.600000 0.191204 41.837585 43.903926
 268.800000 0.191767 41.663718 43.903926
 269.000000 0.216332 33.653790 43.903926
 269.200000 0.216097 34.116845 43.903926
 269.400000 0.192853 41.434974 43.903926
 269.600000 0.197247 40.033621 43.903926
 269.800000 0.175383 45.551421 43.903926
 270.000000 0.149514 47.548124 44.265759
 270.200000 0.161613 47.443516 44.265759
 270.400000 0.174028 45.830338 44.265759
 270.600000 0.168207 46.704346 44.265759
 270.800000 0.177217 45.268576 44.265759
 271.000000 0.187856 42.884953 44.265759
 271.200000 0.210655 35.836794 44.265759
 271.400000 0.238360 25.327861 44.265759
 271.600000 0.242907 23.365159 44.265759
 271.800000 0.226070 30.678283 44.265759
 272.000000 0.214447 34.671849 44.265759
 272.200000 0.205613 37.747022 44.265759
 272.400000 0.226646 30.716420 44.265759
 272.600000 0.255694 18.928704 44.265759
 272.800000 0.249602 20.838279 44.265759
 273.000000 0.257261 18.498143 44.265759
 273.200000 0.232763 28.217630 44.265759
 273.400000 0.231911 28.589444 44.265759
 273.600000 0.230344 29.267703 44.265759
 273.800000 0.216283 34.489767 44.265759
 274.000000 0.213925 35.215999 44.265759
 274.200000 0.223566 32.303585 44.265759
 274.400000 0.242934 23.956305 44.265759
 274.600000 0.261013 18.297824 44.265759
 274.800000 0.242533 24.116974 44.265759
 275.000000 0.229672 29.764811 44.318351
 275.200000 0.209190 37.175222 44.318351
 275.400000 0.190107 42.730262 44.318351
 275.600000 0.163621 47.323904 44.318351
 275.800000 0.140564 46.949806 44.318351
 276.000000 0.134786 45.871235 44.318351
 276.200000 0.136922 46.555890 44.318351
 276.400000 0.124257 42.210206 44.318351
 276.600000 0.113855 34.206874 44.318351
 276.800000 0.119561 39.201588 44.318351
 277.000000 0.107401 27.050144 44.318351
 277.200000 0.107683 27.909501 44.318351
 277.400000 0.101861 20.856248 44.318351
 277.600000 0.103972 23.423688 44.318351
 277.800000 0.116439 37.086285 44.318351
 278.000000 0.132178 45.550322 44.318351
 278.200000 0.133038 46.008596 44.318351
 278.400000 0.137401 46.934026 44.318351
 278.600000 0.132629 45.902245 44.318351
 278.800000 0.130446 45.265949 44.318351
 279.000000 0.139398 47.246806 44.318351
 279.200000 0.156940 48.019745 44.318351
 279.400000 0.139444 47.466554 44.318351
 279.600000 0.128997 44.941406 44.318351
 279.800000 0.131451 45.758915 44.318351
 280.000000 0.115344 36.285855 44.720973
 280.200000 0.100840 19.879670 44.720973
 280.400000 0.108673 29.480689 44.720973
 280.600000 0.107761 28.391025 44.720973
 280.800000 0.108638 29.438389 44.720973
 281.000000 0.115496 36.775594 44.720973
 281.200000 0.117486 38.870000 44.720973
 281.400000 0.126221 44.324259 44.720973
 281.600000 0.136738 47.275571 44.720973
 281.800000 0.143847 48.059948 44.720973
 282.000000 0.139163 47.621889 44.720973
 282.200000 0.143610 48.244997 44.720973
 282.400000 0.142959 48.200894 44.720973
 282.600000 0.151332 48.400169 44.720973
 282.800000 0.139491 47.871647 44.720973
 283.000000 0.142992 48.203294 44.720973
 283.200000 0.131666 46.543334 44.720973
 283.400000 0.132197 46.688642 44.720973
 283.600000 0.143495 48.441897 44.720973
 283.800000 0.143738 48.457198 44.720973
 284.000000 0.159755 48.014533 44.720973
 284.200000 0.157461 48.430862 44.720973
 284.400000 0.158863 48.307574 44.720973
 284.600000 0.172371 46.491218 44.720973
 284.800000 0.174868 46.067329 44.720973
 285.000000 0.186742 43.626608 45.236158
 285.200000 0.188360 43.468698 45.236158
 285.400000 0.177671 45.770489 45.236158
 285.600000 0.164509 47.746465 45.236158
 285.800000 0.160723 48.175019 45.236158
 286.000000 0.175068 46.217326 45.236158
 286.200000 0.174345 46.559169 45.236158
 286.400000 0.166041 47.736146 45.236158
 286.600000 0.172199 46.895173 45.236158
 286.800000 0.186397 44.129063 45.236158
 287.000000 0.179931 45.565869 45.236158
 287.200000 0.194664 41.916783 45.236158
 287.400000 0.196516 41.316748 45.236158
 287.600000 0.193263 42.361653 45.236158
 287.800000 0.182402 45.284948 45.236158
 288.000000 0.177963 46.165605 45.236158
 288.200000 0.184540 45.001197 45.236158
 288.400000 0.175198 46.857843 45.236158
 288.600000 0.196315 41.487975 45.236158
 288.800000 0.208815 37.444937 45.236158
 289.000000 0.204399 38.806703 45.236158
 289.200000 0.202724 39.655748 45.236158
 289.400000 0.182740 45.532687 45.236158
 289.600000 0.165797 48.085258 45.236158
 289.800000 0.158930 48.659140 45.236158
 290.000000 0.149998 48.905425 45.654940
 290.200000 0.138622 48.206498 45.654940
 290.400000 0.123769 43.406881 45.654940
 290.600000 0.124931 44.026061 45.654940
 290.800000 0.131174 46.529896 45.654940
 291.000000 0.139349 48.315522 45.654940
 291.200000 0.134791 47.677201 45.654940
 291.400000 0.134146 47.525924 45.654940
 291.600000 0.140461 48.669218 45.654940
 291.800000 0.148372 49.239953 45.654940
 292.000000 0.150702 49.261992 45.654940
 292.200000 0.170639 47.716727 45.654940
 292.400000 0.166612 48.256558 45.654940
 292.600000 0.164161 48.555646 45.654940
 292.800000 0.172862 47.387766 45.654940
 293.000000 0.166658 48.250682 45.654940
 293.200000 0.161281 49.056261 45.654940
 293.400000 0.179257 46.434317 45.654940
 293.600000 0.186392 44.789677 45.654940
 293.800000 0.190502 43.631635 45.654940
 294.000000 0.184025 45.385858 45.654940
 294.200000 0.195498 42.229206 45.654940
 294.400000 0.199635 40.821452 45.654940
 294.600000 0.191823 43.431936 45.654940
 294.800000 0.171312 47.975851 45.654940
 295.000000 0.177671 46.953804 46.202190
 295.200000 0.198528 41.281860 46.202190
 295.400000 0.208888 37.806502 46.202190
 295.600000 0.216814 35.305832 46.202190
 295.800000 0.233352 28.618050 46.202190
 296.000000 0.233075 28.746756 46.202190
 296.200000 0.235196 28.237862 46.202190
 296.400000 0.239105 26.401480 46.202190
 296.600000 0.255595 19.987616 46.202190
 296.800000 0.233336 29.111420 46.202190
 297.000000 0.207909 38.235428 46.202190
 297.200000 0.195886 42.454148 46.202190
 297.400000 0.212965 37.029640 46.202190
 297.600000 0.228680 31.341603 46.202190
 297.800000 0.229426 31.007022 46.202190
 298.000000 0.221133 34.383204 46.202190
 298.200000 0.195155 42.778239 46.202190
 298.400000 0.195259 42.745324 46.202190
 298.600000 0.215681 36.553665 46.202190
 298.800000 0.205856 39.413938 46.202190
 299.000000 0.187872 44.951700 46.202190
 299.200000 0.179212 47.135893 46.202190
 299.400000 0.170418 48.425102 46.202190
 299.600000 0.173002 48.101938 46.202190
 299.800000 0.190672 44.391082 46.202190
 300.000000 0.191115 44.258399 46.302028
 300.200000 0.189369 45.013162 46.302028
 300.400000 0.175543 47.883161 46.302028
 300.600000 0.175842 47.840675 46.302028
 300.800000 0.162165 49.270364 46.302028
 301.000000 0.173590 48.145275 46.302028
 301.200000 0.184764 46.356797 46.302028
 301.400000 0.168124 48.946937 46.302028
 301.600000 0.171297 48.624005 46.302028
 301.800000 0.169680 48.795495 46.302028
 302.000000 0.151615 49.731178 46.302028
 302.200000 0.150938 49.910557 46.302028
 302.400000 0.148185 49.811908 46.302028
 302.600000 0.159455 49.743502 46.302028
 302.800000 0.156495 49.872379 46.302028
 303.000000 0.153631 49.928612 46.302028
 303.200000 0.175809 48.163103 46.302028
 303.400000 0.177892 47.819902 46.302028
 303.600000 0.181954 47.037047 46.302028
 303.800000 0.183031 46.801306 46.302028
 304.000000 0.193449 43.870418 46.302028
 304.200000 0.194587 43.739983 46.302028
 304.400000 0.188156 45.732871 46.302028
 304.600000 0.187728 45.850532 46.302028
 304.800000 0.218846 35.683547 46.302028
 305.000000 0.234374 28.958558 46.725304
 305.200000 0.249385 22.433076 46.725304
 305.400000 0.261429 18.426640 46.725304
 305.600000 0.253542 20.886080 46.725304
 305.800000 0.269874 16.244299 46.725304
 306.000000 0.282342 13.066016 46.725304
 306.200000 0.255619 20.382394 46.725304
 306.400000 0.257282 19.892534 46.725304
 306.600000 0.248018 23.055761 46.725304
 306.800000 0.262657 18.500150 46.725304
 307.000000 0.253776 20.962648 46.725304
 307.200000 0.251088 22.561608 46.725304
 307.400000 0.228227 32.516797 46.725304
 307.600000 0.218295 36.186087 46.725304
 307.800000 0.230379 31.576247 46.725304
 308.000000 0.251530 22.407092 46.725304
 308.200000 0.230085 31.938595 46.725304
 308.400000 0.216724 36.718275 46.725304
 308.600000 0.214436 37.392962 46.725304
 308.800000 0.190730 44.988466 46.725304
 309.000000 0.179948 47.609143 46.725304
 309.200000 0.168718 49.325845 46.725304
 309.400000 0.179869 47.833445 46.725304
 309.600000 0.195462 43.582851 46.725304
 309.800000 0.183732 47.045856 46.725304
 310.000000 0.177465 48.240314 46.887549
 310.200000 0.199701 42.164473 46.887549
 310.400000 0.182406 47.529209 46.887549
 310.600000 0.185463 46.810660 46.887549
 310.800000 0.172724 49.088916 46.887549
 311.000000 0.171378 49.238527 46.887549
 311.200000 0.150897 50.250473 46.887549
 311.400000 0.153587 50.323088 46.887549
 311.600000 0.164879 49.988331 46.887549
 311.800000 0.164238 50.030254 46.887549
 312.000000 0.168635 49.697308 46.887549
 312.200000 0.155043 50.460608 46.887549
 312.400000 0.169152 49.842578 46.887549
 312.600000 0.173405 49.383182 46.887549
 312.800000 0.175117 49.151326 46.887549
 313.000000 0.206407 39.882724 46.887549
 313.200000 0.218719 36.332289 46.887549
 313.400000 0.222764 34.943546 46.887549
 313.600000 0.220418 35.765686 46.887549
 313.800000 0.228876 32.539844 46.887549
 314.000000 0.243379 26.169177 46.887549
 314.200000 0.248040 24.839620 46.887549
 314.400000 0.251530 23.525153 46.887549
 314.600000 0.275489 16.224822 46.887549
 314.800000 0.284971 13.414750 46.887549
 315.000000 0.256880 21.650474 47.131487
 315.200000 0.255795 22.683227 47.131487
 315.400000 0.263654 20.107665 47.131487
 315.600000 0.275913 16.406657 47.131487
 315.800000 0.311127 4.457521 47.131487
 316.000000 0.315011 3.492532 47.131487
 316.200000 0.295165 10.417435 47.131487
 316.400000 0.269072 18.449838 47.131487
 316.600000 0.252682 23.749206 47.131487
 316.800000 0.220885 35.818738 47.131487
 317.000000 0.209190 39.331584 47.131487
 317.200000 0.203600 41.415994 47.131487
 317.400000 0.191335 45.561557 47.131487
 317.600000 0.172238 49.560784 47.131487
 317.800000 0.162682 50.303206 47.131487
 318.000000 0.154589 50.455924 47.131487
 318.200000 0.171792 49.704807 47.131487
 318.400000 0.160444 50.564474 47.131487
 318.600000 0.157984 50.632419 47.131487
 318.800000 0.169901 49.906372 47.131487
 319.000000 0.153392 50.618505 47.131487
 319.200000 0.167879 50.209070 47.131487
 319.400000 0.171319 49.847607 47.131487
 319.600000 0.173536 49.567562 47.131487
 319.800000 0.164560 50.489562 47.131487
 320.000000 0.147625 50.469453 47.535703
 320.200000 0.129748 46.637408 47.535703
 320.400000 0.137859 49.110048 47.535703
 320.600000 0.146273 50.518329 47.535703
 320.800000 0.163879 50.640497 47.535703
 321.000000 0.171847 49.834401 47.535703
 321.200000 0.172727 49.909374 47.535703
 321.400000 0.161814 50.933357 47.535703
 321.600000 0.161355 50.957157 47.535703
 321.800000 0.158633 51.061751 47.535703
 322.000000 0.152068 51.016120 47.535703
 322.200000 0.140212 49.757991 47.535703
 322.400000 0.144175 50.451148 47.535703
 322.600000 0.167665 50.592283 47.535703
 322.800000 0.180017 48.718386 47.535703
 323.000000 0.181336 48.434528 47.535703
 323.200000 0.174639 49.877296 47.535703
 323.400000 0.172058 50.238534 47.535703
 323.600000 0.167060 50.782250 47.535703
 323.800000 0.161598 51.176965 47.535703
 324.000000 0.184221 47.946961 47.535703
 324.200000 0.173377 50.220473 47.535703
 324.400000 0.192813 45.503070 47.535703
 324.600000 0.197017 43.983731 47.535703
 324.800000 0.169830 50.634090 47.535703
 325.000000 0.170138 50.602427 48.057344
 325.200000 0.158906 51.470709 48.057344
 325.400000 0.147251 50.921116 48.057344
 325.600000 0.140986 49.946106 48.057344
 325.800000 0.145949 50.760230 48.057344
 326.000000 0.139123 49.555205 48.057344
 326.200000 0.151686 51.448187 48.057344
 326.400000 0.168164 51.005126 48.057344
 326.600000 0.175099 50.162753 48.057344
 326.800000 0.185160 48.019454 48.057344
 327.000000 0.179158 49.447398 48.057344
 327.200000 0.182102 48.994102 48.057344
 327.400000 0.149928 51.363033 48.057344
 327.600000 0.131570 47.566566 48.057344
 327.800000 0.122577 43.127719 48.057344
 328.000000 0.134471 48.531738 48.057344
 328.200000 0.128284 46.420795 48.057344
 328.400000 0.140549 50.242466 48.057344
 328.600000 0.165665 51.367535 48.057344
 328.800000 0.162225 51.570292 48.057344
 329.000000 0.169623 51.033080 48.057344
 329.200000 0.169422 51.232950 48.057344
 329.400000 0.173590 50.745066 48.057344
 329.600000 0.155056 51.807583 48.057344
 329.800000 0.148868 51.468046 48.057344
 330.000000 0.141802 50.510941 48.543027
 330.200000 0.147598 51.514715 48.543027
 330.400000 0.157742 51.936484 48.543027
 330.600000 0.165942 51.572564 48.543027
 330.800000 0.176901 50.233554 48.543027
 331.000000 0.184777 48.415681 48.543027
 331.200000 0.193321 45.726763 48.543027
 331.400000 0.181471 49.478187 48.543027
 331.600000 0.210156 39.505205 48.543027
 331.800000 0.244785 26.634102 48.543027
 332.000000 0.248372 25.288288 48.543027
 332.200000 0.236494 30.399256 48.543027
 332.400000 0.238973 29.421845 48.543027
 332.600000 0.242368 28.103903 48.543027
 332.800000 0.203175 41.926624 48.543027
 333.000000 0.199605 43.284151 48.543027
 333.200000 0.217734 37.301367 48.543027
 333.400000 0.202068 42.591119 48.543027
 333.600000 0.181111 49.680781 48.543027
 333.800000 0.174574 50.842903 48.543027
 334.000000 0.166099 51.674072 48.543027
 334.200000 0.163617 51.990329 48.543027
 334.400000 0.177915 50.445732 48.543027
 334.600000 0.189057 47.526903 48.543027
 334.800000 0.181589 49.676233 48.543027
 335.000000 0.166479 51.823551 48.885551
 335.200000 0.148958 51.831165 48.885551
 335.400000 0.153817 52.179435 48.885551
 335.600000 0.146406 51.536338 48.885551
 335.800000 0.158373 52.279321 48.885551
 336.000000 0.153490 52.164330 48.885551
 336.200000 0.171110 51.676122 48.885551
 336.400000 0.170422 51.753923 48.885551
 336.600000 0.150596 52.147251 48.885551
 336.800000 0.158894 52.438641 48.885551
 337.000000 0.155530 52.410350 48.885551
 337.200000 0.149584 52.213717 48.885551
 337.400000 0.141954 51.059197 48.885551
 337.600000 0.142390 51.147327 48.885551
 337.800000 0.149982 52.252337 48.885551
 338.000000 0.151669 52.392947 48.885551
 338.200000 0.147895 52.191193 48.885551
 338.400000 0.140048 50.766799 48.885551
 338.600000 0.138796 50.454249 48.885551
 338.800000 0.150304 52.450968 48.885551
 339.000000 0.156170 52.756153 48.885551
 339.200000 0.153802 52.851149 48.885551
 339.400000 0.167918 52.335781 48.885551
 339.600000 0.179956 50.313909 48.885551
 339.800000 0.202201 42.562859 48.885551
 340.000000 0.223983 35.211159 49.398347
 340.200000 0.222054 36.239717 49.398347
 340.400000 0.211111 39.667578 49.398347
 340.600000 0.200732 43.240345 49.398347
 340.800000 0.191403 46.812298 49.398347
 341.000000 0.178545 50.638679 49.398347
 341.200000 0.172868 51.864149 49.398347
 341.400000 0.146936 52.222730 49.398347
 341.600000 0.156240 52.984564 49.398347
 341.800000 0.147408 52.290356 49.398347
 342.000000 0.149615 52.564692 49.398347
 342.200000 0.150674 52.840065 49.398347
 342.400000 0.142587 51.598896 49.398347
 342.600000 0.155688 53.126408 49.398347
 342.800000 0.160242 53.102774 49.398347
 343.000000 0.160096 53.107281 49.398347
 343.200000 0.161826 53.202137 49.398347
 343.400000 0.152304 53.115740 49.398347
 343.600000 0.141723 51.484987 49.398347
 343.800000 0.127179 46.231935 49.398347
 344.000000 0.125082 45.066489 49.398347
 344.200000 0.117150 39.356634 49.398347
 344.400000 0.108165 29.473336 49.398347
 344.600000 0.121073 42.629288 49.398347
 344.800000 0.122009 43.311002 49.398347
 345.000000 0.109335 30.909392 49.791303
 345.200000 0.116083 38.746232 49.791303
 345.400000 0.141440 51.591313 49.791303
 345.600000 0.150042 52.978143 49.791303
 345.800000 0.145453 52.370077 49.791303
 346.000000 0.155862 53.319078 49.791303
 346.200000 0.162457 53.326207 49.791303
 346.400000 0.162762 53.306524 49.791303
 346.600000 0.162877 53.298776 49.791303
 346.800000 0.156428 53.490516 49.791303
 347.000000 0.146361 52.647333 49.791303
 347.200000 0.144893 52.566716 49.791303
 347.400000 0.153893 53.565371 49.791303
 347.600000 0.175081 51.740715 49.791303
 347.800000 0.198499 44.180939 49.791303
 348.000000 0.196205 45.091164 49.791303
 348.200000 0.202631 42.798755 49.791303
 348.400000 0.206969 41.217107 49.791303
 348.600000 0.221003 36.652185 49.791303
 348.800000 0.215888 38.311897 49.791303
 349.000000 0.210094 40.159616 49.791303
 349.200000 0.197089 45.174649 49.791303
 349.400000 0.191845 47.167173 49.791303
 349.600000 0.203149 42.865217 49.791303
 349.800000 0.205475 42.025091 49.791303
 350.000000 0.210189 40.420955 50.071520
 350.200000 0.189668 48.061785 50.071520
 350.400000 0.180120 50.816036 50.071520
 350.600000 0.173484 52.143997 50.071520
 350.800000 0.182525 50.218605 50.071520
 351.000000 0.184159 49.775554 50.071520
 351.200000 0.180834 50.831019 50.071520
 351.400000 0.184834 49.774120 50.071520
 351.600000 0.179662 51.104810 50.071520
 351.800000 0.202338 43.509585 50.071520
 352.000000 0.204752 42.627075 50.071520
 352.200000 0.191645 47.721947 50.071520
 352.400000 0.189628 48.411089 50.071520
 352.600000 0.167697 53.073325 50.071520
 352.800000 0.170172 52.787525 50.071520
 353.000000 0.164513 53.370521 50.071520
 353.200000 0.168447 53.148768 50.071520
 353.400000 0.176393 51.944845 50.071520
 353.600000 0.167216 53.283081 50.071520
 353.800000 0.153916 53.721732 50.071520
 354.000000 0.160474 53.765373 50.071520
 354.200000 0.158383 53.970755 50.071520
 354.400000 0.145329 52.817674 50.071520
 354.600000 0.132631 49.233905 50.071520
 354.800000 0.134372 49.875667 50.071520
 355.000000 0.128778 47.591813 50.452204
 355.200000 0.117136 39.917616 50.452204
 355.400000 0.116070 38.909045 50.452204
 355.600000 0.105288 26.335504 50.452204
 355.800000 0.111082 33.545299 50.452204
 356.000000 0.118324 40.980357 50.452204
 356.200000 0.127871 47.592563 50.452204
 356.400000 0.125696 46.458010 50.452204
 356.600000 0.136743 50.981432 50.452204
 356.800000 0.129792 48.477108 50.452204
 357.000000 0.119516 42.264484 50.452204
 357.200000 0.106418 28.175833 50.452204
 357.400000 0.101551 21.798847 50.452204
 357.600000 0.108092 30.332200 50.452204
 357.800000 0.112434 35.596048 50.452204
 358.000000 0.102654 23.236237 50.452204
 358.200000 0.110692 34.095932 50.452204
 358.400000 0.125859 46.978795 50.452204
 358.600000 0.152449 53.874097 50.452204
 358.800000 0.149695 53.641751 50.452204
 359.000000 0.140662 52.149768 50.452204
 359.200000 0.141197 52.439630 50.452204
 359.400000 0.138441 51.787538 50.452204
 359.600000 0.135359 50.924153 50.452204
 359.800000 0.132148 49.856092 50.452204
 360.000000 0.144435 53.071622 50.704505
 360.200000 0.153944 54.205213 50.704505
 360.400000 0.153181 54.177328 50.704505
 360.600000 0.157472 54.229158 50.704505
 360.800000 0.153238 54.179714 50.704505
 361.000000 0.148940 53.863751 50.704505
 361.200000 0.169859 53.239466 50.704505
 361.400000 0.176335 52.104177 50.704505
 361.600000 0.173065 52.724239 50.704505
 361.800000 0.183929 50.264211 50.704505
 362.000000 0.189673 48.465135 50.704505
 362.200000 0.172852 52.868905 50.704505
 362.400000 0.160993 54.239940 50.704505
 362.600000 0.155617 54.396232 50.704505
 362.800000 0.154248 54.375247 50.704505
 363.000000 0.143767 53.268832 50.704505
 363.200000 0.144056 53.484933 50.704505
 363.400000 0.122358 45.141966 50.704505
 363.600000 0.141586 52.987951 50.704505
 363.800000 0.146332 53.857077 50.704505
 364.000000 0.142052 53.089209 50.704505
 364.200000 0.140387 52.875552 50.704505
 364.400000 0.132862 50.583198 50.704505
 364.600000 0.130967 49.837582 50.704505
 364.800000 0.131696 50.133592 50.704505
 365.000000 0.114010 37.920672 51.084424
 365.200000 0.110858 34.683353 51.084424
 365.400000 0.117633 41.788970 51.084424
 365.600000 0.119038 42.997096 51.084424
 365.800000 0.124020 46.556887 51.084424
 366.000000 0.128074 48.743851 51.084424
 366.200000 0.122574 45.819837 51.084424
 366.400000 0.105013 27.311057 51.084424
 366.600000 0.107729 30.878370 51.084424
 366.800000 0.112663 36.890762 51.084424
 367.000000 0.115403 39.818902 51.084424
 367.200000 0.111178 35.454381 51.084424
 367.400000 0.112579 37.086857 51.084424
 367.600000 0.115964 40.673296 51.084424
 367.800000 0.116075 40.781698 51.084424
 368.000000 0.124705 47.405052 51.084424
 368.200000 0.141288 53.463464 51.084424
 368.400000 0.153836 54.711154 51.084424
 368.600000 0.153519 54.708568 51.084424
 368.800000 0.148125 54.437529 51.084424
 369.000000 0.176465 52.241974 51.084424
 369.200000 0.181046 51.379974 51.084424
 369.400000 0.206093 42.551489 51.084424
 369.600000 0.237149 30.543456 51.084424
 369.800000 0.233807 31.995207 51.084424
 370.000000 0.224603 35.888259 51.284331
 370.200000 0.208609 41.846756 51.284331
 370.400000 0.195561 46.650165 51.284331
 370.600000 0.217822 38.758191 51.284331
 370.800000 0.226184 35.601047 51.284331
 371.000000 0.232509 32.867253 51.284331
 371.200000 0.217336 39.168517 51.284331
 371.400000 0.226473 35.854752 51.284331
 371.600000 0.255010 23.689866 51.284331
 371.800000 0.270004 18.395994 51.284331
 372.000000 0.259461 22.017988 51.284331
 372.200000 0.242922 28.965071 51.284331
 372.400000 0.230229 34.373142 51.284331
 372.600000 0.226648 35.842628 51.284331
 372.800000 0.215231 39.854194 51.284331
 373.000000 0.204163 43.471855 51.284331
 373.200000 0.203973 43.791206 51.284331
 373.400000 0.232709 33.356556 51.284331
 373.600000 0.217264 39.375736 51.284331
 373.800000 0.213327 40.664130 51.284331
 374.000000 0.201980 44.507767 51.284331
 374.200000 0.221354 38.058798 51.284331
 374.400000 0.224472 36.865682 51.284331
 374.600000 0.209737 42.040685 51.284331
 374.800000 0.214635 40.408808 51.284331
 375.000000 0.210466 41.796607 51.303051
 375.200000 0.205927 43.601547 51.303051
 375.400000 0.206177 43.515955 51.303051
 375.600000 0.226678 36.125364 51.303051
 375.800000 0.242429 29.209775 51.303051
 376.000000 0.226312 36.280098 51.303051
 376.200000 0.247878 27.138271 51.303051
 376.400000 0.249757 26.394000 51.303051
 376.600000 0.253331 25.013719 51.303051
 376.800000 0.252021 25.515383 51.303051
 377.000000 0.233252 33.544936 51.303051
 377.200000 0.232800 34.144204 51.303051
 377.400000 0.245401 28.429333 51.303051
 377.600000 0.234188 33.507342 51.303051
 377.800000 0.223236 38.191750 51.303051
 378.000000 0.212134 41.878934 51.303051
 378.200000 0.185719 50.484665 51.303051
 378.400000 0.198224 46.584002 51.303051
 378.600000 0.214365 41.460105 51.303051
 378.800000 0.217888 40.323941 51.303051
 379.000000 0.208814 43.165545 51.303051
 379.200000 0.175375 52.768616 51.303051
 379.400000 0.179535 51.989730 51.303051
 379.600000 0.168108 53.835322 51.303051
 379.800000 0.170095 53.578713 51.303051
 380.000000 0.159708 54.623925 51.422936
 380.200000 0.157288 54.883878 51.422936
 380.400000 0.170897 53.584271 51.422936
 380.600000 0.181794 51.559016 51.422936
 380.800000 0.169449 53.788947 51.422936
 381.000000 0.169558 53.774147 51.422936
 381.200000 0.186672 50.425077 51.422936
 381.400000 0.188197 49.992008 51.422936
 381.600000 0.180753 51.912403 51.422936
 381.800000 0.200198 46.163670 51.422936
 382.000000 0.235435 33.063319 51.422936
 382.200000 0.239867 31.347366 51.422936
 382.400000 0.218572 40.512985 51.422936
 382.600000 0.201043 45.914526 51.422936
 382.800000 0.204342 44.867675 51.422936
 383.000000 0.205489 44.513576 51.422936
 383.200000 0.211278 43.000009 51.422936
 383.400000 0.212508 42.625725 51.422936
 383.600000 0.227093 37.371538 51.422936
 383.800000 0.244963 28.991068 51.422936
 384.000000 0.258186 23.408027 51.422936
 384.200000 0.246180 28.891153 51.422936
 384.400000 0.228432 36.867172 51.422936
 384.600000 0.223218 39.012617 51.422936
 384.800000 0.206524 44.438539 51.422936
 385.000000 0.207685 44.086232 51.533568
 385.200000 0.197319 47.528510 51.533568
 385.400000 0.219140 40.683526 51.533568
 385.600000 0.243418 30.091210 51.533568
 385.800000 0.258584 23.866138 51.533568
 386.000000 0.252839 26.164488 51.533568
 386.200000 0.254788 25.924233 51.533568
 386.400000 0.225860 38.183947 51.533568
 386.600000 0.220819 40.129197 51.533568
 386.800000 0.232742 35.215593 51.533568
 387.000000 0.248188 28.578278 51.533568
 387.200000 0.244026 30.755691 51.533568
 387.400000 0.247627 29.294579 51.533568
 387.600000 0.273841 18.309951 51.533568
 387.800000 0.296225 10.144087 51.533568
 388.000000 0.297518 9.720526 51.533568
 388.200000 0.297574 10.837498 51.533568
 388.400000 0.289941 13.316609 51.533568
 388.600000 0.282241 15.788477 51.533568
 388.800000 0.292999 12.324885 51.533568
 389.000000 0.304210 8.729198 51.533568
 389.200000 0.296497 12.225615 51.533568
 389.400000 0.294570 12.777625 51.533568
 389.600000 0.289737 14.126406 51.533568
 389.800000 0.265623 21.870479 51.533568
 390.000000 0.277415 17.623457 51.510163
 390.200000 0.294134 13.329382 51.510163
 390.400000 0.317937 5.572401 51.510163
 390.600000 0.328908 2.531456 51.510163
 390.800000 0.323243 3.974599 51.510163
 391.000000 0.325107 3.463601 51.510163
 391.200000 0.324053 5.244568 51.510163
 391.400000 0.327209 4.414182 51.510163
 391.600000 0.307259 9.805343 51.510163
 391.800000 0.308807 9.384436 51.510163
 392.000000 0.297711 12.471944 51.510163
 392.200000 0.276787 19.001531 51.510163
 392.400000 0.276281 19.142592 51.510163
 392.600000 0.292000 15.059963 51.510163
 392.800000 0.282627 17.464204 51.510163
 393.000000 0.272242 20.329429 51.510163
 393.200000 0.284904 17.385151 51.510163
 393.400000 0.285220 17.296435 51.510163
 393.600000 0.301675 12.419790 51.510163
 393.800000 0.322990 5.773515 51.510163
 394.000000 0.320210 6.615904 51.510163
 394.200000 0.315153 9.420183 51.510163
 394.400000 0.319409 8.164051 51.510163
 394.600000 0.284237 17.642832 51.510163
 394.800000 0.274531 20.351428 51.510163
 395.000000 0.290357 16.013705 51.486898
 395.200000 0.315011 9.681558 51.486898
 395.400000 0.310720 10.986911 51.486898
 395.600000 0.318604 8.551498 51.486898
 395.800000 0.326640 5.948898 51.486898
 396.000000 0.345998 1.188480 51.486898
 396.200000 0.344634 3.041179 51.486898
 396.400000 0.360753 1.155582 51.486898
 396.600000 0.349798 2.347951 51.486898
 396.800000 0.336446 4.419771 51.486898
 397.000000 0.344240 3.098283 51.486898
 397.200000 0.342861 4.822856 51.486898
 397.400000 0.334234 6.089195 51.486898
 397.600000 0.336026 5.814050 51.486898
 397.800000 0.340472 5.166586 51.486898
 398.000000 0.349873 3.758943 51.486898
 398.200000 0.351590 4.950950 51.486898
 398.400000 0.348842 5.400069 51.486898
 398.600000 0.329008 7.539789 51.486898
 398.800000 0.306306 12.429157 51.486898
 399.000000 0.285988 17.996801 51.486898
 399.200000 0.279607 20.280290 51.486898
 399.400000 0.281310 19.894376 51.486898
 399.600000 0.285260 18.962729 51.486898
 399.800000 0.289828 17.770993 51.486898
 400.000000 0.286985 18.528528 51.464083
 400.200000 0.293518 17.403093 51.464083
 400.400000 0.302378 14.404205 51.464083
 400.600000 0.306401 13.043910 51.464083
 400.800000 0.333019 7.078721 51.464083
 401.000000 0.361264 3.016870 51.464083
 401.200000 0.322519 8.718372 51.464083
 401.400000 0.306264 13.089396 51.464083
 401.600000 0.305746 13.261096 51.464083
 401.800000 0.314436 10.615094 51.464083
 402.000000 0.321946 8.831208 51.464083
 402.200000 0.295157 17.108598 51.464083
 402.400000 0.282954 20.292370 51.464083
 402.600000 0.285879 19.637092 51.464083
 402.800000 0.290228 18.532831 51.464083
 403.000000 0.304630 14.240851 51.464083
 403.200000 0.335639 8.058296 51.464083
 403.400000 0.354005 5.988240 51.464083
 403.600000 0.346962 6.946245 51.464083
 403.800000 0.355907 5.655573 51.464083
 404.000000 0.350896 6.462159 51.464083
 404.200000 0.326509 9.835045 51.464083
 404.400000 0.323707 10.333505 51.464083
 404.600000 0.309190 13.880592 51.464083
 404.800000 0.317562 11.687111 51.464083
 405.000000 0.330144 9.325209 51.441445
 405.200000 0.329717 10.531661 51.441445
 405.400000 0.330353 10.455709 51.441445
 405.600000 0.313436 13.352302 51.441445
 405.800000 0.294714 18.056340 51.441445
 406.000000 0.305297 15.276700 51.441445
 406.200000 0.309028 15.212235 51.441445
 406.400000 0.309447 15.106313 51.441445
 406.600000 0.297539 18.094360 51.441445
 406.800000 0.309806 15.015924 51.441445
 407.000000 0.314790 13.788509 51.441445
 407.200000 0.313163 15.124693 51.441445
 407.400000 0.324318 12.457466 51.441445
 407.600000 0.343759 9.377984 51.441445
 407.800000 0.337195 10.184783 51.441445
 408.000000 0.331663 10.997638 51.441445
 408.200000 0.354503 7.850466 51.441445
 408.400000 0.369977 3.376458 51.441445
 408.600000 0.361479 5.840151 51.441445
 408.800000 0.358497 6.729897 51.441445
 409.000000 0.373773 2.454249 51.441445
 409.200000 0.410544 0.078832 51.441445
 409.400000 0.402845 0.267980 51.441445
 409.600000 0.382174 2.357097 51.441445
 409.800000 0.375680 3.609352 51.441445
 410.000000 0.385296 1.853252 51.418871
 410.200000 0.389785 2.790956 51.418871
 410.400000 0.372095 5.494717 51.418871
 410.600000 0.360542 7.595446 51.418871
 410.800000 0.366083 6.543628 51.418871
 411.000000 0.368956 6.027655 51.418871
 411.200000 0.394650 2.390336 51.418871
 411.400000 0.395319 2.274552 51.418871
 411.600000 0.383018 4.668026 51.418871
 411.800000 0.370062 7.170853 51.418871
 412.000000 0.347698 10.330726 51.418871
 412.200000 0.343979 11.767225 51.418871
 412.400000 0.352357 10.880050 51.418871
 412.600000 0.348543 11.347119 51.418871
 412.800000 0.317465 14.915709 51.418871
 413.000000 0.314298 15.491871 51.418871
 413.200000 0.353589 10.731132 51.418871
 413.400000 0.373427 6.808976 51.418871
 413.600000 0.370590 7.419773 51.418871
 413.800000 0.376562 6.132097 51.418871
 414.000000 0.363115 8.994285 51.418871
 414.200000 0.357019 11.243494 51.418871
 414.400000 0.336544 12.858858 51.418871
 414.600000 0.356776 11.279004 51.418871
 414.800000 0.365643 9.625920 51.418871
 415.000000 0.396603 2.157667 51.396886
 415.200000 0.403708 2.531098 51.396886
 415.400000 0.428305 0.190964 51.396886
 415.600000 0.432518 0.095818 51.396886
 415.800000 0.416687 0.853574 51.396886
 416.000000 0.433935 0.074180 51.396886
 416.200000 0.434841 1.803553 51.396886
 416.400000 0.430777 1.834866 51.396886
 416.600000 0.428619 1.819844 51.396886
 416.800000 0.413277 1.872811 51.396886
 417.000000 0.403778 2.748166 51.396886
 417.200000 0.387822 6.248186 51.396886
 417.400000 0.401439 4.599032 51.396886
 417.600000 0.420964 2.524968 51.396886
 417.800000 0.430432 2.150644 51.396886
 418.000000 0.418222 2.701689 51.396886
 418.200000 0.407518 5.016552 51.396886
 418.400000 0.410593 4.800351 51.396886
 418.600000 0.408221 4.967526 51.396886
 418.800000 0.400797 5.469941 51.396886
 419.000000 0.401030 5.454512 51.396886
 419.200000 0.426260 3.965142 51.396886
 419.400000 0.446816 1.490437 51.396886
 419.600000 0.463843 0.248300 51.396886
 419.800000 0.449124 1.245281 51.396886
 420.000000 0.404982 6.516101 51.375020
