#! FIELDS time d metad.bias metad.rct
 0.000000 0.141316 0.000000 0.000000
 0.200000 0.128623 0.000000 0.000000
 0.400000 0.150135 0.000000 0.000000
 0.600000 0.147331 0.000000 0.000000
 0.800000 0.163061 0.000000 0.000000
 1.000000 0.156689 0.000000 0.000000
 1.200000 0.145240 1.306968 0.000000
 1.400000 0.144622 1.265312 0.000000
 1.600000 0.137392 0.763125 0.000000
 1.800000 0.140345 0.965112 0.000000
 2.000000 0.150613 1.611886 0.000000
 2.200000 0.167028 2.272826 0.000000
 2.400000 0.173912 1.388786 0.000000
 2.600000 0.162910 2.768428 0.000000
 2.800000 0.161200 2.941428 0.000000
 3.000000 0.155190 3.295783 0.000000
 3.200000 0.160259 4.451941 0.000000
 3.400000 0.143521 3.761213 0.000000
 3.600000 0.132778 1.783494 0.000000
 3.800000 0.135225 2.208952 0.000000
 4.000000 0.136995 2.537346 0.000000
 4.200000 0.146072 5.473793 0.000000
 4.400000 0.155111 5.560518 0.000000
 4.600000 0.149745 5.700559 0.000000
 4.800000 0.167671 3.447837 0.000000
 5.000000 0.178387 1.390066 1.535185
 5.200000 0.166442 4.909780 1.535185
 5.400000 0.151649 6.050127 1.535185
 5.600000 0.144727 5.462217 1.535185
 5.800000 0.156181 6.012630 1.535185
 6.000000 0.151884 6.056613 1.535185
 6.200000 0.138760 5.383865 1.535185
 6.400000 0.135898 4.673946 1.535185
 6.600000 0.150690 7.346089 1.535185
 6.800000 0.156564 7.266904 1.535185
 7.000000 0.177329 3.509353 1.535185
 7.200000 0.176802 5.104938 1.535185
 7.400000 0.168083 6.639380 1.535185
 7.600000 0.171475 6.071550 1.535185
 7.800000 0.178252 4.832072 1.535185
 8.000000 0.188268 2.924349 1.535185
 8.200000 0.178359 6.046327 1.535185
 8.400000 0.164411 7.610489 1.535185
 8.600000 0.180459 5.752809 1.535185
 8.800000 0.178393 6.041723 1.535185
 9.000000 0.170395 7.011557 1.535185
 9.200000 0.178644 7.108042 1.535185
 9.400000 0.195461 3.392180 1.535185
 9.600000 0.200259 2.363518 1.535185
 9.800000 0.191732 4.266388 1.535185
 10.000000 0.203344 1.796246 3.801440
 10.200000 0.191457 5.511073 3.801440
 10.400000 0.185456 6.526682 3.801440
 10.600000 0.177949 7.611951 3.801440
 10.800000 0.161522 8.933940 3.801440
 11.000000 0.162004 8.925427 3.801440
 11.200000 0.145361 7.886019 3.801440
 11.400000 0.157683 10.024787 3.801440
 11.600000 0.173009 9.080433 3.801440
 11.800000 0.166007 9.896901 3.801440
 12.000000 0.177722 8.318913 3.801440
 12.200000 0.186184 7.758119 3.801440
 12.400000 0.190224 6.777814 3.801440
 12.600000 0.204240 3.532164 3.801440
 12.800000 0.186295 7.731899 3.801440
 13.000000 0.162653 10.813080 3.801440
 13.200000 0.160076 11.777730 3.801440
 13.400000 0.170315 11.467025 3.801440
 13.600000 0.158490 11.635146 3.801440
 13.800000 0.161733 11.868772 3.801440
 14.000000 0.189092 7.283496 3.801440
 14.200000 0.195796 6.650036 3.801440
 14.400000 0.165403 12.228770 3.801440
 14.600000 0.164020 12.210682 3.801440
 14.800000 0.185621 9.455281 3.801440
 15.000000 0.197597 6.132417 6.873427
 15.200000 0.208332 4.350773 6.873427
 15.400000 0.195763 7.981106 6.873427
 15.600000 0.180308 11.334926 6.873427
 15.800000 0.165326 12.357925 6.873427
 16.000000 0.164592 12.338124 6.873427
 16.200000 0.181029 11.780318 6.873427
 16.400000 0.187395 10.374765 6.873427
 16.600000 0.184866 10.973232 6.873427
 16.800000 0.187398 10.374030 6.873427
 17.000000 0.206972 4.748258 6.873427
 17.200000 0.209414 5.463088 6.873427
 17.400000 0.203492 7.150259 6.873427
 17.600000 0.165448 13.396872 6.873427
 17.800000 0.137148 5.901884 6.873427
 18.000000 0.125387 2.382297 6.873427
 18.200000 0.139118 7.668749 6.873427
 18.400000 0.145285 9.638810 6.873427
 18.600000 0.131287 5.388049 6.873427
 18.800000 0.136802 6.953176 6.873427
 19.000000 0.136088 6.738699 6.873427
 19.200000 0.134045 7.428349 6.873427
 19.400000 0.130676 6.442382 6.873427
 19.600000 0.133983 7.409864 6.873427
 19.800000 0.156518 13.094781 6.873427
 20.000000 0.159481 13.417288 8.953394
 20.200000 0.172528 13.881420 8.953394
 20.400000 0.183466 11.968448 8.953394
 20.600000 0.191205 10.302406 8.953394
 20.800000 0.193710 9.717003 8.953394
 21.000000 0.195895 9.183837 8.953394
 21.200000 0.183650 12.763454 8.953394
 21.400000 0.198096 9.774134 8.953394
 21.600000 0.196043 10.309308 8.953394
 21.800000 0.195981 10.324758 8.953394
 22.000000 0.187149 12.181072 8.953394
 22.200000 0.174925 14.694860 8.953394
 22.400000 0.188162 13.013801 8.953394
 22.600000 0.193952 11.729334 8.953394
 22.800000 0.175464 14.652403 8.953394
 23.000000 0.163618 14.958097 8.953394
 23.200000 0.145952 12.005204 8.953394
 23.400000 0.131321 6.879903 8.953394
 23.600000 0.124586 4.837865 8.953394
 23.800000 0.134194 7.833251 8.953394
 24.000000 0.150637 13.530625 8.953394
 24.200000 0.132320 7.659972 8.953394
 24.400000 0.134104 8.323589 8.953394
 24.600000 0.127013 5.815481 8.953394
 24.800000 0.125454 5.316498 8.953394
 25.000000 0.128886 6.441760 11.175777
 25.200000 0.128262 7.542290 11.175777
 25.400000 0.127762 7.372339 11.175777
 25.600000 0.129456 7.950442 11.175777
 25.800000 0.152198 15.322622 11.175777
 26.000000 0.172460 15.964345 11.175777
 26.200000 0.174153 16.598162 11.175777
 26.400000 0.154104 16.128558 11.175777
 26.600000 0.133632 9.423860 11.175777
 26.800000 0.129458 7.963639 11.175777
 27.000000 0.140918 12.029256 11.175777
 27.200000 0.154067 16.816997 11.175777
 27.400000 0.169424 17.304909 11.175777
 27.600000 0.194003 12.148517 11.175777
 27.800000 0.188743 13.639308 11.175777
 28.000000 0.184185 14.749844 11.175777
 28.200000 0.184781 15.519698 11.175777
 28.400000 0.167951 17.946693 11.175777
 28.600000 0.165173 18.017278 11.175777
 28.800000 0.151086 16.259883 11.175777
 29.000000 0.147045 15.126580 11.175777
 29.200000 0.139442 13.313058 11.175777
 29.400000 0.137649 12.595312 11.175777
 29.600000 0.130035 9.418358 11.175777
 29.800000 0.124250 7.033234 11.175777
 30.000000 0.133785 10.997053 13.413958
 30.200000 0.136048 12.999095 13.413958
 30.400000 0.142622 15.424497 13.413958
 30.600000 0.137531 13.586682 13.413958
 30.800000 0.127363 9.279064 13.413958
 31.000000 0.128442 9.756498 13.413958
 31.200000 0.142899 16.226668 13.413958
 31.400000 0.132467 12.604321 13.413958
 31.600000 0.140406 15.486091 13.413958
 31.800000 0.149984 17.848852 13.413958
 32.000000 0.163730 18.698212 13.413958
 32.200000 0.174214 18.203927 13.413958
 32.400000 0.186096 15.481161 13.413958
 32.600000 0.189935 14.342327 13.413958
 32.800000 0.184529 15.907259 13.413958
 33.000000 0.183964 16.055544 13.413958
 33.200000 0.207963 7.673541 13.413958
 33.400000 0.212562 5.751674 13.413958
 33.600000 0.223088 2.354454 13.413958
 33.800000 0.216481 4.293708 13.413958
 34.000000 0.207975 7.667987 13.413958
 34.200000 0.213300 6.630081 13.413958
 34.400000 0.218450 4.617972 13.413958
 34.600000 0.216682 5.275018 13.413958
 34.800000 0.211323 7.464353 13.413958
 35.000000 0.218667 4.540162 14.727946
 35.200000 0.199653 13.048984 14.727946
 35.400000 0.194780 14.609603 14.727946
 35.600000 0.217775 6.291421 14.727946
 35.800000 0.230964 2.342626 14.727946
 36.000000 0.224104 4.153599 14.727946
 36.200000 0.224544 5.473808 14.727946
 36.400000 0.221303 6.483751 14.727946
 36.600000 0.225674 5.133330 14.727946
 36.800000 0.216766 7.951159 14.727946
 37.000000 0.222041 6.250092 14.727946
 37.200000 0.205814 12.265445 14.727946
 37.400000 0.184697 17.297089 14.727946
 37.600000 0.199769 13.835604 14.727946
 37.800000 0.224823 6.690958 14.727946
 38.000000 0.214307 9.919648 14.727946
 38.200000 0.209739 12.280653 14.727946
 38.400000 0.212020 11.684945 14.727946
 38.600000 0.217102 10.201577 14.727946
 38.800000 0.213795 11.191842 14.727946
 39.000000 0.200767 14.328783 14.727946
 39.200000 0.201812 15.028749 14.727946
 39.400000 0.204555 14.402846 14.727946
 39.600000 0.226433 7.201243 14.727946
 39.800000 0.240828 2.437434 14.727946
 40.000000 0.236187 3.718908 14.999283
 40.200000 0.209745 13.363053 14.999283
 40.400000 0.180619 18.509736 14.999283
 40.600000 0.170829 19.542144 14.999283
 40.800000 0.185305 17.893136 14.999283
 41.000000 0.180606 18.511262 14.999283
 41.200000 0.177799 19.603032 14.999283
 41.400000 0.203037 15.132320 14.999283
 41.600000 0.180468 19.295766 14.999283
 41.800000 0.176366 19.748269 14.999283
 42.000000 0.185184 18.642161 14.999283
 42.200000 0.192165 18.125158 14.999283
 42.400000 0.177928 20.267633 14.999283
 42.600000 0.187361 19.050066 14.999283
 42.800000 0.181743 19.875314 14.999283
 43.000000 0.161086 20.355070 14.999283
 43.200000 0.167769 21.303543 14.999283
 43.400000 0.172835 21.103783 14.999283
 43.600000 0.200562 16.168691 14.999283
 43.800000 0.222617 9.706073 14.999283
 44.000000 0.219642 10.681049 14.999283
 44.200000 0.218388 12.165616 14.999283
 44.400000 0.218470 12.139963 14.999283
 44.600000 0.202974 16.122213 14.999283
 44.800000 0.184167 19.835300 14.999283
 45.000000 0.185711 19.587871 16.889292
 45.200000 0.184649 20.489291 16.889292
 45.400000 0.191512 19.214444 16.889292
 45.600000 0.197998 17.726823 16.889292
 45.800000 0.195425 18.338922 16.889292
 46.000000 0.200739 17.055474 16.889292
 46.200000 0.206102 16.474856 16.889292
 46.400000 0.210756 15.137052 16.889292
 46.600000 0.215519 13.626006 16.889292
 46.800000 0.192353 19.733600 16.889292
 47.000000 0.212082 14.731667 16.889292
 47.200000 0.212867 15.393035 16.889292
 47.400000 0.213325 15.245854 16.889292
 47.600000 0.230017 8.635752 16.889292
 47.800000 0.249594 2.062380 16.889292
 48.000000 0.256784 0.933915 16.889292
 48.200000 0.231588 8.373136 16.889292
 48.400000 0.228363 9.625389 16.889292
 48.600000 0.232896 7.888043 16.889292
 48.800000 0.234653 7.262039 16.889292
 49.000000 0.229482 9.183770 16.889292
 49.200000 0.197970 19.246937 16.889292
 49.400000 0.194570 19.822602 16.889292
 49.600000 0.190714 20.403304 16.889292
 49.800000 0.188336 20.717424 16.889292
 50.000000 0.192249 20.182497 17.646822
 50.200000 0.220862 13.702735 17.646822
 50.400000 0.219659 14.131801 17.646822
 50.600000 0.210329 17.034189 17.646822
 50.800000 0.205759 18.206665 17.646822
 51.000000 0.200018 19.497205 17.646822
 51.200000 0.180865 22.307241 17.646822
 51.400000 0.189169 21.873654 17.646822
 51.600000 0.178569 22.325981 17.646822
 51.800000 0.181566 22.293966 17.646822
 52.000000 0.206226 18.767272 17.646822
 52.200000 0.210997 18.133170 17.646822
 52.400000 0.214688 16.871473 17.646822
 52.600000 0.200607 20.814637 17.646822
 52.800000 0.213310 17.360341 17.646822
 53.000000 0.215770 16.473155 17.646822
 53.200000 0.213083 18.265591 17.646822
 53.400000 0.231058 10.529549 17.646822
 53.600000 0.239452 7.005539 17.646822
 53.800000 0.228572 11.690431 17.646822
 54.000000 0.216804 16.920247 17.646822
 54.200000 0.218915 16.889409 17.646822
 54.400000 0.223034 15.031775 17.646822
 54.600000 0.225074 14.042840 17.646822
 54.800000 0.223678 14.723160 17.646822
 55.000000 0.255367 3.092568 18.515029
 55.200000 0.234223 10.090621 18.515029
 55.400000 0.216875 17.770262 18.515029
 55.600000 0.203495 21.355438 18.515029
 55.800000 0.200447 21.797378 18.515029
 56.000000 0.198470 22.025548 18.515029
 56.200000 0.184812 23.069006 18.515029
 56.400000 0.174552 22.576824 18.515029
 56.600000 0.152746 19.861554 18.515029
 56.800000 0.151847 19.640865 18.515029
 57.000000 0.165649 21.929462 18.515029
 57.200000 0.162463 22.234980 18.515029
 57.400000 0.157956 21.513284 18.515029
 57.600000 0.177477 23.226309 18.515029
 57.800000 0.182257 23.333771 18.515029
 58.000000 0.154072 20.656903 18.515029
 58.200000 0.151239 20.585216 18.515029
 58.400000 0.135583 14.543785 18.515029
 58.600000 0.136583 14.993244 18.515029
 58.800000 0.136682 15.037083 18.515029
 59.000000 0.133856 13.754875 18.515029
 59.200000 0.127280 11.490255 18.515029
 59.400000 0.139008 16.949041 18.515029
 59.600000 0.132437 14.038828 18.515029
 59.800000 0.130473 13.090653 18.515029
 60.000000 0.117907 6.762388 19.573208
 60.200000 0.116691 7.485190 19.573208
 60.400000 0.117598 7.910691 19.573208
 60.600000 0.127974 12.876567 19.573208
 60.800000 0.132468 14.860801 19.573208
 61.000000 0.136169 16.360754 19.573208
 61.200000 0.149874 21.391947 19.573208
 61.400000 0.150963 21.627937 19.573208
 61.600000 0.169775 23.422823 19.573208
 61.800000 0.191872 23.268646 19.573208
 62.000000 0.170266 23.428453 19.573208
 62.200000 0.146919 20.860126 19.573208
 62.400000 0.173845 24.051963 19.573208
 62.600000 0.170834 24.050003 19.573208
 62.800000 0.163779 23.812998 19.573208
 63.000000 0.158942 23.346760 19.573208
 63.200000 0.169604 24.516577 19.573208
 63.400000 0.162480 24.318119 19.573208
 63.600000 0.146687 21.237941 19.573208
 63.800000 0.136452 17.562371 19.573208
 64.000000 0.142618 19.907225 19.573208
 64.200000 0.138932 19.252853 19.573208
 64.400000 0.127428 13.843739 19.573208
 64.600000 0.132850 16.590119 19.573208
 64.800000 0.137146 18.520870 19.573208
 65.000000 0.148569 22.457980 20.876016
 65.200000 0.133173 17.122558 20.876016
 65.400000 0.139564 20.038725 20.876016
 65.600000 0.135034 18.028637 20.876016
 65.800000 0.126983 13.833733 20.876016
 66.000000 0.138655 19.659184 20.876016
 66.200000 0.143319 22.168713 20.876016
 66.400000 0.138695 20.405055 20.876016
 66.600000 0.132767 17.594347 20.876016
 66.800000 0.117927 9.025936 20.876016
 67.000000 0.108438 4.367190 20.876016
 67.200000 0.113631 8.070681 20.876016
 67.400000 0.113339 7.933226 20.876016
 67.600000 0.118953 10.740162 20.876016
 67.800000 0.119604 11.083525 20.876016
 68.000000 0.127378 15.250379 20.876016
 68.200000 0.126142 15.477513 20.876016
 68.400000 0.123211 13.870204 20.876016
 68.600000 0.114373 9.033844 20.876016
 68.800000 0.117232 10.552387 20.876016
 69.000000 0.121514 12.924446 20.876016
 69.200000 0.118900 12.437422 20.876016
 69.400000 0.116969 11.349544 20.876016
 69.600000 0.119870 12.985065 20.876016
 69.800000 0.125854 16.265407 20.876016
 70.000000 0.124933 15.778844 21.305836
 70.200000 0.122220 15.153852 21.305836
 70.400000 0.125126 16.748001 21.305836
 70.600000 0.129759 19.033022 21.305836
 70.800000 0.107532 6.902086 21.305836
 71.000000 0.108582 7.424248 21.305836
 71.200000 0.113748 11.413289 21.305836
 71.400000 0.121647 15.688384 21.305836
 71.600000 0.122514 16.135789 21.305836
 71.800000 0.118317 13.912234 21.305836
 72.000000 0.125126 17.430854 21.305836
 72.200000 0.123612 17.491160 21.305836
 72.400000 0.141725 23.687631 21.305836
 72.600000 0.152655 25.166825 21.305836
 72.800000 0.147084 24.571057 21.305836
 73.000000 0.140877 23.517517 21.305836
 73.200000 0.127807 19.878084 21.305836
 73.400000 0.129848 20.766050 21.305836
 73.600000 0.134549 22.485171 21.305836
 73.800000 0.136683 23.120419 21.305836
 74.000000 0.146743 25.092740 21.305836
 74.200000 0.135355 23.163620 21.305836
 74.400000 0.126293 19.391754 21.305836
 74.600000 0.132096 21.999159 21.305836
 74.800000 0.125123 18.789692 21.305836
 75.000000 0.127341 19.911048 22.158195
 75.200000 0.128648 21.248188 22.158195
 75.400000 0.125906 19.912622 22.158195
 75.600000 0.132353 22.780428 22.158195
 75.800000 0.118538 15.667933 22.158195
 76.000000 0.125850 19.883738 22.158195
 76.200000 0.121022 17.866888 22.158195
 76.400000 0.116481 14.975397 22.158195
 76.600000 0.112473 12.352966 22.158195
 76.800000 0.128934 22.084626 22.158195
 77.000000 0.147449 26.296910 22.158195
 77.200000 0.154585 26.932791 22.158195
 77.400000 0.151579 26.977769 22.158195
 77.600000 0.175767 24.808119 22.158195
 77.800000 0.171912 25.224135 22.158195
 78.000000 0.139454 25.798256 22.158195
 78.200000 0.115370 14.454376 22.158195
 78.400000 0.118587 16.634485 22.158195
 78.600000 0.117495 15.898433 22.158195
 78.800000 0.127775 22.194663 22.158195
 79.000000 0.142821 26.916606 22.158195
 79.200000 0.143541 27.532756 22.158195
 79.400000 0.156354 27.499893 22.158195
 79.600000 0.156447 27.490829 22.158195
 79.800000 0.166703 26.106939 22.158195
 80.000000 0.168116 25.895237 23.632702
 80.200000 0.185207 24.348440 23.632702
 80.400000 0.197344 23.097546 23.632702
 80.600000 0.211676 19.987147 23.632702
 80.800000 0.244475 6.697082 23.632702
 81.000000 0.234108 10.175937 23.632702
 81.200000 0.222741 16.321484 23.632702
 81.400000 0.198410 23.014818 23.632702
 81.600000 0.168550 26.382783 23.632702
 81.800000 0.147505 28.039497 23.632702
 82.000000 0.168361 26.410960 23.632702
 82.200000 0.178359 25.483192 23.632702
 82.400000 0.173229 26.217943 23.632702
 82.600000 0.158285 28.168214 23.632702
 82.800000 0.143251 27.769592 23.632702
 83.000000 0.153195 28.406794 23.632702
 83.200000 0.160838 28.367544 23.632702
 83.400000 0.152414 28.906483 23.632702
 83.600000 0.150953 28.889884 23.632702
 83.800000 0.157861 28.670733 23.632702
 84.000000 0.183786 24.863398 23.632702
 84.200000 0.178320 26.150155 23.632702
 84.400000 0.169123 27.475316 23.632702
 84.600000 0.177102 26.317275 23.632702
 84.800000 0.183457 25.482869 23.632702
 85.000000 0.173526 26.827477 24.800863
 85.200000 0.166781 28.291284 24.800863
 85.400000 0.167286 28.226943 24.800863
 85.600000 0.158300 29.084640 24.800863
 85.800000 0.142313 28.068863 24.800863
 86.000000 0.144818 28.508468 24.800863
 86.200000 0.138565 27.616413 24.800863
 86.400000 0.131271 24.769930 24.800863
 86.600000 0.131029 24.651635 24.800863
 86.800000 0.109254 10.480217 24.800863
 87.000000 0.117887 16.424378 24.800863
 87.200000 0.111940 13.036752 24.800863
 87.400000 0.111016 12.393494 24.800863
 87.600000 0.106794 9.593128 24.800863
 87.800000 0.109471 11.339269 24.800863
 88.000000 0.132362 25.812456 24.800863
 88.200000 0.143658 29.418355 24.800863
 88.400000 0.119678 18.908488 24.800863
 88.600000 0.111430 12.889918 24.800863
 88.800000 0.116010 16.235903 24.800863
 89.000000 0.113927 14.701999 24.800863
 89.200000 0.110629 13.207299 24.800863
 89.400000 0.115932 17.079358 24.800863
 89.600000 0.122277 21.498489 24.800863
 89.800000 0.110190 12.892951 24.800863
 90.000000 0.118623 19.014955 25.630692
 90.200000 0.127706 25.305766 25.630692
 90.400000 0.111358 14.400824 25.630692
 90.600000 0.134258 27.914104 25.630692
 90.800000 0.157375 29.672623 25.630692
 91.000000 0.172177 27.660344 25.630692
 91.200000 0.194444 24.428768 25.630692
 91.400000 0.199349 23.508859 25.630692
 91.600000 0.201899 22.985572 25.630692
 91.800000 0.220148 17.438634 25.630692
 92.000000 0.224944 15.371773 25.630692
 92.200000 0.234682 11.762667 25.630692
 92.400000 0.247728 6.976008 25.630692
 92.600000 0.256706 4.852991 25.630692
 92.800000 0.236469 10.976755 25.630692
 93.000000 0.226795 15.414655 25.630692
 93.200000 0.258356 4.609331 25.630692
 93.400000 0.275010 1.536255 25.630692
 93.600000 0.265021 3.245930 25.630692
 93.800000 0.243195 8.855997 25.630692
 94.000000 0.253630 5.689763 25.630692
 94.200000 0.262773 4.817946 25.630692
 94.400000 0.252477 7.331222 25.630692
 94.600000 0.241444 10.510675 25.630692
 94.800000 0.226932 16.508835 25.630692
 95.000000 0.251497 7.575377 25.871078
 95.200000 0.271999 3.122230 25.871078
 95.400000 0.267001 4.510996 25.871078
 95.600000 0.249303 9.374592 25.871078
 95.800000 0.229438 15.841951 25.871078
 96.000000 0.213622 21.217031 25.871078
 96.200000 0.236404 13.388193 25.871078
 96.400000 0.237836 12.856756 25.871078
 96.600000 0.233530 14.521128 25.871078
 96.800000 0.233671 14.463576 25.871078
 97.000000 0.229785 16.083986 25.871078
 97.200000 0.240701 12.523875 25.871078
 97.400000 0.240868 12.463925 25.871078
 97.600000 0.249853 9.620341 25.871078
 97.800000 0.257585 7.399017 25.871078
 98.000000 0.224952 18.922132 25.871078
 98.200000 0.235540 15.101387 25.871078
 98.400000 0.249006 10.072830 25.871078
 98.600000 0.242164 12.399660 25.871078
 98.800000 0.211105 23.359171 25.871078
 99.000000 0.196777 24.833910 25.871078
 99.200000 0.188565 26.248953 25.871078
 99.400000 0.180549 27.201311 25.871078
 99.600000 0.182470 26.959705 25.871078
 99.800000 0.169736 28.671253 25.871078
 100.000000 0.161996 29.617106 26.306580
 100.200000 0.162171 30.067026 26.306580
 100.400000 0.171546 28.803744 26.306580
 100.600000 0.164429 29.813180 26.306580
 100.800000 0.165480 29.681049 26.306580
 101.000000 0.154325 30.559988 26.306580
 101.200000 0.151215 30.998917 26.306580
 101.400000 0.135847 28.703758 26.306580
 101.600000 0.116174 18.015592 26.306580
 101.800000 0.118576 19.763038 26.306580
 102.000000 0.113838 16.271526 26.306580
 102.200000 0.113717 17.028578 26.306580
 102.400000 0.120724 22.020463 26.306580
 102.600000 0.123071 23.492334 26.306580
 102.800000 0.109014 13.478306 26.306580
 103.000000 0.125798 25.030018 26.306580
 103.200000 0.148300 31.107386 26.306580
 103.400000 0.173457 28.707647 26.306580
 103.600000 0.178249 27.886813 26.306580
 103.800000 0.165812 29.987824 26.306580
 104.000000 0.155158 31.089450 26.306580
 104.200000 0.171461 29.296882 26.306580
 104.400000 0.191789 26.012250 26.306580
 104.600000 0.190530 26.163874 26.306580
 104.800000 0.175096 28.603427 26.306580
 105.000000 0.162655 30.816796 27.515973
 105.200000 0.165005 30.899524 27.515973
 105.400000 0.176136 28.703761 27.515973
 105.600000 0.203920 24.715044 27.515973
 105.800000 0.190353 26.265575 27.515973
 106.000000 0.191520 26.113072 27.515973
 106.200000 0.180152 28.321050 27.515973
 106.400000 0.181417 28.111903 27.515973
 106.600000 0.175908 29.068191 27.515973
 106.800000 0.169649 30.226848 27.515973
 107.000000 0.162568 31.356353 27.515973
 107.200000 0.171773 30.193601 27.515973
 107.400000 0.188861 27.101700 27.515973
 107.600000 0.175764 29.388361 27.515973
 107.800000 0.179949 28.576120 27.515973
 108.000000 0.177308 29.081262 27.515973
 108.200000 0.159693 32.339600 27.515973
 108.400000 0.163416 31.988010 27.515973
 108.600000 0.154519 32.486081 27.515973
 108.800000 0.175907 29.836597 27.515973
 109.000000 0.177324 29.557284 27.515973
 109.200000 0.158175 32.632779 27.515973
 109.400000 0.127184 26.438556 27.515973
 109.600000 0.128458 27.060709 27.515973
 109.800000 0.140985 31.088626 27.515973
 110.000000 0.130644 28.024284 28.511644
 110.200000 0.136006 30.353753 28.511644
 110.400000 0.139231 31.137793 28.511644
 110.600000 0.151452 32.679372 28.511644
 110.800000 0.179759 29.548538 28.511644
 111.000000 0.194761 26.777297 28.511644
 111.200000 0.185916 28.799687 28.511644
 111.400000 0.197473 26.854583 28.511644
 111.600000 0.186099 28.768247 28.511644
 111.800000 0.191309 27.885146 28.511644
 112.000000 0.193122 27.581957 28.511644
 112.200000 0.180192 30.146796 28.511644
 112.400000 0.164035 32.410985 28.511644
 112.600000 0.143766 31.938792 28.511644
 112.800000 0.135600 30.239854 28.511644
 113.000000 0.129368 27.978192 28.511644
 113.200000 0.121937 24.279368 28.511644
 113.400000 0.124671 26.021926 28.511644
 113.600000 0.127544 27.610072 28.511644
 113.800000 0.138514 31.398535 28.511644
 114.000000 0.157306 32.892749 28.511644
 114.200000 0.152494 33.282905 28.511644
 114.400000 0.150501 33.190264 28.511644
 114.600000 0.150814 33.208043 28.511644
 114.800000 0.154543 33.325400 28.511644
 115.000000 0.150137 33.168107 29.445876
 115.200000 0.155770 33.697605 29.445876
 115.400000 0.134671 30.801653 29.445876
 115.600000 0.131842 29.780546 29.445876
 115.800000 0.143876 32.905957 29.445876
 116.000000 0.153581 33.701015 29.445876
 116.200000 0.153223 34.084991 29.445876
 116.400000 0.133228 30.462217 29.445876
 116.600000 0.118936 22.220921 29.445876
 116.800000 0.118926 22.213052 29.445876
 117.000000 0.124150 25.886007 29.445876
 117.200000 0.125742 27.412271 29.445876
 117.400000 0.125291 27.144183 29.445876
 117.600000 0.117067 21.259190 29.445876
 117.800000 0.116240 20.585365 29.445876
 118.000000 0.110551 15.798830 29.445876
 118.200000 0.116459 21.566117 29.445876
 118.400000 0.123165 26.405388 29.445876
 118.600000 0.118729 23.325809 29.445876
 118.800000 0.125565 27.831922 29.445876
 119.000000 0.131922 30.744871 29.445876
 119.200000 0.135837 32.401681 29.445876
 119.400000 0.133318 31.669349 29.445876
 119.600000 0.130313 30.565963 29.445876
 119.800000 0.114479 20.185009 29.445876
 120.000000 0.109576 15.988930 30.144942
 120.200000 0.113971 20.578126 30.144942
 120.400000 0.108207 15.680326 30.144942
 120.600000 0.122284 26.798486 30.144942
 120.800000 0.131181 31.215643 30.144942
 121.000000 0.144776 33.999949 30.144942
 121.200000 0.157768 34.424040 30.144942
 121.400000 0.154897 34.622290 30.144942
 121.600000 0.170329 32.413866 30.144942
 121.800000 0.148082 34.618209 30.144942
 122.000000 0.141788 34.041837 30.144942
 122.200000 0.152319 34.998934 30.144942
 122.400000 0.154131 34.928534 30.144942
 122.600000 0.160933 34.238957 30.144942
 122.800000 0.175793 31.323454 30.144942
 123.000000 0.155663 34.831454 30.144942
 123.200000 0.150056 35.362590 30.144942
 123.400000 0.152158 35.363612 30.144942
 123.600000 0.149570 35.352180 30.144942
 123.800000 0.176006 31.426727 30.144942
 124.000000 0.182325 30.118327 30.144942
 124.200000 0.174206 32.222077 30.144942
 124.400000 0.180105 31.011869 30.144942
 124.600000 0.198878 27.359721 30.144942
 124.800000 0.182995 30.446130 30.144942
 125.000000 0.168748 33.365253 31.341652
 125.200000 0.171339 33.215755 31.341652
 125.400000 0.181376 31.038468 31.341652
 125.600000 0.186816 29.905540 31.341652
 125.800000 0.203325 26.463171 31.341652
 126.000000 0.193674 28.495542 31.341652
 126.200000 0.190693 29.590931 31.341652
 126.400000 0.166854 34.235307 31.341652
 126.600000 0.179369 31.778414 31.341652
 126.800000 0.166720 34.259311 31.341652
 127.000000 0.171173 33.410416 31.341652
 127.200000 0.176710 32.670981 31.341652
 127.400000 0.166799 34.623812 31.341652
 127.600000 0.170048 34.026404 31.341652
 127.800000 0.166418 34.688641 31.341652
 128.000000 0.168524 34.315745 31.341652
 128.200000 0.169420 34.526193 31.341652
 128.400000 0.175288 33.309780 31.341652
 128.600000 0.168929 34.619458 31.341652
 128.800000 0.173408 33.714591 31.341652
 129.000000 0.165429 35.222809 31.341652
 129.200000 0.189174 30.332827 31.341652
 129.400000 0.189410 30.277157 31.341652
 129.600000 0.195777 28.768318 31.341652
 129.800000 0.197465 28.364179 31.341652
 130.000000 0.190418 30.039166 32.200864
 130.200000 0.202557 27.460384 32.200864
 130.400000 0.207972 26.001126 32.200864
 130.600000 0.210414 25.305621 32.200864
 130.800000 0.209917 25.449807 32.200864
 131.000000 0.206227 26.481384 32.200864
 131.200000 0.214124 24.638447 32.200864
 131.400000 0.238724 13.829292 32.200864
 131.600000 0.250750 9.538903 32.200864
 131.800000 0.248082 10.375290 32.200864
 132.000000 0.237823 14.216892 32.200864
 132.200000 0.219961 22.920961 32.200864
 132.400000 0.200748 28.478205 32.200864
 132.600000 0.175403 33.918782 32.200864
 132.800000 0.193087 30.235498 32.200864
 133.000000 0.215462 24.479689 32.200864
 133.200000 0.245717 12.043030 32.200864
 133.400000 0.270710 3.570527 32.200864
 133.600000 0.254248 9.008121 32.200864
 133.800000 0.244810 12.391367 32.200864
 134.000000 0.230803 18.668709 32.200864
 134.200000 0.226293 21.530823 32.200864
 134.400000 0.213941 25.949820 32.200864
 134.600000 0.203133 28.454692 32.200864
 134.800000 0.204309 28.210042 32.200864
 135.000000 0.211236 26.653537 32.230524
 135.200000 0.211026 27.239168 32.230524
 135.400000 0.205827 28.389435 32.230524
 135.600000 0.190707 31.127826 32.230524
 135.800000 0.184378 32.251775 32.230524
 136.000000 0.191174 31.046735 32.230524
 136.200000 0.183194 32.850340 32.230524
 136.400000 0.152681 36.339168 32.230524
 136.600000 0.133445 32.794961 32.230524
 136.800000 0.133858 32.937446 32.230524
 137.000000 0.136820 33.845886 32.230524
 137.200000 0.164417 36.011469 32.230524
 137.400000 0.189333 31.803343 32.230524
 137.600000 0.178243 33.718675 32.230524
 137.800000 0.173997 34.482638 32.230524
 138.000000 0.175598 34.194503 32.230524
 138.200000 0.167500 35.912881 32.230524
 138.400000 0.153939 36.728925 32.230524
 138.600000 0.146072 36.078579 32.230524
 138.800000 0.149133 36.424396 32.230524
 139.000000 0.158729 36.721014 32.230524
 139.200000 0.175494 34.777020 32.230524
 139.400000 0.185070 32.916182 32.230524
 139.600000 0.162460 36.821628 32.230524
 139.800000 0.157753 37.089506 32.230524
 140.000000 0.182671 33.379017 33.107338
 140.200000 0.182287 33.848852 33.107338
 140.400000 0.167110 36.489063 33.107338
 140.600000 0.189230 32.475398 33.107338
 140.800000 0.203710 29.330707 33.107338
 141.000000 0.216588 25.825515 33.107338
 141.200000 0.210064 28.272536 33.107338
 141.400000 0.204514 29.543442 33.107338
 141.600000 0.211708 27.846714 33.107338
 141.800000 0.206920 29.017355 33.107338
 142.000000 0.209786 28.341554 33.107338
 142.200000 0.195504 31.683905 33.107338
 142.400000 0.203808 30.150293 33.107338
 142.600000 0.202598 30.386985 33.107338
 142.800000 0.162656 36.968038 33.107338
 143.000000 0.154681 37.146178 33.107338
 143.200000 0.144902 36.424664 33.107338
 143.400000 0.142726 36.012383 33.107338
 143.600000 0.150826 37.226882 33.107338
 143.800000 0.161031 37.384567 33.107338
 144.000000 0.186226 33.328680 33.107338
 144.200000 0.177120 35.329412 33.107338
 144.400000 0.176767 35.391065 33.107338
 144.600000 0.177364 35.286914 33.107338
 144.800000 0.154232 37.502895 33.107338
 145.000000 0.134152 33.646184 33.662224
 145.200000 0.120105 26.090040 33.662224
 145.400000 0.130265 32.428524 33.662224
 145.600000 0.143909 36.567284 33.662224
 145.800000 0.166813 36.984292 33.662224
 146.000000 0.203126 30.495628 33.662224
 146.200000 0.217746 26.731714 33.662224
 146.400000 0.239567 15.552578 33.662224
 146.600000 0.245532 12.742213 33.662224
 146.800000 0.241947 14.380081 33.662224
 147.000000 0.240765 14.953775 33.662224
 147.200000 0.246518 13.152342 33.662224
 147.400000 0.235798 18.385729 33.662224
 147.600000 0.243533 14.520579 33.662224
 147.800000 0.253165 10.311773 33.662224
 148.000000 0.262311 6.662825 33.662224
 148.200000 0.248831 13.004159 33.662224
 148.400000 0.243231 15.240456 33.662224
 148.600000 0.233228 19.936041 33.662224
 148.800000 0.234250 19.423969 33.662224
 149.000000 0.259873 8.893154 33.662224
 149.200000 0.263195 8.773489 33.662224
 149.400000 0.238707 17.692225 33.662224
 149.600000 0.242475 16.162958 33.662224
 149.800000 0.250888 13.216300 33.662224
 150.000000 0.247651 14.300615 33.671004
 150.200000 0.235701 19.697242 33.671004
 150.400000 0.242449 17.044600 33.671004
 150.600000 0.232305 21.164004 33.671004
 150.800000 0.250305 14.321122 33.671004
 151.000000 0.265980 8.081350 33.671004
 151.200000 0.270931 7.076136 33.671004
 151.400000 0.264320 10.031815 33.671004
 151.600000 0.254818 13.645405 33.671004
 151.800000 0.266508 9.066401 33.671004
 152.000000 0.279843 3.517978 33.671004
 152.200000 0.283285 3.942020 33.671004
 152.400000 0.297538 1.096387 33.671004
 152.600000 0.293883 1.597562 33.671004
 152.800000 0.288592 2.589376 33.671004
 153.000000 0.273044 7.497670 33.671004
 153.200000 0.253189 14.987603 33.671004
 153.400000 0.240122 18.341535 33.671004
 153.600000 0.233388 20.848155 33.671004
 153.800000 0.235892 19.851776 33.671004
 154.000000 0.235849 19.868514 33.671004
 154.200000 0.237728 19.883084 33.671004
 154.400000 0.261670 12.965789 33.671004
 154.600000 0.302068 0.839991 33.671004
 154.800000 0.295964 1.683752 33.671004
 155.000000 0.277924 6.873385 33.633800
 155.200000 0.276296 8.782485 33.633800
 155.400000 0.285535 5.343214 33.633800
 155.600000 0.291058 3.570263 33.633800
 155.800000 0.290276 3.800581 33.633800
 156.000000 0.303739 0.969168 33.633800
 156.200000 0.309946 1.946066 33.633800
 156.400000 0.297563 3.505976 33.633800
 156.600000 0.306167 2.358172 33.633800
 156.800000 0.313738 1.563047 33.633800
 157.000000 0.301562 2.923300 33.633800
 157.200000 0.289972 6.129924 33.633800
 157.400000 0.282621 7.700403 33.633800
 157.600000 0.278408 8.842136 33.633800
 157.800000 0.300867 4.551677 33.633800
 158.000000 0.290114 6.104889 33.633800
 158.200000 0.267876 12.477705 33.633800
 158.400000 0.268171 12.403152 33.633800
 158.600000 0.246532 17.238041 33.633800
 158.800000 0.261244 14.066965 33.633800
 159.000000 0.289813 7.491062 33.633800
 159.200000 0.306584 5.161580 33.633800
 159.400000 0.317154 2.633191 33.633800
 159.600000 0.318891 2.276532 33.633800
 159.800000 0.312435 3.711791 33.633800
 160.000000 0.325344 1.201488 33.593820
 160.200000 0.344069 0.825987 33.593820
 160.400000 0.338635 1.306118 33.593820
 160.600000 0.335325 1.649498 33.593820
 160.800000 0.334551 1.734175 33.593820
 161.000000 0.329450 2.331944 33.593820
 161.200000 0.323232 4.597252 33.593820
 161.400000 0.313220 5.596213 33.593820
 161.600000 0.335035 3.152577 33.593820
 161.800000 0.350638 0.991248 33.593820
 162.000000 0.336583 2.923453 33.593820
 162.200000 0.332026 5.042609 33.593820
 162.400000 0.361113 0.662053 33.593820
 162.600000 0.354978 1.325657 33.593820
 162.800000 0.346393 2.730649 33.593820
 163.000000 0.339119 4.054124 33.593820
 163.200000 0.339813 5.394623 33.593820
 163.400000 0.343485 4.670496 33.593820
 163.600000 0.338262 5.655118 33.593820
 163.800000 0.320459 6.401312 33.593820
 164.000000 0.298573 7.663847 33.593820
 164.200000 0.304947 8.042086 33.593820
 164.400000 0.307219 7.751274 33.593820
 164.600000 0.328643 6.651377 33.593820
 164.800000 0.311951 7.251519 33.593820
 165.000000 0.308778 7.567826 33.555526
 165.200000 0.321661 7.670211 33.555526
 165.400000 0.332559 6.759484 33.555526
 165.600000 0.335010 6.422714 33.555526
 165.800000 0.331089 6.930421 33.555526
 166.000000 0.338539 5.816863 33.555526
 166.200000 0.324374 8.355302 33.555526
 166.400000 0.325626 8.336925 33.555526
 166.600000 0.343914 5.933637 33.555526
 166.800000 0.346240 5.305756 33.555526
 167.000000 0.359512 1.891926 33.555526
 167.200000 0.368652 1.946149 33.555526
 167.400000 0.369825 1.783256 33.555526
 167.600000 0.372867 1.399080 33.555526
 167.800000 0.380296 0.691523 33.555526
 168.000000 0.363225 2.808709 33.555526
 168.200000 0.345546 7.308247 33.555526
 168.400000 0.318742 8.488522 33.555526
 168.600000 0.309141 8.974654 33.555526
 168.800000 0.302580 9.583449 33.555526
 169.000000 0.305106 9.343587 33.555526
 169.200000 0.304312 10.571966 33.555526
 169.400000 0.314460 9.565787 33.555526
 169.600000 0.307924 10.214751 33.555526
 169.800000 0.311682 9.827134 33.555526
 170.000000 0.326454 8.951529 33.517813
 170.200000 0.311894 10.538436 33.517813
 170.400000 0.297872 11.206760 33.517813
 170.600000 0.296346 11.232134 33.517813
 170.800000 0.284592 11.320881 33.517813
 171.000000 0.255487 15.397005 33.517813
 171.200000 0.257252 15.948455 33.517813
 171.400000 0.273283 12.703246 33.517813
 171.600000 0.279994 11.778662 33.517813
 171.800000 0.263653 14.660158 33.517813
 172.000000 0.256138 16.157696 33.517813
 172.200000 0.272945 13.217196 33.517813
 172.400000 0.276147 12.592264 33.517813
 172.600000 0.275164 12.771380 33.517813
 172.800000 0.281519 11.846664 33.517813
 173.000000 0.284330 11.610268 33.517813
 173.200000 0.279586 13.061491 33.517813
 173.400000 0.265861 15.368148 33.517813
 173.600000 0.271900 14.184104 33.517813
 173.800000 0.267043 15.128213 33.517813
 174.000000 0.274960 13.668109 33.517813
 174.200000 0.278091 14.164449 33.517813
 174.400000 0.293874 12.598328 33.517813
 174.600000 0.294016 12.585810 33.517813
 174.800000 0.312731 10.706746 33.517813
 175.000000 0.308521 11.085593 33.481141
 175.200000 0.291772 13.350648 33.481141
 175.400000 0.269993 15.480787 33.481141
 175.600000 0.240293 20.125682 33.481141
 175.800000 0.242099 19.710119 33.481141
 176.000000 0.253310 17.970453 33.481141
 176.200000 0.276128 14.790791 33.481141
 176.400000 0.267829 16.336059 33.481141
 176.600000 0.256357 18.360847 33.481141
 176.800000 0.246656 19.577491 33.481141
 177.000000 0.238621 21.041568 33.481141
 177.200000 0.255363 18.862360 33.481141
 177.400000 0.262795 17.505875 33.481141
 177.600000 0.268363 16.323625 33.481141
 177.800000 0.259160 18.212838 33.481141
 178.000000 0.276397 14.776129 33.481141
 178.200000 0.263687 17.953861 33.481141
 178.400000 0.273036 16.252176 33.481141
 178.600000 0.267135 17.335470 33.481141
 178.800000 0.290018 14.062086 33.481141
 179.000000 0.297553 13.417295 33.481141
 179.200000 0.312028 12.457832 33.481141
 179.400000 0.309301 12.862514 33.481141
 179.600000 0.328376 10.631592 33.481141
 179.800000 0.329804 10.484873 33.481141
 180.000000 0.341085 8.806855 33.448271
 180.200000 0.351476 7.604919 33.448271
 180.400000 0.331330 11.272029 33.448271
 180.600000 0.322118 11.756813 33.448271
 180.800000 0.306985 13.296700 33.448271
 181.000000 0.318046 12.021963 33.448271
 181.200000 0.299393 14.693048 33.448271
 181.400000 0.319711 12.918209 33.448271
 181.600000 0.331612 11.930554 33.448271
 181.800000 0.339356 10.674931 33.448271
 182.000000 0.366756 4.033570 33.448271
 182.200000 0.359716 6.936674 33.448271
 182.400000 0.346710 9.529930 33.448271
 182.600000 0.350681 8.718380 33.448271
 182.800000 0.359881 6.904361 33.448271
 183.000000 0.340692 10.710660 33.448271
 183.200000 0.336931 12.395836 33.448271
 183.400000 0.352229 9.213982 33.448271
 183.600000 0.379617 2.679910 33.448271
 183.800000 0.375629 3.576010 33.448271
 184.000000 0.367181 5.630621 33.448271
 184.200000 0.334409 12.815860 33.448271
 184.400000 0.307151 14.147943 33.448271
 184.600000 0.314862 13.562372 33.448271
 184.800000 0.313506 13.649442 33.448271
 185.000000 0.318431 13.385315 33.412448
 185.200000 0.296817 15.186614 33.412448
 185.400000 0.272180 16.648212 33.412448
 185.600000 0.274505 16.315491 33.412448
 185.800000 0.295360 15.201777 33.412448
 186.000000 0.298596 15.160477 33.412448
 186.200000 0.285536 15.969806 33.412448
 186.400000 0.300405 16.007024 33.412448
 186.600000 0.294808 16.069207 33.412448
 186.800000 0.291991 16.036571 33.412448
 187.000000 0.282526 16.015043 33.412448
 187.200000 0.275720 17.207587 33.412448
 187.400000 0.278503 17.032042 33.412448
 187.600000 0.279568 16.979971 33.412448
 187.800000 0.289146 16.770010 33.412448
 188.000000 0.293924 16.703885 33.412448
 188.200000 0.299451 17.263189 33.412448
 188.400000 0.310308 15.986529 33.412448
 188.600000 0.332740 13.643601 33.412448
 188.800000 0.340005 12.546446 33.412448
 189.000000 0.340704 12.418473 33.412448
 189.200000 0.342098 13.156688 33.412448
 189.400000 0.331770 14.598509 33.412448
 189.600000 0.331366 14.629324 33.412448
 189.800000 0.347733 11.924639 33.412448
 190.000000 0.365661 7.610468 33.377714
 190.200000 0.378778 4.757482 33.377714
 190.400000 0.382157 3.693404 33.377714
 190.600000 0.387896 2.166918 33.377714
 190.800000 0.396591 0.743680 33.377714
 191.000000 0.376467 5.522418 33.377714
 191.200000 0.392003 2.158423 33.377714
 191.400000 0.405451 0.381841 33.377714
 191.600000 0.418706 0.025322 33.377714
 191.800000 0.427551 0.001508 33.377714
 192.000000 0.443105 0.000000 33.377714
 192.200000 0.441118 1.734681 33.377714
 192.400000 0.410514 0.321633 33.377714
 192.600000 0.389843 2.670987 33.377714
 192.800000 0.390477 2.513695 33.377714
 193.000000 0.399281 0.948988 33.377714
 193.200000 0.431310 1.452463 33.377714
 193.400000 0.436284 1.654715 33.377714
 193.600000 0.428000 1.319367 33.377714
 193.800000 0.415108 1.325799 33.377714
 194.000000 0.408539 1.734380 33.377714
 194.200000 0.407773 3.413253 33.377714
 194.400000 0.411479 3.112383 33.377714
 194.600000 0.405344 3.587969 33.377714
 194.800000 0.413901 2.902194 33.377714
 195.000000 0.422142 2.263180 33.342046
 195.200000 0.433398 3.143195 33.342046
 195.400000 0.431419 3.267328 33.342046
 195.600000 0.424211 3.719257 33.342046
 195.800000 0.408917 4.396071 33.342046
 196.000000 0.407693 4.413041 33.342046
 196.200000 0.378545 7.284555 33.342046
 196.400000 0.382783 6.450522 33.342046
 196.600000 0.408334 5.841237 33.342046
 196.800000 0.424395 4.480066 33.342046
 197.000000 0.426682 4.208258 33.342046
 197.200000 0.434594 4.615050 33.342046
 197.400000 0.445475 3.002563 33.342046
 197.600000 0.458323 1.287825 33.342046
 197.800000 0.432545 4.903084 33.342046
 198.000000 0.408535 6.533872 33.342046
 198.200000 0.403394 7.483948 33.342046
 198.400000 0.414866 7.766035 33.342046
 198.600000 0.422215 6.989804 33.342046
 198.800000 0.433074 5.171039 33.342046
 199.000000 0.442506 3.544969 33.342046
 199.200000 0.443069 4.945416 33.342046
 199.400000 0.454332 2.865234 33.342046
 199.600000 0.473259 0.419807 33.342046
 199.800000 0.448911 3.895520 33.342046
 200.000000 0.448045 4.058267 33.307849
