#! FIELDS time d metad.bias metad.rct
 0.000000 0.141316 0.000000 0.000000
 0.200000 0.119074 0.000000 0.000000
 0.400000 0.137718 0.000000 0.000000
 0.600000 0.151139 0.000000 0.000000
 0.800000 0.143140 0.000000 0.000000
 1.000000 0.151091 0.000000 0.000000
 1.200000 0.153632 1.725016 0.000000
 1.400000 0.159935 1.470285 0.000000
 1.600000 0.130553 0.683313 0.000000
 1.800000 0.123897 0.335577 0.000000
 2.000000 0.134503 0.947914 0.000000
 2.200000 0.163541 1.493936 0.000000
 2.400000 0.149476 2.757959 0.000000
 2.600000 0.132664 2.486165 0.000000
 2.800000 0.140921 2.920555 0.000000
 3.000000 0.148742 2.796555 0.000000
 3.200000 0.159478 3.108626 0.000000
 3.400000 0.166947 1.896511 0.000000
 3.600000 0.177499 0.636699 0.000000
 3.800000 0.173438 1.025466 0.000000
 4.000000 0.160997 2.862334 0.000000
 4.200000 0.149762 5.446251 0.000000
 4.400000 0.156248 5.061829 0.000000
 4.600000 0.139289 4.682354 0.000000
 4.800000 0.142393 5.063812 0.000000
 5.000000 0.167346 3.243612 1.616285
 5.200000 0.178771 2.434647 1.616285
 5.400000 0.193159 0.541523 1.616285
 5.600000 0.191323 0.686226 1.616285
 5.800000 0.175126 3.159617 1.616285
 6.000000 0.185200 1.370150 1.616285
 6.200000 0.211446 0.373348 1.616285
 6.400000 0.196439 1.584404 1.616285
 6.600000 0.187671 2.678300 1.616285
 6.800000 0.205883 0.701926 1.616285
 7.000000 0.216996 0.174675 1.616285
 7.200000 0.191961 2.548902 1.616285
 7.400000 0.176161 4.359823 1.616285
 7.600000 0.199724 2.126754 1.616285
 7.800000 0.194897 2.346626 1.616285
 8.000000 0.164985 5.852487 1.616285
 8.200000 0.184679 3.824554 1.616285
 8.400000 0.186601 3.519173 1.616285
 8.600000 0.175229 5.557816 1.616285
 8.800000 0.173278 5.922799 1.616285
 9.000000 0.164519 7.251386 1.616285
 9.200000 0.181984 4.931380 1.616285
 9.400000 0.181910 4.948347 1.616285
 9.600000 0.186393 3.986928 1.616285
 9.800000 0.189558 3.414770 1.616285
 10.000000 0.164084 8.562419 4.069293
 10.200000 0.145443 7.576850 4.069293
 10.400000 0.150209 8.744417 4.069293
 10.600000 0.152421 9.186683 4.069293
 10.800000 0.151332 8.978973 4.069293
 11.000000 0.140392 6.181940 4.069293
 11.200000 0.159695 10.517382 4.069293
 11.400000 0.184030 4.984133 4.069293
 11.600000 0.191963 3.261432 4.069293
 11.800000 0.188190 3.981923 4.069293
 12.000000 0.179045 6.394917 4.069293
 12.200000 0.182884 6.566214 4.069293
 12.400000 0.197177 3.209478 4.069293
 12.600000 0.198764 2.988920 4.069293
 12.800000 0.204207 2.463980 4.069293
 13.000000 0.202933 2.557646 4.069293
 13.200000 0.185896 6.513579 4.069293
 13.400000 0.184790 6.759566 4.069293
 13.600000 0.176761 8.716383 4.069293
 13.800000 0.177554 8.520312 4.069293
 14.000000 0.158441 11.068253 4.069293
 14.200000 0.166427 11.685309 4.069293
 14.400000 0.186525 6.561587 4.069293
 14.600000 0.189960 5.819156 4.069293
 14.800000 0.191852 5.468760 4.069293
 15.000000 0.173113 10.237901 6.897680
 15.200000 0.180833 9.023538 6.897680
 15.400000 0.187795 6.957012 6.897680
 15.600000 0.224614 2.133850 6.897680
 15.800000 0.220618 2.593580 6.897680
 16.000000 0.190628 6.250660 6.897680
 16.200000 0.188137 8.173267 6.897680
 16.400000 0.194092 6.812646 6.897680
 16.600000 0.205282 4.875445 6.897680
 16.800000 0.203809 5.093751 6.897680
 17.000000 0.196024 6.424495 6.897680
 17.200000 0.164912 13.301565 6.897680
 17.400000 0.174262 12.219947 6.897680
 17.600000 0.194757 7.986033 6.897680
 17.800000 0.198336 7.291567 6.897680
 18.000000 0.183458 10.311988 6.897680
 18.200000 0.200568 7.438050 6.897680
 18.400000 0.192887 9.261142 6.897680
 18.600000 0.194768 8.815306 6.897680
 18.800000 0.193833 9.036966 6.897680
 19.000000 0.187235 10.577031 6.897680
 19.200000 0.209528 5.755675 6.897680
 19.400000 0.197557 9.013571 6.897680
 19.600000 0.214946 4.449299 6.897680
 19.800000 0.193037 10.239196 6.897680
 20.000000 0.183750 12.417578 9.276504
 20.200000 0.187736 12.525735 9.276504
 20.400000 0.194133 10.740156 9.276504
 20.600000 0.192362 11.268887 9.276504
 20.800000 0.177919 14.365418 9.276504
 21.000000 0.185370 13.082328 9.276504
 21.200000 0.205851 7.441277 9.276504
 21.400000 0.203009 8.422965 9.276504
 21.600000 0.219361 3.632532 9.276504
 21.800000 0.223950 2.691236 9.276504
 22.000000 0.220036 3.483578 9.276504
 22.200000 0.222037 4.549030 9.276504
 22.400000 0.213406 6.473603 9.276504
 22.600000 0.222911 4.361375 9.276504
 22.800000 0.220389 4.905305 9.276504
 23.000000 0.229119 3.067398 9.276504
 23.200000 0.225706 5.255325 9.276504
 23.400000 0.223703 5.621980 9.276504
 23.600000 0.243266 1.845248 9.276504
 23.800000 0.235608 3.267738 9.276504
 24.000000 0.212195 7.568063 9.276504
 24.200000 0.210601 9.104560 9.276504
 24.400000 0.229773 5.090045 9.276504
 24.600000 0.249342 1.065896 9.276504
 24.800000 0.239036 2.842165 9.276504
 25.000000 0.225572 6.118832 10.179311
 25.200000 0.236501 4.442802 10.179311
 25.400000 0.231860 5.784654 10.179311
 25.600000 0.233918 5.190888 10.179311
 25.800000 0.224752 7.641788 10.179311
 26.000000 0.210759 9.893180 10.179311
 26.200000 0.215700 10.320739 10.179311
 26.400000 0.216833 10.131141 10.179311
 26.600000 0.216356 10.212573 10.179311
 26.800000 0.225138 8.263545 10.179311
 27.000000 0.242060 3.069174 10.179311
 27.200000 0.252671 2.180970 10.179311
 27.400000 0.250618 2.575131 10.179311
 27.600000 0.263919 0.703494 10.179311
 27.800000 0.246489 3.480904 10.179311
 28.000000 0.241117 4.847552 10.179311
 28.200000 0.226229 9.688358 10.179311
 28.400000 0.205730 11.802418 10.179311
 28.600000 0.189435 14.132247 10.179311
 28.800000 0.167870 15.339778 10.179311
 29.000000 0.167606 15.317392 10.179311
 29.200000 0.175329 16.328182 10.179311
 29.400000 0.173311 16.394683 10.179311
 29.600000 0.181390 15.769767 10.179311
 29.800000 0.200282 12.516006 10.179311
 30.000000 0.179859 15.956545 11.717093
 30.200000 0.161246 15.666857 11.717093
 30.400000 0.148733 11.630106 11.717093
 30.600000 0.152834 13.134023 11.717093
 30.800000 0.147720 11.244828 11.717093
 31.000000 0.156031 14.205667 11.717093
 31.200000 0.165484 17.280359 11.717093
 31.400000 0.160814 16.445141 11.717093
 31.600000 0.160153 16.289939 11.717093
 31.800000 0.147042 11.761221 11.717093
 32.000000 0.142670 9.915983 11.717093
 32.200000 0.143111 11.227590 11.717093
 32.400000 0.131393 6.276369 11.717093
 32.600000 0.139958 9.879333 11.717093
 32.800000 0.142307 10.886701 11.717093
 33.000000 0.154354 15.411236 11.717093
 33.200000 0.162533 18.031933 11.717093
 33.400000 0.174310 18.096471 11.717093
 33.600000 0.186716 15.920672 11.717093
 33.800000 0.184414 16.439091 11.717093
 34.000000 0.192906 14.446189 11.717093
 34.200000 0.182439 17.572331 11.717093
 34.400000 0.170621 18.655503 11.717093
 34.600000 0.139988 10.448316 11.717093
 34.800000 0.144606 12.569448 11.717093
 35.000000 0.158974 17.523690 13.899269
 35.200000 0.157821 18.064491 13.899269
 35.400000 0.145698 13.592377 13.899269
 35.600000 0.138766 10.199498 13.899269
 35.800000 0.149551 15.303894 13.899269
 36.000000 0.152748 16.543432 13.899269
 36.200000 0.145285 14.138094 13.899269
 36.400000 0.145592 14.289958 13.899269
 36.600000 0.144769 13.880152 13.899269
 36.800000 0.167368 19.798721 13.899269
 37.000000 0.172012 19.544331 13.899269
 37.200000 0.201006 13.666577 13.899269
 37.400000 0.209189 12.181147 13.899269
 37.600000 0.187011 17.345732 13.899269
 37.800000 0.185502 17.743125 13.899269
 38.000000 0.176125 19.753512 13.899269
 38.200000 0.166086 21.055657 13.899269
 38.400000 0.142843 13.063748 13.899269
 38.600000 0.122816 3.558796 13.899269
 38.800000 0.126413 4.852874 13.899269
 39.000000 0.132973 7.791084 13.899269
 39.200000 0.135601 10.354810 13.899269
 39.400000 0.142776 14.026243 13.899269
 39.600000 0.156042 19.504639 13.899269
 39.800000 0.150190 17.446032 13.899269
 40.000000 0.133968 9.525959 15.869444
 40.200000 0.143791 15.453228 15.869444
 40.400000 0.136129 11.758071 15.869444
 40.600000 0.121537 4.893295 15.869444
 40.800000 0.121127 4.732885 15.869444
 41.000000 0.121252 4.781630 15.869444
 41.200000 0.132238 10.882321 15.869444
 41.400000 0.130512 10.113118 15.869444
 41.600000 0.129211 9.537285 15.869444
 41.800000 0.125628 7.982599 15.869444
 42.000000 0.130260 10.001122 15.869444
 42.200000 0.132098 11.932303 15.869444
 42.400000 0.118237 5.884247 15.869444
 42.600000 0.129314 10.701363 15.869444
 42.800000 0.117185 5.470623 15.869444
 43.000000 0.120764 6.924009 15.869444
 43.200000 0.124403 9.753790 15.869444
 43.400000 0.120209 7.975084 15.869444
 43.600000 0.115821 6.171586 15.869444
 43.800000 0.136520 14.562215 15.869444
 44.000000 0.124897 9.962810 15.869444
 44.200000 0.118684 8.367238 15.869444
 44.400000 0.118435 8.256772 15.869444
 44.600000 0.124998 11.127929 15.869444
 44.800000 0.114661 6.606641 15.869444
 45.000000 0.137849 15.811671 16.418137
 45.200000 0.143869 18.374899 16.418137
 45.400000 0.133362 15.170314 16.418137
 45.600000 0.129165 13.543128 16.418137
 45.800000 0.116047 7.504355 16.418137
 46.000000 0.116468 7.700959 16.418137
 46.200000 0.117683 9.510770 16.418137
 46.400000 0.127965 13.963738 16.418137
 46.600000 0.152441 20.339740 16.418137
 46.800000 0.134961 16.313852 16.418137
 47.000000 0.127961 13.962257 16.418137
 47.200000 0.129339 15.408977 16.418137
 47.400000 0.118329 10.576353 16.418137
 47.600000 0.121878 12.301088 16.418137
 47.800000 0.132896 16.570693 16.418137
 48.000000 0.136398 17.529259 16.418137
 48.200000 0.148784 20.584589 16.418137
 48.400000 0.139841 19.109636 16.418137
 48.600000 0.141499 19.433155 16.418137
 48.800000 0.126061 14.782124 16.418137
 49.000000 0.133431 17.514157 16.418137
 49.200000 0.130041 17.168681 16.418137
 49.400000 0.126709 15.788803 16.418137
 49.600000 0.126816 15.837103 16.418137
 49.800000 0.128719 16.651144 16.418137
 50.000000 0.112310 8.086778 17.196657
 50.200000 0.121260 14.087429 17.196657
 50.400000 0.112533 9.427347 17.196657
 50.600000 0.130003 17.762210 17.196657
 50.800000 0.146178 20.865999 17.196657
 51.000000 0.140876 20.221115 17.196657
 51.200000 0.153375 21.999391 17.196657
 51.400000 0.143011 21.209999 17.196657
 51.600000 0.140994 20.948856 17.196657
 51.800000 0.155876 22.088529 17.196657
 52.000000 0.149832 21.808781 17.196657
 52.200000 0.128161 17.846360 17.196657
 52.400000 0.112224 9.401993 17.196657
 52.600000 0.107532 6.906858 17.196657
 52.800000 0.115722 11.386145 17.196657
 53.000000 0.123934 15.890699 17.196657
 53.200000 0.141272 21.991852 17.196657
 53.400000 0.156476 22.784550 17.196657
 53.600000 0.151892 22.735021 17.196657
 53.800000 0.133227 20.408378 17.196657
 54.000000 0.125184 17.363537 17.196657
 54.200000 0.130068 20.167724 17.196657
 54.400000 0.137082 21.913132 17.196657
 54.600000 0.135506 21.625892 17.196657
 54.800000 0.129895 20.108331 17.196657
 55.000000 0.114997 12.333680 18.592621
 55.200000 0.114085 12.767627 18.592621
 55.400000 0.121349 17.098559 18.592621
 55.600000 0.128830 20.384009 18.592621
 55.800000 0.137734 22.335487 18.592621
 56.000000 0.126380 19.476972 18.592621
 56.200000 0.148519 23.171207 18.592621
 56.400000 0.132058 22.002687 18.592621
 56.600000 0.126364 20.205655 18.592621
 56.800000 0.126520 20.268295 18.592621
 57.000000 0.138849 22.978381 18.592621
 57.200000 0.134028 22.997155 18.592621
 57.400000 0.141427 23.735534 18.592621
 57.600000 0.144296 23.767587 18.592621
 57.800000 0.148386 23.686165 18.592621
 58.000000 0.153278 23.483118 18.592621
 58.200000 0.144160 24.278977 18.592621
 58.400000 0.139246 24.030917 18.592621
 58.600000 0.132665 22.952350 18.592621
 58.800000 0.140440 24.125343 18.592621
 59.000000 0.131556 22.657358 18.592621
 59.200000 0.134722 24.030222 18.592621
 59.400000 0.154762 24.209423 18.592621
 59.600000 0.152700 24.360996 18.592621
 59.800000 0.156332 24.079662 18.592621
 60.000000 0.149538 24.552055 20.555760
 60.200000 0.152883 24.920220 20.555760
 60.400000 0.155691 24.672960 20.555760
 60.600000 0.143799 25.273390 20.555760
 60.800000 0.139574 25.082148 20.555760
 61.000000 0.149782 25.125308 20.555760
 61.200000 0.153048 25.465253 20.555760
 61.400000 0.149202 25.726351 20.555760
 61.600000 0.145941 25.819044 20.555760
 61.800000 0.149113 25.730570 20.555760
 62.000000 0.131654 23.885038 20.555760
 62.200000 0.122969 20.376959 20.555760
 62.400000 0.121477 19.433051 20.555760
 62.600000 0.110163 11.282945 20.555760
 62.800000 0.135932 25.572344 20.555760
 63.000000 0.131609 24.474227 20.555760
 63.200000 0.135957 26.140866 20.555760
 63.400000 0.138858 26.515218 20.555760
 63.600000 0.148070 26.426405 20.555760
 63.800000 0.162322 24.411449 20.555760
 64.000000 0.177369 20.929275 20.555760
 64.200000 0.177373 21.616861 20.555760
 64.400000 0.179043 21.148199 20.555760
 64.600000 0.172408 22.869053 20.555760
 64.800000 0.154466 25.918472 20.555760
 65.000000 0.138317 26.485833 22.320870
 65.200000 0.141646 27.225703 22.320870
 65.400000 0.147158 27.038309 22.320870
 65.600000 0.162717 24.905811 22.320870
 65.800000 0.156582 25.913946 22.320870
 66.000000 0.146177 27.107904 22.320870
 66.200000 0.130177 25.321314 22.320870
 66.400000 0.135008 26.894041 22.320870
 66.600000 0.159886 25.737105 22.320870
 66.800000 0.164752 24.773077 22.320870
 67.000000 0.160569 25.608762 22.320870
 67.200000 0.149837 27.730746 22.320870
 67.400000 0.129201 24.956694 22.320870
 67.600000 0.146407 27.973592 22.320870
 67.800000 0.158639 26.520213 22.320870
 68.000000 0.165554 25.132570 22.320870
 68.200000 0.154250 27.642991 22.320870
 68.400000 0.165767 25.655672 22.320870
 68.600000 0.158358 27.078138 22.320870
 68.800000 0.151301 27.945091 22.320870
 69.000000 0.131653 26.025984 22.320870
 69.200000 0.134233 27.424552 22.320870
 69.400000 0.133371 27.169057 22.320870
 69.600000 0.139390 28.403401 22.320870
 69.800000 0.161027 26.705955 22.320870
 70.000000 0.153562 27.909682 24.170610
 70.200000 0.163645 26.574581 24.170610
 70.400000 0.166602 25.844152 24.170610
 70.600000 0.174074 23.659631 24.170610
 70.800000 0.187375 18.837721 24.170610
 71.000000 0.198079 14.964259 24.170610
 71.200000 0.212106 12.450463 24.170610
 71.400000 0.194501 17.036266 24.170610
 71.600000 0.170324 24.975398 24.170610
 71.800000 0.176904 23.048823 24.170610
 72.000000 0.181301 21.630677 24.170610
 72.200000 0.182857 21.770095 24.170610
 72.400000 0.194466 17.501961 24.170610
 72.600000 0.198984 15.914834 24.170610
 72.800000 0.197057 16.572450 24.170610
 73.000000 0.155993 28.243484 24.170610
 73.200000 0.130967 26.591325 24.170610
 73.400000 0.130302 26.293161 24.170610
 73.600000 0.152708 29.120943 24.170610
 73.800000 0.156183 28.715141 24.170610
 74.000000 0.151141 29.256787 24.170610
 74.200000 0.133261 27.728749 24.170610
 74.400000 0.130351 26.496784 24.170610
 74.600000 0.128874 25.753319 24.170610
 74.800000 0.134797 28.255761 24.170610
 75.000000 0.128340 25.464925 25.377255
 75.200000 0.124719 23.796333 25.377255
 75.400000 0.117201 17.975326 25.377255
 75.600000 0.119676 20.016746 25.377255
 75.800000 0.129889 26.832941 25.377255
 76.000000 0.156270 29.250138 25.377255
 76.200000 0.164160 28.068059 25.377255
 76.400000 0.180025 23.063725 25.377255
 76.600000 0.191535 18.662427 25.377255
 76.800000 0.209042 13.156451 25.377255
 77.000000 0.180793 22.783992 25.377255
 77.200000 0.177823 24.471213 25.377255
 77.400000 0.179130 24.016547 25.377255
 77.600000 0.166160 27.931950 25.377255
 77.800000 0.173573 25.858167 25.377255
 78.000000 0.170191 26.860902 25.377255
 78.200000 0.173810 26.298322 25.377255
 78.400000 0.215938 11.872336 25.377255
 78.600000 0.222947 10.589794 25.377255
 78.800000 0.212020 12.628409 25.377255
 79.000000 0.189142 20.374378 25.377255
 79.200000 0.200996 16.112407 25.377255
 79.400000 0.209731 13.396313 25.377255
 79.600000 0.195049 18.516608 25.377255
 79.800000 0.198568 17.052472 25.377255
 80.000000 0.197585 17.451597 26.216054
 80.200000 0.202707 16.253550 26.216054
 80.400000 0.198182 18.011583 26.216054
 80.600000 0.210459 13.771984 26.216054
 80.800000 0.198059 18.061854 26.216054
 81.000000 0.205995 15.113492 26.216054
 81.200000 0.209593 14.881802 26.216054
 81.400000 0.215320 13.274252 26.216054
 81.600000 0.215040 13.348924 26.216054
 81.800000 0.210861 14.508841 26.216054
 82.000000 0.221893 11.575920 26.216054
 82.200000 0.237076 8.116568 26.216054
 82.400000 0.238985 7.493610 26.216054
 82.600000 0.244028 5.865592 26.216054
 82.800000 0.231323 9.952657 26.216054
 83.000000 0.219857 13.130750 26.216054
 83.200000 0.225335 12.619532 26.216054
 83.400000 0.212712 15.719432 26.216054
 83.600000 0.208974 16.537476 26.216054
 83.800000 0.222431 13.443252 26.216054
 84.000000 0.233831 9.795936 26.216054
 84.200000 0.228960 12.553442 26.216054
 84.400000 0.245480 6.472511 26.216054
 84.600000 0.236050 10.112901 26.216054
 84.800000 0.241048 8.187200 26.216054
 85.000000 0.234721 10.604846 26.189698
 85.200000 0.220639 15.379813 26.189698
 85.400000 0.193839 20.909690 26.189698
 85.600000 0.203268 18.197456 26.189698
 85.800000 0.202218 18.450033 26.189698
 86.000000 0.180490 25.223264 26.189698
 86.200000 0.169444 28.511952 26.189698
 86.400000 0.175934 27.039167 26.189698
 86.600000 0.175353 27.184928 26.189698
 86.800000 0.167783 28.835799 26.189698
 87.000000 0.151998 30.762191 26.189698
 87.200000 0.169681 28.685599 26.189698
 87.400000 0.183805 24.815019 26.189698
 87.600000 0.162671 30.045637 26.189698
 87.800000 0.158533 30.644514 26.189698
 88.000000 0.165184 29.602898 26.189698
 88.200000 0.168571 29.382119 26.189698
 88.400000 0.170189 29.015429 26.189698
 88.600000 0.177207 27.155970 26.189698
 88.800000 0.189302 23.045730 26.189698
 89.000000 0.195653 20.730546 26.189698
 89.200000 0.196437 21.153558 26.189698
 89.400000 0.191085 23.048491 26.189698
 89.600000 0.187358 24.357776 26.189698
 89.800000 0.177066 27.519304 26.189698
 90.000000 0.166071 29.999459 27.359922
 90.200000 0.177103 27.860051 27.359922
 90.400000 0.186510 24.828687 27.359922
 90.600000 0.183920 25.728677 27.359922
 90.800000 0.175447 28.319999 27.359922
 91.000000 0.158528 31.505583 27.359922
 91.200000 0.168281 30.378653 27.359922
 91.400000 0.185381 25.312085 27.359922
 91.600000 0.194239 22.025887 27.359922
 91.800000 0.200196 19.954144 27.359922
 92.000000 0.194046 22.096920 27.359922
 92.200000 0.203815 19.407499 27.359922
 92.400000 0.222167 15.385074 27.359922
 92.600000 0.224704 14.809625 27.359922
 92.800000 0.187724 25.055614 27.359922
 93.000000 0.180073 27.554029 27.359922
 93.200000 0.186525 25.942114 27.359922
 93.400000 0.188824 25.096776 27.359922
 93.600000 0.203496 19.653089 27.359922
 93.800000 0.199629 20.966248 27.359922
 94.000000 0.192024 23.871448 27.359922
 94.200000 0.187897 26.023721 27.359922
 94.400000 0.189264 25.525283 27.359922
 94.600000 0.182305 27.867112 27.359922
 94.800000 0.186603 26.479977 27.359922
 95.000000 0.200946 21.005923 28.057374
 95.200000 0.191507 25.238900 28.057374
 95.400000 0.184881 27.446264 28.057374
 95.600000 0.200818 21.739568 28.057374
 95.800000 0.218889 16.519174 28.057374
 96.000000 0.205561 20.086350 28.057374
 96.200000 0.184498 27.826172 28.057374
 96.400000 0.193208 25.122214 28.057374
 96.600000 0.210402 19.310733 28.057374
 96.800000 0.192699 25.296891 28.057374
 97.000000 0.191388 25.739072 28.057374
 97.200000 0.210496 19.529625 28.057374
 97.400000 0.242917 8.447203 28.057374
 97.600000 0.265514 1.224051 28.057374
 97.800000 0.281305 0.095864 28.057374
 98.000000 0.266512 1.078304 28.057374
 98.200000 0.263006 3.278222 28.057374
 98.400000 0.257808 4.276089 28.057374
 98.600000 0.244474 8.339190 28.057374
 98.800000 0.251599 5.901115 28.057374
 99.000000 0.267216 2.649755 28.057374
 99.200000 0.248769 7.534327 28.057374
 99.400000 0.234577 12.280961 28.057374
 99.600000 0.227278 14.708493 28.057374
 99.800000 0.247471 7.903545 28.057374
 100.000000 0.246676 8.139659 28.147281
 100.200000 0.256887 6.677115 28.147281
 100.400000 0.262830 5.478359 28.147281
 100.600000 0.258398 6.352219 28.147281
 100.800000 0.286869 1.377013 28.147281
 101.000000 0.276353 3.050392 28.147281
 101.200000 0.229246 14.713137 28.147281
 101.400000 0.204741 21.466863 28.147281
 101.600000 0.197235 24.218851 28.147281
 101.800000 0.222857 16.359338 28.147281
 102.000000 0.201855 22.502394 28.147281
 102.200000 0.211851 19.708759 28.147281
 102.400000 0.223163 16.517128 28.147281
 102.600000 0.217622 18.018079 28.147281
 102.800000 0.226296 15.663727 28.147281
 103.000000 0.214156 19.009039 28.147281
 103.200000 0.222576 17.316206 28.147281
 103.400000 0.216391 19.105234 28.147281
 103.600000 0.224297 16.807254 28.147281
 103.800000 0.221667 17.581708 28.147281
 104.000000 0.208438 21.511741 28.147281
 104.200000 0.234537 13.703007 28.147281
 104.400000 0.260966 6.740147 28.147281
 104.600000 0.241264 11.374029 28.147281
 104.800000 0.227335 16.187475 28.147281
 105.000000 0.239207 12.072894 28.207896
 105.200000 0.231274 15.731080 28.207896
 105.400000 0.225434 17.488270 28.207896
 105.600000 0.256151 8.011930 28.207896
 105.800000 0.261901 6.940680 28.207896
 106.000000 0.249655 9.661983 28.207896
 106.200000 0.235410 15.110608 28.207896
 106.400000 0.242341 13.027074 28.207896
 106.600000 0.227880 17.167821 28.207896
 106.800000 0.212059 21.283314 28.207896
 107.000000 0.217898 19.709409 28.207896
 107.200000 0.239488 14.159216 28.207896
 107.400000 0.253039 9.894486 28.207896
 107.600000 0.244635 12.464567 28.207896
 107.800000 0.240047 13.975775 28.207896
 108.000000 0.210599 22.344974 28.207896
 108.200000 0.212586 22.459782 28.207896
 108.400000 0.229773 17.486661 28.207896
 108.600000 0.220336 20.326904 28.207896
 108.800000 0.221963 19.860393 28.207896
 109.000000 0.226973 18.363570 28.207896
 109.200000 0.241016 14.235550 28.207896
 109.400000 0.241804 13.942457 28.207896
 109.600000 0.252389 10.270930 28.207896
 109.800000 0.239279 14.882103 28.207896
 110.000000 0.222733 20.377987 28.232394
 110.200000 0.193041 27.618631 28.232394
 110.400000 0.196096 26.983825 28.232394
 110.600000 0.193148 27.596977 28.232394
 110.800000 0.193099 27.606820 28.232394
 111.000000 0.184408 29.200898 28.232394
 111.200000 0.174359 31.038844 28.232394
 111.400000 0.187579 29.127379 28.232394
 111.600000 0.203967 25.505386 28.232394
 111.800000 0.214383 23.185886 28.232394
 112.000000 0.208173 24.562714 28.232394
 112.200000 0.191865 28.599855 28.232394
 112.400000 0.186401 29.543685 28.232394
 112.600000 0.202350 26.420664 28.232394
 112.800000 0.222952 21.399576 28.232394
 113.000000 0.218883 22.574530 28.232394
 113.200000 0.187156 29.490979 28.232394
 113.400000 0.179915 30.464465 28.232394
 113.600000 0.193982 28.349144 28.232394
 113.800000 0.200186 27.184229 28.232394
 114.000000 0.198863 27.437150 28.232394
 114.200000 0.201109 27.516957 28.232394
 114.400000 0.203176 27.105046 28.232394
 114.600000 0.212818 25.019756 28.232394
 114.800000 0.245098 13.129976 28.232394
 115.000000 0.225795 21.165579 28.553878
 115.200000 0.222588 22.944856 28.553878
 115.400000 0.241030 15.247071 28.553878
 115.600000 0.249304 11.697457 28.553878
 115.800000 0.270852 6.003949 28.553878
 116.000000 0.237996 16.646188 28.553878
 116.200000 0.214060 25.451292 28.553878
 116.400000 0.202522 27.489144 28.553878
 116.600000 0.193296 29.026162 28.553878
 116.800000 0.180719 30.620723 28.553878
 117.000000 0.174134 31.246806 28.553878
 117.200000 0.174087 31.686095 28.553878
 117.400000 0.188207 30.039429 28.553878
 117.600000 0.191068 29.592417 28.553878
 117.800000 0.194480 29.012188 28.553878
 118.000000 0.192671 29.325028 28.553878
 118.200000 0.192364 29.850873 28.553878
 118.400000 0.172891 31.992510 28.553878
 118.600000 0.186101 30.773215 28.553878
 118.800000 0.188196 30.494293 28.553878
 119.000000 0.175489 31.800737 28.553878
 119.200000 0.165224 32.810610 28.553878
 119.400000 0.172767 32.418926 28.553878
 119.600000 0.176643 32.134041 28.553878
 119.800000 0.174825 32.274969 28.553878
 120.000000 0.176415 32.152535 29.437648
 120.200000 0.171961 32.871597 29.437648
 120.400000 0.163482 33.152948 29.437648
 120.600000 0.146199 32.198092 29.437648
 120.800000 0.167453 33.068510 29.437648
 121.000000 0.179325 32.308254 29.437648
 121.200000 0.186016 31.831360 29.437648
 121.400000 0.199715 28.897663 29.437648
 121.600000 0.204370 27.821265 29.437648
 121.800000 0.202262 28.302228 29.437648
 122.000000 0.190271 31.040060 29.437648
 122.200000 0.192939 30.902771 29.437648
 122.400000 0.190879 31.353357 29.437648
 122.600000 0.175424 33.316918 29.437648
 122.800000 0.175875 33.293718 29.437648
 123.000000 0.180304 32.972357 29.437648
 123.200000 0.190390 31.776023 29.437648
 123.400000 0.189061 32.058237 29.437648
 123.600000 0.195043 30.659840 29.437648
 123.800000 0.182081 33.188321 29.437648
 124.000000 0.165553 33.752261 29.437648
 124.200000 0.168404 34.181054 29.437648
 124.400000 0.174373 34.064505 29.437648
 124.600000 0.172614 34.129720 29.437648
 124.800000 0.182507 33.342511 29.437648
 125.000000 0.174082 34.077098 30.648583
 125.200000 0.173418 34.486247 30.648583
 125.400000 0.202309 28.829406 30.648583
 125.600000 0.209895 26.877251 30.648583
 125.800000 0.222649 23.544490 30.648583
 126.000000 0.229365 21.211661 30.648583
 126.200000 0.224916 23.469227 30.648583
 126.400000 0.223866 23.797894 30.648583
 126.600000 0.196716 30.455124 30.648583
 126.800000 0.174512 34.441526 30.648583
 127.000000 0.180468 33.948930 30.648583
 127.200000 0.197574 30.423052 30.648583
 127.400000 0.187799 33.044595 30.648583
 127.600000 0.173175 34.837134 30.648583
 127.800000 0.187847 33.033531 30.648583
 128.000000 0.200209 29.673813 30.648583
 128.200000 0.200428 30.079012 30.648583
 128.400000 0.195573 31.441811 30.648583
 128.600000 0.195043 31.587759 30.648583
 128.800000 0.183503 34.147180 30.648583
 129.000000 0.163112 34.575727 30.648583
 129.200000 0.149058 33.234586 30.648583
 129.400000 0.125576 24.615762 30.648583
 129.600000 0.119350 19.843044 30.648583
 129.800000 0.127595 25.941471 30.648583
 130.000000 0.137923 30.722622 31.400113
 130.200000 0.142177 32.313786 31.400113
 130.400000 0.155831 34.435781 31.400113
 130.600000 0.149280 33.605344 31.400113
 130.800000 0.143219 32.542080 31.400113
 131.000000 0.160217 34.852103 31.400113
 131.200000 0.161698 35.334062 31.400113
 131.400000 0.191433 32.643842 31.400113
 131.600000 0.206546 28.443424 31.400113
 131.800000 0.215454 26.260514 31.400113
 132.000000 0.203909 29.137579 31.400113
 132.200000 0.198476 31.111876 31.400113
 132.400000 0.195467 31.937580 31.400113
 132.600000 0.193351 32.498092 31.400113
 132.800000 0.191157 33.049129 31.400113
 133.000000 0.188533 33.652351 31.400113
 133.200000 0.196205 32.080136 31.400113
 133.400000 0.176327 35.685480 31.400113
 133.600000 0.182668 35.087878 31.400113
 133.800000 0.189997 33.713114 31.400113
 134.000000 0.212135 27.587855 31.400113
 134.200000 0.204568 30.109405 31.400113
 134.400000 0.196296 32.347180 31.400113
 134.600000 0.187167 34.455117 31.400113
 134.800000 0.169986 35.818783 31.400113
 135.000000 0.174502 35.785476 32.246760
 135.200000 0.178743 35.903774 32.246760
 135.400000 0.179150 35.868596 32.246760
 135.600000 0.181862 35.574953 32.246760
 135.800000 0.183755 35.308263 32.246760
 136.000000 0.174961 36.126214 32.246760
 136.200000 0.195112 32.935984 32.246760
 136.400000 0.195109 32.936937 32.246760
 136.600000 0.196032 32.673035 32.246760
 136.800000 0.168296 36.425866 32.246760
 137.000000 0.171574 36.519516 32.246760
 137.200000 0.175996 36.762049 32.246760
 137.400000 0.184970 35.621534 32.246760
 137.600000 0.156650 35.474900 32.246760
 137.800000 0.145248 33.346940 32.246760
 138.000000 0.149304 34.185644 32.246760
 138.200000 0.150338 34.763943 32.246760
 138.400000 0.128193 26.858115 32.246760
 138.600000 0.114953 16.284072 32.246760
 138.800000 0.118770 19.611609 32.246760
 139.000000 0.142848 33.129681 32.246760
 139.200000 0.157223 36.147927 32.246760
 139.400000 0.169427 37.049894 32.246760
 139.600000 0.158883 36.345891 32.246760
 139.800000 0.156245 36.021951 32.246760
 140.000000 0.156708 36.082533 33.315290
 140.200000 0.148646 35.113235 33.315290
 140.400000 0.125853 25.521847 33.315290
 140.600000 0.130150 28.406952 33.315290
 140.800000 0.147016 34.774041 33.315290
 141.000000 0.149512 35.282348 33.315290
 141.200000 0.163161 37.316170 33.315290
 141.400000 0.163879 37.351737 33.315290
 141.600000 0.172866 37.330434 33.315290
 141.800000 0.163960 37.355413 33.315290
 142.000000 0.168723 37.451153 33.315290
 142.200000 0.172126 37.688756 33.315290
 142.400000 0.162827 37.603186 33.315290
 142.600000 0.130308 28.673600 33.315290
 142.800000 0.141755 33.831770 33.315290
 143.000000 0.138518 32.715790 33.315290
 143.200000 0.142462 34.441200 33.315290
 143.400000 0.166192 37.828970 33.315290
 143.600000 0.192391 33.945823 33.315290
 143.800000 0.193453 33.628603 33.315290
 144.000000 0.185817 35.720283 33.315290
 144.200000 0.179595 37.274036 33.315290
 144.400000 0.185570 36.134943 33.315290
 144.600000 0.192170 34.336795 33.315290
 144.800000 0.193181 34.026380 33.315290
 145.000000 0.224063 24.477784 34.066937
 145.200000 0.241092 16.956478 34.066937
 145.400000 0.257870 9.391614 34.066937
 145.600000 0.254710 10.496139 34.066937
 145.800000 0.245710 14.529378 34.066937
 146.000000 0.247804 13.487674 34.066937
 146.200000 0.276617 4.984386 34.066937
 146.400000 0.277219 4.839986 34.066937
 146.600000 0.273411 5.759319 34.066937
 146.800000 0.246294 15.188988 34.066937
 147.000000 0.257849 10.164839 34.066937
 147.200000 0.296804 1.082258 34.066937
 147.400000 0.290747 2.025052 34.066937
 147.600000 0.267524 8.139254 34.066937
 147.800000 0.263940 9.238471 34.066937
 148.000000 0.249940 14.400485 34.066937
 148.200000 0.247764 16.265651 34.066937
 148.400000 0.241766 18.900096 34.066937
 148.600000 0.239929 19.697425 34.066937
 148.800000 0.251050 14.846917 34.066937
 149.000000 0.241197 19.148408 34.066937
 149.200000 0.241658 19.692855 34.066937
 149.400000 0.251420 15.280967 34.066937
 149.600000 0.252308 14.881975 34.066937
 149.800000 0.257070 12.807645 34.066937
 150.000000 0.261115 11.156836 34.029169
 150.200000 0.274375 7.156878 34.029169
 150.400000 0.272406 7.884021 34.029169
 150.600000 0.280143 5.133430 34.029169
 150.800000 0.297577 1.047268 34.029169
 151.000000 0.300647 0.709263 34.029169
 151.200000 0.296079 2.867864 34.029169
 151.400000 0.268968 9.359613 34.029169
 151.600000 0.275589 7.133448 34.029169
 151.800000 0.279763 5.901275 34.029169
 152.000000 0.277512 6.545840 34.029169
 152.200000 0.282176 6.514638 34.029169
 152.400000 0.274845 8.655873 34.029169
 152.600000 0.292677 4.066501 34.029169
 152.800000 0.294746 3.695408 34.029169
 153.000000 0.312549 1.426120 34.029169
 153.200000 0.303670 3.789614 34.029169
 153.400000 0.285769 5.905297 34.029169
 153.600000 0.293507 4.645421 34.029169
 153.800000 0.292723 4.741689 34.029169
 154.000000 0.302574 3.864513 34.029169
 154.200000 0.312935 4.189722 34.029169
 154.400000 0.318148 3.309249 34.029169
 154.600000 0.322940 2.455602 34.029169
 154.800000 0.325391 2.041032 34.029169
 155.000000 0.324683 2.158027 33.988693
 155.200000 0.327175 3.326465 33.988693
 155.400000 0.330296 2.798500 33.988693
 155.600000 0.327526 3.266756 33.988693
 155.800000 0.345923 0.751048 33.988693
 156.000000 0.344865 0.843214 33.988693
 156.200000 0.328519 4.027221 33.988693
 156.400000 0.315979 5.294462 33.988693
 156.600000 0.299432 5.926493 33.988693
 156.800000 0.291899 6.136324 33.988693
 157.000000 0.293485 6.055269 33.988693
 157.200000 0.302264 7.029141 33.988693
 157.400000 0.302606 7.010621 33.988693
 157.600000 0.302812 6.999182 33.988693
 157.800000 0.297803 7.226134 33.988693
 158.000000 0.310044 6.426554 33.988693
 158.200000 0.332828 4.058827 33.988693
 158.400000 0.344474 2.657579 33.988693
 158.600000 0.348792 2.209678 33.988693
 158.800000 0.345069 2.594954 33.988693
 159.000000 0.342434 2.875553 33.988693
 159.200000 0.349449 3.522226 33.988693
 159.400000 0.358149 2.173127 33.988693
 159.600000 0.366411 1.055726 33.988693
 159.800000 0.366188 1.080406 33.988693
 160.000000 0.373211 0.470372 33.949387
 160.200000 0.364701 2.712208 33.949387
 160.400000 0.353582 3.617195 33.949387
 160.600000 0.334449 5.226026 33.949387
 160.800000 0.326514 5.954307 33.949387
 161.000000 0.310227 7.872750 33.949387
 161.200000 0.299459 9.158891 33.949387
 161.400000 0.304271 9.328270 33.949387
 161.600000 0.335814 5.407736 33.949387
 161.800000 0.357077 3.306212 33.949387
 162.000000 0.335730 5.416834 33.949387
 162.200000 0.316925 8.886643 33.949387
 162.400000 0.311139 9.379873 33.949387
 162.600000 0.283339 8.698212 33.949387
 162.800000 0.288630 8.581619 33.949387
 163.000000 0.301522 9.360351 33.949387
 163.200000 0.296985 10.150174 33.949387
 163.400000 0.293993 9.843481 33.949387
 163.600000 0.284785 9.242601 33.949387
 163.800000 0.277086 9.689184 33.949387
 164.000000 0.293124 9.755304 33.949387
 164.200000 0.309775 11.048761 33.949387
 164.400000 0.311395 10.831678 33.949387
 164.600000 0.327986 7.926426 33.949387
 164.800000 0.345912 5.504184 33.949387
 165.000000 0.339536 6.408133 33.911562
 165.200000 0.340926 7.532525 33.911562
 165.400000 0.330127 8.697781 33.911562
 165.600000 0.319425 9.944313 33.911562
 165.800000 0.312422 10.931532 33.911562
 166.000000 0.315311 10.540546 33.911562
 166.200000 0.312473 11.999898 33.911562
 166.400000 0.299014 12.022557 33.911562
 166.600000 0.277473 10.343481 33.911562
 166.800000 0.277181 10.362192 33.911562
 167.000000 0.279680 10.249134 33.911562
 167.200000 0.317697 11.317675 33.911562
 167.400000 0.326887 9.833709 33.911562
 167.600000 0.328122 9.653316 33.911562
 167.800000 0.342566 7.493018 33.911562
 168.000000 0.315182 11.718439 33.911562
 168.200000 0.296198 12.751862 33.911562
 168.400000 0.300625 13.242558 33.911562
 168.600000 0.302317 13.373465 33.911562
 168.800000 0.279826 11.417016 33.911562
 169.000000 0.267957 12.455724 33.911562
 169.200000 0.277319 12.315673 33.911562
 169.400000 0.266389 13.717269 33.911562
 169.600000 0.303861 13.510769 33.911562
 169.800000 0.304535 13.528203 33.911562
 170.000000 0.296093 12.909959 33.873960
 170.200000 0.302014 14.338309 33.873960
 170.400000 0.303838 14.371571 33.873960
 170.600000 0.278593 12.720558 33.873960
 170.800000 0.260274 14.953982 33.873960
 171.000000 0.268976 13.493104 33.873960
 171.200000 0.282418 13.353438 33.873960
 171.400000 0.300964 14.390528 33.873960
 171.600000 0.297863 14.218151 33.873960
 171.800000 0.297330 14.178960 33.873960
 172.000000 0.294493 13.943688 33.873960
 172.200000 0.289347 14.421954 33.873960
 172.400000 0.287478 14.275106 33.873960
 172.600000 0.288518 14.353962 33.873960
 172.800000 0.279308 14.023710 33.873960
 173.000000 0.285883 14.171635 33.873960
 173.200000 0.307094 15.312415 33.873960
 173.400000 0.315117 13.720229 33.873960
 173.600000 0.326787 10.849416 33.873960
 173.800000 0.325586 11.120962 33.873960
 174.000000 0.317151 13.213126 33.873960
 174.200000 0.329343 10.998053 33.873960
 174.400000 0.349462 6.257881 33.873960
 174.600000 0.364051 3.341117 33.873960
 174.800000 0.381472 1.638402 33.873960
 175.000000 0.380529 1.718377 33.837019
 175.200000 0.369660 3.925752 33.837019
 175.400000 0.367420 4.024016 33.837019
 175.600000 0.354253 5.480248 33.837019
 175.800000 0.333897 9.932129 33.837019
 176.000000 0.312813 15.191260 33.837019
 176.200000 0.308810 16.740343 33.837019
 176.400000 0.307274 16.899886 33.837019
 176.600000 0.302571 17.053848 33.837019
 176.800000 0.307482 16.881511 33.837019
 177.000000 0.305831 17.000112 33.837019
 177.200000 0.298440 17.554522 33.837019
 177.400000 0.297166 17.401610 33.837019
 177.600000 0.314983 16.275352 33.837019
 177.800000 0.325061 13.084266 33.837019
 178.000000 0.334047 10.362060 33.837019
 178.200000 0.350697 6.819415 33.837019
 178.400000 0.366778 4.156562 33.837019
 178.600000 0.358380 5.121238 33.837019
 178.800000 0.345775 8.175237 33.837019
 179.000000 0.349523 7.131654 33.837019
 179.200000 0.354090 7.197862 33.837019
 179.400000 0.356488 6.613642 33.837019
 179.600000 0.350454 8.154458 33.837019
 179.800000 0.342975 10.132117 33.837019
 180.000000 0.320118 15.617385 33.801589
