#! FIELDS time d metad.bias metad.rct
 0.000000 0.141316 0.000000 0.000000
 0.200000 0.127239 0.000000 0.000000
 0.400000 0.143137 0.000000 0.000000
 0.600000 0.155856 0.000000 0.000000
 0.800000 0.150224 0.000000 0.000000
 1.000000 0.135247 0.000000 0.000000
 1.200000 0.139225 1.689400 0.000000
 1.400000 0.141114 1.620851 0.000000
 1.600000 0.147248 1.269707 0.000000
 1.800000 0.149439 1.117324 0.000000
 2.000000 0.150363 1.051861 0.000000
 2.200000 0.173505 0.570132 0.000000
 2.400000 0.164480 1.330318 0.000000
 2.600000 0.165722 1.206466 0.000000
 2.800000 0.160149 1.787701 0.000000
 3.000000 0.154210 2.400917 0.000000
 3.200000 0.150687 4.228040 0.000000
 3.400000 0.147758 4.313007 0.000000
 3.600000 0.157674 3.583557 0.000000
 3.800000 0.170203 1.696449 0.000000
 4.000000 0.172164 1.426782 0.000000
 4.200000 0.147509 4.737739 0.000000
 4.400000 0.143523 4.489137 0.000000
 4.600000 0.144247 4.546238 0.000000
 4.800000 0.153790 4.785789 0.000000
 5.000000 0.149381 4.796671 1.582753
 5.200000 0.152925 6.178563 1.582753
 5.400000 0.154200 6.116471 1.582753
 5.600000 0.166838 4.460245 1.582753
 5.800000 0.163806 4.974996 1.582753
 6.000000 0.159377 5.624953 1.582753
 6.200000 0.177347 3.292189 1.582753
 6.400000 0.167846 5.443692 1.582753
 6.600000 0.145961 6.949890 1.582753
 6.800000 0.140061 5.908170 1.582753
 7.000000 0.138512 5.570448 1.582753
 7.200000 0.154792 8.135435 1.582753
 7.400000 0.165795 6.143172 1.582753
 7.600000 0.174314 4.042434 1.582753
 7.800000 0.168917 5.376929 1.582753
 8.000000 0.162924 6.801999 1.582753
 8.200000 0.153878 9.292117 1.582753
 8.400000 0.157753 8.986611 1.582753
 8.600000 0.166895 7.125118 1.582753
 8.800000 0.181489 3.072204 1.582753
 9.000000 0.187769 1.757770 1.582753
 9.200000 0.190966 2.840737 1.582753
 9.400000 0.188587 3.234875 1.582753
 9.600000 0.170949 6.850626 1.582753
 9.800000 0.189831 3.025863 1.582753
 10.000000 0.174438 6.063829 4.327816
 10.200000 0.179990 6.107448 4.327816
 10.400000 0.184766 4.972008 4.327816
 10.600000 0.181196 5.819977 4.327816
 10.800000 0.187761 4.276810 4.327816
 11.000000 0.196656 2.436405 4.327816
 11.200000 0.189827 5.229890 4.327816
 11.400000 0.163876 9.516576 4.327816
 11.600000 0.145070 8.920752 4.327816
 11.800000 0.135870 6.604628 4.327816
 12.000000 0.143080 8.503876 4.327816
 12.200000 0.127016 4.679061 4.327816
 12.400000 0.151174 10.826312 4.327816
 12.600000 0.168256 9.224279 4.327816
 12.800000 0.170139 8.874406 4.327816
 13.000000 0.172523 8.421097 4.327816
 13.200000 0.166158 10.696677 4.327816
 13.400000 0.173018 9.528225 4.327816
 13.600000 0.176724 8.775790 4.327816
 13.800000 0.167083 10.561759 4.327816
 14.000000 0.156949 11.472064 4.327816
 14.200000 0.135399 7.944045 4.327816
 14.400000 0.121024 2.955985 4.327816
 14.600000 0.128828 5.476556 4.327816
 14.800000 0.143133 10.574505 4.327816
 15.000000 0.133388 7.184117 7.132149
 15.200000 0.121712 4.084570 7.132149
 15.400000 0.123897 4.837007 7.132149
 15.600000 0.127504 6.178094 7.132149
 15.800000 0.130869 7.484567 7.132149
 16.000000 0.150729 12.832125 7.132149
 16.200000 0.159764 13.485749 7.132149
 16.400000 0.170093 11.274048 7.132149
 16.600000 0.160286 13.410550 7.132149
 16.800000 0.151527 13.873032 7.132149
 17.000000 0.150231 13.778523 7.132149
 17.200000 0.152628 14.853400 7.132149
 17.400000 0.159770 14.258488 7.132149
 17.600000 0.175526 10.011885 7.132149
 17.800000 0.178105 9.233422 7.132149
 18.000000 0.169934 11.714773 7.132149
 18.200000 0.163701 14.387089 7.132149
 18.400000 0.152642 15.386975 7.132149
 18.600000 0.148867 14.959523 7.132149
 18.800000 0.148275 14.854265 7.132149
 19.000000 0.129021 7.480656 7.132149
 19.200000 0.121996 5.622757 7.132149
 19.400000 0.123081 6.076670 7.132149
 19.600000 0.133796 10.896819 7.132149
 19.800000 0.133005 10.547810 7.132149
 20.000000 0.140114 13.399652 10.413348
 20.200000 0.121798 5.997751 10.413348
 20.400000 0.122199 6.177828 10.413348
 20.600000 0.123251 6.660002 10.413348
 20.800000 0.128544 9.230539 10.413348
 21.000000 0.122391 6.264571 10.413348
 21.200000 0.122602 7.684745 10.413348
 21.400000 0.149039 16.579555 10.413348
 21.600000 0.139468 14.828138 10.413348
 21.800000 0.118861 6.040955 10.413348
 22.000000 0.120618 6.795655 10.413348
 22.200000 0.112205 4.672119 10.413348
 22.400000 0.118392 7.124239 10.413348
 22.600000 0.123035 9.158842 10.413348
 22.800000 0.120582 8.073002 10.413348
 23.000000 0.119662 7.670947 10.413348
 23.200000 0.115121 6.964091 10.413348
 23.400000 0.104733 3.165134 10.413348
 23.600000 0.102390 2.523062 10.413348
 23.800000 0.105826 3.495518 10.413348
 24.000000 0.107048 3.886900 10.413348
 24.200000 0.120713 10.341787 10.413348
 24.400000 0.127558 12.808987 10.413348
 24.600000 0.127302 12.721862 10.413348
 24.800000 0.126545 12.461017 10.413348
 25.000000 0.125509 12.097699 11.738381
 25.200000 0.129492 14.435784 11.738381
 25.400000 0.109056 6.595544 11.738381
 25.600000 0.098192 3.027107 11.738381
 25.800000 0.099968 3.509135 11.738381
 26.000000 0.107128 5.865816 11.738381
 26.200000 0.109923 8.258057 11.738381
 26.400000 0.129453 14.867231 11.738381
 26.600000 0.120163 12.016164 11.738381
 26.800000 0.121133 12.347694 11.738381
 27.000000 0.123007 12.968897 11.738381
 27.200000 0.111328 9.512883 11.738381
 27.400000 0.106342 7.453049 11.738381
 27.600000 0.107104 7.763656 11.738381
 27.800000 0.111478 9.574850 11.738381
 28.000000 0.109062 8.571183 11.738381
 28.200000 0.128016 15.945113 11.738381
 28.400000 0.145667 17.716991 11.738381
 28.600000 0.149148 17.561494 11.738381
 28.800000 0.162507 15.200722 11.738381
 29.000000 0.152995 17.163663 11.738381
 29.200000 0.148124 18.399806 11.738381
 29.400000 0.151608 18.146046 11.738381
 29.600000 0.152103 18.090582 11.738381
 29.800000 0.145129 18.434122 11.738381
 30.000000 0.138263 17.960932 13.689073
 30.200000 0.122499 15.137439 13.689073
 30.400000 0.116175 12.852515 13.689073
 30.600000 0.106608 8.828589 13.689073
 30.800000 0.107954 9.412739 13.689073
 31.000000 0.100395 6.205505 13.689073
 31.200000 0.104737 9.293105 13.689073
 31.400000 0.113017 12.506119 13.689073
 31.600000 0.107134 10.256406 13.689073
 31.800000 0.109276 11.098389 13.689073
 32.000000 0.110057 11.399610 13.689073
 32.200000 0.105814 10.739566 13.689073
 32.400000 0.107900 11.602315 13.689073
 32.600000 0.103132 9.588417 13.689073
 32.800000 0.102161 9.163778 13.689073
 33.000000 0.115623 14.409640 13.689073
 33.200000 0.113644 14.669073 13.689073
 33.400000 0.108361 12.606744 13.689073
 33.600000 0.116769 15.684919 13.689073
 33.800000 0.122104 17.071985 13.689073
 34.000000 0.135664 19.088961 13.689073
 34.200000 0.144709 19.990678 13.689073
 34.400000 0.135105 19.787896 13.689073
 34.600000 0.133977 19.677593 13.689073
 34.800000 0.135308 19.806140 13.689073
 35.000000 0.139977 20.067762 15.481466
 35.200000 0.132088 20.080793 15.481466
 35.400000 0.127257 19.196392 15.481466
 35.600000 0.145108 20.642041 15.481466
 35.800000 0.151742 19.672813 15.481466
 36.000000 0.141159 20.796474 15.481466
 36.200000 0.157829 18.431890 15.481466
 36.400000 0.159830 17.724570 15.481466
 36.600000 0.163791 16.211706 15.481466
 36.800000 0.172406 12.703651 15.481466
 37.000000 0.169772 13.779593 15.481466
 37.200000 0.175439 12.372696 15.481466
 37.400000 0.175151 12.492555 15.481466
 37.600000 0.161140 18.040528 15.481466
 37.800000 0.172692 13.517081 15.481466
 38.000000 0.176520 11.924966 15.481466
 38.200000 0.154100 20.482195 15.481466
 38.400000 0.129792 20.250476 15.481466
 38.600000 0.130347 20.367547 15.481466
 38.800000 0.128707 20.009966 15.481466
 39.000000 0.146359 21.593711 15.481466
 39.200000 0.139870 22.258914 15.481466
 39.400000 0.150242 21.817688 15.481466
 39.600000 0.141857 22.358566 15.481466
 39.800000 0.148255 22.086382 15.481466
 40.000000 0.138933 22.182906 17.611640
 40.200000 0.129004 20.942077 17.611640
 40.400000 0.123121 19.113839 17.611640
 40.600000 0.126442 20.195781 17.611640
 40.800000 0.125882 20.021979 17.611640
 41.000000 0.132432 21.796221 17.611640
 41.200000 0.116319 16.922157 17.611640
 41.400000 0.105952 11.957686 17.611640
 41.600000 0.117167 17.288945 17.611640
 41.800000 0.115207 16.431331 17.611640
 42.000000 0.119198 18.138467 17.611640
 42.200000 0.128364 22.049578 17.611640
 42.400000 0.124528 20.895869 17.611640
 42.600000 0.118775 18.744421 17.611640
 42.800000 0.118193 18.501447 17.611640
 43.000000 0.141671 23.794488 17.611640
 43.200000 0.150870 23.085277 17.611640
 43.400000 0.152537 22.637067 17.611640
 43.600000 0.164024 18.496887 17.611640
 43.800000 0.173757 14.326574 17.611640
 44.000000 0.183651 10.041943 17.611640
 44.200000 0.201918 4.221036 17.611640
 44.400000 0.181259 12.160916 17.611640
 44.600000 0.190999 8.127864 17.611640
 44.800000 0.202056 4.179106 17.611640
 45.000000 0.204816 3.391424 19.040964
 45.200000 0.208052 4.058421 19.040964
 45.400000 0.186820 10.567293 19.040964
 45.600000 0.190469 9.291913 19.040964
 45.800000 0.198782 6.618111 19.040964
 46.000000 0.210944 3.366448 19.040964
 46.200000 0.204134 6.438761 19.040964
 46.400000 0.191524 9.583655 19.040964
 46.600000 0.191599 9.562470 19.040964
 46.800000 0.189729 10.098111 19.040964
 47.000000 0.209223 5.267624 19.040964
 47.200000 0.214238 5.431613 19.040964
 47.400000 0.201601 8.244645 19.040964
 47.600000 0.185463 11.801305 19.040964
 47.800000 0.172615 15.949790 19.040964
 48.000000 0.177002 14.434905 19.040964
 48.200000 0.192267 10.653632 19.040964
 48.400000 0.222380 3.356587 19.040964
 48.600000 0.232799 1.282579 19.040964
 48.800000 0.214856 5.310222 19.040964
 49.000000 0.194333 10.137012 19.040964
 49.200000 0.206487 8.191112 19.040964
 49.400000 0.189453 12.466254 19.040964
 49.600000 0.200537 9.740411 19.040964
 49.800000 0.196441 10.740851 19.040964
 50.000000 0.190574 12.180808 19.179674
 50.200000 0.177345 16.513890 19.179674
 50.400000 0.185606 14.444821 19.179674
 50.600000 0.196254 11.732756 19.179674
 50.800000 0.182200 15.296753 19.179674
 51.000000 0.196087 11.777069 19.179674
 51.200000 0.193436 13.488094 19.179674
 51.400000 0.184991 15.385875 19.179674
 51.600000 0.184560 15.476865 19.179674
 51.800000 0.174768 17.541083 19.179674
 52.000000 0.171844 18.194796 19.179674
 52.200000 0.157036 22.449173 19.179674
 52.400000 0.163499 20.919118 19.179674
 52.600000 0.180607 16.958459 19.179674
 52.800000 0.208602 8.860491 19.179674
 53.000000 0.216164 6.016303 19.179674
 53.200000 0.224774 4.301466 19.179674
 53.400000 0.228749 3.108913 19.179674
 53.600000 0.206975 10.568399 19.179674
 53.800000 0.190584 14.829971 19.179674
 54.000000 0.186404 15.755545 19.179674
 54.200000 0.178772 18.204902 19.179674
 54.400000 0.201796 12.617372 19.179674
 54.600000 0.232545 2.173440 19.179674
 54.800000 0.230887 2.562499 19.179674
 55.000000 0.210382 9.676306 19.455157
 55.200000 0.203430 13.120499 19.455157
 55.400000 0.221427 6.360542 19.455157
 55.600000 0.228498 3.740883 19.455157
 55.800000 0.229496 3.423667 19.455157
 56.000000 0.218511 7.558860 19.455157
 56.200000 0.208942 12.355996 19.455157
 56.400000 0.203984 13.738218 19.455157
 56.600000 0.217305 9.304710 19.455157
 56.800000 0.216751 9.529154 19.455157
 57.000000 0.198609 14.922321 19.455157
 57.200000 0.172628 19.633472 19.455157
 57.400000 0.160581 21.846414 19.455157
 57.600000 0.165070 20.945047 19.455157
 57.800000 0.184149 18.009361 19.455157
 58.000000 0.212089 11.906375 19.455157
 58.200000 0.214440 11.970783 19.455157
 58.400000 0.228718 5.335043 19.455157
 58.600000 0.215681 11.426795 19.455157
 58.800000 0.203969 15.475378 19.455157
 59.000000 0.177703 18.957494 19.455157
 59.200000 0.179969 19.417146 19.455157
 59.400000 0.187572 18.426666 19.455157
 59.600000 0.193707 17.586378 19.455157
 59.800000 0.191379 17.915757 19.455157
 60.000000 0.186266 18.598387 19.748186
 60.200000 0.180896 20.013919 19.748186
 60.400000 0.173588 20.780068 19.748186
 60.600000 0.184826 19.547553 19.748186
 60.800000 0.176909 20.441084 19.748186
 61.000000 0.184172 19.628890 19.748186
 61.200000 0.188022 19.832621 19.748186
 61.400000 0.198055 17.929048 19.748186
 61.600000 0.181946 20.616202 19.748186
 61.800000 0.176436 21.128464 19.748186
 62.000000 0.189868 19.543147 19.748186
 62.200000 0.190522 20.166427 19.748186
 62.400000 0.170914 21.883122 19.748186
 62.600000 0.150977 24.052601 19.748186
 62.800000 0.177352 21.570307 19.748186
 63.000000 0.188603 20.474290 19.748186
 63.200000 0.202106 17.869623 19.748186
 63.400000 0.191493 20.685457 19.748186
 63.600000 0.183954 21.733412 19.748186
 63.800000 0.165722 22.432386 19.748186
 64.000000 0.168880 22.290044 19.748186
 64.200000 0.187347 21.658624 19.748186
 64.400000 0.184277 22.086079 19.748186
 64.600000 0.182266 22.303342 19.748186
 64.800000 0.170564 22.885849 19.748186
 65.000000 0.159072 23.547300 20.821358
 65.200000 0.160052 24.068273 20.821358
 65.400000 0.159422 24.127058 20.821358
 65.600000 0.174324 23.139289 20.821358
 65.800000 0.194283 20.292634 20.821358
 66.000000 0.204170 17.178262 20.821358
 66.200000 0.195609 20.638626 20.821358
 66.400000 0.207874 16.467177 20.821358
 66.600000 0.228905 5.524738 20.821358
 66.800000 0.244715 0.938849 20.821358
 67.000000 0.236626 2.621038 20.821358
 67.200000 0.232900 5.370597 20.821358
 67.400000 0.214227 13.850899 20.821358
 67.600000 0.230008 6.444783 20.821358
 67.800000 0.243582 2.499627 20.821358
 68.000000 0.227841 7.333115 20.821358
 68.200000 0.223059 10.705487 20.821358
 68.400000 0.226680 9.094103 20.821358
 68.600000 0.203614 18.676768 20.821358
 68.800000 0.188746 22.036018 20.821358
 69.000000 0.190248 21.806606 20.821358
 69.200000 0.195349 21.477387 20.821358
 69.400000 0.181930 23.373541 20.821358
 69.600000 0.173388 23.641129 20.821358
 69.800000 0.180133 23.469701 20.821358
 70.000000 0.193814 21.812391 21.197629
 70.200000 0.181508 23.871502 21.197629
 70.400000 0.152785 24.818347 21.197629
 70.600000 0.175799 23.922827 21.197629
 70.800000 0.170573 23.885080 21.197629
 71.000000 0.153926 24.722218 21.197629
 71.200000 0.152874 25.391328 21.197629
 71.400000 0.177349 24.100269 21.197629
 71.600000 0.181509 23.977826 21.197629
 71.800000 0.169070 24.235705 21.197629
 72.000000 0.169070 24.235702 21.197629
 72.200000 0.159241 25.300000 21.197629
 72.400000 0.152070 25.765686 21.197629
 72.600000 0.159214 25.301840 21.197629
 72.800000 0.170207 24.799681 21.197629
 73.000000 0.181437 24.403922 21.197629
 73.200000 0.190572 23.793860 21.197629
 73.400000 0.190331 23.841722 21.197629
 73.600000 0.186721 24.450007 21.197629
 73.800000 0.196577 22.310317 21.197629
 74.000000 0.210606 16.904886 21.197629
 74.200000 0.242800 3.506155 21.197629
 74.400000 0.232432 7.059773 21.197629
 74.600000 0.225606 10.178762 21.197629
 74.800000 0.235500 5.848715 21.197629
 75.000000 0.238581 4.766878 22.197698
 75.200000 0.239597 5.851987 22.197698
 75.400000 0.253905 2.132334 22.197698
 75.600000 0.241646 5.212036 22.197698
 75.800000 0.225716 11.103523 22.197698
 76.000000 0.225345 11.265660 22.197698
 76.200000 0.244083 4.979514 22.197698
 76.400000 0.253381 2.417846 22.197698
 76.600000 0.265829 0.584716 22.197698
 76.800000 0.255465 1.982884 22.197698
 77.000000 0.229857 10.380241 22.197698
 77.200000 0.236609 8.640606 22.197698
 77.400000 0.246939 4.666145 22.197698
 77.600000 0.262345 1.025411 22.197698
 77.800000 0.247062 4.624484 22.197698
 78.000000 0.251584 3.219819 22.197698
 78.200000 0.261288 2.399428 22.197698
 78.400000 0.262483 2.171249 22.197698
 78.600000 0.254002 4.079407 22.197698
 78.800000 0.245208 6.656865 22.197698
 79.000000 0.223976 14.223880 22.197698
 79.200000 0.226537 14.169110 22.197698
 79.400000 0.212913 19.052019 22.197698
 79.600000 0.229281 13.097825 22.197698
 79.800000 0.274762 0.611902 22.197698
 80.000000 0.303694 0.000635 22.217784
 80.200000 0.281267 0.820162 22.217784
 80.400000 0.239494 9.097400 22.217784
 80.600000 0.229178 13.138361 22.217784
 80.800000 0.220379 16.494424 22.217784
 81.000000 0.221917 15.927135 22.217784
 81.200000 0.215743 18.914862 22.217784
 81.400000 0.214949 19.162457 22.217784
 81.600000 0.207151 21.299257 22.217784
 81.800000 0.208016 21.086837 22.217784
 82.000000 0.218005 18.177050 22.217784
 82.200000 0.199476 23.332966 22.217784
 82.400000 0.211365 20.914069 22.217784
 82.600000 0.251890 4.989533 22.217784
 82.800000 0.268707 1.339350 22.217784
 83.000000 0.218847 18.667315 22.217784
 83.200000 0.195598 24.154483 22.217784
 83.400000 0.190657 24.676763 22.217784
 83.600000 0.185451 25.069055 22.217784
 83.800000 0.169515 25.270588 22.217784
 84.000000 0.176695 25.301934 22.217784
 84.200000 0.185810 25.519219 22.217784
 84.400000 0.173429 25.843015 22.217784
 84.600000 0.171781 25.816252 22.217784
 84.800000 0.179908 25.829349 22.217784
 85.000000 0.170870 25.800210 22.967889
 85.200000 0.167297 26.281010 22.967889
 85.400000 0.165492 26.244999 22.967889
 85.600000 0.175426 26.394281 22.967889
 85.800000 0.169410 26.326134 22.967889
 86.000000 0.164243 26.224555 22.967889
 86.200000 0.161064 26.727138 22.967889
 86.400000 0.169975 26.843465 22.967889
 86.600000 0.180182 26.588138 22.967889
 86.800000 0.186479 25.967341 22.967889
 87.000000 0.183977 26.256332 22.967889
 87.200000 0.155378 26.770921 22.967889
 87.400000 0.166221 27.067410 22.967889
 87.600000 0.173546 27.265612 22.967889
 87.800000 0.188910 26.158632 22.967889
 88.000000 0.175705 27.265504 22.967889
 88.200000 0.166647 27.515570 22.967889
 88.400000 0.187618 26.726752 22.967889
 88.600000 0.208340 22.516320 22.967889
 88.800000 0.197594 24.819736 22.967889
 89.000000 0.189383 26.428356 22.967889
 89.200000 0.166748 27.692987 22.967889
 89.400000 0.167261 27.729246 22.967889
 89.600000 0.171232 27.983001 22.967889
 89.800000 0.168826 27.836512 22.967889
 90.000000 0.166862 27.701082 24.506188
 90.200000 0.167373 28.246303 24.506188
 90.400000 0.157179 27.512720 24.506188
 90.600000 0.156006 27.437671 24.506188
 90.800000 0.185310 27.831028 24.506188
 91.000000 0.183293 28.101602 24.506188
 91.200000 0.184258 28.478704 24.506188
 91.400000 0.156103 27.539851 24.506188
 91.600000 0.153376 27.337224 24.506188
 91.800000 0.151445 27.191572 24.506188
 92.000000 0.154398 27.412973 24.506188
 92.200000 0.156144 28.055539 24.506188
 92.400000 0.153344 27.849646 24.506188
 92.600000 0.147853 27.355941 24.506188
 92.800000 0.167536 28.896644 24.506188
 93.000000 0.178186 29.131310 24.506188
 93.200000 0.145869 27.166495 24.506188
 93.400000 0.153145 27.952283 24.506188
 93.600000 0.161377 28.692710 24.506188
 93.800000 0.132686 24.309137 24.506188
 94.000000 0.128661 22.993333 24.506188
 94.200000 0.125097 22.286274 24.506188
 94.400000 0.129025 23.748245 24.506188
 94.600000 0.113867 17.084213 24.506188
 94.800000 0.132488 24.857108 24.506188
 95.000000 0.138324 26.320767 25.654792
 95.200000 0.125405 22.782249 25.654792
 95.400000 0.136211 26.386527 25.654792
 95.600000 0.134403 25.917588 25.654792
 95.800000 0.123871 22.128998 25.654792
 96.000000 0.127618 23.668780 25.654792
 96.200000 0.147654 28.370213 25.654792
 96.400000 0.157344 28.748938 25.654792
 96.600000 0.168859 29.472356 25.654792
 96.800000 0.164417 29.166137 25.654792
 97.000000 0.162636 29.043871 25.654792
 97.200000 0.148528 28.722949 25.654792
 97.400000 0.131886 25.814385 25.654792
 97.600000 0.132712 26.068388 25.654792
 97.800000 0.134197 26.493157 25.654792
 98.000000 0.134265 26.511553 25.654792
 98.200000 0.144329 28.792426 25.654792
 98.400000 0.135876 27.458974 25.654792
 98.600000 0.126030 24.131075 25.654792
 98.800000 0.126188 24.199218 25.654792
 99.000000 0.135624 27.398266 25.654792
 99.200000 0.151952 29.475624 25.654792
 99.400000 0.141974 29.018024 25.654792
 99.600000 0.142953 29.116397 25.654792
 99.800000 0.154219 29.498860 25.654792
 100.000000 0.159128 29.587001 26.687105
 100.200000 0.152569 29.907570 26.687105
 100.400000 0.163885 30.214895 26.687105
 100.600000 0.176244 30.273643 26.687105
 100.800000 0.181070 29.801378 26.687105
 101.000000 0.174286 30.361605 26.687105
 101.200000 0.169353 30.810646 26.687105
 101.400000 0.173697 30.830068 26.687105
 101.600000 0.162855 30.515887 26.687105
 101.800000 0.153163 30.088006 26.687105
 102.000000 0.160106 30.373456 26.687105
 102.200000 0.163372 30.985070 26.687105
 102.400000 0.168539 31.171353 26.687105
 102.600000 0.182935 30.040411 26.687105
 102.800000 0.208939 22.822966 26.687105
 103.000000 0.232212 13.642637 26.687105
 103.200000 0.253337 4.940629 26.687105
 103.400000 0.266253 1.723231 26.687105
 103.600000 0.248068 6.966615 26.687105
 103.800000 0.255912 4.096893 26.687105
 104.000000 0.257636 3.588236 26.687105
 104.200000 0.243271 10.057218 26.687105
 104.400000 0.253987 6.166355 26.687105
 104.600000 0.251520 6.966750 26.687105
 104.800000 0.237874 12.384798 26.687105
 105.000000 0.242556 10.353631 27.272814
 105.200000 0.245613 10.197323 27.272814
 105.400000 0.233325 15.357016 27.272814
 105.600000 0.205404 24.066407 27.272814
 105.800000 0.193551 27.318166 27.272814
 106.000000 0.218261 20.783709 27.272814
 106.200000 0.227106 18.415213 27.272814
 106.400000 0.231597 16.535528 27.272814
 106.600000 0.243164 11.377363 27.272814
 106.800000 0.249405 8.771329 27.272814
 107.000000 0.244368 10.857708 27.272814
 107.200000 0.258467 6.187075 27.272814
 107.400000 0.244970 11.678305 27.272814
 107.600000 0.245620 11.399850 27.272814
 107.800000 0.271118 2.529267 27.272814
 108.000000 0.250405 9.372279 27.272814
 108.200000 0.244132 13.093491 27.272814
 108.400000 0.220557 21.238992 27.272814
 108.600000 0.221751 20.914770 27.272814
 108.800000 0.241384 14.178152 27.272814
 109.000000 0.253524 9.221921 27.272814
 109.200000 0.234847 17.182304 27.272814
 109.400000 0.200700 25.653387 27.272814
 109.600000 0.226320 19.785516 27.272814
 109.800000 0.230914 18.417724 27.272814
 110.000000 0.235116 17.095734 27.265985
 110.200000 0.222141 21.495979 27.265985
 110.400000 0.210496 23.769021 27.265985
 110.600000 0.196590 26.716066 27.265985
 110.800000 0.196718 26.683255 27.265985
 111.000000 0.192648 27.753423 27.265985
 111.200000 0.188819 29.248970 27.265985
 111.400000 0.209189 24.278947 27.265985
 111.600000 0.211208 23.878283 27.265985
 111.800000 0.222648 21.446652 27.265985
 112.000000 0.226641 20.427650 27.265985
 112.200000 0.236063 18.190172 27.265985
 112.400000 0.238780 17.200307 27.265985
 112.600000 0.238051 17.471588 27.265985
 112.800000 0.243810 15.219012 27.265985
 113.000000 0.248505 13.201833 27.265985
 113.200000 0.243071 16.431830 27.265985
 113.400000 0.260380 8.435469 27.265985
 113.600000 0.267278 5.318043 27.265985
 113.800000 0.276609 2.474870 27.265985
 114.000000 0.250023 13.486259 27.265985
 114.200000 0.267281 5.811193 27.265985
 114.400000 0.288539 1.495832 27.265985
 114.600000 0.290070 1.501818 27.265985
 114.800000 0.262989 7.847741 27.265985
 115.000000 0.268607 5.244235 27.426295
 115.200000 0.264677 8.353281 27.426295
 115.400000 0.267976 6.893926 27.426295
 115.600000 0.261354 9.916249 27.426295
 115.800000 0.253024 13.815796 27.426295
 116.000000 0.265150 8.137353 27.426295
 116.200000 0.252461 14.912644 27.426295
 116.400000 0.270193 7.142399 27.426295
 116.600000 0.259702 11.847942 27.426295
 116.800000 0.239902 18.876442 27.426295
 117.000000 0.232617 20.591169 27.426295
 117.200000 0.213643 24.308768 27.426295
 117.400000 0.191298 28.675319 27.426295
 117.600000 0.194215 27.934516 27.426295
 117.800000 0.202601 25.992672 27.426295
 118.000000 0.191683 28.578024 27.426295
 118.200000 0.188776 29.776544 27.426295
 118.400000 0.177657 31.486507 27.426295
 118.600000 0.180484 31.243879 27.426295
 118.800000 0.176168 31.559027 27.426295
 119.000000 0.163736 31.165958 27.426295
 119.200000 0.147466 30.395221 27.426295
 119.400000 0.133372 27.572915 27.426295
 119.600000 0.140823 29.472690 27.426295
 119.800000 0.132033 27.115929 27.426295
 120.000000 0.142695 29.792555 28.098690
 120.200000 0.143364 30.357741 28.098690
 120.400000 0.159935 31.577150 28.098690
 120.600000 0.164420 31.809640 28.098690
 120.800000 0.150653 31.081737 28.098690
 121.000000 0.146093 30.700429 28.098690
 121.200000 0.128452 26.240025 28.098690
 121.400000 0.124995 24.550478 28.098690
 121.600000 0.131150 27.410981 28.098690
 121.800000 0.139211 30.003240 28.098690
 122.000000 0.158961 31.835061 28.098690
 122.200000 0.153588 32.044354 28.098690
 122.400000 0.144152 31.169688 28.098690
 122.600000 0.138003 29.864116 28.098690
 122.800000 0.132787 28.143172 28.098690
 123.000000 0.132276 27.943876 28.098690
 123.200000 0.122821 23.833198 28.098690
 123.400000 0.151117 32.130712 28.098690
 123.600000 0.171065 32.461408 28.098690
 123.800000 0.179050 31.881461 28.098690
 124.000000 0.191272 29.298463 28.098690
 124.200000 0.205937 26.004355 28.098690
 124.400000 0.199497 27.521995 28.098690
 124.600000 0.204174 26.382777 28.098690
 124.800000 0.202323 26.811009 28.098690
 125.000000 0.204276 26.360151 28.979293
 125.200000 0.203655 27.039937 28.979293
 125.400000 0.205629 26.607186 28.979293
 125.600000 0.208981 25.929612 28.979293
 125.800000 0.221339 23.722475 28.979293
 126.000000 0.205404 26.655189 28.979293
 126.200000 0.197544 28.998387 28.979293
 126.400000 0.204681 27.344966 28.979293
 126.600000 0.211341 25.981137 28.979293
 126.800000 0.194315 29.777620 28.979293
 127.000000 0.190866 30.577040 28.979293
 127.200000 0.195886 29.823290 28.979293
 127.400000 0.204451 27.692166 28.979293
 127.600000 0.193564 30.397100 28.979293
 127.800000 0.175874 32.931474 28.979293
 128.000000 0.199317 28.955098 28.979293
 128.200000 0.200590 29.114636 28.979293
 128.400000 0.221141 24.290391 28.979293
 128.600000 0.236461 20.545557 28.979293
 128.800000 0.237193 20.346352 28.979293
 129.000000 0.245084 17.968547 28.979293
 129.200000 0.247875 17.766143 28.979293
 129.400000 0.258420 13.109107 28.979293
 129.600000 0.257491 13.565385 28.979293
 129.800000 0.230421 22.586989 28.979293
 130.000000 0.211333 26.569318 29.432457
 130.200000 0.204999 28.522357 29.432457
 130.400000 0.177031 33.094521 29.432457
 130.600000 0.184220 32.652377 29.432457
 130.800000 0.235423 21.609180 29.432457
 131.000000 0.233424 22.106950 29.432457
 131.200000 0.235806 22.156914 29.432457
 131.400000 0.236769 21.899933 29.432457
 131.600000 0.225470 24.533545 29.432457
 131.800000 0.234027 22.611739 29.432457
 132.000000 0.215467 26.515390 29.432457
 132.200000 0.206757 28.711250 29.432457
 132.400000 0.227697 24.450031 29.432457
 132.600000 0.212868 27.551211 29.432457
 132.800000 0.205422 28.968729 29.432457
 133.000000 0.212880 27.548961 29.432457
 133.200000 0.209079 28.766257 29.432457
 133.400000 0.201223 30.175546 29.432457
 133.600000 0.204365 29.610520 29.432457
 133.800000 0.199403 30.504775 29.432457
 134.000000 0.202187 30.001462 29.432457
 134.200000 0.222934 26.110829 29.432457
 134.400000 0.220383 26.739905 29.432457
 134.600000 0.208706 29.252102 29.432457
 134.800000 0.187162 32.761276 29.432457
 135.000000 0.174094 33.200892 29.954621
 135.200000 0.182367 33.477352 29.954621
 135.400000 0.178783 33.628202 29.954621
 135.600000 0.173442 33.578703 29.954621
 135.800000 0.203690 30.245130 29.954621
 136.000000 0.224595 25.688397 29.954621
 136.200000 0.208224 29.680551 29.954621
 136.400000 0.204543 30.310539 29.954621
 136.600000 0.217723 27.871496 29.954621
 136.800000 0.225623 25.977435 29.954621
 137.000000 0.236799 22.660960 29.954621
 137.200000 0.234581 24.011075 29.954621
 137.400000 0.217106 28.270964 29.954621
 137.600000 0.187699 32.996292 29.954621
 137.800000 0.185218 33.262438 29.954621
 138.000000 0.173578 33.584001 29.954621
 138.200000 0.180336 33.942386 29.954621
 138.400000 0.181782 33.858555 29.954621
 138.600000 0.194423 32.182961 29.954621
 138.800000 0.216191 28.445955 29.954621
 139.000000 0.235786 23.629714 29.954621
 139.200000 0.235208 24.424610 29.954621
 139.400000 0.212391 29.295586 29.954621
 139.600000 0.197509 31.660868 29.954621
 139.800000 0.168954 33.731621 29.954621
 140.000000 0.165478 33.470769 30.515693
 140.200000 0.174035 34.325338 30.515693
 140.400000 0.169598 34.153990 30.515693
 140.600000 0.176974 34.323592 30.515693
 140.800000 0.188055 33.328240 30.515693
 141.000000 0.203912 30.601271 30.515693
 141.200000 0.228116 26.497600 30.515693
 141.400000 0.208852 30.256818 30.515693
 141.600000 0.198532 31.937847 30.515693
 141.800000 0.200331 31.637369 30.515693
 142.000000 0.180241 34.317692 30.515693
 142.200000 0.172156 34.649896 30.515693
 142.400000 0.158203 33.390275 30.515693
 142.600000 0.149388 32.530919 30.515693
 142.800000 0.162621 33.829204 30.515693
 143.000000 0.163283 33.896025 30.515693
 143.200000 0.168087 34.723950 30.515693
 143.400000 0.162812 34.234895 30.515693
 143.600000 0.168189 34.732029 30.515693
 143.800000 0.171922 34.964279 30.515693
 144.000000 0.182224 34.745203 30.515693
 144.200000 0.186350 34.622593 30.515693
 144.400000 0.168659 35.015007 30.515693
 144.600000 0.167521 34.908227 30.515693
 144.800000 0.182399 35.101297 30.515693
 145.000000 0.177475 35.380367 31.641853
 145.200000 0.178728 35.705845 31.641853
 145.400000 0.178694 35.707201 31.641853
 145.600000 0.202964 31.561466 31.641853
 145.800000 0.187916 34.665015 31.641853
 146.000000 0.185150 35.106633 31.641853
 146.200000 0.166269 35.219806 31.641853
 146.400000 0.168166 35.460925 31.641853
 146.600000 0.184598 35.549422 31.641853
 146.800000 0.178784 36.038285 31.641853
 147.000000 0.161401 34.538705 31.641853
 147.200000 0.141015 31.516967 31.641853
 147.400000 0.153634 33.804342 31.641853
 147.600000 0.157642 34.375748 31.641853
 147.800000 0.153804 33.828824 31.641853
 148.000000 0.164895 35.399031 31.641853
 148.200000 0.174744 36.561083 31.641853
 148.400000 0.186141 35.552581 31.641853
 148.600000 0.195219 33.563520 31.641853
 148.800000 0.208601 30.597344 31.641853
 149.000000 0.200960 32.210555 31.641853
 149.200000 0.191240 34.836096 31.641853
 149.400000 0.214673 29.698499 31.641853
 149.600000 0.249350 18.661820 31.641853
 149.800000 0.245826 20.358589 31.641853
 150.000000 0.243444 21.414320 32.492854
 150.200000 0.210764 30.573519 32.492854
 150.400000 0.194209 34.183047 32.492854
 150.600000 0.189176 35.259675 32.492854
 150.800000 0.190375 35.017801 32.492854
 151.000000 0.202321 32.334290 32.492854
 151.200000 0.166435 36.008305 32.492854
 151.400000 0.142391 31.966044 32.492854
 151.600000 0.145739 32.705469 32.492854
 151.800000 0.130272 27.750949 32.492854
 152.000000 0.112377 17.431589 32.492854
 152.200000 0.121935 24.013853 32.492854
 152.400000 0.131281 28.569003 32.492854
 152.600000 0.118748 22.186686 32.492854
 152.800000 0.105401 13.664618 32.492854
 153.000000 0.107551 15.080428 32.492854
 153.200000 0.112744 19.314523 32.492854
 153.400000 0.109994 17.569336 32.492854
 153.600000 0.120591 23.869503 32.492854
 153.800000 0.119339 23.189967 32.492854
 154.000000 0.123495 25.371210 32.492854
 154.200000 0.135276 30.646658 32.492854
 154.400000 0.125394 26.854457 32.492854
 154.600000 0.114382 20.791018 32.492854
 154.800000 0.123958 26.165403 32.492854
 155.000000 0.128788 28.347886 32.683768
 155.200000 0.114422 21.128567 32.683768
 155.400000 0.122230 25.743269 32.683768
 155.600000 0.126718 27.950957 32.683768
 155.800000 0.121628 25.420588 32.683768
 156.000000 0.139568 32.164660 32.683768
 156.200000 0.142181 33.088690 32.683768
 156.400000 0.120441 24.951549 32.683768
 156.600000 0.125228 27.521998 32.683768
 156.800000 0.122939 26.341209 32.683768
 157.000000 0.119938 24.659290 32.683768
 157.200000 0.113117 20.891123 32.683768
 157.400000 0.103475 13.959172 32.683768
 157.600000 0.109656 18.455973 32.683768
 157.800000 0.113899 21.423946 32.683768
 158.000000 0.108708 17.772552 32.683768
 158.200000 0.104456 15.434593 32.683768
 158.400000 0.112465 21.209355 32.683768
 158.600000 0.113282 21.760857 32.683768
 158.800000 0.105482 16.196231 32.683768
 159.000000 0.113701 22.039448 32.683768
 159.200000 0.120746 26.870064 32.683768
 159.400000 0.143063 33.566397 32.683768
 159.600000 0.137196 32.646243 32.683768
 159.800000 0.140952 33.283466 32.683768
 160.000000 0.147409 34.041444 32.947578
 160.200000 0.156059 35.220151 32.947578
 160.400000 0.133487 32.053971 32.947578
 160.600000 0.147003 34.385116 32.947578
 160.800000 0.164987 36.148530 32.947578
 161.000000 0.149943 34.663205 32.947578
 161.200000 0.142625 34.208084 32.947578
 161.400000 0.147977 34.851208 32.947578
 161.600000 0.154516 35.432088 32.947578
 161.800000 0.161792 36.080659 32.947578
 162.000000 0.158713 35.796716 32.947578
 162.200000 0.157701 36.060865 32.947578
 162.400000 0.150871 35.429022 32.947578
 162.600000 0.146483 34.950385 32.947578
 162.800000 0.142703 34.420084 32.947578
 163.000000 0.145482 34.823033 32.947578
 163.200000 0.135722 33.270627 32.947578
 163.400000 0.134086 32.798240 32.947578
 163.600000 0.138102 33.874260 32.947578
 163.800000 0.125807 29.657975 32.947578
 164.000000 0.118299 25.711968 32.947578
 164.200000 0.119495 26.965277 32.947578
 164.400000 0.112216 22.276904 32.947578
 164.600000 0.115785 24.708259 32.947578
 164.800000 0.116407 25.106371 32.947578
 165.000000 0.117228 25.619892 33.517396
 165.200000 0.143320 35.143639 33.517396
 165.400000 0.144416 35.276475 33.517396
 165.600000 0.141603 34.910065 33.517396
 165.800000 0.134577 33.539159 33.517396
 166.000000 0.121966 28.841922 33.517396
 166.200000 0.118838 27.616169 33.517396
 166.400000 0.111318 22.522047 33.517396
 166.600000 0.108135 20.020268 33.517396
 166.800000 0.114043 24.519176 33.517396
 167.000000 0.126271 31.281764 33.517396
 167.200000 0.125665 31.467488 33.517396
 167.400000 0.129179 32.782369 33.517396
 167.600000 0.114795 25.366184 33.517396
 167.800000 0.114651 25.264264 33.517396
 168.000000 0.116976 26.839006 33.517396
 168.200000 0.118856 28.536212 33.517396
 168.400000 0.114568 25.728169 33.517396
 168.600000 0.102435 15.759793 33.517396
 168.800000 0.117189 27.506190 33.517396
 169.000000 0.111854 23.699774 33.517396
 169.200000 0.129985 33.697812 33.517396
 169.400000 0.121667 30.583007 33.517396
 169.600000 0.121498 30.499740 33.517396
 169.800000 0.112403 24.732761 33.517396
 170.000000 0.124839 31.992777 33.752859
 170.200000 0.116947 28.290575 33.752859
 170.400000 0.113768 26.073857 33.752859
 170.600000 0.102420 16.384122 33.752859
 170.800000 0.098625 13.038653 33.752859
 171.000000 0.110075 23.145724 33.752859
 171.200000 0.113486 26.470632 33.752859
 171.400000 0.107508 21.557063 33.752859
 171.600000 0.097158 12.234800 33.752859
 171.800000 0.103336 17.773469 33.752859
 172.000000 0.103107 17.562399 33.752859
 172.200000 0.113336 26.992635 33.752859
 172.400000 0.124436 32.934638 33.752859
 172.600000 0.121682 31.835527 33.752859
 172.800000 0.121744 31.862590 33.752859
 173.000000 0.121528 31.766944 33.752859
 173.200000 0.113486 27.468396 33.752859
 173.400000 0.099099 14.834229 33.752859
 173.600000 0.103036 18.495980 33.752859
 173.800000 0.098712 14.480987 33.752859
 174.000000 0.100963 16.557656 33.752859
 174.200000 0.103469 19.726577 33.752859
 174.400000 0.101466 17.863103 33.752859
 174.600000 0.103186 19.464016 33.752859
 174.800000 0.117223 30.411311 33.752859
 175.000000 0.139168 36.005515 34.014026
 175.200000 0.133574 35.874315 34.014026
 175.400000 0.131225 35.523090 34.014026
 175.600000 0.114997 29.164686 34.014026
 175.800000 0.126814 34.546061 34.014026
 176.000000 0.135888 36.127027 34.014026
 176.200000 0.146386 36.804519 34.014026
 176.400000 0.133924 36.265085 34.014026
 176.600000 0.129052 35.414010 34.014026
 176.800000 0.121543 32.921584 34.014026
 177.000000 0.121424 32.868632 34.014026
 177.200000 0.146014 36.911530 34.014026
 177.400000 0.147436 36.886295 34.014026
 177.600000 0.143295 36.943201 34.014026
 177.800000 0.137179 36.814999 34.014026
 178.000000 0.157338 36.812327 34.014026
 178.200000 0.167331 37.401328 34.014026
 178.400000 0.158009 37.161917 34.014026
 178.600000 0.148558 37.150945 34.014026
 178.800000 0.175134 37.372220 34.014026
 179.000000 0.183555 36.611059 34.014026
 179.200000 0.182612 37.082089 34.014026
 179.400000 0.163142 37.421959 34.014026
 179.600000 0.153527 37.170916 34.014026
 179.800000 0.166999 37.579630 34.014026
 180.000000 0.157870 37.238230 34.777400
 180.200000 0.163048 37.731913 34.777400
 180.400000 0.181399 37.326535 34.777400
 180.600000 0.171154 37.914569 34.777400
 180.800000 0.173939 37.876728 34.777400
 181.000000 0.167568 37.870548 34.777400
 181.200000 0.193698 35.059601 34.777400
 181.400000 0.204426 32.437994 34.777400
 181.600000 0.212527 30.608820 34.777400
 181.800000 0.210239 31.114028 34.777400
 182.000000 0.206757 31.897832 34.777400
 182.200000 0.208423 31.940353 34.777400
 182.400000 0.194753 35.108040 34.777400
 182.600000 0.190648 36.021588 34.777400
 182.800000 0.200673 33.727045 34.777400
 183.000000 0.188314 36.502732 34.777400
 183.200000 0.210184 31.656439 34.777400
 183.400000 0.218574 29.642836 34.777400
 183.600000 0.193696 35.671859 34.777400
 183.800000 0.189765 36.550530 34.777400
 184.000000 0.203147 33.361654 34.777400
 184.200000 0.197524 35.118226 34.777400
 184.400000 0.208943 32.322229 34.777400
 184.600000 0.206558 32.915789 34.777400
 184.800000 0.185629 37.541369 34.777400
 185.000000 0.183694 37.817968 35.389127
 185.200000 0.191323 36.788559 35.389127
 185.400000 0.214915 30.850672 35.389127
 185.600000 0.223788 28.522126 35.389127
 185.800000 0.203677 33.760638 35.389127
 186.000000 0.206842 32.943531 35.389127
 186.200000 0.212391 31.882274 35.389127
 186.400000 0.218601 30.186514 35.389127
 186.600000 0.197652 35.632727 35.389127
 186.800000 0.164643 38.374729 35.389127
 187.000000 0.152784 37.739365 35.389127
 187.200000 0.163178 38.534957 35.389127
 187.400000 0.175211 38.892788 35.389127
 187.600000 0.167511 38.754401 35.389127
 187.800000 0.189435 37.402959 35.389127
 188.000000 0.197217 35.738297 35.389127
 188.200000 0.183319 38.580345 35.389127
 188.400000 0.158741 38.317314 35.389127
 188.600000 0.154422 38.128409 35.389127
 188.800000 0.157760 38.269629 35.389127
 189.000000 0.150561 37.997226 35.389127
 189.200000 0.145414 38.134900 35.389127
 189.400000 0.144332 38.084087 35.389127
 189.600000 0.148693 38.260129 35.389127
 189.800000 0.138519 37.672374 35.389127
 190.000000 0.134194 37.134384 35.995348
 190.200000 0.139234 38.055720 35.995348
 190.400000 0.153550 38.556885 35.995348
 190.600000 0.170193 39.078027 35.995348
 190.800000 0.179057 38.966906 35.995348
 191.000000 0.179577 38.935268 35.995348
 191.200000 0.160388 38.871183 35.995348
 191.400000 0.156643 38.720058 35.995348
 191.600000 0.159273 38.821798 35.995348
 191.800000 0.151922 38.582859 35.995348
 192.000000 0.155050 38.668412 35.995348
 192.200000 0.176269 39.498585 35.995348
 192.400000 0.151451 38.875210 35.995348
 192.600000 0.144050 38.596296 35.995348
 192.800000 0.144739 38.632119 35.995348
 193.000000 0.151866 38.887104 35.995348
 193.200000 0.151575 39.188268 35.995348
 193.400000 0.142742 38.776830 35.995348
 193.600000 0.159028 39.389267 35.995348
 193.800000 0.168084 39.636960 35.995348
 194.000000 0.170416 39.667544 35.995348
 194.200000 0.172154 39.966616 35.995348
 194.400000 0.160713 39.679832 35.995348
 194.600000 0.155272 39.468849 35.995348
 194.800000 0.152865 39.375310 35.995348
 195.000000 0.150673 39.286757 36.878397
 195.200000 0.136065 38.261756 36.878397
 195.400000 0.139954 38.808076 36.878397
 195.600000 0.148901 39.510723 36.878397
 195.800000 0.156242 39.789581 36.878397
 196.000000 0.175229 39.980845 36.878397
 196.200000 0.180443 39.866204 36.878397
 196.400000 0.175113 40.280857 36.878397
 196.600000 0.169461 40.369113 36.878397
 196.800000 0.159489 40.056924 36.878397
 197.000000 0.158995 40.036449 36.878397
 197.200000 0.153846 40.094720 36.878397
 197.400000 0.165947 40.562384 36.878397
 197.600000 0.178991 40.137037 36.878397
 197.800000 0.169366 40.599692 36.878397
 198.000000 0.159276 40.342179 36.878397
 198.200000 0.164195 40.793588 36.878397
 198.400000 0.181205 39.973025 36.878397
 198.600000 0.176903 40.472048 36.878397
 198.800000 0.189032 38.507085 36.878397
 199.000000 0.229774 27.041482 36.878397
 199.200000 0.238698 24.513910 36.878397
 199.400000 0.231940 26.894566 36.878397
 199.600000 0.240552 23.763665 36.878397
 199.800000 0.251507 18.328631 36.878397
 200.000000 0.231445 27.051119 37.442452
 200.200000 0.211904 32.764665 37.442452
 200.400000 0.178460 40.319052 37.442452
 200.600000 0.164872 40.807638 37.442452
 200.800000 0.162959 40.762099 37.442452
 201.000000 0.168308 40.838550 37.442452
 201.200000 0.159898 40.899640 37.442452
 201.400000 0.174674 40.899415 37.442452
 201.600000 0.165668 41.100553 37.442452
 201.800000 0.160683 40.936324 37.442452
 202.000000 0.174061 40.940085 37.442452
 202.200000 0.162655 41.229025 37.442452
 202.400000 0.167473 41.378182 37.442452
 202.600000 0.175587 41.111636 37.442452
 202.800000 0.195689 37.075206 37.442452
 203.000000 0.189487 38.696724 37.442452
 203.200000 0.187111 39.569924 37.442452
 203.400000 0.184291 40.159907 37.442452
 203.600000 0.190777 38.684072 37.442452
 203.800000 0.205079 34.721485 37.442452
 204.000000 0.212224 32.797186 37.442452
 204.200000 0.227191 29.093487 37.442452
 204.400000 0.216983 31.944941 37.442452
 204.600000 0.198269 36.898610 37.442452
 204.800000 0.192136 38.495015 37.442452
 205.000000 0.184111 40.263820 38.124388
 205.200000 0.163357 41.441283 38.124388
 205.400000 0.145373 39.873293 38.124388
 205.600000 0.140508 39.238438 38.124388
 205.800000 0.147970 40.157986 38.124388
 206.000000 0.146871 40.041296 38.124388
 206.200000 0.158713 41.328734 38.124388
 206.400000 0.183097 40.747516 38.124388
 206.600000 0.181395 41.017822 38.124388
 206.800000 0.202380 35.938273 38.124388
 207.000000 0.197895 37.189335 38.124388
 207.200000 0.186178 40.407349 38.124388
 207.400000 0.205374 35.406922 38.124388
 207.600000 0.197322 37.682115 38.124388
 207.800000 0.194123 38.548618 38.124388
 208.000000 0.175263 41.755081 38.124388
 208.200000 0.143215 39.923198 38.124388
 208.400000 0.125662 35.732504 38.124388
 208.600000 0.154946 41.176503 38.124388
 208.800000 0.162926 41.795363 38.124388
 209.000000 0.162984 41.799169 38.124388
 209.200000 0.162436 42.034295 38.124388
 209.400000 0.171234 42.351797 38.124388
 209.600000 0.210359 34.011630 38.124388
 209.800000 0.221850 30.730695 38.124388
 210.000000 0.210358 34.011716 38.757785
 210.200000 0.186118 40.814772 38.757785
 210.400000 0.182753 41.429930 38.757785
 210.600000 0.172970 42.338034 38.757785
 210.800000 0.151761 41.092410 38.757785
 211.000000 0.137708 39.109686 38.757785
 211.200000 0.141407 40.057702 38.757785
 211.400000 0.139590 39.760309 38.757785
 211.600000 0.157523 41.774355 38.757785
 211.800000 0.159192 41.897773 38.757785
 212.000000 0.159280 41.904068 38.757785
 212.200000 0.182689 41.522887 38.757785
 212.400000 0.204074 36.179504 38.757785
 212.600000 0.206520 35.489121 38.757785
 212.800000 0.183084 41.454746 38.757785
 213.000000 0.180070 41.923089 38.757785
 213.200000 0.163881 42.605501 38.757785
 213.400000 0.150698 41.458461 38.757785
 213.600000 0.137421 39.457703 38.757785
 213.800000 0.132843 38.381018 38.757785
 214.000000 0.120209 33.361677 38.757785
 214.200000 0.140719 40.237655 38.757785
 214.400000 0.150543 41.491881 38.757785
 214.600000 0.172997 42.775965 38.757785
 214.800000 0.179119 42.315235 38.757785
 215.000000 0.172971 42.776786 39.411065
 215.200000 0.164950 42.893921 39.411065
 215.400000 0.173393 43.022405 39.411065
 215.600000 0.172766 43.043323 39.411065
 215.800000 0.169500 43.066952 39.411065
 216.000000 0.177044 42.784385 39.411065
 216.200000 0.190993 40.244427 39.411065
 216.400000 0.207664 35.264019 39.411065
 216.600000 0.201944 36.977043 39.411065
 216.800000 0.201485 37.115885 39.411065
 217.000000 0.192651 39.771219 39.411065
 217.200000 0.201712 37.295014 39.411065
 217.400000 0.186725 41.643381 39.411065
 217.600000 0.170091 43.402126 39.411065
 217.800000 0.169033 43.370635 39.411065
 218.000000 0.164395 43.092457 39.411065
 218.200000 0.162345 43.170542 39.411065
 218.400000 0.164046 43.320916 39.411065
 218.600000 0.158356 42.755470 39.411065
 218.800000 0.186388 41.809108 39.411065
 219.000000 0.176777 43.421189 39.411065
 219.200000 0.165474 43.620246 39.411065
 219.400000 0.182193 42.930677 39.411065
 219.600000 0.188731 41.400545 39.411065
 219.800000 0.184152 42.536200 39.411065
 220.000000 0.178323 43.516828 40.239844
 220.200000 0.179670 43.594309 40.239844
 220.400000 0.201477 37.521279 40.239844
 220.600000 0.215236 33.132936 40.239844
 220.800000 0.224483 30.245738 40.239844
 221.000000 0.221081 31.316389 40.239844
 221.200000 0.209270 35.321823 40.239844
 221.400000 0.200732 37.939630 40.239844
 221.600000 0.196833 39.176009 40.239844
 221.800000 0.216142 33.262151 40.239844
 222.000000 0.241853 23.890156 40.239844
 222.200000 0.270307 7.707053 40.239844
 222.400000 0.258227 14.820291 40.239844
 222.600000 0.251979 18.815147 40.239844
 222.800000 0.278180 4.498667 40.239844
 223.000000 0.258975 14.339613 40.239844
 223.200000 0.246888 22.516604 40.239844
 223.400000 0.247192 22.355502 40.239844
 223.600000 0.259389 14.997664 40.239844
 223.800000 0.288113 2.628622 40.239844
 224.000000 0.268948 9.140038 40.239844
 224.200000 0.286526 3.430538 40.239844
 224.400000 0.278245 5.842840 40.239844
 224.600000 0.302004 2.047674 40.239844
 224.800000 0.282597 4.377406 40.239844
 225.000000 0.273915 7.722848 40.220435
 225.200000 0.285220 4.640204 40.220435
 225.400000 0.278195 7.053386 40.220435
 225.600000 0.274603 8.637498 40.220435
 225.800000 0.261224 15.708090 40.220435
 226.000000 0.238841 26.491090 40.220435
 226.200000 0.214573 34.003083 40.220435
 226.400000 0.202208 37.519894 40.220435
 226.600000 0.202589 37.404245 40.220435
 226.800000 0.193402 40.262212 40.220435
 227.000000 0.182828 43.066508 40.220435
 227.200000 0.170870 44.294251 40.220435
 227.400000 0.171944 44.317280 40.220435
 227.600000 0.178010 44.054332 40.220435
 227.800000 0.166223 43.998393 40.220435
 228.000000 0.179104 43.928853 40.220435
 228.200000 0.184564 43.184763 40.220435
 228.400000 0.185775 42.889608 40.220435
 228.600000 0.178907 44.200541 40.220435
 228.800000 0.194175 40.365483 40.220435
 229.000000 0.206903 36.243059 40.220435
 229.200000 0.195224 40.274502 40.220435
 229.400000 0.211768 35.154464 40.220435
 229.600000 0.212179 35.035453 40.220435
 229.800000 0.223254 31.920172 40.220435
 230.000000 0.216083 33.922038 40.617827
 230.200000 0.209884 36.059568 40.617827
 230.400000 0.240529 26.513101 40.617827
 230.600000 0.239897 26.768550 40.617827
 230.800000 0.265609 13.392186 40.617827
 231.000000 0.284058 4.976054 40.617827
 231.200000 0.273641 10.231431 40.617827
 231.400000 0.271668 11.112877 40.617827
 231.600000 0.308694 2.187611 40.617827
 231.800000 0.305845 2.500241 40.617827
 232.000000 0.276438 9.056746 40.617827
 232.200000 0.274912 10.849041 40.617827
 232.400000 0.295054 4.447293 40.617827
 232.600000 0.301617 3.275897 40.617827
 232.800000 0.270933 12.544492 40.617827
 233.000000 0.288834 5.946925 40.617827
 233.200000 0.300434 4.458118 40.617827
 233.400000 0.286442 7.969950 40.617827
 233.600000 0.267430 14.594995 40.617827
 233.800000 0.257255 19.094719 40.617827
 234.000000 0.247644 23.587454 40.617827
 234.200000 0.249887 23.165105 40.617827
 234.400000 0.280258 9.940978 40.617827
 234.600000 0.274218 12.098709 40.617827
 234.800000 0.266675 15.179438 40.617827
 235.000000 0.266657 15.187128 40.585338
 235.200000 0.287234 8.105135 40.585338
 235.400000 0.273262 13.271723 40.585338
 235.600000 0.283563 9.337758 40.585338
 235.800000 0.272120 13.742655 40.585338
 236.000000 0.264759 16.914520 40.585338
 236.200000 0.261608 19.138201 40.585338
 236.400000 0.258720 20.411179 40.585338
 236.600000 0.235693 29.062945 40.585338
 236.800000 0.234237 29.486119 40.585338
 237.000000 0.230511 30.521897 40.585338
 237.200000 0.237020 29.076139 40.585338
 237.400000 0.204778 37.640218 40.585338
 237.600000 0.186204 42.970960 40.585338
 237.800000 0.167035 44.259709 40.585338
 238.000000 0.156483 42.863351 40.585338
 238.200000 0.164195 44.174280 40.585338
 238.400000 0.163748 44.122202 40.585338
 238.600000 0.161232 43.802455 40.585338
 238.800000 0.170231 44.669270 40.585338
 239.000000 0.180028 44.217055 40.585338
 239.200000 0.200781 38.881487 40.585338
 239.400000 0.205481 37.503267 40.585338
 239.600000 0.209806 36.312467 40.585338
 239.800000 0.195218 40.604916 40.585338
 240.000000 0.207531 36.930777 40.951148
 240.200000 0.197905 40.040042 40.951148
 240.400000 0.175263 44.929532 40.951148
 240.600000 0.171279 44.927548 40.951148
 240.800000 0.179881 44.542943 40.951148
 241.000000 0.171346 44.929901 40.951148
 241.200000 0.180261 44.690109 40.951148
 241.400000 0.198364 39.949120 40.951148
 241.600000 0.207727 37.226852 40.951148
 241.800000 0.209659 36.694879 40.951148
 242.000000 0.195171 40.926583 40.951148
 242.200000 0.189350 42.923089 40.951148
 242.400000 0.205065 38.200502 40.951148
 242.600000 0.204788 38.281944 40.951148
 242.800000 0.211013 36.487034 40.951148
 243.000000 0.201653 39.219243 40.951148
 243.200000 0.211915 36.473088 40.951148
 243.400000 0.197886 40.668441 40.951148
 243.600000 0.176417 45.299651 40.951148
 243.800000 0.172156 45.318904 40.951148
 244.000000 0.197082 40.911873 40.951148
 244.200000 0.209768 37.302119 40.951148
 244.400000 0.213604 36.134930 40.951148
 244.600000 0.218160 34.768988 40.951148
 244.800000 0.226930 32.206399 40.951148
 245.000000 0.237903 28.865349 41.417337
 245.200000 0.244796 26.832368 41.417337
 245.400000 0.250663 24.354783 41.417337
 245.600000 0.241515 28.087720 41.417337
 245.800000 0.241367 28.141703 41.417337
 246.000000 0.251010 24.201176 41.417337
 246.200000 0.230536 31.818276 41.417337
 246.400000 0.214286 36.096789 41.417337
 246.600000 0.224136 33.450265 41.417337
 246.800000 0.258794 21.157496 41.417337
 247.000000 0.256333 22.338066 41.417337
 247.200000 0.258457 21.960465 41.417337
 247.400000 0.273041 14.655990 41.417337
 247.600000 0.293352 6.456171 41.417337
 247.800000 0.282586 10.296267 41.417337
 248.000000 0.277600 12.485157 41.417337
 248.200000 0.282103 11.457024 41.417337
 248.400000 0.294543 6.637621 41.417337
 248.600000 0.306405 3.468982 41.417337
 248.800000 0.290423 8.069247 41.417337
 249.000000 0.279005 12.845285 41.417337
 249.200000 0.284655 11.276786 41.417337
 249.400000 0.296524 6.510442 41.417337
 249.600000 0.304272 4.180334 41.417337
 249.800000 0.314526 2.037452 41.417337
 250.000000 0.304494 4.123439 41.386958
 250.200000 0.289477 10.077380 41.386958
 250.400000 0.273395 16.536140 41.386958
 250.600000 0.280447 13.576754 41.386958
 250.800000 0.286921 11.013107 41.386958
 251.000000 0.300127 6.740181 41.386958
 251.200000 0.306551 6.244101 41.386958
 251.400000 0.297463 8.772938 41.386958
 251.600000 0.284512 12.691618 41.386958
 251.800000 0.286004 12.191979 41.386958
 252.000000 0.289546 11.063118 41.386958
 252.200000 0.316622 3.676214 41.386958
 252.400000 0.338542 0.275188 41.386958
 252.600000 0.341708 0.157684 41.386958
 252.800000 0.336372 0.390157 41.386958
 253.000000 0.312728 4.829702 41.386958
 253.200000 0.304532 8.674678 41.386958
 253.400000 0.293888 11.443610 41.386958
 253.600000 0.269526 18.787424 41.386958
 253.800000 0.261640 21.713616 41.386958
 254.000000 0.268966 18.987842 41.386958
 254.200000 0.283883 14.579301 41.386958
 254.400000 0.305218 8.521617 41.386958
 254.600000 0.308397 7.582536 41.386958
 254.800000 0.290088 12.693532 41.386958
 255.000000 0.290680 12.524421 41.356080
 255.200000 0.311354 7.062931 41.356080
 255.400000 0.327963 2.113969 41.356080
 255.600000 0.343630 0.276492 41.356080
 255.800000 0.337670 0.675054 41.356080
 256.000000 0.326550 2.424465 41.356080
 256.200000 0.329827 3.278733 41.356080
 256.400000 0.340871 1.420855 41.356080
 256.600000 0.341744 1.311960 41.356080
 256.800000 0.340607 1.454860 41.356080
 257.000000 0.345707 0.888925 41.356080
 257.200000 0.334525 3.654003 41.356080
 257.400000 0.334772 3.626679 41.356080
 257.600000 0.334060 3.706254 41.356080
 257.800000 0.331444 4.021116 41.356080
 258.000000 0.324020 5.183522 41.356080
 258.200000 0.328982 5.673594 41.356080
 258.400000 0.326195 6.171529 41.356080
 258.600000 0.335471 4.588234 41.356080
 258.800000 0.348513 2.670635 41.356080
 259.000000 0.374260 0.281468 41.356080
 259.200000 0.384624 1.415508 41.356080
 259.400000 0.359296 2.399989 41.356080
 259.600000 0.356996 2.490948 41.356080
 259.800000 0.374195 2.012138 41.356080
 260.000000 0.366673 2.214244 41.325594
 260.200000 0.350558 3.779572 41.325594
 260.400000 0.345944 3.921112 41.325594
 260.600000 0.348710 3.819003 41.325594
 260.800000 0.345780 3.928865 41.325594
 261.000000 0.345770 3.929340 41.325594
 261.200000 0.347082 5.335922 41.325594
 261.400000 0.329886 6.447439 41.325594
 261.600000 0.325854 6.882861 41.325594
 261.800000 0.340033 5.696086 41.325594
 262.000000 0.342632 5.554064 41.325594
 262.200000 0.343175 6.891657 41.325594
 262.400000 0.327327 7.523764 41.325594
 262.600000 0.346968 6.651683 41.325594
 262.800000 0.377714 3.298689 41.325594
 263.000000 0.393576 1.082501 41.325594
 263.200000 0.408014 1.215051 41.325594
 263.400000 0.403673 1.651560 41.325594
 263.600000 0.392809 2.832565 41.325594
 263.800000 0.400353 2.008217 41.325594
 264.000000 0.406041 1.407569 41.325594
 264.200000 0.411800 2.408461 41.325594
 264.400000 0.398441 3.662462 41.325594
 264.600000 0.380722 4.397265 41.325594
 264.800000 0.391558 3.995706 41.325594
 265.000000 0.392498 3.958244 41.295991
 265.200000 0.382791 5.505813 41.295991
 265.400000 0.357429 5.893501 41.295991
 265.600000 0.367427 5.425223 41.295991
 265.800000 0.375129 5.393543 41.295991
 266.000000 0.380284 5.467323 41.295991
 266.200000 0.387880 6.736622 41.295991
 266.400000 0.381436 6.853702 41.295991
 266.600000 0.374573 6.664209 41.295991
 266.800000 0.367943 6.392144 41.295991
 267.000000 0.376829 6.749033 41.295991
 267.200000 0.392116 7.214396 41.295991
 267.400000 0.377097 8.053408 41.295991
 267.600000 0.361244 7.023761 41.295991
 267.800000 0.361280 7.025599 41.295991
 268.000000 0.354985 6.847517 41.295991
 268.200000 0.349286 8.107869 41.295991
 268.400000 0.338176 7.869614 41.295991
 268.600000 0.328266 7.741165 41.295991
 268.800000 0.345166 8.051835 41.295991
 269.000000 0.358776 8.168813 41.295991
 269.200000 0.371317 9.305697 41.295991
 269.400000 0.385506 8.325630 41.295991
 269.600000 0.418327 2.029350 41.295991
 269.800000 0.412651 3.103051 41.295991
 270.000000 0.399382 5.990986 41.267255
 270.200000 0.409478 4.845424 41.267255
 270.400000 0.417222 2.881001 41.267255
 270.600000 0.437771 0.251967 41.267255
 270.800000 0.418757 2.537555 41.267255
 271.000000 0.404537 6.136749 41.267255
 271.200000 0.414611 4.571092 41.267255
 271.400000 0.422715 2.398612 41.267255
 271.600000 0.429215 1.192504 41.267255
 271.800000 0.439701 0.265273 41.267255
 272.000000 0.434189 0.622405 41.267255
 272.200000 0.414400 5.344867 41.267255
 272.400000 0.406520 7.255509 41.267255
 272.600000 0.402838 8.066011 41.267255
 272.800000 0.414044 5.428963 41.267255
 273.000000 0.430580 2.661558 41.267255
 273.200000 0.430628 4.211128 41.267255
 273.400000 0.434110 3.843305 41.267255
 273.600000 0.421358 5.183311 41.267255
 273.800000 0.417033 5.781130 41.267255
 274.000000 0.443080 2.669212 41.267255
 274.200000 0.429627 5.348948 41.267255
 274.400000 0.415775 6.275185 41.267255
 274.600000 0.406773 7.715012 41.267255
 274.800000 0.400392 8.755174 41.267255
 275.000000 0.397293 9.150078 41.238493
 275.200000 0.393845 10.610876 41.238493
 275.400000 0.387791 10.726316 41.238493
 275.600000 0.403240 9.395076 41.238493
 275.800000 0.406131 8.805910 41.238493
 276.000000 0.379825 10.383183 41.238493
 276.200000 0.355906 9.689913 41.238493
 276.400000 0.394193 11.284900 41.238493
 276.600000 0.418855 6.379798 41.238493
 276.800000 0.415941 6.849258 41.238493
 277.000000 0.421577 6.043931 41.238493
 277.200000 0.415932 8.096109 41.238493
 277.400000 0.404335 10.157296 41.238493
 277.600000 0.425271 7.019769 41.238493
 277.800000 0.433918 6.162708 41.238493
 278.000000 0.437207 5.721549 41.238493
 278.200000 0.452297 3.644150 41.238493
 278.400000 0.449522 4.361353 41.238493
 278.600000 0.463961 1.246811 41.238493
 278.800000 0.448251 4.691665 41.238493
 279.000000 0.424748 8.027849 41.238493
 279.200000 0.428462 9.060508 41.238493
 279.400000 0.430486 8.900974 41.238493
 279.600000 0.428880 9.031426 41.238493
 279.800000 0.423396 9.301949 41.238493
 280.000000 0.450513 4.381410 41.210253
 280.200000 0.467023 1.664993 41.210253
 280.400000 0.472235 0.924202 41.210253
 280.600000 0.467605 1.566717 41.210253
 280.800000 0.454819 4.564130 41.210253
 281.000000 0.462770 2.502854 41.210253
 281.200000 0.472991 2.081698 41.210253
 281.400000 0.455511 5.757910 41.210253
 281.600000 0.455012 5.877651 41.210253
 281.800000 0.463930 3.814180 41.210253
 282.000000 0.458914 4.948658 41.210253
 282.200000 0.453201 7.615599 41.210253
 282.400000 0.458989 6.335004 41.210253
 282.600000 0.453409 7.572894 41.210253
 282.800000 0.444537 9.097492 41.210253
 283.000000 0.459125 6.303082 41.210253
 283.200000 0.452078 9.024414 41.210253
 283.400000 0.462991 6.650341 41.210253
 283.600000 0.456734 8.159057 41.210253
 283.800000 0.441471 10.112599 41.210253
 284.000000 0.429928 10.060683 41.210253
 284.200000 0.404536 11.012900 41.210253
 284.400000 0.411401 10.554143 41.210253
 284.600000 0.417791 10.524985 41.210253
 284.800000 0.430065 11.184292 41.210253
 285.000000 0.420927 10.656572 41.182194
 285.200000 0.394615 11.983185 41.182194
 285.400000 0.369203 10.667709 41.182194
 285.600000 0.345432 8.953164 41.182194
 285.800000 0.320838 8.171838 41.182194
 286.000000 0.318870 8.350779 41.182194
 286.200000 0.325492 9.018104 41.182194
 286.400000 0.340433 8.969605 41.182194
 286.600000 0.347614 9.313915 41.182194
 286.800000 0.350001 9.435842 41.182194
 287.000000 0.345211 9.191694 41.182194
 287.200000 0.352934 10.603097 41.182194
 287.400000 0.358513 10.678548 41.182194
 287.600000 0.367435 10.909888 41.182194
 287.800000 0.361581 10.729545 41.182194
 288.000000 0.356530 10.653195 41.182194
 288.200000 0.348266 11.420624 41.182194
 288.400000 0.375421 11.844260 41.182194
 288.600000 0.384550 12.058955 41.182194
 288.800000 0.376658 11.871695 41.182194
 289.000000 0.361182 11.759280 41.182194
 289.200000 0.367607 12.691105 41.182194
 289.400000 0.352961 12.553523 41.182194
 289.600000 0.353868 12.609893 41.182194
 289.800000 0.374029 12.533646 41.182194
 290.000000 0.379453 12.433852 41.154515
 290.200000 0.390398 13.023147 41.154515
 290.400000 0.398018 12.423433 41.154515
 290.600000 0.408519 11.635899 41.154515
 290.800000 0.391915 12.921017 41.154515
 291.000000 0.382809 13.369876 41.154515
 291.200000 0.382137 14.351219 41.154515
 291.400000 0.379641 14.380221 41.154515
 291.600000 0.353534 12.956605 41.154515
 291.800000 0.343052 11.538286 41.154515
 292.000000 0.339270 10.953790 41.154515
 292.200000 0.346550 13.026300 41.154515
 292.400000 0.341582 12.370130 41.154515
 292.600000 0.313161 10.576135 41.154515
 292.800000 0.331595 10.942043 41.154515
 293.000000 0.321332 10.269795 41.154515
 293.200000 0.310024 11.681497 41.154515
 293.400000 0.308960 11.744227 41.154515
 293.600000 0.335787 12.203773 41.154515
 293.800000 0.321586 11.378918 41.154515
 294.000000 0.312058 11.578060 41.154515
 294.200000 0.306621 12.882143 41.154515
 294.400000 0.300640 13.255056 41.154515
 294.600000 0.303875 13.033289 41.154515
 294.800000 0.301662 13.178593 41.154515
 295.000000 0.304183 13.015013 41.126844
 295.200000 0.288098 15.475493 41.126844
 295.400000 0.295483 14.584067 41.126844
 295.600000 0.303074 14.060310 41.126844
 295.800000 0.307609 13.787253 41.126844
 296.000000 0.333135 12.488318 41.126844
 296.200000 0.316347 13.670801 41.126844
 296.400000 0.311287 13.880169 41.126844
 296.600000 0.310981 13.892336 41.126844
 296.800000 0.311333 13.878349 41.126844
 297.000000 0.315059 13.724682 41.126844
 297.200000 0.334009 13.949091 41.126844
 297.400000 0.331118 13.967979 41.126844
 297.600000 0.327398 14.063723 41.126844
 297.800000 0.322446 14.294329 41.126844
 298.000000 0.324973 14.166726 41.126844
 298.200000 0.339050 14.604510 41.126844
 298.400000 0.330116 14.863476 41.126844
 298.600000 0.301811 15.171183 41.126844
 298.800000 0.299332 15.131977 41.126844
 299.000000 0.305347 15.269460 41.126844
 299.200000 0.298132 15.916533 41.126844
 299.400000 0.306326 16.183782 41.126844
 299.600000 0.303344 16.088389 41.126844
 299.800000 0.308634 16.228385 41.126844
 300.000000 0.309617 16.236445 41.099871
 300.200000 0.331696 15.276765 41.099871
 300.400000 0.318393 16.681621 41.099871
 300.600000 0.312792 17.040682 41.099871
 300.800000 0.299942 16.658185 41.099871
 301.000000 0.290818 16.365338 41.099871
 301.200000 0.310565 17.438480 41.099871
 301.400000 0.301099 17.397502 41.099871
 301.600000 0.310284 17.448676 41.099871
 301.800000 0.310014 17.457691 41.099871
 302.000000 0.300526 17.378934 41.099871
 302.200000 0.300805 18.194830 41.099871
 302.400000 0.317427 17.366654 41.099871
 302.600000 0.346660 14.548481 41.099871
 302.800000 0.329250 15.665045 41.099871
 303.000000 0.325703 16.142948 41.099871
 303.200000 0.337618 15.529228 41.099871
 303.400000 0.351763 14.597588 41.099871
 303.600000 0.337542 15.536321 41.099871
 303.800000 0.324467 17.174555 41.099871
 304.000000 0.334622 15.832211 41.099871
 304.200000 0.346065 15.549504 41.099871
 304.400000 0.341444 15.988785 41.099871
 304.600000 0.352632 14.976275 41.099871
 304.800000 0.356222 14.718893 41.099871
 305.000000 0.372668 14.399807 41.073073
 305.200000 0.351937 15.385909 41.073073
 305.400000 0.347681 15.630532 41.073073
 305.600000 0.356818 15.208337 41.073073
 305.800000 0.408452 11.913070 41.073073
 306.000000 0.410990 11.752563 41.073073
 306.200000 0.395819 14.175658 41.073073
 306.400000 0.387649 14.967592 41.073073
 306.600000 0.408249 12.948966 41.073073
 306.800000 0.426792 12.633926 41.073073
 307.000000 0.420229 12.633998 41.073073
 307.200000 0.436924 12.608140 41.073073
 307.400000 0.455260 8.878186 41.073073
 307.600000 0.434095 12.977697 41.073073
 307.800000 0.426850 13.537311 41.073073
 308.000000 0.418256 13.618998 41.073073
 308.200000 0.412109 14.478908 41.073073
 308.400000 0.403468 14.474547 41.073073
 308.600000 0.392094 14.946728 41.073073
 308.800000 0.399243 14.597069 41.073073
 309.000000 0.397251 14.680740 41.073073
 309.200000 0.402348 15.358253 41.073073
 309.400000 0.388058 15.911695 41.073073
 309.600000 0.362807 15.233687 41.073073
 309.800000 0.358992 15.206064 41.073073
 310.000000 0.343806 15.903990 41.046640
 310.200000 0.372587 15.738995 41.046640
 310.400000 0.394964 15.693994 41.046640
 310.600000 0.393549 15.752956 41.046640
 310.800000 0.382518 15.959840 41.046640
 311.000000 0.387374 15.933685 41.046640
 311.200000 0.410364 15.338748 41.046640
 311.400000 0.415440 15.120759 41.046640
 311.600000 0.388019 16.781689 41.046640
 311.800000 0.369342 16.071035 41.046640
 312.000000 0.375662 16.462870 41.046640
 312.200000 0.362190 16.399277 41.046640
 312.400000 0.352326 16.412783 41.046640
 312.600000 0.338381 17.209717 41.046640
 312.800000 0.357474 16.306804 41.046640
 313.000000 0.376425 17.347855 41.046640
 313.200000 0.377946 18.228163 41.046640
 313.400000 0.384597 18.208084 41.046640
 313.600000 0.369934 17.621654 41.046640
 313.800000 0.355487 16.629089 41.046640
 314.000000 0.360008 16.777063 41.046640
 314.200000 0.358034 17.509832 41.046640
 314.400000 0.360918 17.656656 41.046640
 314.600000 0.347368 17.357100 41.046640
 314.800000 0.361820 17.710748 41.046640
 315.000000 0.357581 17.491036 41.020793
 315.200000 0.341492 17.897101 41.020793
 315.400000 0.337547 17.888822 41.020793
 315.600000 0.342887 17.912649 41.020793
 315.800000 0.353656 18.155291 41.020793
 316.000000 0.341498 17.897156 41.020793
 316.200000 0.324109 18.781740 41.020793
 316.400000 0.328637 18.671832 41.020793
 316.600000 0.337359 18.648875 41.020793
 316.800000 0.360591 18.774719 41.020793
 317.000000 0.369219 18.971977 41.020793
 317.200000 0.362333 19.482397 41.020793
 317.400000 0.356818 19.265376 41.020793
 317.600000 0.332913 18.671681 41.020793
 317.800000 0.330158 18.674148 41.020793
 318.000000 0.344159 18.892754 41.020793
 318.200000 0.352124 19.770136 41.020793
 318.400000 0.337308 19.404820 41.020793
 318.600000 0.329728 19.151783 41.020793
 318.800000 0.338371 19.446816 41.020793
 319.000000 0.342518 19.597463 41.020793
 319.200000 0.355650 20.285244 41.020793
 319.400000 0.337875 20.124029 41.020793
 319.600000 0.355871 20.279838 41.020793
 319.800000 0.382139 19.357811 41.020793
 320.000000 0.379244 19.630173 40.995372
