#! FIELDS time d metad.bias metad.rct
 0.000000 0.141316 0.000000 0.000000
 0.200000 0.129088 0.000000 0.000000
 0.400000 0.138042 0.000000 0.000000
 0.600000 0.147050 0.000000 0.000000
 0.800000 0.139826 0.000000 0.000000
 1.000000 0.131631 0.000000 0.000000
 1.200000 0.139279 1.536302 0.000000
 1.400000 0.162090 0.219745 0.000000
 1.600000 0.157621 0.387471 0.000000
 1.800000 0.161796 0.228760 0.000000
 2.000000 0.166697 0.110688 0.000000
 2.200000 0.163576 1.882200 0.000000
 2.400000 0.160670 1.871886 0.000000
 2.600000 0.147627 1.763847 0.000000
 2.800000 0.156740 1.824954 0.000000
 3.000000 0.161855 1.879722 0.000000
 3.200000 0.170268 3.127592 0.000000
 3.400000 0.173646 2.776052 0.000000
 3.600000 0.178034 2.217424 0.000000
 3.800000 0.166865 3.370953 0.000000
 4.000000 0.160436 3.472091 0.000000
 4.200000 0.149760 4.085278 0.000000
 4.400000 0.172036 4.066259 0.000000
 4.600000 0.172010 4.070359 0.000000
 4.800000 0.167018 4.724180 0.000000
 5.000000 0.152742 4.428163 1.560904
 5.200000 0.146499 5.012533 1.560904
 5.400000 0.138157 3.723767 1.560904
 5.600000 0.145518 4.859712 1.560904
 5.800000 0.139256 3.886226 1.560904
 6.000000 0.139321 3.896070 1.560904
 6.200000 0.140563 5.550155 1.560904
 6.400000 0.165538 6.160201 1.560904
 6.600000 0.144702 6.110699 1.560904
 6.800000 0.126431 3.222483 1.560904
 7.000000 0.138930 5.308410 1.560904
 7.200000 0.142810 7.200910 1.560904
 7.400000 0.142412 7.155553 1.560904
 7.600000 0.143434 7.268665 1.560904
 7.800000 0.130197 5.044080 1.560904
 8.000000 0.138906 6.686237 1.560904
 8.200000 0.140276 8.178219 1.560904
 8.400000 0.140348 8.187500 1.560904
 8.600000 0.136144 7.509434 1.560904
 8.800000 0.124590 4.600267 1.560904
 9.000000 0.137657 7.784278 1.560904
 9.200000 0.136446 8.800009 1.560904
 9.400000 0.143591 9.666194 1.560904
 9.600000 0.155678 8.967938 1.560904
 9.800000 0.153065 9.310603 1.560904
 10.000000 0.147457 9.706635 4.883926
 10.200000 0.142358 10.664121 4.883926
 10.400000 0.147442 10.842695 4.883926
 10.600000 0.153434 10.316748 4.883926
 10.800000 0.167064 7.011110 4.883926
 11.000000 0.165047 7.624066 4.883926
 11.200000 0.163219 9.391184 4.883926
 11.400000 0.162534 9.573902 4.883926
 11.600000 0.178535 4.310025 4.883926
 11.800000 0.194300 0.803261 4.883926
 12.000000 0.184258 2.625248 4.883926
 12.200000 0.185816 3.793103 4.883926
 12.400000 0.181080 5.033118 4.883926
 12.600000 0.183930 4.266634 4.883926
 12.800000 0.185418 3.890466 4.883926
 13.000000 0.189952 2.859143 4.883926
 13.200000 0.200378 2.398011 4.883926
 13.400000 0.198714 2.691732 4.883926
 13.600000 0.199717 2.513082 4.883926
 13.800000 0.190129 4.363286 4.883926
 14.000000 0.174000 7.969106 4.883926
 14.200000 0.162274 11.353040 4.883926
 14.400000 0.140112 10.809866 4.883926
 14.600000 0.129578 7.692258 4.883926
 14.800000 0.140359 10.860272 4.883926
 15.000000 0.146812 11.770953 7.219453
 15.200000 0.161218 12.129678 7.219453
 15.400000 0.162033 12.000774 7.219453
 15.600000 0.166832 11.097461 7.219453
 15.800000 0.157923 12.567290 7.219453
 16.000000 0.165305 11.409783 7.219453
 16.200000 0.186453 6.425457 7.219453
 16.400000 0.186703 6.349339 7.219453
 16.600000 0.204216 1.971855 7.219453
 16.800000 0.211040 0.983707 7.219453
 17.000000 0.206967 1.519560 7.219453
 17.200000 0.188515 6.569863 7.219453
 17.400000 0.168992 11.705791 7.219453
 17.600000 0.147413 13.368679 7.219453
 17.800000 0.146932 13.312722 7.219453
 18.000000 0.129676 8.326756 7.219453
 18.200000 0.121074 5.829529 7.219453
 18.400000 0.119040 5.001643 7.219453
 18.600000 0.115794 3.796003 7.219453
 18.800000 0.123573 6.898439 7.219453
 19.000000 0.122657 6.501896 7.219453
 19.200000 0.125198 8.900032 7.219453
 19.400000 0.118505 6.052757 7.219453
 19.600000 0.116121 5.101092 7.219453
 19.800000 0.116517 5.254808 7.219453
 20.000000 0.112596 3.827780 8.914809
 20.200000 0.116944 6.837234 8.914809
 20.400000 0.113442 5.589641 8.914809
 20.600000 0.117074 6.885342 8.914809
 20.800000 0.141200 14.021299 8.914809
 21.000000 0.156248 13.985827 8.914809
 21.200000 0.149996 15.241746 8.914809
 21.400000 0.129689 11.677096 8.914809
 21.600000 0.139593 14.320176 8.914809
 21.800000 0.143709 14.912145 8.914809
 22.000000 0.125207 10.048024 8.914809
 22.200000 0.121462 9.683048 8.914809
 22.400000 0.127353 11.957107 8.914809
 22.600000 0.121803 9.821638 8.914809
 22.800000 0.117106 7.893012 8.914809
 23.000000 0.119345 8.814275 8.914809
 23.200000 0.129700 13.681111 8.914809
 23.400000 0.115814 8.516641 8.914809
 23.600000 0.113272 7.448248 8.914809
 23.800000 0.117050 9.038130 8.914809
 24.000000 0.122963 11.436998 8.914809
 24.200000 0.125810 13.503449 8.914809
 24.400000 0.112230 7.831013 8.914809
 24.600000 0.116637 9.825604 8.914809
 24.800000 0.125696 13.465684 8.914809
 25.000000 0.125377 13.358565 11.301305
 25.200000 0.120441 12.394848 11.301305
 25.400000 0.118342 11.447141 11.301305
 25.600000 0.123562 13.672260 11.301305
 25.800000 0.116815 10.725552 11.301305
 26.000000 0.116942 10.786015 11.301305
 26.200000 0.149653 16.259187 11.301305
 26.400000 0.190046 6.291331 11.301305
 26.600000 0.190763 6.124232 11.301305
 26.800000 0.188401 6.689337 11.301305
 27.000000 0.196843 4.859310 11.301305
 27.200000 0.191481 7.283057 11.301305
 27.400000 0.207245 4.221727 11.301305
 27.600000 0.200465 5.573191 11.301305
 27.800000 0.198593 5.934919 11.301305
 28.000000 0.196333 6.365205 11.301305
 28.200000 0.196580 7.636114 11.301305
 28.400000 0.209147 4.751941 11.301305
 28.600000 0.220396 2.149743 11.301305
 28.800000 0.220626 2.106283 11.301305
 29.000000 0.219861 2.252771 11.301305
 29.200000 0.227330 2.465196 11.301305
 29.400000 0.229525 2.109769 11.301305
 29.600000 0.225726 2.740924 11.301305
 29.800000 0.220189 3.771806 11.301305
 30.000000 0.222432 3.342066 11.729607
 30.200000 0.224580 4.437843 11.729607
 30.400000 0.214815 6.168942 11.729607
 30.600000 0.205463 7.467621 11.729607
 30.800000 0.188282 9.336936 11.729607
 31.000000 0.164354 13.957312 11.729607
 31.200000 0.174770 12.373854 11.729607
 31.400000 0.192005 9.086855 11.729607
 31.600000 0.203036 7.786943 11.729607
 31.800000 0.197609 8.420966 11.729607
 32.000000 0.177318 11.743608 11.729607
 32.200000 0.158300 16.418164 11.729607
 32.400000 0.150949 16.974056 11.729607
 32.600000 0.130753 16.574879 11.729607
 32.800000 0.141830 17.306893 11.729607
 33.000000 0.142087 17.303692 11.729607
 33.200000 0.150342 17.702613 11.729607
 33.400000 0.160726 16.514760 11.729607
 33.600000 0.164804 15.790317 11.729607
 33.800000 0.188130 10.426865 11.729607
 34.000000 0.183258 11.426112 11.729607
 34.200000 0.173988 14.535914 11.729607
 34.400000 0.195535 9.908182 11.729607
 34.600000 0.183232 12.483912 11.729607
 34.800000 0.162946 16.560126 11.729607
 35.000000 0.166834 15.946858 13.602411
 35.200000 0.162837 17.405580 13.602411
 35.400000 0.157470 17.923650 13.602411
 35.600000 0.156719 17.974404 13.602411
 35.800000 0.142355 18.358697 13.602411
 36.000000 0.126656 16.152577 13.602411
 36.200000 0.135347 18.685626 13.602411
 36.400000 0.144816 18.775603 13.602411
 36.600000 0.150445 18.502649 13.602411
 36.800000 0.155434 18.185255 13.602411
 37.000000 0.186580 12.116095 13.602411
 37.200000 0.181575 14.346452 13.602411
 37.400000 0.159122 18.064980 13.602411
 37.600000 0.150691 18.545189 13.602411
 37.800000 0.157492 18.177654 13.602411
 38.000000 0.159723 18.019402 13.602411
 38.200000 0.173041 16.739853 13.602411
 38.400000 0.177863 15.576222 13.602411
 38.600000 0.198351 10.224893 13.602411
 38.800000 0.185149 13.672241 13.602411
 39.000000 0.197591 10.416810 13.602411
 39.200000 0.195759 11.976460 13.602411
 39.400000 0.184995 14.485787 13.602411
 39.600000 0.179395 15.710643 13.602411
 39.800000 0.161463 18.710594 13.602411
 40.000000 0.173503 16.936235 15.081308
 40.200000 0.171083 18.206860 15.081308
 40.400000 0.154739 19.474136 15.081308
 40.600000 0.156831 19.457515 15.081308
 40.800000 0.166426 18.883795 15.081308
 41.000000 0.154197 19.475203 15.081308
 41.200000 0.158784 20.118194 15.081308
 41.400000 0.169774 18.851155 15.081308
 41.600000 0.187369 14.554097 15.081308
 41.800000 0.191340 13.478749 15.081308
 42.000000 0.203677 10.048401 15.081308
 42.200000 0.211972 8.773582 15.081308
 42.400000 0.202163 11.583464 15.081308
 42.600000 0.195617 13.270723 15.081308
 42.800000 0.180386 16.729769 15.081308
 43.000000 0.178949 17.049909 15.081308
 43.200000 0.166452 20.034432 15.081308
 43.400000 0.170543 19.498941 15.081308
 43.600000 0.168736 19.761077 15.081308
 43.800000 0.183804 16.742917 15.081308
 44.000000 0.194527 14.010173 15.081308
 44.200000 0.194786 14.876983 15.081308
 44.400000 0.214100 8.596673 15.081308
 44.600000 0.248606 0.621050 15.081308
 44.800000 0.226063 4.847128 15.081308
 45.000000 0.195187 14.766567 16.263077
 45.200000 0.162892 20.511278 16.263077
 45.400000 0.191216 16.679871 16.263077
 45.600000 0.191735 16.558058 16.263077
 45.800000 0.197458 15.013423 16.263077
 46.000000 0.204836 12.502407 16.263077
 46.200000 0.224879 5.723220 16.263077
 46.400000 0.228019 4.688448 16.263077
 46.600000 0.216649 8.806336 16.263077
 46.800000 0.212541 10.467777 16.263077
 47.000000 0.215880 9.114329 16.263077
 47.200000 0.203341 14.867005 16.263077
 47.400000 0.185750 18.403226 16.263077
 47.600000 0.184755 18.524735 16.263077
 47.800000 0.181100 18.953399 16.263077
 48.000000 0.187316 18.203915 16.263077
 48.200000 0.178335 19.916248 16.263077
 48.400000 0.174420 20.232007 16.263077
 48.600000 0.205872 14.411705 16.263077
 48.800000 0.224527 6.866645 16.263077
 49.000000 0.210579 12.593173 16.263077
 49.200000 0.202369 16.488654 16.263077
 49.400000 0.197797 17.673449 16.263077
 49.600000 0.184051 19.576155 16.263077
 49.800000 0.181491 19.780412 16.263077
 50.000000 0.177629 20.064104 17.143903
 50.200000 0.165173 21.221115 17.143903
 50.400000 0.161124 21.123567 17.143903
 50.600000 0.161328 21.131249 17.143903
 50.800000 0.179185 20.664216 17.143903
 51.000000 0.185064 20.122992 17.143903
 51.200000 0.176031 21.483270 17.143903
 51.400000 0.164476 21.490680 17.143903
 51.600000 0.163749 21.459967 17.143903
 51.800000 0.150864 20.579203 17.143903
 52.000000 0.142264 19.990460 17.143903
 52.200000 0.137219 20.208068 17.143903
 52.400000 0.138152 20.325580 17.143903
 52.600000 0.144952 20.882420 17.143903
 52.800000 0.184100 20.950201 17.143903
 53.000000 0.175762 21.551796 17.143903
 53.200000 0.187326 21.069967 17.143903
 53.400000 0.206256 15.689004 17.143903
 53.600000 0.236299 3.157175 17.143903
 53.800000 0.242261 1.719860 17.143903
 54.000000 0.213093 12.744968 17.143903
 54.200000 0.190218 20.865556 17.143903
 54.400000 0.181327 21.931519 17.143903
 54.600000 0.211501 14.445234 17.143903
 54.800000 0.232545 4.782003 17.143903
 55.000000 0.226346 7.429006 18.310979
 55.200000 0.215989 13.386745 18.310979
 55.400000 0.219128 12.009901 18.310979
 55.600000 0.210742 15.504583 18.310979
 55.800000 0.219606 11.795155 18.310979
 56.000000 0.211802 15.097835 18.310979
 56.200000 0.226427 9.203356 18.310979
 56.400000 0.213874 15.155254 18.310979
 56.600000 0.226696 9.069329 18.310979
 56.800000 0.234094 5.600469 18.310979
 57.000000 0.235926 4.844792 18.310979
 57.200000 0.206514 18.051724 18.310979
 57.400000 0.182277 21.992525 18.310979
 57.600000 0.192073 21.023839 18.310979
 57.800000 0.186510 21.653214 18.310979
 58.000000 0.183986 21.867750 18.310979
 58.200000 0.207270 18.029335 18.310979
 58.400000 0.200107 20.016804 18.310979
 58.600000 0.195365 21.031464 18.310979
 58.800000 0.172116 22.867707 18.310979
 59.000000 0.157414 21.955011 18.310979
 59.200000 0.165226 23.149126 18.310979
 59.400000 0.157863 22.651694 18.310979
 59.600000 0.151390 22.060358 18.310979
 59.800000 0.154874 22.385319 18.310979
 60.000000 0.143388 21.290521 19.438124
 60.200000 0.156680 23.006286 19.438124
 60.400000 0.142558 21.879097 19.438124
 60.600000 0.142883 21.914701 19.438124
 60.800000 0.143513 21.981390 19.438124
 61.000000 0.145267 22.153114 19.438124
 61.200000 0.148210 23.046172 19.438124
 61.400000 0.153673 23.366961 19.438124
 61.600000 0.136927 21.628904 19.438124
 61.800000 0.128368 19.089023 19.438124
 62.000000 0.135489 21.314208 19.438124
 62.200000 0.114809 12.228356 19.438124
 62.400000 0.120470 15.691172 19.438124
 62.600000 0.137807 22.471460 19.438124
 62.800000 0.144277 23.279499 19.438124
 63.000000 0.137908 22.489772 19.438124
 63.200000 0.146769 23.985583 19.438124
 63.400000 0.170233 23.681579 19.438124
 63.600000 0.160898 23.971530 19.438124
 63.800000 0.180161 23.063545 19.438124
 64.000000 0.178201 23.215822 19.438124
 64.200000 0.189344 22.532904 19.438124
 64.400000 0.184618 23.211074 19.438124
 64.600000 0.201732 19.802235 19.438124
 64.800000 0.210864 16.885713 19.438124
 65.000000 0.207408 18.079363 20.668649
 65.200000 0.207142 18.948764 20.668649
 65.400000 0.195117 21.993922 20.668649
 65.600000 0.200325 20.882526 20.668649
 65.800000 0.211112 17.554314 20.668649
 66.000000 0.191293 22.633414 20.668649
 66.200000 0.188164 23.688339 20.668649
 66.400000 0.205338 19.928103 20.668649
 66.600000 0.238783 5.256268 20.668649
 66.800000 0.252407 1.552598 20.668649
 67.000000 0.222261 12.796796 20.668649
 67.200000 0.209024 19.299216 20.668649
 67.400000 0.197752 22.309644 20.668649
 67.600000 0.197870 22.285716 20.668649
 67.800000 0.186675 23.906748 20.668649
 68.000000 0.192599 23.204849 20.668649
 68.200000 0.171995 24.737263 20.668649
 68.400000 0.144512 23.935982 20.668649
 68.600000 0.152582 24.245586 20.668649
 68.800000 0.163788 24.523555 20.668649
 69.000000 0.164665 24.548756 20.668649
 69.200000 0.183013 24.967868 20.668649
 69.400000 0.167803 25.210465 20.668649
 69.600000 0.167086 25.195913 20.668649
 69.800000 0.167194 25.198221 20.668649
 70.000000 0.170740 25.250525 21.940162
 70.200000 0.176588 25.748470 21.940162
 70.400000 0.172296 25.823334 21.940162
 70.600000 0.169822 25.808267 21.940162
 70.800000 0.147560 24.576462 21.940162
 71.000000 0.129427 20.715750 21.940162
 71.200000 0.130998 22.028928 21.940162
 71.400000 0.139809 24.218305 21.940162
 71.600000 0.140479 24.309794 21.940162
 71.800000 0.129669 21.511207 21.940162
 72.000000 0.132577 22.576653 21.940162
 72.200000 0.151835 25.398061 21.940162
 72.400000 0.146858 25.277341 21.940162
 72.600000 0.157775 25.550892 21.940162
 72.800000 0.149870 25.356158 21.940162
 73.000000 0.162150 25.691043 21.940162
 73.200000 0.161330 26.221156 21.940162
 73.400000 0.163826 26.295526 21.940162
 73.600000 0.166793 26.345749 21.940162
 73.800000 0.129495 22.117318 21.940162
 74.000000 0.111331 10.769466 21.940162
 74.200000 0.115894 14.972443 21.940162
 74.400000 0.115432 14.657242 21.940162
 74.600000 0.120380 17.922585 21.940162
 74.800000 0.116116 15.123043 21.940162
 75.000000 0.118587 16.773800 22.727499
 75.200000 0.107345 9.862809 22.727499
 75.400000 0.108073 10.347945 22.727499
 75.600000 0.111484 12.697224 22.727499
 75.800000 0.117633 16.971347 22.727499
 76.000000 0.119569 18.236421 22.727499
 76.200000 0.112550 14.142617 22.727499
 76.400000 0.135703 25.347057 22.727499
 76.600000 0.134545 25.160970 22.727499
 76.800000 0.147236 25.961468 22.727499
 77.000000 0.155150 26.074967 22.727499
 77.200000 0.143014 26.293296 22.727499
 77.400000 0.128598 23.700221 22.727499
 77.600000 0.134745 25.412015 22.727499
 77.800000 0.134338 25.332492 22.727499
 78.000000 0.125303 22.288764 22.727499
 78.200000 0.114996 16.432190 22.727499
 78.400000 0.110049 12.722358 22.727499
 78.600000 0.121738 21.009651 22.727499
 78.800000 0.137966 26.355492 22.727499
 79.000000 0.144557 26.640684 22.727499
 79.200000 0.148306 27.180938 22.727499
 79.400000 0.155278 27.126381 22.727499
 79.600000 0.134644 26.355701 22.727499
 79.800000 0.138076 26.851946 22.727499
 80.000000 0.134862 26.396352 23.877267
 80.200000 0.147272 27.568470 23.877267
 80.400000 0.143328 27.614628 23.877267
 80.600000 0.138607 27.427364 23.877267
 80.800000 0.134727 26.911336 23.877267
 81.000000 0.130787 25.917767 23.877267
 81.200000 0.127040 24.996582 23.877267
 81.400000 0.141882 28.014564 23.877267
 81.600000 0.153228 27.575455 23.877267
 81.800000 0.150087 27.730606 23.877267
 82.000000 0.187580 25.084483 23.877267
 82.200000 0.199750 23.003320 23.877267
 82.400000 0.214922 17.417930 23.877267
 82.600000 0.217921 16.037808 23.877267
 82.800000 0.222299 13.893486 23.877267
 83.000000 0.220579 14.752144 23.877267
 83.200000 0.207301 21.138616 23.877267
 83.400000 0.215725 17.917340 23.877267
 83.600000 0.215359 18.075794 23.877267
 83.800000 0.228553 11.468389 23.877267
 84.000000 0.249626 2.399649 23.877267
 84.200000 0.240132 6.924018 23.877267
 84.400000 0.259300 2.027759 23.877267
 84.600000 0.241774 6.325883 23.877267
 84.800000 0.231973 10.411125 23.877267
 85.000000 0.253109 3.170379 24.264721
 85.200000 0.246889 6.095487 24.264721
 85.400000 0.264627 2.426096 24.264721
 85.600000 0.256763 3.930553 24.264721
 85.800000 0.237805 8.737550 24.264721
 86.000000 0.222922 14.992116 24.264721
 86.200000 0.228606 13.259959 24.264721
 86.400000 0.245978 6.596081 24.264721
 86.600000 0.253397 4.741126 24.264721
 86.800000 0.240661 8.248169 24.264721
 87.000000 0.240837 8.188038 24.264721
 87.200000 0.259643 3.951376 24.264721
 87.400000 0.254326 5.342353 24.264721
 87.600000 0.256678 4.712458 24.264721
 87.800000 0.226661 14.942916 24.264721
 88.000000 0.225081 15.600084 24.264721
 88.200000 0.230763 14.048133 24.264721
 88.400000 0.250727 6.543230 24.264721
 88.600000 0.270248 1.717400 24.264721
 88.800000 0.260761 3.726847 24.264721
 89.000000 0.292091 0.075867 24.264721
 89.200000 0.289411 1.842758 24.264721
 89.400000 0.272629 2.096684 24.264721
 89.600000 0.246071 8.052616 24.264721
 89.800000 0.261251 3.812481 24.264721
 90.000000 0.245593 8.213091 24.263862
 90.200000 0.222144 18.009532 24.263862
 90.400000 0.221626 18.190163 24.263862
 90.600000 0.230496 14.894127 24.263862
 90.800000 0.241044 10.988692 24.263862
 91.000000 0.229386 15.319956 24.263862
 91.200000 0.233614 14.555054 24.263862
 91.400000 0.254080 6.870359 24.263862
 91.600000 0.260961 4.688476 24.263862
 91.800000 0.252770 7.323205 24.263862
 92.000000 0.229447 16.180806 24.263862
 92.200000 0.241903 11.915134 24.263862
 92.400000 0.250765 8.339209 24.263862
 92.600000 0.252312 7.748631 24.263862
 92.800000 0.261681 4.569878 24.263862
 93.000000 0.248031 9.412223 24.263862
 93.200000 0.257682 6.756379 24.263862
 93.400000 0.268781 3.351489 24.263862
 93.600000 0.246397 11.212845 24.263862
 93.800000 0.258760 6.355689 24.263862
 94.000000 0.251031 9.364595 24.263862
 94.200000 0.255318 8.770939 24.263862
 94.400000 0.251186 10.456049 24.263862
 94.600000 0.251633 10.276394 24.263862
 94.800000 0.241424 14.097465 24.263862
 95.000000 0.229400 17.987253 24.278208
 95.200000 0.242539 14.243565 24.278208
 95.400000 0.247615 12.227194 24.278208
 95.600000 0.249663 11.374087 24.278208
 95.800000 0.229988 18.594744 24.278208
 96.000000 0.199282 24.291859 24.278208
 96.200000 0.174943 27.085993 24.278208
 96.400000 0.152702 27.641345 24.278208
 96.600000 0.171855 27.187269 24.278208
 96.800000 0.188370 26.236488 24.278208
 97.000000 0.174662 27.096442 24.278208
 97.200000 0.159788 27.750154 24.278208
 97.400000 0.151955 27.838392 24.278208
 97.600000 0.156546 27.759891 24.278208
 97.800000 0.152692 27.820133 24.278208
 98.000000 0.149042 27.925725 24.278208
 98.200000 0.151209 28.357920 24.278208
 98.400000 0.154109 28.267217 24.278208
 98.600000 0.162192 28.100160 24.278208
 98.800000 0.171590 27.869723 24.278208
 99.000000 0.181313 27.305915 24.278208
 99.200000 0.162560 28.330824 24.278208
 99.400000 0.149013 28.481217 24.278208
 99.600000 0.164508 28.336541 24.278208
 99.800000 0.152440 28.398258 24.278208
 100.000000 0.138595 28.341285 25.404235
 100.200000 0.119613 20.844081 25.404235
 100.400000 0.108799 12.212797 25.404235
 100.600000 0.118818 20.247396 25.404235
 100.800000 0.129784 26.771975 25.404235
 101.000000 0.146839 28.956024 25.404235
 101.200000 0.162967 28.733534 25.404235
 101.400000 0.164516 28.687191 25.404235
 101.600000 0.161226 28.788747 25.404235
 101.800000 0.165649 28.653807 25.404235
 102.000000 0.155421 29.020489 25.404235
 102.200000 0.152681 29.630425 25.404235
 102.400000 0.153836 29.576005 25.404235
 102.600000 0.150978 29.707263 25.404235
 102.800000 0.178304 28.250285 25.404235
 103.000000 0.173947 28.577314 25.404235
 103.200000 0.153234 29.792800 25.404235
 103.400000 0.159739 29.613459 25.404235
 103.600000 0.165754 29.451438 25.404235
 103.800000 0.171536 29.211011 25.404235
 104.000000 0.204098 24.472575 25.404235
 104.200000 0.199976 25.827719 25.404235
 104.400000 0.195507 26.631029 25.404235
 104.600000 0.175084 29.077457 25.404235
 104.800000 0.177652 28.902924 25.404235
 105.000000 0.171887 29.249514 26.588322
 105.200000 0.167584 29.874330 26.588322
 105.400000 0.150996 30.037641 26.588322
 105.600000 0.147833 30.060002 26.588322
 105.800000 0.148206 30.059353 26.588322
 106.000000 0.148594 30.057936 26.588322
 106.200000 0.165245 30.165020 26.588322
 106.400000 0.181688 28.978941 26.588322
 106.600000 0.183233 28.783876 26.588322
 106.800000 0.199367 26.028213 26.588322
 107.000000 0.202109 25.495140 26.588322
 107.200000 0.188923 28.324276 26.588322
 107.400000 0.159131 30.331726 26.588322
 107.600000 0.158350 30.347581 26.588322
 107.800000 0.154981 30.416508 26.588322
 108.000000 0.166046 30.168231 26.588322
 108.200000 0.179077 29.757404 26.588322
 108.400000 0.166280 30.617536 26.588322
 108.600000 0.168543 30.533309 26.588322
 108.800000 0.196319 27.196910 26.588322
 109.000000 0.203171 25.869568 26.588322
 109.200000 0.207998 25.397611 26.588322
 109.400000 0.202666 26.523244 26.588322
 109.600000 0.197696 27.455992 26.588322
 109.800000 0.189427 28.750088 26.588322
 110.000000 0.218612 22.709318 27.353602
 110.200000 0.234937 17.557852 27.353602
 110.400000 0.229616 19.628326 27.353602
 110.600000 0.228530 20.036264 27.353602
 110.800000 0.234714 17.646671 27.353602
 111.000000 0.237316 16.606157 27.353602
 111.200000 0.232359 19.364292 27.353602
 111.400000 0.252462 10.735474 27.353602
 111.600000 0.243864 14.690086 27.353602
 111.800000 0.233138 19.072238 27.353602
 112.000000 0.205598 26.444606 27.353602
 112.200000 0.209477 26.259463 27.353602
 112.400000 0.200140 27.849334 27.353602
 112.600000 0.220138 23.665589 27.353602
 112.800000 0.212204 25.687042 27.353602
 113.000000 0.200877 27.741764 27.353602
 113.200000 0.207348 27.132079 27.353602
 113.400000 0.208686 26.859078 27.353602
 113.600000 0.191661 29.335370 27.353602
 113.800000 0.196592 28.821352 27.353602
 114.000000 0.190051 29.477121 27.353602
 114.200000 0.195597 29.376154 27.353602
 114.400000 0.190087 29.944814 27.353602
 114.600000 0.214202 25.700342 27.353602
 114.800000 0.230622 20.215640 27.353602
 115.000000 0.221832 23.399627 27.775261
 115.200000 0.217385 25.387083 27.775261
 115.400000 0.210511 27.111638 27.775261
 115.600000 0.190562 29.972957 27.775261
 115.800000 0.186170 30.266909 27.775261
 116.000000 0.198646 29.148370 27.775261
 116.200000 0.192773 30.230186 27.775261
 116.400000 0.177207 30.816400 27.775261
 116.600000 0.154061 30.801851 27.775261
 116.800000 0.165198 30.869846 27.775261
 117.000000 0.162444 30.854432 27.775261
 117.200000 0.158667 31.256578 27.775261
 117.400000 0.146724 30.972771 27.775261
 117.600000 0.141178 30.535839 27.775261
 117.800000 0.135729 29.531655 27.775261
 118.000000 0.134221 29.107941 27.775261
 118.200000 0.136042 30.085709 27.775261
 118.400000 0.132645 29.062580 27.775261
 118.600000 0.131884 28.777324 27.775261
 118.800000 0.138814 30.647403 27.775261
 119.000000 0.151138 31.372037 27.775261
 119.200000 0.149524 31.790932 27.775261
 119.400000 0.168641 31.534721 27.775261
 119.600000 0.165236 31.638607 27.775261
 119.800000 0.156840 31.784585 27.775261
 120.000000 0.169742 31.495842 28.816306
 120.200000 0.172061 31.833199 28.816306
 120.400000 0.169680 31.928296 28.816306
 120.600000 0.155264 32.067159 28.816306
 120.800000 0.147657 31.899257 28.816306
 121.000000 0.154348 32.056379 28.816306
 121.200000 0.151864 32.432074 28.816306
 121.400000 0.143244 31.932114 28.816306
 121.600000 0.157914 32.496064 28.816306
 121.800000 0.170418 32.137227 28.816306
 122.000000 0.164792 32.386684 28.816306
 122.200000 0.164683 32.803605 28.816306
 122.400000 0.157598 32.864832 28.816306
 122.600000 0.154989 32.817196 28.816306
 122.800000 0.152545 32.742905 28.816306
 123.000000 0.173368 32.311746 28.816306
 123.200000 0.165071 33.146994 28.816306
 123.400000 0.172051 32.823399 28.816306
 123.600000 0.172370 32.800837 28.816306
 123.800000 0.174600 32.627796 28.816306
 124.000000 0.190369 30.992256 28.816306
 124.200000 0.182469 32.255160 28.816306
 124.400000 0.165893 33.243229 28.816306
 124.600000 0.180561 32.425012 28.816306
 124.800000 0.199753 30.035771 28.816306
 125.000000 0.193474 31.032828 29.905651
 125.200000 0.177963 32.894526 29.905651
 125.400000 0.170847 33.231755 29.905651
 125.600000 0.157313 33.156253 29.905651
 125.800000 0.147427 32.579829 29.905651
 126.000000 0.139851 31.587435 29.905651
 126.200000 0.133071 30.036817 29.905651
 126.400000 0.128773 27.989760 29.905651
 126.600000 0.127353 27.168588 29.905651
 126.800000 0.123703 24.747313 29.905651
 127.000000 0.119859 21.791358 29.905651
 127.200000 0.116787 19.873926 29.905651
 127.400000 0.117575 20.550239 29.905651
 127.600000 0.117118 20.159550 29.905651
 127.800000 0.113583 17.068696 29.905651
 128.000000 0.105194 10.034633 29.905651
 128.200000 0.114519 18.815692 29.905651
 128.400000 0.115331 19.497284 29.905651
 128.600000 0.120212 23.416784 29.905651
 128.800000 0.124057 26.143572 29.905651
 129.000000 0.131809 30.216026 29.905651
 129.200000 0.133149 31.164051 29.905651
 129.400000 0.139334 32.679637 29.905651
 129.600000 0.137494 32.346384 29.905651
 129.800000 0.155195 33.494807 29.905651
 130.000000 0.159475 33.515463 30.522696
 130.200000 0.154469 33.860274 30.522696
 130.400000 0.149420 33.730904 30.522696
 130.600000 0.140397 33.008714 30.522696
 130.800000 0.123726 26.341531 30.522696
 131.000000 0.151289 33.789587 30.522696
 131.200000 0.144499 33.812072 30.522696
 131.400000 0.138713 33.000650 30.522696
 131.600000 0.140688 33.353247 30.522696
 131.800000 0.143891 33.754986 30.522696
 132.000000 0.148379 34.071444 30.522696
 132.200000 0.162362 34.436755 30.522696
 132.400000 0.149805 34.512756 30.522696
 132.600000 0.141097 33.756271 30.522696
 132.800000 0.140666 33.685814 30.522696
 133.000000 0.146536 34.349432 30.522696
 133.200000 0.161816 34.684363 30.522696
 133.400000 0.160999 34.726967 30.522696
 133.600000 0.153675 34.927702 30.522696
 133.800000 0.167260 34.305130 30.522696
 134.000000 0.181230 32.939945 30.522696
 134.200000 0.187801 32.607190 30.522696
 134.400000 0.180850 33.382327 30.522696
 134.600000 0.184229 33.024383 30.522696
 134.800000 0.178221 33.641748 30.522696
 135.000000 0.180504 33.417343 31.591829
 135.200000 0.182381 33.615402 31.591829
 135.400000 0.174704 34.337203 31.591829
 135.600000 0.179340 33.926712 31.591829
 135.800000 0.181028 33.758860 31.591829
 136.000000 0.187223 33.035873 31.591829
 136.200000 0.160518 35.149065 31.591829
 136.400000 0.184006 33.825752 31.591829
 136.600000 0.192422 32.633396 31.591829
 136.800000 0.161190 35.142629 31.591829
 137.000000 0.164000 35.095142 31.591829
 137.200000 0.167949 35.326622 31.591829
 137.400000 0.164198 35.457061 31.591829
 137.600000 0.164284 35.454977 31.591829
 137.800000 0.175308 34.856142 31.591829
 138.000000 0.165963 35.405825 31.591829
 138.200000 0.152371 35.593370 31.591829
 138.400000 0.146843 35.168364 31.591829
 138.600000 0.163297 35.831995 31.591829
 138.800000 0.161542 35.846233 31.591829
 139.000000 0.157681 35.802563 31.591829
 139.200000 0.153731 36.006051 31.591829
 139.400000 0.136588 33.358039 31.591829
 139.600000 0.127961 29.462507 31.591829
 139.800000 0.132390 31.760447 31.591829
 140.000000 0.131295 31.252254 32.615016
 140.200000 0.132744 32.349195 32.615016
 140.400000 0.142773 35.178686 32.615016
 140.600000 0.157612 36.248751 32.615016
 140.800000 0.162216 36.233942 32.615016
 141.000000 0.147893 35.792777 32.615016
 141.200000 0.153211 36.460087 32.615016
 141.400000 0.153688 36.475651 32.615016
 141.600000 0.163776 36.394701 32.615016
 141.800000 0.164145 36.376750 32.615016
 142.000000 0.154016 36.485288 32.615016
 142.200000 0.139917 35.170830 32.615016
 142.400000 0.140627 35.338364 32.615016
 142.600000 0.149637 36.611631 32.615016
 142.800000 0.154260 36.836404 32.615016
 143.000000 0.142693 35.759315 32.615016
 143.200000 0.123905 27.492153 32.615016
 143.400000 0.117560 22.212699 32.615016
 143.600000 0.123301 27.028079 32.615016
 143.800000 0.110336 15.711990 32.615016
 144.000000 0.114588 19.540371 32.615016
 144.200000 0.112078 17.989745 32.615016
 144.400000 0.109174 15.379226 32.615016
 144.600000 0.112749 18.600494 32.615016
 144.800000 0.109309 15.499480 32.615016
 145.000000 0.107968 14.321117 33.345428
 145.200000 0.110470 17.447995 33.345428
 145.400000 0.117554 23.679906 33.345428
 145.600000 0.120898 26.399743 33.345428
 145.800000 0.122976 27.961446 33.345428
 146.000000 0.111540 18.400501 33.345428
 146.200000 0.130983 33.109100 33.345428
 146.400000 0.114396 21.699062 33.345428
 146.600000 0.104193 12.757380 33.345428
 146.800000 0.109489 17.342922 33.345428
 147.000000 0.127709 31.485502 33.345428
 147.200000 0.132111 34.002216 33.345428
 147.400000 0.124569 30.027268 33.345428
 147.600000 0.106347 14.736718 33.345428
 147.800000 0.116549 23.877401 33.345428
 148.000000 0.104058 12.769619 33.345428
 148.200000 0.105990 15.406894 33.345428
 148.400000 0.115342 23.573352 33.345428
 148.600000 0.114198 22.600602 33.345428
 148.800000 0.112829 21.415772 33.345428
 149.000000 0.110129 19.042246 33.345428
 149.200000 0.116776 25.442854 33.345428
 149.400000 0.104995 15.259922 33.345428
 149.600000 0.111962 21.401575 33.345428
 149.800000 0.101576 12.369952 33.345428
 150.000000 0.100318 11.359567 33.550372
 150.200000 0.118538 27.316237 33.550372
 150.400000 0.120242 28.501566 33.550372
 150.600000 0.129301 33.476730 33.550372
 150.800000 0.129800 33.681627 33.550372
 151.000000 0.123969 30.831094 33.550372
 151.200000 0.121846 29.988691 33.550372
 151.400000 0.128938 33.742826 33.550372
 151.600000 0.115496 25.414483 33.550372
 151.800000 0.112219 22.720257 33.550372
 152.000000 0.111387 22.013231 33.550372
 152.200000 0.131077 34.845961 33.550372
 152.400000 0.131360 34.938255 33.550372
 152.600000 0.137668 36.450453 33.550372
 152.800000 0.142221 37.010027 33.550372
 153.000000 0.140632 36.855637 33.550372
 153.200000 0.147974 37.604866 33.550372
 153.400000 0.152304 37.582218 33.550372
 153.600000 0.149594 37.613577 33.550372
 153.800000 0.166359 36.694573 33.550372
 154.000000 0.153896 37.541100 33.550372
 154.200000 0.151911 37.915713 33.550372
 154.400000 0.164024 37.184986 33.550372
 154.600000 0.168774 36.626932 33.550372
 154.800000 0.164155 37.171345 33.550372
 155.000000 0.149589 37.928965 34.384979
 155.200000 0.151901 38.235109 34.384979
 155.400000 0.155781 38.095675 34.384979
 155.600000 0.166164 37.125124 34.384979
 155.800000 0.159452 37.845764 34.384979
 156.000000 0.155648 38.102634 34.384979
 156.200000 0.141428 37.991601 34.384979
 156.400000 0.128541 34.419999 34.384979
 156.600000 0.133804 36.378545 34.384979
 156.800000 0.144956 38.351263 34.384979
 157.000000 0.121934 30.829643 34.384979
 157.200000 0.110066 21.913330 34.384979
 157.400000 0.121734 31.144533 34.384979
 157.600000 0.113551 24.961716 34.384979
 157.800000 0.104964 17.292136 34.384979
 158.000000 0.103046 15.573376 34.384979
 158.200000 0.102890 16.309683 34.384979
 158.400000 0.112584 24.846515 34.384979
 158.600000 0.129917 35.565547 34.384979
 158.800000 0.131483 36.114102 34.384979
 159.000000 0.124317 33.027817 34.384979
 159.200000 0.125524 34.053572 34.384979
 159.400000 0.136088 37.654598 34.384979
 159.600000 0.119165 30.260303 34.384979
 159.800000 0.100137 14.022112 34.384979
 160.000000 0.110063 22.949592 34.910048
 160.200000 0.118638 30.425671 34.910048
 160.400000 0.126792 34.996764 34.910048
 160.600000 0.137965 38.100485 34.910048
 160.800000 0.124585 33.965762 34.910048
 161.000000 0.107411 21.183809 34.910048
 161.200000 0.099549 14.601981 34.910048
 161.400000 0.103225 17.978289 34.910048
 161.600000 0.105485 20.086087 34.910048
 161.800000 0.114080 27.617277 34.910048
 162.000000 0.135242 37.751291 34.910048
 162.200000 0.119808 31.883968 34.910048
 162.400000 0.117492 30.323510 34.910048
 162.600000 0.105884 20.504226 34.910048
 162.800000 0.104408 19.120993 34.910048
 163.000000 0.110758 24.941686 34.910048
 163.200000 0.115972 29.753913 34.910048
 163.400000 0.121487 33.357306 34.910048
 163.600000 0.140957 38.883178 34.910048
 163.800000 0.152477 38.857236 34.910048
 164.000000 0.154674 38.717614 34.910048
 164.200000 0.153100 39.131365 34.910048
 164.400000 0.163916 38.005224 34.910048
 164.600000 0.141247 39.110079 34.910048
 164.800000 0.159866 38.540751 34.910048
 165.000000 0.160624 38.450186 35.638710
 165.200000 0.154513 39.331396 35.638710
 165.400000 0.147811 39.528195 35.638710
 165.600000 0.151836 39.463354 35.638710
 165.800000 0.152958 39.416434 35.638710
 166.000000 0.139882 39.116874 35.638710
 166.200000 0.138020 39.194977 35.638710
 166.400000 0.139458 39.376777 35.638710
 166.600000 0.142653 39.653392 35.638710
 166.800000 0.158322 39.165559 35.638710
 167.000000 0.169926 37.320077 35.638710
 167.200000 0.183953 34.790134 35.638710
 167.400000 0.188775 33.790688 35.638710
 167.600000 0.182170 35.155853 35.638710
 167.800000 0.167599 38.088361 35.638710
 168.000000 0.158995 39.342686 35.638710
 168.200000 0.160066 39.526047 35.638710
 168.400000 0.171263 37.607152 35.638710
 168.600000 0.176905 36.386677 35.638710
 168.800000 0.184494 34.750484 35.638710
 169.000000 0.176505 36.474137 35.638710
 169.200000 0.163402 39.306833 35.638710
 169.400000 0.170605 38.063743 35.638710
 169.600000 0.177513 36.597953 35.638710
 169.800000 0.164626 39.128096 35.638710
 170.000000 0.166023 38.906252 36.543791
 170.200000 0.156481 40.269993 36.543791
 170.400000 0.162507 39.729102 36.543791
 170.600000 0.181283 35.950006 36.543791
 170.800000 0.197205 32.044576 36.543791
 171.000000 0.206620 29.369944 36.543791
 171.200000 0.177651 36.869049 36.543791
 171.400000 0.163807 39.562388 36.543791
 171.600000 0.185580 35.114672 36.543791
 171.800000 0.180243 36.293798 36.543791
 172.000000 0.168975 38.703011 36.543791
 172.200000 0.165455 39.621466 36.543791
 172.400000 0.172567 38.282469 36.543791
 172.600000 0.175145 37.710018 36.543791
 172.800000 0.181619 36.206891 36.543791
 173.000000 0.192538 33.646166 36.543791
 173.200000 0.204338 30.819456 36.543791
 173.400000 0.200040 32.081424 36.543791
 173.600000 0.208390 29.536620 36.543791
 173.800000 0.208876 29.377327 36.543791
 174.000000 0.199620 32.199388 36.543791
 174.200000 0.190234 34.925142 36.543791
 174.400000 0.169802 39.035762 36.543791
 174.600000 0.171899 38.651807 36.543791
 174.800000 0.188345 35.329872 36.543791
 175.000000 0.210160 29.276230 36.814152
 175.200000 0.208855 30.202242 36.814152
 175.400000 0.211543 29.258218 36.814152
 175.600000 0.222542 24.852801 36.814152
 175.800000 0.219406 26.188763 36.814152
 176.000000 0.207167 30.765217 36.814152
 176.200000 0.215127 28.298857 36.814152
 176.400000 0.190247 35.353560 36.814152
 176.600000 0.199060 33.516613 36.814152
 176.800000 0.208508 30.762523 36.814152
 177.000000 0.216328 27.810042 36.814152
 177.200000 0.217329 27.899836 36.814152
 177.400000 0.224664 24.576346 36.814152
 177.600000 0.230201 21.863550 36.814152
 177.800000 0.233704 20.122093 36.814152
 178.000000 0.247094 13.515835 36.814152
 178.200000 0.269720 4.094289 36.814152
 178.400000 0.264296 6.011781 36.814152
 178.600000 0.261572 7.201002 36.814152
 178.800000 0.264334 5.996168 36.814152
 179.000000 0.282520 2.139214 36.814152
 179.200000 0.270478 5.032760 36.814152
 179.400000 0.272818 4.598634 36.814152
 179.600000 0.277157 4.070814 36.814152
 179.800000 0.258689 9.025523 36.814152
 180.000000 0.263414 7.087731 36.809090
 180.200000 0.260614 9.446740 36.809090
 180.400000 0.274437 5.337294 36.809090
 180.600000 0.251732 13.263835 36.809090
 180.800000 0.242678 17.142775 36.809090
 181.000000 0.246064 15.713883 36.809090
 181.200000 0.231634 22.395537 36.809090
 181.400000 0.238171 19.792353 36.809090
 181.600000 0.242234 18.170064 36.809090
 181.800000 0.244204 17.363391 36.809090
 182.000000 0.237583 20.025270 36.809090
 182.200000 0.219708 27.601679 36.809090
 182.400000 0.239064 20.151933 36.809090
 182.600000 0.232117 22.872213 36.809090
 182.800000 0.265443 8.150600 36.809090
 183.000000 0.279644 4.677726 36.809090
 183.200000 0.278481 6.249491 36.809090
 183.400000 0.288391 4.965341 36.809090
 183.600000 0.307159 1.739950 36.809090
 183.800000 0.297800 3.371799 36.809090
 184.000000 0.284410 5.505917 36.809090
 184.200000 0.274383 7.956369 36.809090
 184.400000 0.269279 8.761357 36.809090
 184.600000 0.259127 11.790105 36.809090
 184.800000 0.267782 9.081826 36.809090
 185.000000 0.279373 7.427376 36.774118
 185.200000 0.289001 7.204520 36.774118
 185.400000 0.302067 3.671450 36.774118
 185.600000 0.304854 2.941562 36.774118
 185.800000 0.310087 1.792004 36.774118
 186.000000 0.313123 1.279053 36.774118
 186.200000 0.323582 1.593135 36.774118
 186.400000 0.329459 1.013878 36.774118
 186.600000 0.303005 4.734217 36.774118
 186.800000 0.297443 5.939029 36.774118
 187.000000 0.288986 7.658452 36.774118
 187.200000 0.252663 14.818993 36.774118
 187.400000 0.268514 10.391854 36.774118
 187.600000 0.260308 12.099522 36.774118
 187.800000 0.249580 16.056226 36.774118
 188.000000 0.256265 13.444876 36.774118
 188.200000 0.263272 12.173075 36.774118
 188.400000 0.262877 12.277637 36.774118
 188.600000 0.263819 12.033164 36.774118
 188.800000 0.260200 13.060405 36.774118
 189.000000 0.263085 12.222304 36.774118
 189.200000 0.295435 7.642343 36.774118
 189.400000 0.303734 5.379782 36.774118
 189.600000 0.275588 11.071392 36.774118
 189.800000 0.261883 13.565848 36.774118
 190.000000 0.269462 11.867586 36.737616
 190.200000 0.268811 13.008777 36.737616
 190.400000 0.264701 13.810103 36.737616
 190.600000 0.272570 12.426512 36.737616
 190.800000 0.288450 9.789823 36.737616
 191.000000 0.297918 7.129449 36.737616
 191.200000 0.299801 7.833937 36.737616
 191.400000 0.305300 6.167435 36.737616
 191.600000 0.311917 4.344908 36.737616
 191.800000 0.315243 3.552854 36.737616
 192.000000 0.302841 6.905646 36.737616
 192.200000 0.293249 10.771397 36.737616
 192.400000 0.294201 10.559011 36.737616
 192.600000 0.299210 9.263101 36.737616
 192.800000 0.320158 3.211854 36.737616
 193.000000 0.301120 8.709228 36.737616
 193.200000 0.303703 9.098914 36.737616
 193.400000 0.313444 5.817999 36.737616
 193.600000 0.331546 1.315085 36.737616
 193.800000 0.357159 0.019068 36.737616
 194.000000 0.353234 0.045834 36.737616
 194.200000 0.350183 1.795901 36.737616
 194.400000 0.333207 1.804184 36.737616
 194.600000 0.324167 2.974740 36.737616
 194.800000 0.303483 9.172706 36.737616
 195.000000 0.301262 9.855141 36.702832
 195.200000 0.328019 2.550831 36.702832
 195.400000 0.333662 1.884762 36.702832
 195.600000 0.335508 1.775750 36.702832
 195.800000 0.331367 2.091218 36.702832
 196.000000 0.326489 2.826637 36.702832
 196.200000 0.337892 2.853557 36.702832
 196.400000 0.332227 3.437670 36.702832
 196.600000 0.345907 2.410400 36.702832
 196.800000 0.361291 1.619521 36.702832
 197.000000 0.350677 2.219694 36.702832
 197.200000 0.321678 5.669540 36.702832
 197.400000 0.298696 11.966778 36.702832
 197.600000 0.314484 7.500317 36.702832
 197.800000 0.337572 3.960248 36.702832
 198.000000 0.346524 3.911330 36.702832
 198.200000 0.309752 8.986039 36.702832
 198.400000 0.300751 11.498643 36.702832
 198.600000 0.317808 6.820814 36.702832
 198.800000 0.317523 6.886556 36.702832
 199.000000 0.313521 7.908751 36.702832
 199.200000 0.310407 9.998713 36.702832
 199.400000 0.318151 7.916201 36.702832
 199.600000 0.338162 5.526860 36.702832
 199.800000 0.326013 6.315760 36.702832
 200.000000 0.324243 6.604338 36.667523
 200.200000 0.315448 9.713109 36.667523
 200.400000 0.328461 7.248080 36.667523
 200.600000 0.339314 6.313478 36.667523
 200.800000 0.344196 6.065986 36.667523
 201.000000 0.323428 8.054528 36.667523
 201.200000 0.321937 9.552092 36.667523
 201.400000 0.321003 9.727073 36.667523
 201.600000 0.324483 9.085590 36.667523
 201.800000 0.297687 13.436695 36.667523
 202.000000 0.283823 13.621104 36.667523
 202.200000 0.273724 14.034696 36.667523
 202.400000 0.289198 14.672869 36.667523
 202.600000 0.312468 11.475043 36.667523
 202.800000 0.319416 10.081885 36.667523
 203.000000 0.325058 9.002815 36.667523
 203.200000 0.316333 11.686580 36.667523
 203.400000 0.324672 10.244742 36.667523
 203.600000 0.341378 7.454931 36.667523
 203.800000 0.355139 5.233210 36.667523
 204.000000 0.358157 4.613790 36.667523
 204.200000 0.335302 8.816442 36.667523
 204.400000 0.346733 7.745315 36.667523
 204.600000 0.338678 8.461156 36.667523
 204.800000 0.328261 9.784465 36.667523
 205.000000 0.322081 10.785833 36.633471
 205.200000 0.317492 12.562967 36.633471
 205.400000 0.307212 13.743062 36.633471
 205.600000 0.308693 13.594817 36.633471
 205.800000 0.307395 13.725050 36.633471
 206.000000 0.290590 14.838258 36.633471
 206.200000 0.285085 15.552584 36.633471
 206.400000 0.295389 15.560884 36.633471
 206.600000 0.306751 14.293137 36.633471
 206.800000 0.303015 14.779133 36.633471
 207.000000 0.284050 15.474102 36.633471
 207.200000 0.276821 15.549958 36.633471
 207.400000 0.265648 15.025136 36.633471
 207.600000 0.272534 15.109798 36.633471
 207.800000 0.271527 15.040519 36.633471
 208.000000 0.284819 16.410728 36.633471
 208.200000 0.273350 15.806091 36.633471
 208.400000 0.278745 16.560666 36.633471
 208.600000 0.292804 17.168870 36.633471
 208.800000 0.306030 14.997191 36.633471
 209.000000 0.299286 16.265673 36.633471
 209.200000 0.326173 11.412652 36.633471
 209.400000 0.303356 16.328093 36.633471
 209.600000 0.285991 17.894226 36.633471
 209.800000 0.276603 16.518027 36.633471
 210.000000 0.264106 15.520119 36.600650
 210.200000 0.266507 16.322649 36.600650
 210.400000 0.269927 16.417141 36.600650
 210.600000 0.279129 17.488419 36.600650
 210.800000 0.286655 18.225794 36.600650
 211.000000 0.284568 18.103033 36.600650
 211.200000 0.270514 16.958826 36.600650
 211.400000 0.273473 17.327678 36.600650
 211.600000 0.276060 17.727177 36.600650
 211.800000 0.272520 17.195717 36.600650
 212.000000 0.269122 16.833739 36.600650
 212.200000 0.266387 17.510656 36.600650
 212.400000 0.273592 18.135626 36.600650
 212.600000 0.284909 19.384058 36.600650
 212.800000 0.268262 17.600096 36.600650
 213.000000 0.283783 19.329455 36.600650
 213.200000 0.276130 19.128924 36.600650
 213.400000 0.273419 18.695746 36.600650
 213.600000 0.280855 19.807864 36.600650
 213.800000 0.296427 18.894352 36.600650
 214.000000 0.309065 15.521525 36.600650
 214.200000 0.337770 9.349264 36.600650
 214.400000 0.336884 9.502897 36.600650
 214.600000 0.327871 11.466341 36.600650
 214.800000 0.332819 10.304775 36.600650
 215.000000 0.308450 16.561183 36.568468
 215.200000 0.291883 20.652621 36.568468
 215.400000 0.287755 20.756752 36.568468
 215.600000 0.261086 17.839691 36.568468
 215.800000 0.265715 17.875481 36.568468
 216.000000 0.273853 18.874818 36.568468
 216.200000 0.278086 20.369251 36.568468
 216.400000 0.274648 19.770031 36.568468
 216.600000 0.272066 19.325153 36.568468
 216.800000 0.262537 18.373394 36.568468
 217.000000 0.278434 20.426150 36.568468
 217.200000 0.278719 21.176325 36.568468
 217.400000 0.270701 19.726238 36.568468
 217.600000 0.297997 20.348696 36.568468
 217.800000 0.317533 14.891795 36.568468
 218.000000 0.314081 15.912090 36.568468
 218.200000 0.308583 18.310840 36.568468
 218.400000 0.312847 17.131605 36.568468
 218.600000 0.330536 11.573092 36.568468
 218.800000 0.351107 7.487557 36.568468
 219.000000 0.338518 9.563318 36.568468
 219.200000 0.343991 9.662935 36.568468
 219.400000 0.347986 8.919927 36.568468
 219.600000 0.351373 8.233869 36.568468
 219.800000 0.338385 10.733348 36.568468
 220.000000 0.322285 14.844639 36.536183
 220.200000 0.312946 18.112602 36.536183
 220.400000 0.345519 9.653277 36.536183
 220.600000 0.365109 4.637600 36.536183
 220.800000 0.393438 0.164335 36.536183
 221.000000 0.410557 0.000488 36.536183
 221.200000 0.408241 1.731855 36.536183
 221.400000 0.392584 1.043721 36.536183
 221.600000 0.369218 3.520147 36.536183
 221.800000 0.352888 8.011932 36.536183
 222.000000 0.366358 4.296771 36.536183
 222.200000 0.393489 1.356478 36.536183
 222.400000 0.381408 2.162150 36.536183
 222.600000 0.388424 1.460005 36.536183
 222.800000 0.383068 1.930762 36.536183
 223.000000 0.366771 5.625790 36.536183
 223.200000 0.341842 11.163870 36.536183
 223.400000 0.336057 12.169740 36.536183
 223.600000 0.373144 5.125928 36.536183
 223.800000 0.397858 1.602891 36.536183
 224.000000 0.405792 1.757231 36.536183
 224.200000 0.384116 3.070180 36.536183
 224.400000 0.375470 4.669090 36.536183
 224.600000 0.382657 3.250913 36.536183
 224.800000 0.390191 2.732424 36.536183
 225.000000 0.386768 2.842749 36.503316
 225.200000 0.401794 4.167443 36.503316
 225.400000 0.364865 8.076310 36.503316
 225.600000 0.360325 8.946327 36.503316
 225.800000 0.381916 4.820813 36.503316
 226.000000 0.392203 4.194425 36.503316
 226.200000 0.377327 6.378850 36.503316
 226.400000 0.372798 6.993466 36.503316
 226.600000 0.382178 5.950629 36.503316
 226.800000 0.377584 6.350056 36.503316
 227.000000 0.360977 8.995314 36.503316
 227.200000 0.350297 11.187198 36.503316
 227.400000 0.361252 10.124327 36.503316
 227.600000 0.359315 10.409825 36.503316
 227.800000 0.363455 9.748408 36.503316
 228.000000 0.402596 5.319896 36.503316
 228.200000 0.402076 6.737460 36.503316
 228.400000 0.378858 7.185282 36.503316
 228.600000 0.371558 8.264682 36.503316
 228.800000 0.372752 8.049991 36.503316
 229.000000 0.377202 7.372628 36.503316
 229.200000 0.362995 10.674581 36.503316
 229.400000 0.358305 11.123730 36.503316
 229.600000 0.367333 10.086148 36.503316
 229.800000 0.370773 9.559911 36.503316
 230.000000 0.371918 9.383086 36.471449
 230.200000 0.351168 11.860977 36.471449
 230.400000 0.346509 11.800636 36.471449
 230.600000 0.341595 11.942629 36.471449
 230.800000 0.359718 11.839588 36.471449
 231.000000 0.396330 7.775124 36.471449
 231.200000 0.413064 5.901239 36.471449
 231.400000 0.415312 5.266788 36.471449
 231.600000 0.405421 7.766536 36.471449
 231.800000 0.416417 4.950583 36.471449
 232.000000 0.436201 0.772152 36.471449
 232.200000 0.438171 2.264718 36.471449
 232.400000 0.440879 2.004240 36.471449
 232.600000 0.448709 1.292857 36.471449
 232.800000 0.429154 3.292413 36.471449
 233.000000 0.419452 4.993278 36.471449
 233.200000 0.410730 8.112135 36.471449
 233.400000 0.385607 9.713445 36.471449
 233.600000 0.379794 10.054273 36.471449
 233.800000 0.362019 11.800663 36.471449
 234.000000 0.350712 11.861960 36.471449
 234.200000 0.347867 12.825203 36.471449
 234.400000 0.372307 11.188874 36.471449
 234.600000 0.373723 10.977702 36.471449
 234.800000 0.366997 11.980030 36.471449
 235.000000 0.371836 11.260266 36.439841
 235.200000 0.379902 11.116111 36.439841
 235.400000 0.380969 10.978125 36.439841
 235.600000 0.378771 11.270320 36.439841
 235.800000 0.385261 10.506931 36.439841
 236.000000 0.385901 10.448794 36.439841
 236.200000 0.399269 10.309863 36.439841
 236.400000 0.402493 9.885780 36.439841
 236.600000 0.414885 7.523278 36.439841
 236.800000 0.430128 4.260499 36.439841
 237.000000 0.431236 4.057650 36.439841
 237.200000 0.441515 3.572093 36.439841
 237.400000 0.426938 6.278343 36.439841
 237.600000 0.445342 2.842762 36.439841
 237.800000 0.448427 2.287932 36.439841
 238.000000 0.461395 0.628885 36.439841
 238.200000 0.454648 2.872062 36.439841
 238.400000 0.447153 3.595235 36.439841
 238.600000 0.457906 2.605193 36.439841
 238.800000 0.445147 3.823989 36.439841
 239.000000 0.444062 3.954612 36.439841
 239.200000 0.442870 5.565623 36.439841
 239.400000 0.466985 2.333993 36.439841
 239.600000 0.474693 1.406389 36.439841
 239.800000 0.471015 1.827362 36.439841
 240.000000 0.473778 1.506748 36.408531
 240.200000 0.473112 3.216313 36.408531
 240.400000 0.471550 3.381633 36.408531
 240.600000 0.482416 2.087243 36.408531
 240.800000 0.475912 2.897542 36.408531
 241.000000 0.493164 0.889891 36.408531
 241.200000 0.496260 2.288174 36.408531
 241.400000 0.485774 3.160675 36.408531
 241.600000 0.473200 3.898561 36.408531
 241.800000 0.458656 4.558245 36.408531
 242.000000 0.450622 5.091629 36.408531
 242.200000 0.442023 7.021121 36.408531
 242.400000 0.458920 5.740726 36.408531
 242.600000 0.476329 4.061482 36.408531
 242.800000 0.484676 3.340844 36.408531
 243.000000 0.462553 5.382442 36.408531
 243.200000 0.455782 7.282947 36.408531
 243.400000 0.443005 7.562700 36.408531
 243.600000 0.416799 8.422678 36.408531
 243.800000 0.379545 12.169197 36.408531
 244.000000 0.371337 13.080271 36.408531
 244.200000 0.396970 10.904985 36.408531
 244.400000 0.402541 10.255944 36.408531
 244.600000 0.398973 10.678542 36.408531
 244.800000 0.399087 10.665483 36.408531
 245.000000 0.389048 11.788729 36.379758
 245.200000 0.397092 11.787575 36.379758
 245.400000 0.413532 9.095573 36.379758
 245.600000 0.401922 11.047212 36.379758
 245.800000 0.406763 10.231444 36.379758
 246.000000 0.402401 10.969001 36.379758
 246.200000 0.406872 11.239495 36.379758
 246.400000 0.413916 9.834863 36.379758
 246.600000 0.399258 12.516694 36.379758
 246.800000 0.402242 12.068604 36.379758
 247.000000 0.430550 7.754365 36.379758
 247.200000 0.427836 9.123177 36.379758
 247.400000 0.419659 9.763628 36.379758
 247.600000 0.411675 10.840734 36.379758
 247.800000 0.397020 12.904108 36.379758
 248.000000 0.401882 12.324014 36.379758
 248.200000 0.378326 14.566067 36.379758
 248.400000 0.352064 13.925237 36.379758
 248.600000 0.321099 16.282705 36.379758
 248.800000 0.317330 17.175765 36.379758
 249.000000 0.331609 13.934251 36.379758
 249.200000 0.352370 14.319910 36.379758
 249.400000 0.347390 13.963993 36.379758
 249.600000 0.336391 14.179904 36.379758
 249.800000 0.338425 13.993168 36.379758
 250.000000 0.327140 15.746750 36.349242
 250.200000 0.335034 15.098960 36.349242
 250.400000 0.342839 14.329702 36.349242
 250.600000 0.353370 14.587397 36.349242
 250.800000 0.336311 14.908229 36.349242
 251.000000 0.342500 14.342964 36.349242
 251.200000 0.351002 15.241250 36.349242
 251.400000 0.340705 15.361127 36.349242
 251.600000 0.349546 15.212056 36.349242
 251.800000 0.363895 15.332583 36.349242
 252.000000 0.365490 15.281321 36.349242
 252.200000 0.348374 15.656773 36.349242
 252.400000 0.334771 16.056957 36.349242
 252.600000 0.334367 16.105717 36.349242
 252.800000 0.363417 16.222411 36.349242
 253.000000 0.362955 16.228784 36.349242
 253.200000 0.359719 17.043532 36.349242
 253.400000 0.367643 16.878088 36.349242
 253.600000 0.344197 15.922358 36.349242
 253.800000 0.341757 15.865153 36.349242
 254.000000 0.340467 15.870570 36.349242
 254.200000 0.334038 17.064789 36.349242
 254.400000 0.331354 17.328163 36.349242
 254.600000 0.324945 18.090654 36.349242
 254.800000 0.336668 16.871190 36.349242
 255.000000 0.344577 16.769737 36.319369
 255.200000 0.334194 17.703541 36.319369
 255.400000 0.340571 17.532179 36.319369
 255.600000 0.357763 17.962556 36.319369
 255.800000 0.362442 17.783283 36.319369
 256.000000 0.327338 18.224628 36.319369
 256.200000 0.304757 20.679517 36.319369
 256.400000 0.281533 21.676776 36.319369
 256.600000 0.264321 18.890399 36.319369
 256.800000 0.265141 18.963211 36.319369
 257.000000 0.276629 20.866264 36.319369
 257.200000 0.275410 21.319668 36.319369
 257.400000 0.272795 20.791863 36.319369
 257.600000 0.268600 19.992825 36.319369
 257.800000 0.261101 19.129178 36.319369
 258.000000 0.285786 22.646377 36.319369
 258.200000 0.270703 20.762073 36.319369
 258.400000 0.274861 21.699139 36.319369
 258.600000 0.287640 23.294260 36.319369
 258.800000 0.296259 22.438820 36.319369
 259.000000 0.274950 21.719247 36.319369
 259.200000 0.255951 19.509850 36.319369
 259.400000 0.255952 19.509848 36.319369
 259.600000 0.267053 20.612400 36.319369
 259.800000 0.245804 20.371626 36.319369
 260.000000 0.244657 20.552992 36.291435
 260.200000 0.275099 22.505765 36.291435
 260.400000 0.271967 21.827011 36.291435
 260.600000 0.261777 20.159544 36.291435
 260.800000 0.263559 20.332249 36.291435
 261.000000 0.281275 23.553187 36.291435
 261.200000 0.262045 20.450410 36.291435
 261.400000 0.258758 20.211283 36.291435
 261.600000 0.258864 20.215355 36.291435
 261.800000 0.260123 20.281918 36.291435
 262.000000 0.259456 20.242498 36.291435
 262.200000 0.287690 24.445654 36.291435
 262.400000 0.307177 20.968336 36.291435
 262.600000 0.338938 18.116797 36.291435
 262.800000 0.319000 19.743456 36.291435
 263.000000 0.299731 22.343214 36.291435
 263.200000 0.320124 19.908592 36.291435
 263.400000 0.316842 20.255199 36.291435
 263.600000 0.312689 20.735266 36.291435
 263.800000 0.302846 22.343819 36.291435
 264.000000 0.306137 21.719438 36.291435
 264.200000 0.301358 23.280189 36.291435
 264.400000 0.285160 25.214157 36.291435
 264.600000 0.300458 23.455356 36.291435
 264.800000 0.320790 20.251089 36.291435
 265.000000 0.333251 18.661885 36.263586
 265.200000 0.331872 19.573854 36.263586
 265.400000 0.331814 19.580251 36.263586
 265.600000 0.351589 18.441242 36.263586
 265.800000 0.373736 16.501929 36.263586
 266.000000 0.386203 14.973239 36.263586
 266.200000 0.380860 16.369734 36.263586
 266.400000 0.373550 17.158300 36.263586
 266.600000 0.370632 17.482393 36.263586
 266.800000 0.370828 17.461248 36.263586
 267.000000 0.361031 18.279614 36.263586
 267.200000 0.349913 19.106115 36.263586
 267.400000 0.314917 21.394583 36.263586
 267.600000 0.307676 22.295700 36.263586
 267.800000 0.322128 20.677946 36.263586
 268.000000 0.336864 19.284296 36.263586
 268.200000 0.330677 20.487244 36.263586
 268.400000 0.329046 20.618359 36.263586
 268.600000 0.312970 21.814663 36.263586
 268.800000 0.301468 23.382798 36.263586
 269.000000 0.287502 25.237891 36.263586
 269.200000 0.296338 24.768216 36.263586
 269.400000 0.317863 21.500016 36.263586
 269.600000 0.359264 19.370051 36.263586
 269.800000 0.361566 19.215901 36.263586
 270.000000 0.352433 19.584256 36.236146
 270.200000 0.331825 20.684633 36.236146
 270.400000 0.340558 20.361561 36.236146
 270.600000 0.340903 20.356305 36.236146
 270.800000 0.344826 20.330232 36.236146
 271.000000 0.334667 20.541454 36.236146
 271.200000 0.335297 21.214169 36.236146
 271.400000 0.319525 21.855388 36.236146
 271.600000 0.325755 21.631954 36.236146
 271.800000 0.342096 20.961949 36.236146
 272.000000 0.351265 20.707509 36.236146
 272.200000 0.372408 18.496984 36.236146
 272.400000 0.371330 18.717769 36.236146
 272.600000 0.357259 21.027235 36.236146
 272.800000 0.355205 21.197144 36.236146
 273.000000 0.362551 20.364532 36.236146
 273.200000 0.344273 21.860938 36.236146
 273.400000 0.337651 21.752425 36.236146
 273.600000 0.317082 22.016146 36.236146
 273.800000 0.316334 22.047094 36.236146
 274.000000 0.303697 23.406854 36.236146
 274.200000 0.317487 22.404845 36.236146
 274.400000 0.327692 21.974124 36.236146
 274.600000 0.333423 21.832570 36.236146
 274.800000 0.321464 22.200513 36.236146
 275.000000 0.310378 23.028883 36.209318
 275.200000 0.306531 24.163144 36.209318
 275.400000 0.329478 22.200413 36.209318
 275.600000 0.308787 23.853752 36.209318
 275.800000 0.319521 22.812598 36.209318
 276.000000 0.309928 23.710243 36.209318
 276.200000 0.294583 26.332886 36.209318
 276.400000 0.310558 24.242965 36.209318
 276.600000 0.340426 21.976327 36.209318
 276.800000 0.331446 22.322083 36.209318
 277.000000 0.319190 23.339265 36.209318
 277.200000 0.327224 23.170425 36.209318
 277.400000 0.332450 22.676534 36.209318
 277.600000 0.326524 23.240455 36.209318
 277.800000 0.317271 24.135971 36.209318
 278.000000 0.314559 24.385560 36.209318
 278.200000 0.323529 24.033621 36.209318
 278.400000 0.300759 26.244041 36.209318
 278.600000 0.309934 25.392553 36.209318
 278.800000 0.309855 25.399528 36.209318
 279.000000 0.320008 24.434014 36.209318
 279.200000 0.311836 25.730725 36.209318
 279.400000 0.305945 26.134444 36.209318
 279.600000 0.319976 25.026703 36.209318
 279.800000 0.317918 25.235868 36.209318
 280.000000 0.324026 24.542861 36.184324
