#! FIELDS time d metad.bias metad.rct
 0.000000 0.141316 0.000000 0.000000
 0.200000 0.129214 0.000000 0.000000
 0.400000 0.147677 0.000000 0.000000
 0.600000 0.167166 0.000000 0.000000
 0.800000 0.145999 0.000000 0.000000
 1.000000 0.135284 0.000000 0.000000
 1.200000 0.149365 1.125183 0.000000
 1.400000 0.148903 1.157750 0.000000
 1.600000 0.141523 1.604701 0.000000
 1.800000 0.139344 1.686936 0.000000
 2.000000 0.157314 0.592958 0.000000
 2.200000 0.153702 2.477303 0.000000
 2.400000 0.155489 2.396150 0.000000
 2.600000 0.147124 2.633174 0.000000
 2.800000 0.146537 2.635864 0.000000
 3.000000 0.144342 2.629377 0.000000
 3.200000 0.143692 4.177527 0.000000
 3.400000 0.156938 3.412205 0.000000
 3.600000 0.161227 2.861437 0.000000
 3.800000 0.160859 2.911485 0.000000
 4.000000 0.162108 2.740804 0.000000
 4.200000 0.160979 4.439670 0.000000
 4.400000 0.146712 5.085947 0.000000
 4.600000 0.132495 3.507902 0.000000
 4.800000 0.132021 3.432340 0.000000
 5.000000 0.160511 4.498438 1.639790
 5.200000 0.187730 0.868159 1.639790
 5.400000 0.211836 0.004662 1.639790
 5.600000 0.184368 1.294021 1.639790
 5.800000 0.179150 2.183341 1.639790
 6.000000 0.180878 1.859539 1.639790
 6.200000 0.194713 1.374231 1.639790
 6.400000 0.190589 1.900887 1.639790
 6.600000 0.177073 4.165374 1.639790
 6.800000 0.175466 4.461386 1.639790
 7.000000 0.157903 6.691696 1.639790
 7.200000 0.148793 7.443710 1.639790
 7.400000 0.132990 4.181695 1.639790
 7.600000 0.159271 7.933154 1.639790
 7.800000 0.179105 4.268549 1.639790
 8.000000 0.174093 5.436380 1.639790
 8.200000 0.193062 2.270756 1.639790
 8.400000 0.197466 1.520216 1.639790
 8.600000 0.194869 1.940855 1.639790
 8.800000 0.179989 5.339798 1.639790
 9.000000 0.169564 7.766891 1.639790
 9.200000 0.162669 9.773650 1.639790
 9.400000 0.169816 8.957778 1.639790
 9.600000 0.186201 4.436138 1.639790
 9.800000 0.178391 6.791404 1.639790
 10.000000 0.168623 9.170116 4.792217
 10.200000 0.144034 7.408021 4.792217
 10.400000 0.129093 3.394587 4.792217
 10.600000 0.151285 9.356900 4.792217
 10.800000 0.157207 10.484349 4.792217
 11.000000 0.179607 7.316481 4.792217
 11.200000 0.179668 8.558453 4.792217
 11.400000 0.175485 9.886718 4.792217
 11.600000 0.189952 4.812308 4.792217
 11.800000 0.211289 0.445774 4.792217
 12.000000 0.184484 6.806684 4.792217
 12.200000 0.159885 11.623539 4.792217
 12.400000 0.191301 5.517851 4.792217
 12.600000 0.188273 6.658782 4.792217
 12.800000 0.202049 2.206296 4.792217
 13.000000 0.189947 6.023368 4.792217
 13.200000 0.188966 7.730042 4.792217
 13.400000 0.173998 12.056634 4.792217
 13.600000 0.187078 8.429988 4.792217
 13.800000 0.219312 0.388981 4.792217
 14.000000 0.208706 1.616632 4.792217
 14.200000 0.196385 6.142346 4.792217
 14.400000 0.207032 3.563387 4.792217
 14.600000 0.202478 4.545423 4.792217
 14.800000 0.208235 3.332589 4.792217
 15.000000 0.217392 1.898165 6.678418
 15.200000 0.222173 2.858171 6.678418
 15.400000 0.212676 4.102421 6.678418
 15.600000 0.191990 7.845900 6.678418
 15.800000 0.170702 12.498403 6.678418
 16.000000 0.204308 5.227728 6.678418
 16.200000 0.226740 2.668344 6.678418
 16.400000 0.229390 2.194916 6.678418
 16.600000 0.220713 3.821861 6.678418
 16.800000 0.204565 6.574331 6.678418
 17.000000 0.203525 6.736196 6.678418
 17.200000 0.197458 8.944942 6.678418
 17.400000 0.190688 10.014305 6.678418
 17.600000 0.193846 9.499599 6.678418
 17.800000 0.187795 10.509321 6.678418
 18.000000 0.170270 12.733339 6.678418
 18.200000 0.180210 12.592033 6.678418
 18.400000 0.193739 9.807042 6.678418
 18.600000 0.192190 10.105768 6.678418
 18.800000 0.191885 10.165854 6.678418
 19.000000 0.158006 12.168307 6.678418
 19.200000 0.146492 9.318834 6.678418
 19.400000 0.131687 4.269098 6.678418
 19.600000 0.146466 9.309233 6.678418
 19.800000 0.155331 12.434026 6.678418
 20.000000 0.151352 11.111895 9.202194
 20.200000 0.141235 8.214098 9.202194
 20.400000 0.140257 7.825249 9.202194
 20.600000 0.138520 7.146773 9.202194
 20.800000 0.136692 6.455107 9.202194
 21.000000 0.134941 5.819885 9.202194
 21.200000 0.120162 2.666521 9.202194
 21.400000 0.139630 8.864236 9.202194
 21.600000 0.138358 8.400440 9.202194
 21.800000 0.138149 8.324314 9.202194
 22.000000 0.135410 7.337109 9.202194
 22.200000 0.126320 5.367074 9.202194
 22.400000 0.121225 3.728155 9.202194
 22.600000 0.129847 6.602550 9.202194
 22.800000 0.127562 5.795304 9.202194
 23.000000 0.123380 4.393689 9.202194
 23.200000 0.123667 5.924423 9.202194
 23.400000 0.114511 3.222426 9.202194
 23.600000 0.124522 6.198742 9.202194
 23.800000 0.117204 3.951352 9.202194
 24.000000 0.130168 8.015779 9.202194
 24.200000 0.130841 9.452642 9.202194
 24.400000 0.130051 9.203160 9.202194
 24.600000 0.133616 10.288642 9.202194
 24.800000 0.146849 13.480772 9.202194
 25.000000 0.144415 12.971096 10.589293
 25.200000 0.130014 9.810141 10.589293
 25.400000 0.118201 5.340206 10.589293
 25.600000 0.105508 1.721528 10.589293
 25.800000 0.120792 6.307743 10.589293
 26.000000 0.133581 11.034393 10.589293
 26.200000 0.136920 13.108052 10.589293
 26.400000 0.147652 15.290103 10.589293
 26.600000 0.151981 15.813565 10.589293
 26.800000 0.146859 15.174509 10.589293
 27.000000 0.155323 16.089328 10.589293
 27.200000 0.158566 17.066795 10.589293
 27.400000 0.153518 16.803941 10.589293
 27.600000 0.159174 17.069882 10.589293
 27.800000 0.163309 16.910660 10.589293
 28.000000 0.159575 17.068302 10.589293
 28.200000 0.145363 16.145879 10.589293
 28.400000 0.138325 14.227520 10.589293
 28.600000 0.127847 10.252991 10.589293
 28.800000 0.125435 9.196788 10.589293
 29.000000 0.125310 9.141427 10.589293
 29.200000 0.136074 14.382513 10.589293
 29.400000 0.128773 11.783672 10.589293
 29.600000 0.124593 9.986571 10.589293
 29.800000 0.117260 6.646842 10.589293
 30.000000 0.119092 7.471845 12.660770
 30.200000 0.137939 15.489279 12.660770
 30.400000 0.139029 15.730479 12.660770
 30.600000 0.130270 13.329309 12.660770
 30.800000 0.133582 14.370105 12.660770
 31.000000 0.143340 16.559811 12.660770
 31.200000 0.162550 18.201668 12.660770
 31.400000 0.170622 16.652728 12.660770
 31.600000 0.175904 15.128318 12.660770
 31.800000 0.183061 12.848417 12.660770
 32.000000 0.178490 14.308213 12.660770
 32.200000 0.171608 17.223450 12.660770
 32.400000 0.153626 18.744464 12.660770
 32.600000 0.172943 16.881874 12.660770
 32.800000 0.177988 15.393561 12.660770
 33.000000 0.191166 11.217054 12.660770
 33.200000 0.183205 14.605760 12.660770
 33.400000 0.177797 16.167285 12.660770
 33.600000 0.172266 17.537237 12.660770
 33.800000 0.178624 15.938338 12.660770
 34.000000 0.173169 17.337438 12.660770
 34.200000 0.159816 19.537210 12.660770
 34.400000 0.155793 19.333356 12.660770
 34.600000 0.136623 15.992706 12.660770
 34.800000 0.120080 9.425610 12.660770
 35.000000 0.112151 5.748914 14.370646
 35.200000 0.115648 8.635135 14.370646
 35.400000 0.115785 8.696330 14.370646
 35.600000 0.127251 13.523394 14.370646
 35.800000 0.131754 15.034590 14.370646
 36.000000 0.121817 11.354546 14.370646
 36.200000 0.122786 12.817563 14.370646
 36.400000 0.112066 7.921117 14.370646
 36.600000 0.115937 9.740921 14.370646
 36.800000 0.115527 9.547626 14.370646
 37.000000 0.127233 14.505250 14.370646
 37.200000 0.124676 14.477346 14.370646
 37.400000 0.132677 16.978654 14.370646
 37.600000 0.138265 18.001834 14.370646
 37.800000 0.131548 16.706096 14.370646
 38.000000 0.135110 17.484715 14.370646
 38.200000 0.125061 15.269259 14.370646
 38.400000 0.137856 18.731909 14.370646
 38.600000 0.147806 19.591055 14.370646
 38.800000 0.158810 19.893598 14.370646
 39.000000 0.161092 19.832861 14.370646
 39.200000 0.154371 20.512746 14.370646
 39.400000 0.143777 19.707874 14.370646
 39.600000 0.137785 18.937326 14.370646
 39.800000 0.131350 17.534084 14.370646
 40.000000 0.141367 19.439331 16.186351
 40.200000 0.133881 18.830972 16.186351
 40.400000 0.127166 16.622012 16.186351
 40.600000 0.123903 15.177695 16.186351
 40.800000 0.124724 15.561993 16.186351
 41.000000 0.115192 10.550214 16.186351
 41.200000 0.113040 10.440933 16.186351
 41.400000 0.133909 19.338947 16.186351
 41.600000 0.137801 20.005287 16.186351
 41.800000 0.135492 19.643579 16.186351
 42.000000 0.152850 21.029055 16.186351
 42.200000 0.159867 21.563229 16.186351
 42.400000 0.169611 20.027314 16.186351
 42.600000 0.183538 15.477328 16.186351
 42.800000 0.185766 14.665637 16.186351
 43.000000 0.185000 14.943480 16.186351
 43.200000 0.179222 17.881358 16.186351
 43.400000 0.175539 19.049078 16.186351
 43.600000 0.163897 21.468014 16.186351
 43.800000 0.130373 18.686605 16.186351
 44.000000 0.129868 18.526896 16.186351
 44.200000 0.148198 21.928926 16.186351
 44.400000 0.155059 22.041674 16.186351
 44.600000 0.149210 21.963893 16.186351
 44.800000 0.145124 21.783661 16.186351
 45.000000 0.141021 21.473422 17.858887
 45.200000 0.128057 19.129963 17.858887
 45.400000 0.148662 22.536137 17.858887
 45.600000 0.146923 22.498276 17.858887
 45.800000 0.141132 22.156476 17.858887
 46.000000 0.132465 20.613736 17.858887
 46.200000 0.116215 13.309444 17.858887
 46.400000 0.124594 18.213354 17.858887
 46.600000 0.124349 18.088903 17.858887
 46.800000 0.134583 21.836774 17.858887
 47.000000 0.146880 22.936754 17.858887
 47.200000 0.141507 23.364194 17.858887
 47.400000 0.147227 23.566407 17.858887
 47.600000 0.154196 23.305296 17.858887
 47.800000 0.160380 22.686432 17.858887
 48.000000 0.171781 20.341616 17.858887
 48.200000 0.189890 14.423925 17.858887
 48.400000 0.198315 11.380956 17.858887
 48.600000 0.213341 6.835646 17.858887
 48.800000 0.188452 14.983667 17.858887
 49.000000 0.207958 8.407553 17.858887
 49.200000 0.199927 11.896744 17.858887
 49.400000 0.189002 15.308891 17.858887
 49.600000 0.188151 15.604014 17.858887
 49.800000 0.217434 6.635618 17.858887
 50.000000 0.228658 3.159463 19.060591
 50.200000 0.201506 11.742993 19.060591
 50.400000 0.182587 17.605743 19.060591
 50.600000 0.193613 13.877942 19.060591
 50.800000 0.184518 16.916111 19.060591
 51.000000 0.194327 13.664868 19.060591
 51.200000 0.199700 13.087392 19.060591
 51.400000 0.195380 14.308247 19.060591
 51.600000 0.183876 17.891664 19.060591
 51.800000 0.192731 15.093730 19.060591
 52.000000 0.181251 18.732084 19.060591
 52.200000 0.177114 20.727290 19.060591
 52.400000 0.205437 11.725897 19.060591
 52.600000 0.208786 10.733881 19.060591
 52.800000 0.208259 10.890295 19.060591
 53.000000 0.190795 16.306305 19.060591
 53.200000 0.179639 20.633309 19.060591
 53.400000 0.201442 13.572967 19.060591
 53.600000 0.223508 6.324185 19.060591
 53.800000 0.207922 11.430567 19.060591
 54.000000 0.210547 10.562773 19.060591
 54.200000 0.198735 15.276023 19.060591
 54.400000 0.184310 19.501648 19.060591
 54.600000 0.177972 21.172802 19.060591
 54.800000 0.211941 11.190369 19.060591
 55.000000 0.223970 6.911999 19.485361
 55.200000 0.225659 7.597978 19.485361
 55.400000 0.231183 5.661761 19.485361
 55.600000 0.218847 9.973254 19.485361
 55.800000 0.230113 6.028396 19.485361
 56.000000 0.240876 2.782909 19.485361
 56.200000 0.246173 3.123923 19.485361
 56.400000 0.215978 11.293713 19.485361
 56.600000 0.206437 13.730150 19.485361
 56.800000 0.197461 15.936274 19.485361
 57.000000 0.208408 13.247876 19.485361
 57.200000 0.241732 4.202439 19.485361
 57.400000 0.259007 1.059181 19.485361
 57.600000 0.259284 1.028913 19.485361
 57.800000 0.241504 4.260099 19.485361
 58.000000 0.231733 7.047132 19.485361
 58.200000 0.235306 7.201903 19.485361
 58.400000 0.219798 11.884160 19.485361
 58.600000 0.214564 13.228918 19.485361
 58.800000 0.224946 10.411489 19.485361
 59.000000 0.225142 10.352916 19.485361
 59.200000 0.233097 8.854913 19.485361
 59.400000 0.226646 10.998490 19.485361
 59.600000 0.221373 12.516078 19.485361
 59.800000 0.211721 14.625446 19.485361
 60.000000 0.191324 18.198873 19.636808
 60.200000 0.170727 22.972835 19.636808
 60.400000 0.159780 23.806188 19.636808
 60.600000 0.164687 23.556499 19.636808
 60.800000 0.178653 21.704219 19.636808
 61.000000 0.188173 19.672759 19.636808
 61.200000 0.199463 17.839930 19.636808
 61.400000 0.211751 15.137720 19.636808
 61.600000 0.205789 16.459152 19.636808
 61.800000 0.194263 19.014445 19.636808
 62.000000 0.175314 22.806951 19.636808
 62.200000 0.180626 22.550724 19.636808
 62.400000 0.199281 18.056241 19.636808
 62.600000 0.205557 16.591227 19.636808
 62.800000 0.203046 17.168012 19.636808
 63.000000 0.186584 21.230040 19.636808
 63.200000 0.167708 24.457626 19.636808
 63.400000 0.155829 24.318119 19.636808
 63.600000 0.166389 24.483220 19.636808
 63.800000 0.169053 24.414830 19.636808
 64.000000 0.158862 24.409710 19.636808
 64.200000 0.161331 25.047874 19.636808
 64.400000 0.170426 24.789917 19.636808
 64.600000 0.154716 24.849038 19.636808
 64.800000 0.157352 24.953233 19.636808
 65.000000 0.163557 25.054492 21.254589
 65.200000 0.190312 21.143715 21.254589
 65.400000 0.214996 14.501280 21.254589
 65.600000 0.201927 17.859879 21.254589
 65.800000 0.197350 19.116279 21.254589
 66.000000 0.193094 20.338978 21.254589
 66.200000 0.185766 23.040671 21.254589
 66.400000 0.183769 23.517026 21.254589
 66.600000 0.181762 23.955374 21.254589
 66.800000 0.188410 22.357428 21.254589
 67.000000 0.195017 20.483826 21.254589
 67.200000 0.154936 25.389406 21.254589
 67.400000 0.136331 23.038888 21.254589
 67.600000 0.133053 22.124764 21.254589
 67.800000 0.135777 22.902248 21.254589
 68.000000 0.124313 18.334877 21.254589
 68.200000 0.109737 9.742198 21.254589
 68.400000 0.124658 19.294051 21.254589
 68.600000 0.134465 23.165081 21.254589
 68.800000 0.146936 24.955910 21.254589
 69.000000 0.135171 23.339453 21.254589
 69.200000 0.154834 25.739834 21.254589
 69.400000 0.147607 25.445384 21.254589
 69.600000 0.165901 25.914728 21.254589
 69.800000 0.149474 25.532658 21.254589
 70.000000 0.150373 25.570746 22.310514
 70.200000 0.151141 26.161607 22.310514
 70.400000 0.156364 26.308233 22.310514
 70.600000 0.149809 26.106880 22.310514
 70.800000 0.143768 25.714997 22.310514
 71.000000 0.121662 18.084885 22.310514
 71.200000 0.125300 21.026562 22.310514
 71.400000 0.111811 11.931978 22.310514
 71.600000 0.107262 8.811133 22.310514
 71.800000 0.118774 16.932785 22.310514
 72.000000 0.135846 24.962218 22.310514
 72.200000 0.135802 25.528534 22.310514
 72.400000 0.123850 20.627253 22.310514
 72.600000 0.115661 14.949211 22.310514
 72.800000 0.103397 6.537720 22.310514
 73.000000 0.105649 7.870649 22.310514
 73.200000 0.108704 11.083191 22.310514
 73.400000 0.114427 15.067529 22.310514
 73.600000 0.106053 9.355777 22.310514
 73.800000 0.106454 9.609365 22.310514
 74.000000 0.118055 17.589133 22.310514
 74.200000 0.110903 13.302392 22.310514
 74.400000 0.128855 24.258169 22.310514
 74.600000 0.120549 20.021565 22.310514
 74.800000 0.121304 20.489988 22.310514
 75.000000 0.117885 18.272682 23.008929
 75.200000 0.115459 17.346283 23.008929
 75.400000 0.144738 26.877574 23.008929
 75.600000 0.137943 26.686486 23.008929
 75.800000 0.134446 26.266283 23.008929
 76.000000 0.135806 26.465889 23.008929
 76.200000 0.140129 27.332962 23.008929
 76.400000 0.165952 26.401453 23.008929
 76.600000 0.172782 25.831431 23.008929
 76.800000 0.154460 26.933342 23.008929
 77.000000 0.157328 26.814621 23.008929
 77.200000 0.157289 27.346235 23.008929
 77.400000 0.163088 27.054750 23.008929
 77.600000 0.185892 23.714533 23.008929
 77.800000 0.188169 23.140433 23.008929
 78.000000 0.182503 24.488387 23.008929
 78.200000 0.169225 26.950932 23.008929
 78.400000 0.165292 27.205514 23.008929
 78.600000 0.168302 27.020441 23.008929
 78.800000 0.161178 27.379547 23.008929
 79.000000 0.159827 27.421556 23.008929
 79.200000 0.154482 28.038780 23.008929
 79.400000 0.148741 28.071846 23.008929
 79.600000 0.135315 27.255520 23.008929
 79.800000 0.137202 27.542316 23.008929
 80.000000 0.116269 18.172307 24.328392
 80.200000 0.114494 17.629280 24.328392
 80.400000 0.110403 14.481755 24.328392
 80.600000 0.104317 9.958440 24.328392
 80.800000 0.106626 11.615674 24.328392
 81.000000 0.099734 7.011445 24.328392
 81.200000 0.102139 9.758986 24.328392
 81.400000 0.112101 16.705842 24.328392
 81.600000 0.124067 24.278119 24.328392
 81.800000 0.116142 19.561267 24.328392
 82.000000 0.111907 16.565776 24.328392
 82.200000 0.101397 9.948252 24.328392
 82.400000 0.113319 18.415207 24.328392
 82.600000 0.133881 27.743228 24.328392
 82.800000 0.147075 28.217352 24.328392
 83.000000 0.169791 27.318550 24.328392
 83.200000 0.172142 27.566311 24.328392
 83.400000 0.184893 24.972449 24.328392
 83.600000 0.189769 23.522131 24.328392
 83.800000 0.175795 27.018919 24.328392
 84.000000 0.185974 24.668328 24.328392
 84.200000 0.195443 22.117756 24.328392
 84.400000 0.211333 16.409729 24.328392
 84.600000 0.198827 20.877409 24.328392
 84.800000 0.202367 19.575747 24.328392
 85.000000 0.188632 24.450276 25.030530
 85.200000 0.165856 28.575241 25.030530
 85.400000 0.164257 28.598234 25.030530
 85.600000 0.193851 23.244245 25.030530
 85.800000 0.169113 28.464776 25.030530
 86.000000 0.168787 28.480220 25.030530
 86.200000 0.163532 29.066220 25.030530
 86.400000 0.163177 29.063675 25.030530
 86.600000 0.159245 28.979050 25.030530
 86.800000 0.168748 28.974098 25.030530
 87.000000 0.177189 28.119908 25.030530
 87.200000 0.183174 27.327439 25.030530
 87.400000 0.187818 25.899534 25.030530
 87.600000 0.194737 23.276063 25.030530
 87.800000 0.195535 22.949710 25.030530
 88.000000 0.213851 15.733843 25.030530
 88.200000 0.215390 16.054405 25.030530
 88.400000 0.197160 22.744939 25.030530
 88.600000 0.196742 22.903515 25.030530
 88.800000 0.193116 24.261974 25.030530
 89.000000 0.189285 25.611011 25.030530
 89.200000 0.236291 8.054918 25.030530
 89.400000 0.236224 8.081162 25.030530
 89.600000 0.210852 17.866643 25.030530
 89.800000 0.226561 11.926375 25.030530
 90.000000 0.214142 16.639841 25.800216
 90.200000 0.222268 14.310883 25.800216
 90.400000 0.226404 12.584761 25.800216
 90.600000 0.236223 8.362621 25.800216
 90.800000 0.242961 5.674642 25.800216
 91.000000 0.235490 8.672710 25.800216
 91.200000 0.250893 3.825522 25.800216
 91.400000 0.227866 13.004688 25.800216
 91.600000 0.200131 22.656185 25.800216
 91.800000 0.214376 17.826889 25.800216
 92.000000 0.209008 19.599086 25.800216
 92.200000 0.212768 19.064914 25.800216
 92.400000 0.235606 9.963163 25.800216
 92.600000 0.264162 0.942452 25.800216
 92.800000 0.253699 2.999528 25.800216
 93.000000 0.261343 1.336917 25.800216
 93.200000 0.237647 9.532368 25.800216
 93.400000 0.196972 24.309945 25.800216
 93.600000 0.196507 24.462053 25.800216
 93.800000 0.234337 10.848277 25.800216
 94.000000 0.257863 3.586144 25.800216
 94.200000 0.263927 3.970294 25.800216
 94.400000 0.226157 14.308093 25.800216
 94.600000 0.215754 18.069296 25.800216
 94.800000 0.222906 15.514916 25.800216
 95.000000 0.242548 8.585837 25.807873
 95.200000 0.266150 3.913501 25.807873
 95.400000 0.255332 6.388635 25.807873
 95.600000 0.239152 10.798684 25.807873
 95.800000 0.238500 10.999145 25.807873
 96.000000 0.243951 9.373307 25.807873
 96.200000 0.250370 8.678985 25.807873
 96.400000 0.247403 9.534114 25.807873
 96.600000 0.232885 13.653313 25.807873
 96.800000 0.217273 18.064567 25.807873
 97.000000 0.232554 13.745642 25.807873
 97.200000 0.248796 9.659885 25.807873
 97.400000 0.260529 5.957066 25.807873
 97.600000 0.249781 9.338586 25.807873
 97.800000 0.248927 9.617235 25.807873
 98.000000 0.246360 10.455054 25.807873
 98.200000 0.252856 9.340841 25.807873
 98.400000 0.263431 5.692254 25.807873
 98.600000 0.260580 6.642014 25.807873
 98.800000 0.270410 3.602598 25.807873
 99.000000 0.265526 5.025018 25.807873
 99.200000 0.253859 10.021463 25.807873
 99.400000 0.252480 10.430430 25.807873
 99.600000 0.249650 11.251458 25.807873
 99.800000 0.219965 18.198727 25.807873
 100.000000 0.175278 29.373929 26.064061
 100.200000 0.164383 29.929835 26.064061
 100.400000 0.160351 29.653940 26.064061
 100.600000 0.149810 28.873816 26.064061
 100.800000 0.148440 28.802772 26.064061
 101.000000 0.136784 28.185535 26.064061
 101.200000 0.151099 29.264622 26.064061
 101.400000 0.158609 29.686155 26.064061
 101.600000 0.185251 28.134455 26.064061
 101.800000 0.200935 23.262435 26.064061
 102.000000 0.197462 24.388064 26.064061
 102.200000 0.196104 25.423851 26.064061
 102.400000 0.198252 24.719228 26.064061
 102.600000 0.206091 22.187405 26.064061
 102.800000 0.199157 24.421364 26.064061
 103.000000 0.192655 26.525885 26.064061
 103.200000 0.189668 27.941295 26.064061
 103.400000 0.195807 26.045849 26.064061
 103.600000 0.183495 29.383518 26.064061
 103.800000 0.184553 29.178748 26.064061
 104.000000 0.162080 30.004856 26.064061
 104.200000 0.146898 29.408818 26.064061
 104.400000 0.172987 30.764401 26.064061
 104.600000 0.158590 30.191638 26.064061
 104.800000 0.136827 28.799140 26.064061
 105.000000 0.110342 16.368285 26.892871
 105.200000 0.115543 20.942220 26.892871
 105.400000 0.111056 17.742261 26.892871
 105.600000 0.120405 23.968641 26.892871
 105.800000 0.121772 24.704881 26.892871
 106.000000 0.117631 22.312557 26.892871
 106.200000 0.109064 16.808824 26.892871
 106.400000 0.113865 20.406414 26.892871
 106.600000 0.122472 25.674712 26.892871
 106.800000 0.130631 28.464000 26.892871
 107.000000 0.130902 28.519303 26.892871
 107.200000 0.134536 29.544086 26.892871
 107.400000 0.153197 29.982203 26.892871
 107.600000 0.156263 30.147526 26.892871
 107.800000 0.141596 29.821941 26.892871
 108.000000 0.151880 29.927525 26.892871
 108.200000 0.155501 30.550133 26.892871
 108.400000 0.163129 30.939073 26.892871
 108.600000 0.140278 30.155814 26.892871
 108.800000 0.139772 30.140538 26.892871
 109.000000 0.142140 30.196244 26.892871
 109.200000 0.137789 30.491165 26.892871
 109.400000 0.144944 30.681534 26.892871
 109.600000 0.142162 30.652507 26.892871
 109.800000 0.149666 30.720151 26.892871
 110.000000 0.140168 30.604639 27.866910
 110.200000 0.148437 31.090762 27.866910
 110.400000 0.148988 31.088486 27.866910
 110.600000 0.148601 31.090043 27.866910
 110.800000 0.144071 31.107881 27.866910
 111.000000 0.122363 26.516708 27.866910
 111.200000 0.126429 28.964359 27.866910
 111.400000 0.134594 30.991173 27.866910
 111.600000 0.154420 31.161510 27.866910
 111.800000 0.146763 31.241660 27.866910
 112.000000 0.143846 31.299544 27.866910
 112.200000 0.142533 31.749632 27.866910
 112.400000 0.147600 31.645147 27.866910
 112.600000 0.159041 31.468862 27.866910
 112.800000 0.154070 31.504351 27.866910
 113.000000 0.154560 31.498168 27.866910
 113.200000 0.165467 31.751468 27.866910
 113.400000 0.161868 31.840282 27.866910
 113.600000 0.159940 31.869444 27.866910
 113.800000 0.175632 31.026775 27.866910
 114.000000 0.163651 31.802855 27.866910
 114.200000 0.166419 32.135330 27.866910
 114.400000 0.172842 31.670741 27.866910
 114.600000 0.160661 32.275627 27.866910
 114.800000 0.151972 32.275596 27.866910
 115.000000 0.147845 32.270923 29.106894
 115.200000 0.156520 32.637314 29.106894
 115.400000 0.161496 32.541153 29.106894
 115.600000 0.128362 30.205770 29.106894
 115.800000 0.134146 31.791458 29.106894
 116.000000 0.133163 31.594625 29.106894
 116.200000 0.125823 29.535242 29.106894
 116.400000 0.131956 31.741723 29.106894
 116.600000 0.146793 32.966032 29.106894
 116.800000 0.169578 32.122501 29.106894
 117.000000 0.171239 31.962797 29.106894
 117.200000 0.173025 32.182579 29.106894
 117.400000 0.168038 32.661767 29.106894
 117.600000 0.160639 32.971958 29.106894
 117.800000 0.141891 33.008073 29.106894
 118.000000 0.123106 28.122511 29.106894
 118.200000 0.137966 33.071996 29.106894
 118.400000 0.147300 33.212374 29.106894
 118.600000 0.158767 33.030314 29.106894
 118.800000 0.169529 32.548738 29.106894
 119.000000 0.173839 32.078828 29.106894
 119.200000 0.189463 28.686288 29.106894
 119.400000 0.194747 26.788278 29.106894
 119.600000 0.186212 29.744600 29.106894
 119.800000 0.184873 30.146404 29.106894
 120.000000 0.182620 30.769172 30.028815
 120.200000 0.190808 28.603741 30.028815
 120.400000 0.192931 27.809180 30.028815
 120.600000 0.194973 27.020640 30.028815
 120.800000 0.196059 26.595077 30.028815
 121.000000 0.200861 24.714965 30.028815
 121.200000 0.198149 26.346294 30.028815
 121.400000 0.186698 30.393772 30.028815
 121.600000 0.179474 32.163772 30.028815
 121.800000 0.176070 32.716950 30.028815
 122.000000 0.153376 33.343869 30.028815
 122.200000 0.137380 33.273949 30.028815
 122.400000 0.128446 31.222616 30.028815
 122.600000 0.123791 29.060594 30.028815
 122.800000 0.129265 31.519359 30.028815
 123.000000 0.130296 31.858050 30.028815
 123.200000 0.127893 31.426378 30.028815
 123.400000 0.128783 31.768755 30.028815
 123.600000 0.106926 16.215221 30.028815
 123.800000 0.112858 21.395839 30.028815
 124.000000 0.103452 13.278524 30.028815
 124.200000 0.108467 18.475229 30.028815
 124.400000 0.108570 18.563695 30.028815
 124.600000 0.108070 18.135297 30.028815
 124.800000 0.110118 19.886360 30.028815
 125.000000 0.113550 22.759172 30.631992
 125.200000 0.136037 33.799479 30.631992
 125.400000 0.165527 33.756904 30.631992
 125.600000 0.167531 33.673470 30.631992
 125.800000 0.163049 33.821280 30.631992
 126.000000 0.162732 33.827006 30.631992
 126.200000 0.163424 34.201195 30.631992
 126.400000 0.141211 34.172299 30.631992
 126.600000 0.109537 20.002628 30.631992
 126.800000 0.106634 17.479991 30.631992
 127.000000 0.120985 28.775639 30.631992
 127.200000 0.108771 19.686787 30.631992
 127.400000 0.097545 10.227708 30.631992
 127.600000 0.099806 11.967096 30.631992
 127.800000 0.102293 14.009704 30.631992
 128.000000 0.103610 15.133479 30.631992
 128.200000 0.103820 16.207261 30.631992
 128.400000 0.116268 26.622342 30.631992
 128.600000 0.110029 21.613845 30.631992
 128.800000 0.107353 19.290873 30.631992
 129.000000 0.111544 22.897882 30.631992
 129.200000 0.099570 13.098018 30.631992
 129.400000 0.106853 19.454168 30.631992
 129.600000 0.108324 20.755377 30.631992
 129.800000 0.110653 22.775977 30.631992
 130.000000 0.126247 32.609437 31.278676
 130.200000 0.125658 32.806054 31.278676
 130.400000 0.143642 34.652948 31.278676
 130.600000 0.147199 34.509330 31.278676
 130.800000 0.138419 34.791280 31.278676
 131.000000 0.131847 34.382760 31.278676
 131.200000 0.117462 28.640765 31.278676
 131.400000 0.104304 17.397131 31.278676
 131.600000 0.103764 16.907614 31.278676
 131.800000 0.104684 17.742319 31.278676
 132.000000 0.109929 22.510567 31.278676
 132.200000 0.122334 32.106489 31.278676
 132.400000 0.122155 32.017025 31.278676
 132.600000 0.116599 28.597774 31.278676
 132.800000 0.101586 15.511028 31.278676
 133.000000 0.112542 25.420950 31.278676
 133.200000 0.102989 17.246108 31.278676
 133.400000 0.105719 19.813411 31.278676
 133.600000 0.110426 24.152583 31.278676
 133.800000 0.110678 24.376038 31.278676
 134.000000 0.100144 14.626396 31.278676
 134.200000 0.105090 20.084442 31.278676
 134.400000 0.112037 26.223385 31.278676
 134.600000 0.119021 31.162452 31.278676
 134.800000 0.120137 31.785937 31.278676
 135.000000 0.143850 35.041840 31.970561
 135.200000 0.145934 35.254026 31.970561
 135.400000 0.138918 35.723060 31.970561
 135.600000 0.140715 35.626930 31.970561
 135.800000 0.140128 35.661613 31.970561
 136.000000 0.136266 35.791763 31.970561
 136.200000 0.140656 35.970916 31.970561
 136.400000 0.139261 36.055542 31.970561
 136.600000 0.141648 35.899845 31.970561
 136.800000 0.147943 35.373091 31.970561
 137.000000 0.133476 36.070345 31.970561
 137.200000 0.140809 36.271813 31.970561
 137.400000 0.137725 36.457604 31.970561
 137.600000 0.151903 35.243959 31.970561
 137.800000 0.137998 36.446767 31.970561
 138.000000 0.122992 33.804957 31.970561
 138.200000 0.111983 26.733406 31.970561
 138.400000 0.103728 19.086147 31.970561
 138.600000 0.105208 20.497636 31.970561
 138.800000 0.106809 22.019105 31.970561
 139.000000 0.103918 19.267090 31.970561
 139.200000 0.096878 13.455648 31.970561
 139.400000 0.095617 12.361264 31.970561
 139.600000 0.102926 19.063384 31.970561
 139.800000 0.108421 24.241228 31.970561
 140.000000 0.096280 12.932466 32.733042
 140.200000 0.096190 13.838029 32.733042
 140.400000 0.103351 20.348869 32.733042
 140.600000 0.099311 16.620449 32.733042
 140.800000 0.106175 22.943244 32.733042
 141.000000 0.113547 29.158745 32.733042
 141.200000 0.100879 18.393682 32.733042
 141.400000 0.093278 11.589505 32.733042
 141.600000 0.093510 11.780757 32.733042
 141.800000 0.100538 18.072627 32.733042
 142.000000 0.099975 17.544707 32.733042
 142.200000 0.105234 23.246773 32.733042
 142.400000 0.107895 25.627404 32.733042
 142.600000 0.108576 26.215797 32.733042
 142.800000 0.097132 15.710837 32.733042
 143.000000 0.097237 15.807184 32.733042
 143.200000 0.099220 18.497330 32.733042
 143.400000 0.100471 19.656039 32.733042
 143.600000 0.092742 12.693172 32.733042
 143.800000 0.099181 18.462030 32.733042
 144.000000 0.107705 26.139196 32.733042
 144.200000 0.106369 25.538377 32.733042
 144.400000 0.105663 24.917696 32.733042
 144.600000 0.103610 23.065968 32.733042
 144.800000 0.103875 23.308579 32.733042
 145.000000 0.102915 22.426059 33.173625
 145.200000 0.094805 15.415139 33.173625
 145.400000 0.096760 17.248373 33.173625
 145.600000 0.104217 24.261470 33.173625
 145.800000 0.101704 21.942200 33.173625
 146.000000 0.101913 22.138052 33.173625
 146.200000 0.098808 19.834744 33.173625
 146.400000 0.104866 25.485612 33.173625
 146.600000 0.112582 31.515816 33.173625
 146.800000 0.100541 21.493948 33.173625
 147.000000 0.094673 15.873831 33.173625
 147.200000 0.095279 17.309708 33.173625
 147.400000 0.095893 17.892896 33.173625
 147.600000 0.094449 16.525990 33.173625
 147.800000 0.098369 20.248862 33.173625
 148.000000 0.098573 20.442464 33.173625
 148.200000 0.099995 22.484335 33.173625
 148.400000 0.101653 24.009899 33.173625
 148.600000 0.098362 20.946069 33.173625
 148.800000 0.096480 19.148245 33.173625
 149.000000 0.100822 23.250999 33.173625
 149.200000 0.109508 30.919243 33.173625
 149.400000 0.104338 26.973928 33.173625
 149.600000 0.097411 20.645103 33.173625
 149.800000 0.098009 21.220919 33.173625
 150.000000 0.096834 20.087429 33.517226
 150.200000 0.103409 26.833386 33.517226
 150.400000 0.109494 31.410342 33.517226
 150.600000 0.103587 26.983095 33.517226
 150.800000 0.102582 26.125234 33.517226
 151.000000 0.102759 26.278658 33.517226
 151.200000 0.092994 17.496901 33.517226
 151.400000 0.096663 21.136472 33.517226
 151.600000 0.095260 19.748853 33.517226
 151.800000 0.098660 23.075923 33.517226
 152.000000 0.100698 24.987467 33.517226
 152.200000 0.096764 21.791238 33.517226
 152.400000 0.103967 28.402112 33.517226
 152.600000 0.099229 24.190725 33.517226
 152.800000 0.103000 27.596712 33.517226
 153.000000 0.104497 28.830560 33.517226
 153.200000 0.097479 22.930969 33.517226
 153.400000 0.097550 23.001835 33.517226
 153.600000 0.096410 21.858091 33.517226
 153.800000 0.096073 21.516998 33.517226
 154.000000 0.106320 30.713129 33.517226
 154.200000 0.111511 34.411400 33.517226
 154.400000 0.095321 21.090285 33.517226
 154.600000 0.099497 25.304524 33.517226
 154.800000 0.101157 26.871948 33.517226
 155.000000 0.107954 32.301628 34.109264
 155.200000 0.110802 34.439675 34.109264
 155.400000 0.107790 32.606926 34.109264
 155.600000 0.104796 30.401982 34.109264
 155.800000 0.100941 27.044991 34.109264
 156.000000 0.098876 25.044662 34.109264
 156.200000 0.097807 24.538443 34.109264
 156.400000 0.103043 29.495244 34.109264
 156.600000 0.102172 28.734957 34.109264
 156.800000 0.099093 25.833524 34.109264
 157.000000 0.096038 22.698888 34.109264
 157.200000 0.105335 31.874964 34.109264
 157.400000 0.116538 37.417814 34.109264
 157.600000 0.133887 38.008046 34.109264
 157.800000 0.119599 38.082211 34.109264
 158.000000 0.129997 38.428341 34.109264
 158.200000 0.124273 38.851677 34.109264
 158.400000 0.122789 38.751955 34.109264
 158.600000 0.103653 30.636279 34.109264
 158.800000 0.101676 28.935352 34.109264
 159.000000 0.097279 24.659049 34.109264
 159.200000 0.098524 26.508898 34.109264
 159.400000 0.095869 23.761349 34.109264
 159.600000 0.104877 32.121183 34.109264
 159.800000 0.101123 28.996536 34.109264
 160.000000 0.095996 23.896157 34.732097
 160.200000 0.095688 24.171555 34.732097
 160.400000 0.100090 28.617816 34.732097
 160.600000 0.095096 23.534948 34.732097
 160.800000 0.101635 30.020152 34.732097
 161.000000 0.104238 32.151224 34.732097
 161.200000 0.129513 38.986088 34.732097
 161.400000 0.154078 35.239957 34.732097
 161.600000 0.149305 35.772951 34.732097
 161.800000 0.150925 35.568742 34.732097
 162.000000 0.149935 35.690519 34.732097
 162.200000 0.138990 37.802236 34.732097
 162.400000 0.122882 39.277425 34.732097
 162.600000 0.119810 39.016380 34.732097
 162.800000 0.118451 38.819688 34.732097
 163.000000 0.119854 39.021874 34.732097
 163.200000 0.125133 39.614483 34.732097
 163.400000 0.122607 39.566143 34.732097
 163.600000 0.133644 38.861010 34.732097
 163.800000 0.127957 39.502780 34.732097
 164.000000 0.112098 37.355110 34.732097
 164.200000 0.101319 30.550997 34.732097
 164.400000 0.099113 28.423440 34.732097
 164.600000 0.112000 37.646434 34.732097
 164.800000 0.125525 39.830640 34.732097
 165.000000 0.138895 38.022467 35.657347
 165.200000 0.142672 37.608466 35.657347
 165.400000 0.150192 36.308849 35.657347
 165.600000 0.141288 37.877391 35.657347
 165.800000 0.148972 36.492539 35.657347
 166.000000 0.161986 35.035224 35.657347
 166.200000 0.158610 35.698641 35.657347
 166.400000 0.140476 38.167174 35.657347
 166.600000 0.137504 38.706144 35.657347
 166.800000 0.145794 37.230899 35.657347
 167.000000 0.162576 35.348875 35.657347
 167.200000 0.173833 34.191566 35.657347
 167.400000 0.193117 28.400745 35.657347
 167.600000 0.194349 27.920287 35.657347
 167.800000 0.198464 26.290089 35.657347
 168.000000 0.191561 28.997225 35.657347
 168.200000 0.189247 30.329663 35.657347
 168.400000 0.193033 28.911777 35.657347
 168.600000 0.208272 22.774535 35.657347
 168.800000 0.227837 16.785870 35.657347
 169.000000 0.222203 18.228306 35.657347
 169.200000 0.215981 20.779238 35.657347
 169.400000 0.203633 24.962722 35.657347
 169.600000 0.181966 32.656143 35.657347
 169.800000 0.193161 28.979857 35.657347
 170.000000 0.189584 30.280555 35.834760
 170.200000 0.184394 32.397299 35.834760
 170.400000 0.210394 22.724266 35.834760
 170.600000 0.214382 21.381419 35.834760
 170.800000 0.219634 19.778392 35.834760
 171.000000 0.226713 17.824548 35.834760
 171.200000 0.220106 20.359670 35.834760
 171.400000 0.227618 18.374107 35.834760
 171.600000 0.237145 15.657800 35.834760
 171.800000 0.236601 15.823075 35.834760
 172.000000 0.244588 13.300593 35.834760
 172.200000 0.227884 18.822512 35.834760
 172.400000 0.206667 24.445591 35.834760
 172.600000 0.189512 30.795144 35.834760
 172.800000 0.186518 31.777195 35.834760
 173.000000 0.208023 23.989586 35.834760
 173.200000 0.210727 23.720355 35.834760
 173.400000 0.202133 26.627914 35.834760
 173.600000 0.210419 23.817190 35.834760
 173.800000 0.223234 20.241184 35.834760
 174.000000 0.225219 19.741197 35.834760
 174.200000 0.217102 22.481337 35.834760
 174.400000 0.212295 23.738454 35.834760
 174.600000 0.197856 28.311582 35.834760
 174.800000 0.208693 24.766112 35.834760
 175.000000 0.221524 21.383207 35.805976
 175.200000 0.228739 20.164007 35.805976
 175.400000 0.233467 18.741561 35.805976
 175.600000 0.237054 17.555797 35.805976
 175.800000 0.247988 13.518391 35.805976
 176.000000 0.256334 10.284717 35.805976
 176.200000 0.261136 9.510947 35.805976
 176.400000 0.241860 16.533923 35.805976
 176.600000 0.213522 24.009052 35.805976
 176.800000 0.204446 26.438491 35.805976
 177.000000 0.210838 24.676263 35.805976
 177.200000 0.213610 24.561010 35.805976
 177.400000 0.217551 23.584675 35.805976
 177.600000 0.228471 20.726836 35.805976
 177.800000 0.210034 25.466310 35.805976
 178.000000 0.214962 24.225127 35.805976
 178.200000 0.235708 18.814575 35.805976
 178.400000 0.249191 14.105116 35.805976
 178.600000 0.246062 15.237421 35.805976
 178.800000 0.219088 23.773776 35.805976
 179.000000 0.198019 29.170266 35.805976
 179.200000 0.197258 29.858894 35.805976
 179.400000 0.196519 30.064135 35.805976
 179.600000 0.201729 28.617081 35.805976
 179.800000 0.203881 28.025034 35.805976
 180.000000 0.196656 30.026177 35.810016
 180.200000 0.182809 33.769854 35.810016
 180.400000 0.167160 35.648632 35.810016
 180.600000 0.172684 35.175051 35.810016
 180.800000 0.165495 35.762081 35.810016
 181.000000 0.165307 35.774275 35.810016
 181.200000 0.150360 37.061883 35.810016
 181.400000 0.165668 36.106244 35.810016
 181.600000 0.203030 28.692165 35.810016
 181.800000 0.239785 17.453142 35.810016
 182.000000 0.234240 19.341993 35.810016
 182.200000 0.211394 26.532662 35.810016
 182.400000 0.221009 24.033015 35.810016
 182.600000 0.211700 26.453317 35.810016
 182.800000 0.227601 22.177188 35.810016
 183.000000 0.223545 23.340434 35.810016
 183.200000 0.227896 22.682646 35.810016
 183.400000 0.218793 25.210041 35.810016
 183.600000 0.221085 24.622986 35.810016
 183.800000 0.228592 22.465013 35.810016
 184.000000 0.269065 6.442258 35.810016
 184.200000 0.267650 8.309472 35.810016
 184.400000 0.248423 15.522371 35.810016
 184.600000 0.240708 18.344997 35.810016
 184.800000 0.235831 20.094688 35.810016
 185.000000 0.236586 19.828649 35.862208
 185.200000 0.257280 12.556559 35.862208
 185.400000 0.280496 3.650953 35.862208
 185.600000 0.276389 5.015691 35.862208
 185.800000 0.256680 12.794670 35.862208
 186.000000 0.254110 13.811360 35.862208
 186.200000 0.270976 7.565000 35.862208
 186.400000 0.274548 6.060340 35.862208
 186.600000 0.273193 6.620580 35.862208
 186.800000 0.300106 0.348937 35.862208
 187.000000 0.271605 7.294041 35.862208
 187.200000 0.281619 4.501262 35.862208
 187.400000 0.294452 1.211204 35.862208
 187.600000 0.282053 4.347215 35.862208
 187.800000 0.280826 4.789094 35.862208
 188.000000 0.304218 0.287053 35.862208
 188.200000 0.284690 4.208890 35.862208
 188.400000 0.272530 8.344316 35.862208
 188.600000 0.295242 2.538302 35.862208
 188.800000 0.289030 3.305365 35.862208
 189.000000 0.282019 4.934967 35.862208
 189.200000 0.263998 12.466642 35.862208
 189.400000 0.284265 5.704979 35.862208
 189.600000 0.284912 5.532995 35.862208
 189.800000 0.332109 0.306575 35.862208
 190.000000 0.351872 0.007791 35.825740
 190.200000 0.339060 1.326914 35.825740
 190.400000 0.334799 1.127163 35.825740
 190.600000 0.330930 1.013416 35.825740
 190.800000 0.321694 1.145481 35.825740
 191.000000 0.315515 1.529472 35.825740
 191.200000 0.297145 4.008484 35.825740
 191.400000 0.315023 3.200327 35.825740
 191.600000 0.333787 1.866365 35.825740
 191.800000 0.312751 3.353205 35.825740
 192.000000 0.290676 4.649791 35.825740
 192.200000 0.291015 6.024432 35.825740
 192.400000 0.299009 5.126904 35.825740
 192.600000 0.325734 2.399078 35.825740
 192.800000 0.335775 1.835345 35.825740
 193.000000 0.325335 2.436181 35.825740
 193.200000 0.327722 3.778898 35.825740
 193.400000 0.323639 4.163915 35.825740
 193.600000 0.311068 5.010147 35.825740
 193.800000 0.301558 5.344480 35.825740
 194.000000 0.306854 5.161044 35.825740
 194.200000 0.298848 6.675157 35.825740
 194.400000 0.284001 7.707846 35.825740
 194.600000 0.295639 6.728533 35.825740
 194.800000 0.304784 6.605996 35.825740
 195.000000 0.303431 6.629226 35.790327
 195.200000 0.300370 7.936925 35.790327
 195.400000 0.304100 7.919960 35.790327
 195.600000 0.312792 7.291629 35.790327
 195.800000 0.337916 3.164679 35.790327
 196.000000 0.351401 2.212080 35.790327
 196.200000 0.368610 1.778405 35.790327
 196.400000 0.374447 1.050833 35.790327
 196.600000 0.359706 3.015091 35.790327
 196.800000 0.337249 4.251174 35.790327
 197.000000 0.324697 5.547891 35.790327
 197.200000 0.337230 5.215363 35.790327
 197.400000 0.376821 0.813030 35.790327
 197.600000 0.376365 0.856176 35.790327
 197.800000 0.365118 2.307304 35.790327
 198.000000 0.341955 4.805207 35.790327
 198.200000 0.329958 7.139484 35.790327
 198.400000 0.322286 7.877086 35.790327
 198.600000 0.312516 8.563840 35.790327
 198.800000 0.271006 10.851952 35.790327
 199.000000 0.283678 8.335476 35.790327
 199.200000 0.293952 8.972027 35.790327
 199.400000 0.298077 8.964676 35.790327
 199.600000 0.322607 7.885732 35.790327
 199.800000 0.307074 8.958220 35.790327
 200.000000 0.309690 8.884845 35.755701
 200.200000 0.304821 10.104849 35.755701
 200.400000 0.293080 9.621461 35.755701
 200.600000 0.290584 9.572376 35.755701
 200.800000 0.285046 9.708213 35.755701
 201.000000 0.308606 10.095848 35.755701
 201.200000 0.310080 11.158311 35.755701
 201.400000 0.303173 11.109256 35.755701
 201.600000 0.298486 10.746155 35.755701
 201.800000 0.307488 11.228081 35.755701
 202.000000 0.302848 11.090209 35.755701
 202.200000 0.313534 11.715342 35.755701
 202.400000 0.321122 10.213207 35.755701
 202.600000 0.330832 8.059537 35.755701
 202.800000 0.349877 5.498539 35.755701
 203.000000 0.352473 5.111501 35.755701
 203.200000 0.334486 8.103540 35.755701
 203.400000 0.321326 10.324867 35.755701
 203.600000 0.319020 10.801652 35.755701
 203.800000 0.332558 8.320025 35.755701
 204.000000 0.328042 8.994009 35.755701
 204.200000 0.298634 11.955596 35.755701
 204.400000 0.272187 11.678181 35.755701
 204.600000 0.289719 10.843245 35.755701
 204.800000 0.305437 12.639800 35.755701
 205.000000 0.304421 12.575726 35.722671
 205.200000 0.299957 13.081845 35.722671
 205.400000 0.294733 12.238095 35.722671
 205.600000 0.298363 12.840609 35.722671
 205.800000 0.276357 11.218577 35.722671
 206.000000 0.281718 10.922591 35.722671
 206.200000 0.296048 13.141301 35.722671
 206.400000 0.275802 12.272956 35.722671
 206.600000 0.270078 12.937188 35.722671
 206.800000 0.274955 12.349490 35.722671
 207.000000 0.296664 13.217925 35.722671
 207.200000 0.307358 14.694477 35.722671
 207.400000 0.312005 14.205509 35.722671
 207.600000 0.260390 14.702965 35.722671
 207.800000 0.258102 15.181357 35.722671
 208.000000 0.256781 15.474539 35.722671
 208.200000 0.253956 17.008904 35.722671
 208.400000 0.266029 14.423075 35.722671
 208.600000 0.282510 12.820405 35.722671
 208.800000 0.311854 14.228319 35.722671
 209.000000 0.327262 10.744229 35.722671
 209.200000 0.336717 9.903437 35.722671
 209.400000 0.344362 8.634036 35.722671
 209.600000 0.363484 4.245358 35.722671
 209.800000 0.358729 5.534866 35.722671
 210.000000 0.360766 4.985990 35.688904
 210.200000 0.380228 1.442132 35.688904
 210.400000 0.386207 0.683506 35.688904
 210.600000 0.384685 0.838554 35.688904
 210.800000 0.386261 0.678431 35.688904
 211.000000 0.401442 0.043981 35.688904
 211.200000 0.402199 1.780611 35.688904
 211.400000 0.397226 1.789502 35.688904
 211.600000 0.405621 1.693372 35.688904
 211.800000 0.411596 1.390092 35.688904
 212.000000 0.403001 1.766218 35.688904
 212.200000 0.403052 3.382738 35.688904
 212.400000 0.387854 2.669419 35.688904
 212.600000 0.373689 3.329734 35.688904
 212.800000 0.369365 4.225027 35.688904
 213.000000 0.392437 2.984160 35.688904
 213.200000 0.399170 4.751468 35.688904
 213.400000 0.419156 2.083669 35.688904
 213.600000 0.432134 0.498360 35.688904
 213.800000 0.429963 0.666938 35.688904
 214.000000 0.420856 1.801037 35.688904
 214.200000 0.409852 4.965938 35.688904
 214.400000 0.430725 1.903852 35.688904
 214.600000 0.468503 0.007299 35.688904
 214.800000 0.501678 0.000000 35.688904
 215.000000 0.485414 0.000000 35.656687
 215.200000 0.454516 0.335553 35.656687
 215.400000 0.452389 0.332560 35.656687
 215.600000 0.469597 1.007374 35.656687
 215.800000 0.457618 0.388750 35.656687
 216.000000 0.452111 0.334154 35.656687
 216.200000 0.422259 3.425315 35.656687
 216.400000 0.401208 5.375147 35.656687
 216.600000 0.379880 3.723836 35.656687
 216.800000 0.405219 5.318077 35.656687
 217.000000 0.433972 2.313400 35.656687
 217.200000 0.461506 2.233750 35.656687
 217.400000 0.469029 1.979520 35.656687
 217.600000 0.475799 1.946844 35.656687
 217.800000 0.474204 1.943770 35.656687
 218.000000 0.461798 2.219218 35.656687
 218.200000 0.436455 4.139014 35.656687
 218.400000 0.447799 4.128393 35.656687
 218.600000 0.458791 3.936568 35.656687
 218.800000 0.450442 4.118976 35.656687
 219.000000 0.441164 4.118622 35.656687
 219.200000 0.442195 5.572609 35.656687
 219.400000 0.448528 5.418391 35.656687
 219.600000 0.439550 5.568642 35.656687
 219.800000 0.422635 5.289942 35.656687
 220.000000 0.417116 5.372578 35.623817
