#! FIELDS time d metad.bias metad.rct
 0.000000 0.129546 0.000000 0.000000
 0.200000 0.120743 0.000000 0.000000
 0.400000 0.144337 0.000000 0.000000
 0.600000 0.155334 0.000000 0.000000
 0.800000 0.158883 0.000000 0.000000
 1.000000 0.142639 0.000000 0.000000
 1.200000 0.128651 1.131749 0.000000
 1.400000 0.114675 0.305076 0.000000
 1.600000 0.124294 0.826619 0.000000
 1.800000 0.117089 0.407625 0.000000
 2.000000 0.139520 1.712514 0.000000
 2.200000 0.117058 0.932439 0.000000
 2.400000 0.132946 2.892302 0.000000
 2.600000 0.124689 1.846766 0.000000
 2.800000 0.125586 1.967589 0.000000
 3.000000 0.106367 0.228933 0.000000
 3.200000 0.132608 3.228868 0.000000
 3.400000 0.166519 0.808786 0.000000
 3.600000 0.153792 2.364985 0.000000
 3.800000 0.158641 1.707635 0.000000
 4.000000 0.158072 1.783555 0.000000
 4.200000 0.159267 3.236460 0.000000
 4.400000 0.171011 1.579106 0.000000
 4.600000 0.154988 3.785727 0.000000
 4.800000 0.155863 3.682725 0.000000
 5.000000 0.172328 1.417141 1.213133
 5.200000 0.141119 4.506220 1.213133
 5.400000 0.147159 4.775091 1.213133
 5.600000 0.147859 4.783554 1.213133
 5.800000 0.149396 4.786024 1.213133
 6.000000 0.127880 3.121180 1.213133
 6.200000 0.120645 3.853351 1.213133
 6.400000 0.107453 2.601506 1.213133
 6.600000 0.117175 3.495598 1.213133
 6.800000 0.115834 3.364301 1.213133
 7.000000 0.111822 2.990682 1.213133
 7.200000 0.141823 5.747486 1.213133
 7.400000 0.129381 5.571002 1.213133
 7.600000 0.131226 5.642520 1.213133
 7.800000 0.131407 5.648992 1.213133
 8.000000 0.139069 5.784196 1.213133
 8.200000 0.156837 5.441255 1.213133
 8.400000 0.158251 5.231353 1.213133
 8.600000 0.164838 4.258279 1.213133
 8.800000 0.173118 3.078657 1.213133
 9.000000 0.163473 4.457783 1.213133
 9.200000 0.164509 5.737450 1.213133
 9.400000 0.173754 4.123603 1.213133
 9.600000 0.178295 3.245887 1.213133
 9.800000 0.183674 2.255516 1.213133
 10.000000 0.159790 6.394378 3.530688
 10.200000 0.134606 7.578231 3.530688
 10.400000 0.134139 7.525057 3.530688
 10.600000 0.151486 8.368601 3.530688
 10.800000 0.145219 8.378298 3.530688
 11.000000 0.130188 7.043603 3.530688
 11.200000 0.124268 7.468692 3.530688
 11.400000 0.132478 8.592548 3.530688
 11.600000 0.126763 7.849787 3.530688
 11.800000 0.123104 7.283598 3.530688
 12.000000 0.134503 8.793380 3.530688
 12.200000 0.117462 6.971920 3.530688
 12.400000 0.136456 10.121938 3.530688
 12.600000 0.149469 9.691826 3.530688
 12.800000 0.177283 4.131662 3.530688
 13.000000 0.184850 2.382652 3.530688
 13.200000 0.177237 5.526514 3.530688
 13.400000 0.171021 6.747094 3.530688
 13.600000 0.170757 6.795984 3.530688
 13.800000 0.147445 9.960577 3.530688
 14.000000 0.147796 9.932681 3.530688
 14.200000 0.127951 9.563760 3.530688
 14.400000 0.153336 10.432085 3.530688
 14.600000 0.165731 8.218366 3.530688
 14.800000 0.164254 8.519611 3.530688
 15.000000 0.160181 9.306910 6.414509
 15.200000 0.158811 10.705560 6.414509
 15.400000 0.161425 10.226321 6.414509
 15.600000 0.172108 7.685781 6.414509
 15.800000 0.165224 9.415161 6.414509
 16.000000 0.176215 6.571596 6.414509
 16.200000 0.175072 8.185528 6.414509
 16.400000 0.180768 6.591374 6.414509
 16.600000 0.184527 5.503708 6.414509
 16.800000 0.171194 9.163329 6.414509
 17.000000 0.168653 9.736630 6.414509
 17.200000 0.174558 9.370642 6.414509
 17.400000 0.169540 10.675483 6.414509
 17.600000 0.173072 9.789797 6.414509
 17.800000 0.188746 4.779343 6.414509
 18.000000 0.181040 7.318554 6.414509
 18.200000 0.150507 12.730989 6.414509
 18.400000 0.100192 3.382032 6.414509
 18.600000 0.103892 4.130794 6.414509
 18.800000 0.123563 8.633438 6.414509
 19.000000 0.112148 5.903568 6.414509
 19.200000 0.117573 8.421037 6.414509
 19.400000 0.119201 8.758797 6.414509
 19.600000 0.109388 6.616925 6.414509
 19.800000 0.105467 5.675543 6.414509
 20.000000 0.116521 8.199655 8.114916
 20.200000 0.119746 10.057577 8.114916
 20.400000 0.135470 12.239089 8.114916
 20.600000 0.124412 10.864335 8.114916
 20.800000 0.126235 11.143170 8.114916
 21.000000 0.120998 10.287857 8.114916
 21.200000 0.133289 12.820662 8.114916
 21.400000 0.119065 11.025446 8.114916
 21.600000 0.119979 11.205218 8.114916
 21.800000 0.125104 12.038479 8.114916
 22.000000 0.090205 2.477450 8.114916
 22.200000 0.086781 3.265364 8.114916
 22.400000 0.104762 7.987149 8.114916
 22.600000 0.120569 11.515612 8.114916
 22.800000 0.138467 13.038887 8.114916
 23.000000 0.124690 12.090383 8.114916
 23.200000 0.148735 13.335782 8.114916
 23.400000 0.108494 9.552900 8.114916
 23.600000 0.081986 2.344647 8.114916
 23.800000 0.074559 1.241994 8.114916
 24.000000 0.065808 0.478203 8.114916
 24.200000 0.086146 3.847934 8.114916
 24.400000 0.125842 13.243719 8.114916
 24.600000 0.129348 13.542738 8.114916
 24.800000 0.117947 11.996673 8.114916
 25.000000 0.097649 6.370374 9.231699
 25.200000 0.069841 2.652978 9.231699
 25.400000 0.061957 2.020163 9.231699
 25.600000 0.084518 4.509815 9.231699
 25.800000 0.085436 4.686808 9.231699
 26.000000 0.099092 8.088812 9.231699
 26.200000 0.110881 12.049586 9.231699
 26.400000 0.122915 13.535751 9.231699
 26.600000 0.122942 13.537684 9.231699
 26.800000 0.109256 11.746858 9.231699
 27.000000 0.086386 5.730532 9.231699
 27.200000 0.077543 4.998561 9.231699
 27.400000 0.057011 1.828636 9.231699
 27.600000 0.082982 6.237576 9.231699
 27.800000 0.109227 12.164606 9.231699
 28.000000 0.129374 13.859623 9.231699
 28.200000 0.116623 13.750493 9.231699
 28.400000 0.104211 11.543938 9.231699
 28.600000 0.105068 11.724770 9.231699
 28.800000 0.096170 9.653772 9.231699
 29.000000 0.093500 8.966466 9.231699
 29.200000 0.099901 11.642085 9.231699
 29.400000 0.105937 12.735920 9.231699
 29.600000 0.128770 14.862295 9.231699
 29.800000 0.099690 11.598276 9.231699
 30.000000 0.081012 6.601684 10.396166
 30.200000 0.093059 10.968517 10.396166
 30.400000 0.101516 12.475269 10.396166
 30.600000 0.098153 11.944703 10.396166
 30.800000 0.119905 14.453387 10.396166
 31.000000 0.134154 14.798326 10.396166
 31.200000 0.123160 15.362489 10.396166
 31.400000 0.111949 14.034447 10.396166
 31.600000 0.127008 15.642196 10.396166
 31.800000 0.151621 13.983020 10.396166
 32.000000 0.152672 13.867896 10.396166
 32.200000 0.147475 15.349964 10.396166
 32.400000 0.141497 15.864944 10.396166
 32.600000 0.146175 15.474705 10.396166
 32.800000 0.175090 10.718851 10.396166
 33.000000 0.186826 6.633941 10.396166
 33.200000 0.168842 13.002415 10.396166
 33.400000 0.169280 12.925110 10.396166
 33.600000 0.176191 11.391481 10.396166
 33.800000 0.175853 11.480812 10.396166
 34.000000 0.172206 12.350556 10.396166
 34.200000 0.191853 6.508035 10.396166
 34.400000 0.205242 2.120168 10.396166
 34.600000 0.207024 1.740305 10.396166
 34.800000 0.197863 4.241127 10.396166
 35.000000 0.195863 4.953725 11.800913
 35.200000 0.187327 9.551705 11.800913
 35.400000 0.179050 12.233911 11.800913
 35.600000 0.188972 8.946550 11.800913
 35.800000 0.208931 2.349085 11.800913
 36.000000 0.217358 0.930879 11.800913
 36.200000 0.195050 7.211762 11.800913
 36.400000 0.183838 10.907331 11.800913
 36.600000 0.182521 11.311999 11.800913
 36.800000 0.179885 12.071080 11.800913
 37.000000 0.198942 6.041293 11.800913
 37.200000 0.194571 8.645887 11.800913
 37.400000 0.193467 8.972301 11.800913
 37.600000 0.198355 7.544909 11.800913
 37.800000 0.203061 6.259066 11.800913
 38.000000 0.193422 8.985715 11.800913
 38.200000 0.178908 13.612414 11.800913
 38.400000 0.161896 15.072274 11.800913
 38.600000 0.157077 15.225470 11.800913
 38.800000 0.144848 15.814954 11.800913
 39.000000 0.146621 15.711137 11.800913
 39.200000 0.134283 16.801906 11.800913
 39.400000 0.106582 13.334872 11.800913
 39.600000 0.077200 6.839014 11.800913
 39.800000 0.059907 2.750031 11.800913
 40.000000 0.048459 1.096013 12.452029
 40.200000 0.048465 2.763265 12.452029
 40.400000 0.046999 2.606959 12.452029
 40.600000 0.063458 4.452844 12.452029
 40.800000 0.054280 3.371749 12.452029
 41.000000 0.069201 5.376172 12.452029
 41.200000 0.083617 9.600849 12.452029
 41.400000 0.074208 7.703113 12.452029
 41.600000 0.060002 5.146878 12.452029
 41.800000 0.060329 5.201663 12.452029
 42.000000 0.053550 4.093136 12.452029
 42.200000 0.030052 1.350381 12.452029
 42.400000 0.037790 2.603058 12.452029
 42.600000 0.041359 3.287086 12.452029
 42.800000 0.067874 7.434752 12.452029
 43.000000 0.075511 8.456804 12.452029
 43.200000 0.083422 10.804163 12.452029
 43.400000 0.073383 9.338296 12.452029
 43.600000 0.066212 8.224778 12.452029
 43.800000 0.053303 5.911382 12.452029
 44.000000 0.040361 3.167160 12.452029
 44.200000 0.060997 7.941834 12.452029
 44.400000 0.080668 10.452661 12.452029
 44.600000 0.079024 10.228563 12.452029
 44.800000 0.054525 7.127031 12.452029
 45.000000 0.030245 2.596618 12.486475
 45.200000 0.052030 7.315892 12.486475
 45.400000 0.068111 8.860181 12.486475
 45.600000 0.068275 8.878721 12.486475
 45.800000 0.057317 7.794856 12.486475
 46.000000 0.041169 6.047545 12.486475
 46.200000 0.046336 7.981545 12.486475
 46.400000 0.074480 9.743174 12.486475
 46.600000 0.081355 10.582293 12.486475
 46.800000 0.057348 8.543667 12.486475
 47.000000 0.068530 9.158800 12.486475
 47.200000 0.083665 11.578785 12.486475
 47.400000 0.075276 10.885110 12.486475
 47.600000 0.064757 10.012724 12.486475
 47.800000 0.051730 8.950672 12.486475
 48.000000 0.065563 10.078406 12.486475
 48.200000 0.083289 12.102523 12.486475
 48.400000 0.084761 12.159860 12.486475
 48.600000 0.078594 11.926503 12.486475
 48.800000 0.049735 9.395610 12.486475
 49.000000 0.058790 10.546431 12.486475
 49.200000 0.054370 11.075090 12.486475
 49.400000 0.046292 9.624788 12.486475
 49.600000 0.042234 8.706904 12.486475
 49.800000 0.041532 8.536135 12.486475
 50.000000 0.031942 5.949954 12.633830
 50.200000 0.049156 10.892493 12.633830
 50.400000 0.021190 4.097507 12.633830
 50.600000 0.045518 10.349344 12.633830
 50.800000 0.054599 11.535788 12.633830
 51.000000 0.044917 10.249720 12.633830
 51.200000 0.058547 12.623034 12.633830
 51.400000 0.064198 12.719532 12.633830
 51.600000 0.088205 12.478282 12.633830
 51.800000 0.067354 12.704506 12.633830
 52.000000 0.073121 12.597486 12.633830
 52.200000 0.079141 13.390064 12.633830
 52.400000 0.092144 13.041905 12.633830
 52.600000 0.088075 13.082307 12.633830
 52.800000 0.112566 14.327460 12.633830
 53.000000 0.122034 15.609170 12.633830
 53.200000 0.117614 15.828930 12.633830
 53.400000 0.094757 13.230113 12.633830
 53.600000 0.086354 13.173182 12.633830
 53.800000 0.110146 14.682006 12.633830
 54.000000 0.097201 13.344161 12.633830
 54.200000 0.086485 13.918570 12.633830
 54.400000 0.101356 14.572864 12.633830
 54.600000 0.123523 16.884749 12.633830
 54.800000 0.104507 14.814489 12.633830
 55.000000 0.063462 13.603082 13.453007
 55.200000 0.056855 14.001089 13.453007
 55.400000 0.075200 14.573010 13.453007
 55.600000 0.093997 14.266785 13.453007
 55.800000 0.119889 16.481222 13.453007
 56.000000 0.100591 14.562588 13.453007
 56.200000 0.070077 14.808552 13.453007
 56.400000 0.080724 14.741433 13.453007
 56.600000 0.089294 14.884302 13.453007
 56.800000 0.097823 15.312199 13.453007
 57.000000 0.103317 15.645036 13.453007
 57.200000 0.091133 15.585205 13.453007
 57.400000 0.092658 15.706330 13.453007
 57.600000 0.095486 15.938729 13.453007
 57.800000 0.105524 16.645967 13.453007
 58.000000 0.150894 16.452428 13.453007
 58.200000 0.151598 17.232906 13.453007
 58.400000 0.185609 12.349638 13.453007
 58.600000 0.182106 13.175424 13.453007
 58.800000 0.175615 14.444523 13.453007
 59.000000 0.172031 15.012922 13.453007
 59.200000 0.173487 15.684471 13.453007
 59.400000 0.175829 15.276130 13.453007
 59.600000 0.172803 15.792905 13.453007
 59.800000 0.150525 17.644333 13.453007
 60.000000 0.163897 16.813451 14.742199
 60.200000 0.184753 13.499904 14.742199
 60.400000 0.182097 14.288380 14.742199
 60.600000 0.181316 14.508548 14.742199
 60.800000 0.177043 15.604576 14.742199
 61.000000 0.186442 12.969237 14.742199
 61.200000 0.191423 12.238470 14.742199
 61.400000 0.197972 9.770628 14.742199
 61.600000 0.197644 9.895876 14.742199
 61.800000 0.212356 4.914710 14.742199
 62.000000 0.213122 4.710172 14.742199
 62.200000 0.217518 5.011697 14.742199
 62.400000 0.216096 5.364944 14.742199
 62.600000 0.203719 8.803688 14.742199
 62.800000 0.218616 4.744159 14.742199
 63.000000 0.219002 4.651017 14.742199
 63.200000 0.230286 3.311390 14.742199
 63.400000 0.228408 3.758429 14.742199
 63.600000 0.220202 5.783378 14.742199
 63.800000 0.218505 6.192591 14.742199
 64.000000 0.207612 8.712347 14.742199
 64.200000 0.220630 6.492694 14.742199
 64.400000 0.202778 11.011997 14.742199
 64.600000 0.183939 15.357825 14.742199
 64.800000 0.149816 18.262643 14.742199
 65.000000 0.147767 18.287016 15.277984
 65.200000 0.150775 19.010572 15.277984
 65.400000 0.148718 19.049264 15.277984
 65.600000 0.151284 18.999033 15.277984
 65.800000 0.134840 18.801903 15.277984
 66.000000 0.136569 18.892238 15.277984
 66.200000 0.117273 17.723899 15.277984
 66.400000 0.095116 15.923351 15.277984
 66.600000 0.078955 14.983305 15.277984
 66.800000 0.066073 14.761884 15.277984
 67.000000 0.079103 14.985918 15.277984
 67.200000 0.084846 16.008057 15.277984
 67.400000 0.115605 17.604917 15.277984
 67.600000 0.109225 17.143246 15.277984
 67.800000 0.086897 16.072655 15.277984
 68.000000 0.073830 15.771896 15.277984
 68.200000 0.073304 16.622921 15.277984
 68.400000 0.084047 16.673243 15.277984
 68.600000 0.085998 16.666162 15.277984
 68.800000 0.092681 16.705153 15.277984
 69.000000 0.100299 16.869071 15.277984
 69.200000 0.105199 17.804713 15.277984
 69.400000 0.090776 17.357560 15.277984
 69.600000 0.093806 17.473496 15.277984
 69.800000 0.062378 15.709636 15.277984
 70.000000 0.055465 14.518167 16.114927
 70.200000 0.026415 6.362458 16.114927
 70.400000 0.036106 10.013297 16.114927
 70.600000 0.034997 9.609706 16.114927
 70.800000 0.021713 4.672082 16.114927
 71.000000 0.033241 8.957007 16.114927
 71.200000 0.055494 15.829653 16.114927
 71.400000 0.085152 17.292008 16.114927
 71.600000 0.094449 17.527634 16.114927
 71.800000 0.099716 17.688155 16.114927
 72.000000 0.088107 17.343978 16.114927
 72.200000 0.080094 17.971912 16.114927
 72.400000 0.051858 15.258635 16.114927
 72.600000 0.031713 9.547267 16.114927
 72.800000 0.040428 12.553987 16.114927
 73.000000 0.049506 14.794623 16.114927
 73.200000 0.027929 8.357259 16.114927
 73.400000 0.045743 14.840238 16.114927
 73.600000 0.049841 15.768248 16.114927
 73.800000 0.075250 18.043887 16.114927
 74.000000 0.067655 17.856852 16.114927
 74.200000 0.053388 16.917796 16.114927
 74.400000 0.045059 14.917656 16.114927
 74.600000 0.040754 13.570154 16.114927
 74.800000 0.028947 8.828925 16.114927
 75.000000 0.036256 11.917571 16.600696
 75.200000 0.041566 14.808571 16.600696
 75.400000 0.058204 18.094902 16.600696
 75.600000 0.091481 18.461086 16.600696
 75.800000 0.077693 18.717270 16.600696
 76.000000 0.044898 15.742797 16.600696
 76.200000 0.035062 13.166923 16.600696
 76.400000 0.044399 16.481103 16.600696
 76.600000 0.046863 17.077098 16.600696
 76.800000 0.067213 19.032637 16.600696
 77.000000 0.064772 19.001679 16.600696
 77.200000 0.081111 19.088892 16.600696
 77.400000 0.077676 19.313920 16.600696
 77.600000 0.096292 18.497726 16.600696
 77.800000 0.115803 18.270734 16.600696
 78.000000 0.112114 18.201572 16.600696
 78.200000 0.098524 18.960031 16.600696
 78.400000 0.096074 18.941326 16.600696
 78.600000 0.070296 19.729111 16.600696
 78.800000 0.028515 10.055135 16.600696
 79.000000 0.033064 12.334953 16.600696
 79.200000 0.054847 19.319259 16.600696
 79.400000 0.067223 19.854444 16.600696
 79.600000 0.078680 19.319036 16.600696
 79.800000 0.063514 19.845336 16.600696
 80.000000 0.090349 18.923132 17.409460
 80.200000 0.130249 19.698386 17.409460
 80.400000 0.131062 19.734102 17.409460
 80.600000 0.121034 19.285032 17.409460
 80.800000 0.085397 19.718256 17.409460
 81.000000 0.087504 19.694633 17.409460
 81.200000 0.110495 19.501717 17.409460
 81.400000 0.117892 19.306983 17.409460
 81.600000 0.120841 19.339338 17.409460
 81.800000 0.112229 19.425260 17.409460
 82.000000 0.101677 20.008638 17.409460
 82.200000 0.114822 19.832099 17.409460
 82.400000 0.116762 19.744727 17.409460
 82.600000 0.107810 20.306009 17.409460
 82.800000 0.115796 19.784884 17.409460
 83.000000 0.139402 19.947063 17.409460
 83.200000 0.148456 20.250640 17.409460
 83.400000 0.116911 19.972058 17.409460
 83.600000 0.135486 20.635807 17.409460
 83.800000 0.160702 19.095401 17.409460
 84.000000 0.158914 19.283313 17.409460
 84.200000 0.145315 20.953610 17.409460
 84.400000 0.149203 20.793043 17.409460
 84.600000 0.169486 18.617645 17.409460
 84.800000 0.201912 11.220501 17.409460
 85.000000 0.214177 8.283089 18.279750
 85.200000 0.222964 6.824391 18.279750
 85.400000 0.211731 10.100703 18.279750
 85.600000 0.209140 10.683281 18.279750
 85.800000 0.188271 14.793682 18.279750
 86.000000 0.192861 13.819447 18.279750
 86.200000 0.195695 14.181827 18.279750
 86.400000 0.171404 18.644723 18.279750
 86.600000 0.138760 20.970719 18.279750
 86.800000 0.133951 20.773560 18.279750
 87.000000 0.132124 20.663785 18.279750
 87.200000 0.128544 21.101826 18.279750
 87.400000 0.105324 20.684637 18.279750
 87.600000 0.114259 20.387541 18.279750
 87.800000 0.120356 20.517974 18.279750
 88.000000 0.112859 20.404272 18.279750
 88.200000 0.103539 21.347941 18.279750
 88.400000 0.094415 21.312660 18.279750
 88.600000 0.111960 21.126668 18.279750
 88.800000 0.115158 21.082100 18.279750
 89.000000 0.116849 21.081174 18.279750
 89.200000 0.104083 21.812485 18.279750
 89.400000 0.073934 20.657930 18.279750
 89.600000 0.091026 21.354477 18.279750
 89.800000 0.113767 21.765478 18.279750
 90.000000 0.120687 21.812289 19.354247
 90.200000 0.119427 22.450230 19.354247
 90.400000 0.112644 22.344550 19.354247
 90.600000 0.115213 22.381512 19.354247
 90.800000 0.088622 21.284649 19.354247
 91.000000 0.065479 20.343870 19.354247
 91.200000 0.078208 21.274565 19.354247
 91.400000 0.086728 21.422834 19.354247
 91.600000 0.089662 21.545642 19.354247
 91.800000 0.086087 21.400530 19.354247
 92.000000 0.083413 21.328866 19.354247
 92.200000 0.080714 21.955126 19.354247
 92.400000 0.073171 21.796560 19.354247
 92.600000 0.031865 12.813457 19.354247
 92.800000 0.034692 14.192953 19.354247
 93.000000 0.031815 12.788403 19.354247
 93.200000 0.025935 10.567994 19.354247
 93.400000 0.041744 17.813310 19.354247
 93.600000 0.057725 20.747062 19.354247
 93.800000 0.073409 21.823085 19.354247
 94.000000 0.060225 21.013480 19.354247
 94.200000 0.053366 20.814142 19.354247
 94.400000 0.081653 22.220378 19.354247
 94.600000 0.090110 22.272532 19.354247
 94.800000 0.081389 22.222136 19.354247
 95.000000 0.078018 22.253900 20.114584
 95.200000 0.075118 22.918697 20.114584
 95.400000 0.048740 20.063128 20.114584
 95.600000 0.059291 21.899632 20.114584
 95.800000 0.099569 22.666697 20.114584
 96.000000 0.108376 22.540271 20.114584
 96.200000 0.120521 22.973965 20.114584
 96.400000 0.123712 22.934741 20.114584
 96.600000 0.137248 22.500957 20.114584
 96.800000 0.152696 20.997865 20.114584
 97.000000 0.149567 21.352097 20.114584
 97.200000 0.142932 22.657441 20.114584
 97.400000 0.173584 18.524852 20.114584
 97.600000 0.171795 18.833923 20.114584
 97.800000 0.162988 20.241930 20.114584
 98.000000 0.153909 21.507212 20.114584
 98.200000 0.162514 20.882341 20.114584
 98.400000 0.158793 21.489104 20.114584
 98.600000 0.151997 22.410635 20.114584
 98.800000 0.135256 23.355022 20.114584
 99.000000 0.151470 22.470486 20.114584
 99.200000 0.155319 22.615818 20.114584
 99.400000 0.170697 19.660065 20.114584
 99.600000 0.179499 17.715447 20.114584
 99.800000 0.173754 18.986642 20.114584
 100.000000 0.179482 17.719231 20.899543
 100.200000 0.171049 20.261277 20.899543
 100.400000 0.177395 18.967801 20.899543
 100.600000 0.171726 20.129431 20.899543
 100.800000 0.161936 21.884591 20.899543
 101.000000 0.158138 22.459697 20.899543
 101.200000 0.156715 23.294717 20.899543
 101.400000 0.178034 19.096435 20.899543
 101.600000 0.181045 18.364545 20.899543
 101.800000 0.162225 22.457925 20.899543
 102.000000 0.165710 21.813239 20.899543
 102.200000 0.167664 22.080403 20.899543
 102.400000 0.141564 24.310771 20.899543
 102.600000 0.138609 24.189539 20.899543
 102.800000 0.156913 23.826617 20.899543
 103.000000 0.149149 24.346943 20.899543
 103.200000 0.152339 24.786346 20.899543
 103.400000 0.171333 21.457437 20.899543
 103.600000 0.173915 20.783045 20.899543
 103.800000 0.147501 24.968202 20.899543
 104.000000 0.124527 23.533943 20.899543
 104.200000 0.121383 23.969072 20.899543
 104.400000 0.164074 23.161175 20.899543
 104.600000 0.202175 13.113411 20.899543
 104.800000 0.184150 17.941090 20.899543
 105.000000 0.171552 21.404790 21.843148
 105.200000 0.174379 21.322724 21.843148
 105.400000 0.157815 24.719417 21.843148
 105.600000 0.171016 22.216058 21.843148
 105.800000 0.169033 22.701456 21.843148
 106.000000 0.154939 25.009592 21.843148
 106.200000 0.163387 24.374000 21.843148
 106.400000 0.189235 16.890854 21.843148
 106.600000 0.182730 18.955125 21.843148
 106.800000 0.179686 19.928160 21.843148
 107.000000 0.191023 16.340764 21.843148
 107.200000 0.203133 13.557345 21.843148
 107.400000 0.209077 11.781819 21.843148
 107.600000 0.207987 12.113780 21.843148
 107.800000 0.214006 10.214912 21.843148
 108.000000 0.201240 14.115862 21.843148
 108.200000 0.204248 14.143086 21.843148
 108.400000 0.208824 12.680244 21.843148
 108.600000 0.175331 21.980585 21.843148
 108.800000 0.174475 22.189026 21.843148
 109.000000 0.191140 17.893785 21.843148
 109.200000 0.175125 22.476272 21.843148
 109.400000 0.164973 24.447106 21.843148
 109.600000 0.188110 19.479359 21.843148
 109.800000 0.194318 17.795553 21.843148
 110.000000 0.197066 16.984795 22.221155
 110.200000 0.190260 19.659848 22.221155
 110.400000 0.191663 19.309289 22.221155
 110.600000 0.188105 20.167525 22.221155
 110.800000 0.204599 15.285568 22.221155
 111.000000 0.205338 15.013489 22.221155
 111.200000 0.205521 15.842223 22.221155
 111.400000 0.208412 14.717166 22.221155
 111.600000 0.224397 7.420835 22.221155
 111.800000 0.221882 8.595312 22.221155
 112.000000 0.212040 13.181242 22.221155
 112.200000 0.214269 13.143831 22.221155
 112.400000 0.209692 15.151084 22.221155
 112.600000 0.228781 6.020418 22.221155
 112.800000 0.223794 8.414153 22.221155
 113.000000 0.245145 1.079228 22.221155
 113.200000 0.237649 4.165592 22.221155
 113.400000 0.207634 16.030549 22.221155
 113.600000 0.186614 21.140260 22.221155
 113.800000 0.188871 20.774794 22.221155
 114.000000 0.191101 20.388341 22.221155
 114.200000 0.192976 20.738904 22.221155
 114.400000 0.194376 20.449535 22.221155
 114.600000 0.190579 21.186951 22.221155
 114.800000 0.197290 19.768663 22.221155
 115.000000 0.210642 15.173243 22.310984
 115.200000 0.235816 4.854541 22.310984
 115.400000 0.239217 3.955109 22.310984
 115.600000 0.228481 7.523678 22.310984
 115.800000 0.225802 8.726474 22.310984
 116.000000 0.239491 3.891497 22.310984
 116.200000 0.239960 5.255964 22.310984
 116.400000 0.228253 8.732524 22.310984
 116.600000 0.242439 4.719930 22.310984
 116.800000 0.231671 7.524135 22.310984
 117.000000 0.231977 7.424068 22.310984
 117.200000 0.235962 7.456702 22.310984
 117.400000 0.221086 12.691556 22.310984
 117.600000 0.238390 6.769869 22.310984
 117.800000 0.243544 5.427412 22.310984
 118.000000 0.246166 4.787250 22.310984
 118.200000 0.283122 0.149852 22.310984
 118.400000 0.280941 0.220590 22.310984
 118.600000 0.244248 6.655224 22.310984
 118.800000 0.233975 9.065930 22.310984
 119.000000 0.245762 6.297531 22.310984
 119.200000 0.254820 5.155863 22.310984
 119.400000 0.262120 3.090400 22.310984
 119.600000 0.280607 0.320078 22.310984
 119.800000 0.286997 0.097597 22.310984
 120.000000 0.310189 0.000000 22.272470
 120.200000 0.298824 1.312962 22.272470
 120.400000 0.277257 0.695892 22.272470
 120.600000 0.291312 0.826412 22.272470
 120.800000 0.296228 1.140184 22.272470
 121.000000 0.288414 0.679946 22.272470
 121.200000 0.296230 2.622174 22.272470
 121.400000 0.293988 2.575410 22.272470
 121.600000 0.290072 2.446284 22.272470
 121.800000 0.284444 2.199557 22.272470
 122.000000 0.265957 2.745504 22.272470
 122.200000 0.271908 3.540932 22.272470
 122.400000 0.279325 3.054480 22.272470
 122.600000 0.283264 2.943150 22.272470
 122.800000 0.289861 2.870732 22.272470
 123.000000 0.278686 3.080345 22.272470
 123.200000 0.278635 4.608138 22.272470
 123.400000 0.282087 4.455641 22.272470
 123.600000 0.273192 4.850660 22.272470
 123.800000 0.266930 5.268398 22.272470
 124.000000 0.276653 4.692286 22.272470
 124.200000 0.297875 3.991132 22.272470
 124.400000 0.313775 2.271335 22.272470
 124.600000 0.344903 0.117087 22.272470
 124.800000 0.344095 0.132886 22.272470
 125.000000 0.358350 0.006740 22.228733
 125.200000 0.351151 1.597562 22.228733
 125.400000 0.334579 0.971754 22.228733
 125.600000 0.334206 0.972634 22.228733
 125.800000 0.338682 1.026852 22.228733
 126.000000 0.346330 1.360970 22.228733
 126.200000 0.342137 2.735989 22.228733
 126.400000 0.332887 2.085208 22.228733
 126.600000 0.320904 2.020023 22.228733
 126.800000 0.335687 2.254986 22.228733
 127.000000 0.329675 1.954309 22.228733
 127.200000 0.357339 3.302434 22.228733
 127.400000 0.370866 1.698008 22.228733
 127.600000 0.374484 1.275353 22.228733
 127.800000 0.372364 1.517206 22.228733
 128.000000 0.350115 3.779005 22.228733
 128.200000 0.355429 4.855176 22.228733
 128.400000 0.363381 3.640231 22.228733
 128.600000 0.389271 0.276505 22.228733
 128.800000 0.403906 0.014007 22.228733
 129.000000 0.391904 0.181092 22.228733
 129.200000 0.393192 1.874699 22.228733
 129.400000 0.399383 1.574822 22.228733
 129.600000 0.399817 1.548231 22.228733
 129.800000 0.408098 0.971501 22.228733
 130.000000 0.415385 0.507406 22.186289
 130.200000 0.394489 2.471543 22.186289
 130.400000 0.389487 2.363760 22.186289
 130.600000 0.373797 2.644365 22.186289
 130.800000 0.360259 4.366156 22.186289
 131.000000 0.377554 2.402055 22.186289
 131.200000 0.387494 3.585877 22.186289
 131.400000 0.389544 3.506584 22.186289
 131.600000 0.379648 3.883256 22.186289
 131.800000 0.374223 4.143874 22.186289
 132.000000 0.362675 4.984984 22.186289
 132.200000 0.372742 5.349291 22.186289
 132.400000 0.385429 4.104704 22.186289
 132.600000 0.363985 6.275632 22.186289
 132.800000 0.344959 6.128293 22.186289
 133.000000 0.346177 6.254202 22.186289
 133.200000 0.349549 7.825204 22.186289
 133.400000 0.343136 7.218249 22.186289
 133.600000 0.350710 7.867934 22.186289
 133.800000 0.346782 7.635672 22.186289
 134.000000 0.348546 7.770410 22.186289
 134.200000 0.319467 4.012439 22.186289
 134.400000 0.324882 4.689840 22.186289
 134.600000 0.326396 4.937613 22.186289
 134.800000 0.359784 8.395457 22.186289
 135.000000 0.383350 4.420267 22.145736
 135.200000 0.379120 6.323140 22.145736
 135.400000 0.375701 6.713802 22.145736
 135.600000 0.384284 5.754564 22.145736
 135.800000 0.406989 3.168678 22.145736
 136.000000 0.394725 4.522126 22.145736
 136.200000 0.396614 5.711966 22.145736
 136.400000 0.393069 6.146591 22.145736
 136.600000 0.397453 5.599131 22.145736
 136.800000 0.400942 5.101717 22.145736
 137.000000 0.418385 2.577205 22.145736
 137.200000 0.426692 2.908633 22.145736
 137.400000 0.391014 6.654773 22.145736
 137.600000 0.385149 6.955911 22.145736
 137.800000 0.401209 5.870865 22.145736
 138.000000 0.403929 5.634422 22.145736
 138.200000 0.393210 7.564149 22.145736
 138.400000 0.393123 7.565825 22.145736
 138.600000 0.394293 7.539605 22.145736
 138.800000 0.392129 7.581951 22.145736
 139.000000 0.379776 7.544444 22.145736
 139.200000 0.406117 7.052533 22.145736
 139.400000 0.397437 8.051528 22.145736
 139.600000 0.389226 8.625381 22.145736
 139.800000 0.376869 8.804013 22.145736
 140.000000 0.376435 8.806329 22.105908
 140.200000 0.378219 9.972788 22.105908
 140.400000 0.367062 10.017453 22.105908
 140.600000 0.369627 10.003760 22.105908
 140.800000 0.372942 9.997603 22.105908
 141.000000 0.383679 9.822470 22.105908
 141.200000 0.387262 10.705975 22.105908
 141.400000 0.396303 9.438060 22.105908
 141.600000 0.402978 8.190666 22.105908
 141.800000 0.402894 8.206690 22.105908
 142.000000 0.383376 10.965477 22.105908
 142.200000 0.373583 11.764542 22.105908
 142.400000 0.355102 10.351145 22.105908
 142.600000 0.355220 10.361141 22.105908
 142.800000 0.358174 10.586079 22.105908
 143.000000 0.374963 11.865604 22.105908
 143.200000 0.366587 12.065507 22.105908
 143.400000 0.375392 12.925562 22.105908
 143.600000 0.374793 12.885286 22.105908
 143.800000 0.373110 12.751230 22.105908
 144.000000 0.380568 13.053193 22.105908
 144.200000 0.375513 13.857469 22.105908
 144.400000 0.372081 13.490076 22.105908
 144.600000 0.352326 10.579405 22.105908
 144.800000 0.341763 8.455800 22.105908
 145.000000 0.343803 8.931198 22.072264
 145.200000 0.340882 9.397420 22.072264
 145.400000 0.328408 6.008610 22.072264
 145.600000 0.325322 5.312040 22.072264
 145.800000 0.327480 5.787559 22.072264
 146.000000 0.339772 9.106895 22.072264
 146.200000 0.339333 10.155288 22.072264
 146.400000 0.332074 7.984406 22.072264
 146.600000 0.347089 11.817914 22.072264
 146.800000 0.359655 12.823369 22.072264
 147.000000 0.370385 13.648140 22.072264
 147.200000 0.379254 14.941837 22.072264
 147.400000 0.363688 13.933265 22.072264
 147.600000 0.368540 14.423148 22.072264
 147.800000 0.372815 14.801376 22.072264
 148.000000 0.377139 14.977704 22.072264
 148.200000 0.391127 13.492520 22.072264
 148.400000 0.383642 15.365527 22.072264
 148.600000 0.393814 12.596551 22.072264
 148.800000 0.417880 5.395530 22.072264
 149.000000 0.416277 5.778016 22.072264
 149.200000 0.421174 5.907906 22.072264
 149.400000 0.415816 7.241297 22.072264
 149.600000 0.399527 11.316020 22.072264
 149.800000 0.384171 15.409643 22.072264
 150.000000 0.387708 14.710947 22.045500
 150.200000 0.392447 14.306372 22.045500
 150.400000 0.399063 12.134105 22.045500
 150.600000 0.399618 11.952146 22.045500
 150.800000 0.399948 11.844782 22.045500
 151.000000 0.416697 7.168364 22.045500
 151.200000 0.426201 5.651848 22.045500
 151.400000 0.415031 8.863431 22.045500
 151.600000 0.419068 7.801800 22.045500
 151.800000 0.425216 5.962111 22.045500
 152.000000 0.422213 6.888308 22.045500
 152.200000 0.422456 8.102355 22.045500
 152.400000 0.419314 8.996660 22.045500
 152.600000 0.407836 11.363843 22.045500
 152.800000 0.395370 14.080566 22.045500
 153.000000 0.387701 15.904497 22.045500
 153.200000 0.395453 14.813023 22.045500
 153.400000 0.415051 10.169087 22.045500
 153.600000 0.439800 2.536883 22.045500
 153.800000 0.429312 5.840596 22.045500
 154.000000 0.429273 5.854140 22.045500
 154.200000 0.448969 1.416535 22.045500
 154.400000 0.424886 8.663024 22.045500
 154.600000 0.402111 13.272451 22.045500
 154.800000 0.404348 12.815359 22.045500
 155.000000 0.409304 11.960028 22.018203
 155.200000 0.405434 13.605412 22.018203
 155.400000 0.396578 15.334700 22.018203
 155.600000 0.395907 15.484850 22.018203
 155.800000 0.398313 14.953869 22.018203
 156.000000 0.370340 16.363358 22.018203
 156.200000 0.352775 13.689688 22.018203
 156.400000 0.375817 18.085312 22.018203
 156.600000 0.412671 12.444577 22.018203
 156.800000 0.412676 12.443679 22.018203
 157.000000 0.387101 17.695439 22.018203
 157.200000 0.396499 16.189162 22.018203
 157.400000 0.407153 13.691992 22.018203
 157.600000 0.435678 5.153530 22.018203
 157.800000 0.436746 4.762362 22.018203
 158.000000 0.428496 7.941287 22.018203
 158.200000 0.436522 5.908147 22.018203
 158.400000 0.422281 11.306723 22.018203
 158.600000 0.425054 10.429207 22.018203
 158.800000 0.432691 7.477296 22.018203
 159.000000 0.428652 9.109007 22.018203
 159.200000 0.455544 1.072797 22.018203
 159.400000 0.434728 7.711672 22.018203
 159.600000 0.442666 4.399878 22.018203
 159.800000 0.441842 4.712373 22.018203
 160.000000 0.443791 3.989772 22.002771
 160.200000 0.422083 12.935749 22.002771
 160.400000 0.412907 14.141667 22.002771
 160.600000 0.409393 14.420606 22.002771
 160.800000 0.404043 14.992742 22.002771
 161.000000 0.412463 14.177179 22.002771
 161.200000 0.382426 19.160774 22.002771
 161.400000 0.370464 17.678424 22.002771
 161.600000 0.353465 13.882251 22.002771
 161.800000 0.327533 6.664525 22.002771
 162.000000 0.337901 9.958366 22.002771
 162.200000 0.347722 13.589633 22.002771
 162.400000 0.343147 12.587567 22.002771
 162.600000 0.332829 9.363863 22.002771
 162.800000 0.308415 3.946680 22.002771
 163.000000 0.323934 6.442718 22.002771
 163.200000 0.333424 10.646569 22.002771
 163.400000 0.322565 7.374247 22.002771
 163.600000 0.332298 10.301961 22.002771
 163.800000 0.335049 11.131491 22.002771
 164.000000 0.313620 5.383052 22.002771
 164.200000 0.334157 11.404890 22.002771
 164.400000 0.326371 9.430176 22.002771
 164.600000 0.316052 7.183956 22.002771
 164.800000 0.303691 5.551291 22.002771
 165.000000 0.297294 5.308320 21.973291
 165.200000 0.307894 7.025031 21.973291
 165.400000 0.318148 8.108266 21.973291
 165.600000 0.327773 9.952416 21.973291
 165.800000 0.333954 11.421320 21.973291
 166.000000 0.328903 10.212962 21.973291
 166.200000 0.315063 8.414734 21.973291
 166.400000 0.293676 6.772302 21.973291
 166.600000 0.306294 7.284851 21.973291
 166.800000 0.302532 7.008893 21.973291
 167.000000 0.308657 7.521916 21.973291
 167.200000 0.294759 7.591068 21.973291
 167.400000 0.301504 8.070663 21.973291
 167.600000 0.309470 8.864842 21.973291
 167.800000 0.309571 8.876368 21.973291
 168.000000 0.291416 7.421803 21.973291
 168.200000 0.272768 7.287156 21.973291
 168.400000 0.281418 8.036875 21.973291
 168.600000 0.323084 10.908345 21.973291
 168.800000 0.325741 11.330725 21.973291
 169.000000 0.291232 8.670783 21.973291
 169.200000 0.279765 8.782776 21.973291
 169.400000 0.265195 7.184344 21.973291
 169.600000 0.266469 7.246654 21.973291
 169.800000 0.247160 8.416134 21.973291
 170.000000 0.279054 8.687455 21.939231
 170.200000 0.312464 10.222414 21.939231
 170.400000 0.317633 10.478436 21.939231
 170.600000 0.324496 11.236794 21.939231
 170.800000 0.354627 15.164329 21.939231
 171.000000 0.375851 18.785777 21.939231
 171.200000 0.339660 13.761457 21.939231
 171.400000 0.326413 11.525361 21.939231
 171.600000 0.347484 14.714742 21.939231
 171.800000 0.328033 11.787211 21.939231
 172.000000 0.312450 10.222062 21.939231
 172.200000 0.315642 11.432990 21.939231
 172.400000 0.322369 11.845725 21.939231
 172.600000 0.326741 12.281277 21.939231
 172.800000 0.324336 12.025109 21.939231
 173.000000 0.322607 11.865885 21.939231
 173.200000 0.346250 14.970336 21.939231
 173.400000 0.350433 15.227284 21.939231
 173.600000 0.327224 13.320650 21.939231
 173.800000 0.322708 12.906123 21.939231
 174.000000 0.325145 13.123937 21.939231
 174.200000 0.338771 15.084903 21.939231
 174.400000 0.352123 15.539957 21.939231
 174.600000 0.342426 15.223698 21.939231
 174.800000 0.339508 15.117038 21.939231
 175.000000 0.335525 14.913720 21.930179
 175.200000 0.343341 16.037738 21.930179
 175.400000 0.346580 16.026401 21.930179
 175.600000 0.331414 15.497903 21.930179
 175.800000 0.322852 14.512192 21.930179
 176.000000 0.333272 15.657525 21.930179
 176.200000 0.333741 16.564227 21.930179
 176.400000 0.325951 15.680602 21.930179
 176.600000 0.353493 16.410700 21.930179
 176.800000 0.349945 16.478305 21.930179
 177.000000 0.352430 16.417629 21.930179
 177.200000 0.342727 17.432401 21.930179
 177.400000 0.339737 17.374337 21.930179
 177.600000 0.321257 15.026583 21.930179
 177.800000 0.317723 14.378651 21.930179
 178.000000 0.313461 13.629129 21.930179
 178.200000 0.316740 15.132016 21.930179
 178.400000 0.319888 15.645440 21.930179
 178.600000 0.320182 15.691998 21.930179
 178.800000 0.338146 17.548473 21.930179
 179.000000 0.325773 16.507069 21.930179
 179.200000 0.322665 16.892511 21.930179
 179.400000 0.355664 17.396652 21.930179
 179.600000 0.363913 17.966342 21.930179
 179.800000 0.351739 17.491391 21.930179
 180.000000 0.320899 16.599814 21.937035
 180.200000 0.349219 17.767169 21.937035
 180.400000 0.349669 17.732222 21.937035
 180.600000 0.376071 19.852962 21.937035
 180.800000 0.352935 17.527944 21.937035
 181.000000 0.337177 18.608675 21.937035
 181.200000 0.343236 18.968701 21.937035
 181.400000 0.328280 19.024804 21.937035
 181.600000 0.338396 19.326764 21.937035
 181.800000 0.356385 17.786360 21.937035
 182.000000 0.364164 18.162741 21.937035
 182.200000 0.372779 20.136175 21.937035
 182.400000 0.366663 19.271911 21.937035
 182.600000 0.355611 18.472824 21.937035
 182.800000 0.358645 18.505366 21.937035
 183.000000 0.358105 18.488767 21.937035
 183.200000 0.361272 19.405142 21.937035
 183.400000 0.364476 19.681408 21.937035
 183.600000 0.354593 19.240517 21.937035
 183.800000 0.351756 19.320765 21.937035
 184.000000 0.344662 19.671012 21.937035
 184.200000 0.338056 20.486367 21.937035
 184.400000 0.324933 18.979592 21.937035
 184.600000 0.326528 19.279108 21.937035
 184.800000 0.332454 20.121771 21.937035
 185.000000 0.343218 20.457426 22.031260
 185.200000 0.349072 20.795258 22.031260
 185.400000 0.363428 20.193868 22.031260
 185.600000 0.358350 20.166007 22.031260
 185.800000 0.334619 20.911250 22.031260
 186.000000 0.349293 20.776920 22.031260
 186.200000 0.373141 21.052088 22.031260
 186.400000 0.383128 20.571099 22.031260
 186.600000 0.385798 20.086113 22.031260
 186.800000 0.393426 18.164792 22.031260
 187.000000 0.385350 20.177517 22.031260
 187.200000 0.389960 19.771204 22.031260
 187.400000 0.373756 21.600092 22.031260
 187.600000 0.364177 20.912563 22.031260
 187.800000 0.387015 20.528182 22.031260
 188.000000 0.407677 15.782230 22.031260
 188.200000 0.398443 18.124041 22.031260
 188.400000 0.401888 17.451863 22.031260
 188.600000 0.401147 17.583100 22.031260
 188.800000 0.403173 17.241888 22.031260
 189.000000 0.404409 17.059387 22.031260
 189.200000 0.397071 19.159634 22.031260
 189.400000 0.397850 18.998861 22.031260
 189.600000 0.398611 18.847150 22.031260
 189.800000 0.399452 18.685821 22.031260
 190.000000 0.401837 18.267089 22.132999
 190.200000 0.423898 14.345509 22.132999
 190.400000 0.407793 18.150074 22.132999
 190.600000 0.395773 20.151745 22.132999
 190.800000 0.401967 19.021493 22.132999
 191.000000 0.417918 16.252228 22.132999
 191.200000 0.425211 14.591572 22.132999
 191.400000 0.422559 15.640801 22.132999
 191.600000 0.412037 18.279629 22.132999
 191.800000 0.399429 19.851856 22.132999
 192.000000 0.405518 19.081124 22.132999
 192.200000 0.398835 20.617678 22.132999
 192.400000 0.384770 22.381264 22.132999
 192.600000 0.393787 21.330170 22.132999
 192.800000 0.406396 19.729500 22.132999
 193.000000 0.418553 17.443038 22.132999
 193.200000 0.430998 12.647613 22.132999
 193.400000 0.443751 6.072545 22.132999
 193.600000 0.462217 1.099736 22.132999
 193.800000 0.436873 9.435020 22.132999
 194.000000 0.460131 1.391838 22.132999
 194.200000 0.457698 3.426904 22.132999
 194.400000 0.440311 8.353526 22.132999
 194.600000 0.451183 4.737269 22.132999
 194.800000 0.460462 2.986213 22.132999
 195.000000 0.434310 11.197004 22.168870
 195.200000 0.410935 20.163240 22.168870
 195.400000 0.413846 19.820544 22.168870
 195.600000 0.444279 7.636956 22.168870
 195.800000 0.449165 5.902422 22.168870
 196.000000 0.468441 1.989538 22.168870
 196.200000 0.467071 3.771402 22.168870
 196.400000 0.451031 6.159009 22.168870
 196.600000 0.442165 8.854428 22.168870
 196.800000 0.440291 9.616087 22.168870
 197.000000 0.459395 4.746419 22.168870
 197.200000 0.446720 8.269637 22.168870
 197.400000 0.460010 6.080785 22.168870
 197.600000 0.442757 9.391398 22.168870
 197.800000 0.456393 6.559943 22.168870
 198.000000 0.446033 8.442087 22.168870
 198.200000 0.435393 13.177105 22.168870
 198.400000 0.427763 16.255417 22.168870
 198.600000 0.442512 10.639621 22.168870
 198.800000 0.466775 5.525004 22.168870
 199.000000 0.474183 3.869516 22.168870
 199.200000 0.463402 7.353693 22.168870
 199.400000 0.447858 9.508771 22.168870
 199.600000 0.422458 18.120483 22.168870
 199.800000 0.431066 14.952632 22.168870
 200.000000 0.455004 8.403850 22.139542
