#! FIELDS time d metad.bias metad.rct
 0.000000 0.129546 0.000000 0.000000
 0.200000 0.128086 0.000000 0.000000
 0.400000 0.139612 0.000000 0.000000
 0.600000 0.130416 0.000000 0.000000
 0.800000 0.134413 0.000000 0.000000
 1.000000 0.122956 0.000000 0.000000
 1.200000 0.146652 0.500118 0.000000
 1.400000 0.130975 1.516520 0.000000
 1.600000 0.146918 0.486084 0.000000
 1.800000 0.141103 0.840059 0.000000
 2.000000 0.148507 0.407610 0.000000
 2.200000 0.143171 2.316704 0.000000
 2.400000 0.156065 1.663264 0.000000
 2.600000 0.166594 0.850987 0.000000
 2.800000 0.153760 1.825541 0.000000
 3.000000 0.151773 1.951765 0.000000
 3.200000 0.150967 3.600712 0.000000
 3.400000 0.145878 3.719215 0.000000
 3.600000 0.130000 2.925394 0.000000
 3.800000 0.107632 1.093882 0.000000
 4.000000 0.132088 3.072255 0.000000
 4.200000 0.125744 4.009966 0.000000
 4.400000 0.125876 4.025092 0.000000
 4.600000 0.133538 4.690598 0.000000
 4.800000 0.144999 4.765539 0.000000
 5.000000 0.129603 4.402379 1.587212
 5.200000 0.119398 4.320221 1.587212
 5.400000 0.141126 5.949445 1.587212
 5.600000 0.149676 5.009170 1.587212
 5.800000 0.151229 4.768286 1.587212
 6.000000 0.177226 0.670048 1.587212
 6.200000 0.161439 3.894842 1.587212
 6.400000 0.156898 4.449294 1.587212
 6.600000 0.152288 5.018686 1.587212
 6.800000 0.168879 3.100818 1.587212
 7.000000 0.156120 4.546540 1.587212
 7.200000 0.148824 6.683017 1.587212
 7.400000 0.175150 3.180426 1.587212
 7.600000 0.177547 2.855153 1.587212
 7.800000 0.165373 4.634810 1.587212
 8.000000 0.167328 4.332768 1.587212
 8.200000 0.177525 4.002790 1.587212
 8.400000 0.175440 4.386329 1.587212
 8.600000 0.171354 5.115946 1.587212
 8.800000 0.163400 6.333320 1.587212
 9.000000 0.163467 6.324664 1.587212
 9.200000 0.158943 8.094934 1.587212
 9.400000 0.171045 6.330929 1.587212
 9.600000 0.149246 8.192274 1.587212
 9.800000 0.133611 6.858623 1.587212
 10.000000 0.137512 7.304625 3.988642
 10.200000 0.127601 7.002610 3.988642
 10.400000 0.144383 9.051068 3.988642
 10.600000 0.146224 9.104271 3.988642
 10.800000 0.153943 8.970882 3.988642
 11.000000 0.147766 9.124381 3.988642
 11.200000 0.160543 9.164623 3.988642
 11.400000 0.144226 10.178523 3.988642
 11.600000 0.162970 8.701640 3.988642
 11.800000 0.166184 7.995327 3.988642
 12.000000 0.163432 8.606355 3.988642
 12.200000 0.150252 11.068453 3.988642
 12.400000 0.137762 9.801106 3.988642
 12.600000 0.135923 9.462491 3.988642
 12.800000 0.144939 10.772025 3.988642
 13.000000 0.146250 10.882162 3.988642
 13.200000 0.131727 9.241448 3.988642
 13.400000 0.136745 10.499285 3.988642
 13.600000 0.128150 8.203446 3.988642
 13.800000 0.120957 5.935748 3.988642
 14.000000 0.126478 7.690046 3.988642
 14.200000 0.113830 4.636321 3.988642
 14.400000 0.112425 4.182127 3.988642
 14.600000 0.100663 1.330457 3.988642
 14.800000 0.100948 1.376589 3.988642
 15.000000 0.112751 4.285927 7.021102
 15.200000 0.097483 1.748783 7.021102
 15.400000 0.109712 4.777731 7.021102
 15.600000 0.107550 4.133261 7.021102
 15.800000 0.104739 3.354128 7.021102
 16.000000 0.105458 3.546061 7.021102
 16.200000 0.104420 4.761326 7.021102
 16.400000 0.115740 7.876841 7.021102
 16.600000 0.119828 8.939054 7.021102
 16.800000 0.114752 7.608989 7.021102
 17.000000 0.098851 3.358545 7.021102
 17.200000 0.108363 7.069864 7.021102
 17.400000 0.112512 7.987065 7.021102
 17.600000 0.119909 9.519872 7.021102
 17.800000 0.148635 12.605725 7.021102
 18.000000 0.174378 6.994524 7.021102
 18.200000 0.155244 12.633062 7.021102
 18.400000 0.150051 12.890046 7.021102
 18.600000 0.147677 12.889087 7.021102
 18.800000 0.140942 12.559669 7.021102
 19.000000 0.135236 11.988228 7.021102
 19.200000 0.148273 13.598287 7.021102
 19.400000 0.145714 13.642579 7.021102
 19.600000 0.168329 10.263093 7.021102
 19.800000 0.179887 6.372514 7.021102
 20.000000 0.185117 4.594053 8.470274
 20.200000 0.210639 0.571595 8.470274
 20.400000 0.194112 3.333983 8.470274
 20.600000 0.187128 5.377631 8.470274
 20.800000 0.184049 6.365881 8.470274
 21.000000 0.187757 5.179945 8.470274
 21.200000 0.188530 6.327158 8.470274
 21.400000 0.170588 11.180493 8.470274
 21.600000 0.177222 9.640349 8.470274
 21.800000 0.188463 6.348247 8.470274
 22.000000 0.184604 7.544776 8.470274
 22.200000 0.179044 10.323970 8.470274
 22.400000 0.176455 10.914724 8.470274
 22.600000 0.160373 13.194680 8.470274
 22.800000 0.156207 13.503334 8.470274
 23.000000 0.163207 12.926247 8.470274
 23.200000 0.153807 14.440086 8.470274
 23.400000 0.155821 14.397998 8.470274
 23.600000 0.147458 14.336736 8.470274
 23.800000 0.110261 7.748296 8.470274
 24.000000 0.099881 5.168547 8.470274
 24.200000 0.110998 8.988606 8.470274
 24.400000 0.100128 6.619075 8.470274
 24.600000 0.090295 4.092236 8.470274
 24.800000 0.131358 12.724742 8.470274
 25.000000 0.136927 13.487016 10.101680
 25.200000 0.125072 12.369442 10.101680
 25.400000 0.110294 9.045402 10.101680
 25.600000 0.104508 7.728795 10.101680
 25.800000 0.079594 1.707257 10.101680
 26.000000 0.082195 2.194537 10.101680
 26.200000 0.103522 8.070748 10.101680
 26.400000 0.120466 11.397990 10.101680
 26.600000 0.128042 13.005641 10.101680
 26.800000 0.138441 14.614317 10.101680
 27.000000 0.120999 11.513487 10.101680
 27.200000 0.104619 8.848312 10.101680
 27.400000 0.110819 10.248778 10.101680
 27.600000 0.124505 13.291893 10.101680
 27.800000 0.105850 9.125381 10.101680
 28.000000 0.092197 6.030025 10.101680
 28.200000 0.112732 11.209695 10.101680
 28.400000 0.139367 15.205265 10.101680
 28.600000 0.142721 15.317977 10.101680
 28.800000 0.138574 15.162946 10.101680
 29.000000 0.111806 11.042514 10.101680
 29.200000 0.078177 3.967596 10.101680
 29.400000 0.084441 5.662625 10.101680
 29.600000 0.076687 3.594441 10.101680
 29.800000 0.086910 6.358997 10.101680
 30.000000 0.071727 2.477758 10.806166
 30.200000 0.077604 5.273354 10.806166
 30.400000 0.074142 4.542123 10.806166
 30.600000 0.065555 2.850075 10.806166
 30.800000 0.085679 7.027119 10.806166
 31.000000 0.105587 11.065040 10.806166
 31.200000 0.095796 10.049617 10.806166
 31.400000 0.081623 6.437905 10.806166
 31.600000 0.075240 4.908499 10.806166
 31.800000 0.070320 3.826884 10.806166
 32.000000 0.101225 11.282507 10.806166
 32.200000 0.134180 15.430106 10.806166
 32.400000 0.140034 15.526370 10.806166
 32.600000 0.139587 15.525006 10.806166
 32.800000 0.147386 15.403276 10.806166
 33.000000 0.159732 14.547337 10.806166
 33.200000 0.143117 16.002899 10.806166
 33.400000 0.154781 15.862517 10.806166
 33.600000 0.172203 13.254810 10.806166
 33.800000 0.186025 8.859560 10.806166
 34.000000 0.191575 6.756431 10.806166
 34.200000 0.190797 8.345011 10.806166
 34.400000 0.198842 5.305694 10.806166
 34.600000 0.208086 2.437784 10.806166
 34.800000 0.218164 0.721681 10.806166
 35.000000 0.215028 1.101373 11.776068
 35.200000 0.212948 3.076376 11.776068
 35.400000 0.220639 2.055110 11.776068
 35.600000 0.224354 1.648135 11.776068
 35.800000 0.223073 1.784067 11.776068
 36.000000 0.218084 2.361785 11.776068
 36.200000 0.219854 3.711006 11.776068
 36.400000 0.209884 4.948018 11.776068
 36.600000 0.202851 6.064899 11.776068
 36.800000 0.206249 5.471668 11.776068
 37.000000 0.200503 6.546773 11.776068
 37.200000 0.186817 11.114473 11.776068
 37.400000 0.192547 9.724934 11.776068
 37.600000 0.186046 11.295705 11.776068
 37.800000 0.167310 14.801790 11.776068
 38.000000 0.160336 15.576162 11.776068
 38.200000 0.170250 15.082584 11.776068
 38.400000 0.184583 11.869234 11.776068
 38.600000 0.192467 9.831192 11.776068
 38.800000 0.168553 15.382376 11.776068
 39.000000 0.179417 13.137308 11.776068
 39.200000 0.198676 8.720743 11.776068
 39.400000 0.179505 14.091326 11.776068
 39.600000 0.187594 11.936039 11.776068
 39.800000 0.196920 9.205297 11.776068
 40.000000 0.159202 16.932304 13.089705
 40.200000 0.162073 17.590514 13.089705
 40.400000 0.161578 17.627249 13.089705
 40.600000 0.170473 16.477513 13.089705
 40.800000 0.181543 13.862363 13.089705
 41.000000 0.202731 7.695940 13.089705
 41.200000 0.190065 12.176753 13.089705
 41.400000 0.167518 17.046690 13.089705
 41.600000 0.150077 17.578335 13.089705
 41.800000 0.139348 16.581932 13.089705
 42.000000 0.132075 15.834822 13.089705
 42.200000 0.130560 16.547536 13.089705
 42.400000 0.133877 16.872763 13.089705
 42.600000 0.122954 15.708795 13.089705
 42.800000 0.110180 14.081885 13.089705
 43.000000 0.121592 15.549706 13.089705
 43.200000 0.173142 16.143541 13.089705
 43.400000 0.175631 15.644119 13.089705
 43.600000 0.168911 16.891375 13.089705
 43.800000 0.161588 17.799777 13.089705
 44.000000 0.170728 16.587573 13.089705
 44.200000 0.178309 15.802505 13.089705
 44.400000 0.187343 13.333612 13.089705
 44.600000 0.191502 12.121313 13.089705
 44.800000 0.194810 11.166370 13.089705
 45.000000 0.174107 16.769346 14.586720
 45.200000 0.176078 17.156801 14.586720
 45.400000 0.179140 16.377531 14.586720
 45.600000 0.195384 11.305430 14.586720
 45.800000 0.222529 4.329507 14.586720
 46.000000 0.225543 3.636894 14.586720
 46.200000 0.213742 7.494922 14.586720
 46.400000 0.191138 12.766266 14.586720
 46.600000 0.200042 10.254481 14.586720
 46.800000 0.202198 9.742045 14.586720
 47.000000 0.202973 9.567802 14.586720
 47.200000 0.206773 9.884308 14.586720
 47.400000 0.247480 0.925832 14.586720
 47.600000 0.227474 4.984215 14.586720
 47.800000 0.210294 9.130696 14.586720
 48.000000 0.211433 8.884532 14.586720
 48.200000 0.201426 11.999979 14.586720
 48.400000 0.173055 18.010185 14.586720
 48.600000 0.173439 17.944955 14.586720
 48.800000 0.164627 18.983857 14.586720
 49.000000 0.178895 16.876242 14.586720
 49.200000 0.205000 11.520615 14.586720
 49.400000 0.215675 9.111842 14.586720
 49.600000 0.196624 13.328389 14.586720
 49.800000 0.212733 9.837509 14.586720
 50.000000 0.236845 2.956001 15.003416
 50.200000 0.229391 6.414290 15.003416
 50.400000 0.236740 4.516275 15.003416
 50.600000 0.240121 3.700977 15.003416
 50.800000 0.221426 8.415301 15.003416
 51.000000 0.212014 10.393415 15.003416
 51.200000 0.212543 11.393985 15.003416
 51.400000 0.196896 13.968843 15.003416
 51.600000 0.207801 12.227463 15.003416
 51.800000 0.223761 8.662779 15.003416
 52.000000 0.249509 1.884180 15.003416
 52.200000 0.242493 4.748627 15.003416
 52.400000 0.233375 6.673359 15.003416
 52.600000 0.220406 9.836195 15.003416
 52.800000 0.209129 12.048475 15.003416
 53.000000 0.208209 12.194414 15.003416
 53.200000 0.241877 4.946840 15.003416
 53.400000 0.249717 3.478380 15.003416
 53.600000 0.251007 3.258406 15.003416
 53.800000 0.270154 0.765591 15.003416
 54.000000 0.270637 0.727158 15.003416
 54.200000 0.257150 3.414859 15.003416
 54.400000 0.246642 4.493736 15.003416
 54.600000 0.237444 6.059095 15.003416
 54.800000 0.230507 7.734889 15.003416
 55.000000 0.238372 5.866820 15.087268
 55.200000 0.241773 6.544664 15.087268
 55.400000 0.234112 8.109120 15.087268
 55.600000 0.225829 9.989610 15.087268
 55.800000 0.204189 13.882649 15.087268
 56.000000 0.214551 12.401937 15.087268
 56.200000 0.200393 14.967490 15.087268
 56.400000 0.185609 16.800779 15.087268
 56.600000 0.186720 16.610482 15.087268
 56.800000 0.211954 13.834430 15.087268
 57.000000 0.222059 11.746224 15.087268
 57.200000 0.190142 16.174455 15.087268
 57.400000 0.180413 17.755247 15.087268
 57.600000 0.192368 15.907900 15.087268
 57.800000 0.175117 18.617139 15.087268
 58.000000 0.185903 16.804689 15.087268
 58.200000 0.183493 18.031076 15.087268
 58.400000 0.177831 18.911282 15.087268
 58.600000 0.165577 19.832436 15.087268
 58.800000 0.168112 19.787030 15.087268
 59.000000 0.182448 18.203316 15.087268
 59.200000 0.217324 13.991101 15.087268
 59.400000 0.244051 6.613211 15.087268
 59.600000 0.229048 10.820130 15.087268
 59.800000 0.203147 15.950796 15.087268
 60.000000 0.216655 14.130909 15.910488
 60.200000 0.253738 4.685907 15.910488
 60.400000 0.243598 6.906233 15.910488
 60.600000 0.239630 8.018415 15.910488
 60.800000 0.240920 7.642426 15.910488
 61.000000 0.235838 9.197931 15.910488
 61.200000 0.229434 12.411468 15.910488
 61.400000 0.242965 8.112118 15.910488
 61.600000 0.249163 6.359291 15.910488
 61.800000 0.217551 15.424608 15.910488
 62.000000 0.212162 16.147064 15.910488
 62.200000 0.208971 17.229065 15.910488
 62.400000 0.200090 17.450033 15.910488
 62.600000 0.194631 17.715115 15.910488
 62.800000 0.215843 16.527656 15.910488
 63.000000 0.237830 9.912392 15.910488
 63.200000 0.243417 9.121903 15.910488
 63.400000 0.246960 7.943557 15.910488
 63.600000 0.275227 2.189142 15.910488
 63.800000 0.265478 3.450375 15.910488
 64.000000 0.260708 4.286729 15.910488
 64.200000 0.248639 8.452658 15.910488
 64.400000 0.243045 9.969766 15.910488
 64.600000 0.270294 3.955148 15.910488
 64.800000 0.284244 1.677906 15.910488
 65.000000 0.266796 4.583538 16.076405
 65.200000 0.234061 12.744330 16.076405
 65.400000 0.223053 15.661197 16.076405
 65.600000 0.235085 12.458583 16.076405
 65.800000 0.260093 7.145356 16.076405
 66.000000 0.267508 5.879381 16.076405
 66.200000 0.279466 4.367534 16.076405
 66.400000 0.280075 4.204612 16.076405
 66.600000 0.263840 7.836298 16.076405
 66.800000 0.238496 11.733611 16.076405
 67.000000 0.234319 12.786384 16.076405
 67.200000 0.237701 12.890905 16.076405
 67.400000 0.238275 12.742680 16.076405
 67.600000 0.229398 15.034299 16.076405
 67.800000 0.230899 14.659882 16.076405
 68.000000 0.237196 13.022425 16.076405
 68.200000 0.246662 11.568903 16.076405
 68.400000 0.268456 7.227901 16.076405
 68.600000 0.274233 5.815098 16.076405
 68.800000 0.270432 6.772464 16.076405
 69.000000 0.265033 7.946158 16.076405
 69.200000 0.286768 2.955964 16.076405
 69.400000 0.297615 0.869024 16.076405
 69.600000 0.277747 5.721402 16.076405
 69.800000 0.258774 10.226622 16.076405
 70.000000 0.270955 7.782817 16.185354
 70.200000 0.259152 11.078121 16.185354
 70.400000 0.243439 13.033871 16.185354
 70.600000 0.252835 11.683115 16.185354
 70.800000 0.254900 11.478903 16.185354
 71.000000 0.253615 11.603597 16.185354
 71.200000 0.252966 12.712229 16.185354
 71.400000 0.259388 12.023247 16.185354
 71.600000 0.249430 13.084674 16.185354
 71.800000 0.234256 15.413958 16.185354
 72.000000 0.205727 17.724420 16.185354
 72.200000 0.188815 18.738376 16.185354
 72.400000 0.186564 18.954883 16.185354
 72.600000 0.203415 18.443448 16.185354
 72.800000 0.206954 18.553837 16.185354
 73.000000 0.186507 18.960762 16.185354
 73.200000 0.176396 20.605608 16.185354
 73.400000 0.193597 19.089953 16.185354
 73.600000 0.213746 18.677553 16.185354
 73.800000 0.207442 18.848637 16.185354
 74.000000 0.196943 18.922007 16.185354
 74.200000 0.187720 20.212895 16.185354
 74.400000 0.198115 19.637266 16.185354
 74.600000 0.208550 19.399412 16.185354
 74.800000 0.216237 18.827239 16.185354
 75.000000 0.219236 18.436288 17.220141
 75.200000 0.209572 19.981543 17.220141
 75.400000 0.203094 19.963589 17.220141
 75.600000 0.208728 19.994459 17.220141
 75.800000 0.218130 19.358623 17.220141
 76.000000 0.251671 12.922704 17.220141
 76.200000 0.258782 13.000060 17.220141
 76.400000 0.229856 17.422146 17.220141
 76.600000 0.223267 18.680709 17.220141
 76.800000 0.233011 16.790264 17.220141
 77.000000 0.228370 17.719567 17.220141
 77.200000 0.245989 14.996032 17.220141
 77.400000 0.230782 18.020216 17.220141
 77.600000 0.202338 20.130356 17.220141
 77.800000 0.181488 20.700762 17.220141
 78.000000 0.170314 20.888743 17.220141
 78.200000 0.171124 21.600330 17.220141
 78.400000 0.178698 21.428448 17.220141
 78.600000 0.185806 20.836272 17.220141
 78.800000 0.202852 20.213381 17.220141
 79.000000 0.183202 21.074057 17.220141
 79.200000 0.203829 20.506113 17.220141
 79.400000 0.228246 18.545159 17.220141
 79.600000 0.237195 16.655533 17.220141
 79.800000 0.236217 16.862108 17.220141
 80.000000 0.244586 15.231688 18.147552
 80.200000 0.256515 14.103823 18.147552
 80.400000 0.249763 15.251472 18.147552
 80.600000 0.256281 14.146600 18.147552
 80.800000 0.240508 16.838651 18.147552
 81.000000 0.254983 14.377779 18.147552
 81.200000 0.279377 6.969055 18.147552
 81.400000 0.283613 5.141146 18.147552
 81.600000 0.279970 6.703832 18.147552
 81.800000 0.267912 11.899565 18.147552
 82.000000 0.241743 17.242043 18.147552
 82.200000 0.244959 17.586326 18.147552
 82.400000 0.234626 19.005584 18.147552
 82.600000 0.244729 17.620590 18.147552
 82.800000 0.230664 19.489071 18.147552
 83.000000 0.226148 19.982389 18.147552
 83.200000 0.207803 20.977201 18.147552
 83.400000 0.198509 20.700539 18.147552
 83.600000 0.205243 20.855731 18.147552
 83.800000 0.204854 20.838317 18.147552
 84.000000 0.198056 20.705260 18.147552
 84.200000 0.229394 20.414679 18.147552
 84.400000 0.246383 17.660567 18.147552
 84.600000 0.267762 12.147520 18.147552
 84.800000 0.274998 9.022990 18.147552
 85.000000 0.306267 0.298876 18.747928
 85.200000 0.304215 2.136631 18.747928
 85.400000 0.289131 4.032399 18.747928
 85.600000 0.289163 4.024392 18.747928
 85.800000 0.292251 3.362876 18.747928
 86.000000 0.287700 4.407300 18.747928
 86.200000 0.281204 7.918072 18.747928
 86.400000 0.273967 10.607895 18.747928
 86.600000 0.275206 10.142442 18.747928
 86.800000 0.283169 7.239023 18.747928
 87.000000 0.280820 8.054980 18.747928
 87.200000 0.293808 5.261994 18.747928
 87.400000 0.262481 14.945941 18.747928
 87.600000 0.252286 16.817503 18.747928
 87.800000 0.236653 19.345464 18.747928
 88.000000 0.217499 21.511594 18.747928
 88.200000 0.188186 21.960272 18.747928
 88.400000 0.186461 22.059565 18.747928
 88.600000 0.226729 21.307456 18.747928
 88.800000 0.249693 17.305217 18.747928
 89.000000 0.250272 17.206078 18.747928
 89.200000 0.254664 17.232278 18.747928
 89.400000 0.253943 17.367022 18.747928
 89.600000 0.274018 11.922638 18.747928
 89.800000 0.303662 3.364679 18.747928
 90.000000 0.281524 9.117361 19.070469
 90.200000 0.293445 6.210921 19.070469
 90.400000 0.276518 12.097773 19.070469
 90.600000 0.264573 15.597920 19.070469
 90.800000 0.276263 12.186898 19.070469
 91.000000 0.291161 6.904029 19.070469
 91.200000 0.270332 14.589764 19.070469
 91.400000 0.272751 13.966669 19.070469
 91.600000 0.261735 16.393687 19.070469
 91.800000 0.253362 17.723332 19.070469
 92.000000 0.261892 16.365844 19.070469
 92.200000 0.242144 19.732195 19.070469
 92.400000 0.243911 19.526978 19.070469
 92.600000 0.223205 21.938631 19.070469
 92.800000 0.208147 22.115027 19.070469
 93.000000 0.181503 22.323696 19.070469
 93.200000 0.182463 22.925988 19.070469
 93.400000 0.176658 23.040516 19.070469
 93.600000 0.192586 22.246351 19.070469
 93.800000 0.194218 22.160177 19.070469
 94.000000 0.195097 22.121832 19.070469
 94.200000 0.187586 23.166916 19.070469
 94.400000 0.221156 22.254686 19.070469
 94.600000 0.206991 22.685152 19.070469
 94.800000 0.178229 23.396522 19.070469
 95.000000 0.142812 18.424056 19.811797
 95.200000 0.131174 17.956731 19.811797
 95.400000 0.143338 19.252413 19.811797
 95.600000 0.155972 20.952519 19.811797
 95.800000 0.143358 19.254712 19.811797
 96.000000 0.153482 20.572922 19.811797
 96.200000 0.171215 23.411649 19.811797
 96.400000 0.190862 23.015772 19.811797
 96.600000 0.204886 22.664177 19.811797
 96.800000 0.195603 22.767883 19.811797
 97.000000 0.198966 22.671166 19.811797
 97.200000 0.200874 23.281891 19.811797
 97.400000 0.200354 23.287881 19.811797
 97.600000 0.187298 23.715076 19.811797
 97.800000 0.202957 23.265266 19.811797
 98.000000 0.209492 23.199902 19.811797
 98.200000 0.198980 23.795151 19.811797
 98.400000 0.170103 23.452314 19.811797
 98.600000 0.137633 19.047829 19.811797
 98.800000 0.140472 19.423063 19.811797
 99.000000 0.157391 21.862400 19.811797
 99.200000 0.167732 23.737987 19.811797
 99.400000 0.174541 24.123103 19.811797
 99.600000 0.201593 23.824171 19.811797
 99.800000 0.220355 23.029529 19.811797
 100.000000 0.229457 21.670260 20.903656
 100.200000 0.251236 18.936497 20.903656
 100.400000 0.230928 22.097702 20.903656
 100.600000 0.191884 23.909896 20.903656
 100.800000 0.171081 23.972861 20.903656
 101.000000 0.148795 21.141085 20.903656
 101.200000 0.131704 18.766770 20.903656
 101.400000 0.123761 17.339411 20.903656
 101.600000 0.097468 11.778606 20.903656
 101.800000 0.096610 11.529033 20.903656
 102.000000 0.105609 13.875682 20.903656
 102.200000 0.086497 8.813562 20.903656
 102.400000 0.056296 1.411945 20.903656
 102.600000 0.077125 5.798988 20.903656
 102.800000 0.108250 15.379429 20.903656
 103.000000 0.132298 19.066109 20.903656
 103.200000 0.110791 16.120390 20.903656
 103.400000 0.101776 13.958068 20.903656
 103.600000 0.095338 11.931733 20.903656
 103.800000 0.089589 9.913240 20.903656
 104.000000 0.063907 2.640335 20.903656
 104.200000 0.070644 5.493829 20.903656
 104.400000 0.087563 9.640417 20.903656
 104.600000 0.112917 16.541431 20.903656
 104.800000 0.100923 13.782918 20.903656
 105.000000 0.104602 14.756168 21.107272
 105.200000 0.097946 13.733396 21.107272
 105.400000 0.088254 10.353143 21.107272
 105.600000 0.086976 9.915725 21.107272
 105.800000 0.084335 9.049782 21.107272
 106.000000 0.065494 4.527278 21.107272
 106.200000 0.062165 5.275610 21.107272
 106.400000 0.071940 7.139369 21.107272
 106.600000 0.083440 9.468119 21.107272
 106.800000 0.074067 7.515494 21.107272
 107.000000 0.052965 3.215617 21.107272
 107.200000 0.061619 6.441921 21.107272
 107.400000 0.087060 10.563186 21.107272
 107.600000 0.078082 8.637730 21.107272
 107.800000 0.083846 9.751030 21.107272
 108.000000 0.090497 11.558130 21.107272
 108.200000 0.083406 10.585440 21.107272
 108.400000 0.060561 6.402280 21.107272
 108.600000 0.066308 7.419143 21.107272
 108.800000 0.082116 10.265330 21.107272
 109.000000 0.082852 10.445835 21.107272
 109.200000 0.089033 13.171097 21.107272
 109.400000 0.097866 15.449876 21.107272
 109.600000 0.096712 15.178568 21.107272
 109.800000 0.096028 15.012305 21.107272
 110.000000 0.090515 13.573597 21.084810
 110.200000 0.077186 10.872146 21.084810
 110.400000 0.072598 9.746629 21.084810
 110.600000 0.070262 9.196033 21.084810
 110.800000 0.080602 11.767323 21.084810
 111.000000 0.104197 17.328162 21.084810
 111.200000 0.099669 17.414315 21.084810
 111.400000 0.081870 12.378408 21.084810
 111.600000 0.094461 16.197182 21.084810
 111.800000 0.096234 16.653854 21.084810
 112.000000 0.107563 18.482621 21.084810
 112.200000 0.113808 19.551099 21.084810
 112.400000 0.081243 12.354097 21.084810
 112.600000 0.078542 11.524038 21.084810
 112.800000 0.068442 8.841959 21.084810
 113.000000 0.068793 8.927721 21.084810
 113.200000 0.082434 13.513382 21.084810
 113.400000 0.081820 13.344085 21.084810
 113.600000 0.077527 12.218524 21.084810
 113.800000 0.067559 9.798708 21.084810
 114.000000 0.048515 4.322194 21.084810
 114.200000 0.044904 4.743932 21.084810
 114.400000 0.079393 12.866073 21.084810
 114.600000 0.108631 19.363690 21.084810
 114.800000 0.129683 20.138741 21.084810
 115.000000 0.142115 21.428743 21.240087
 115.200000 0.134052 21.099763 21.240087
 115.400000 0.122330 20.022216 21.240087
 115.600000 0.104197 18.982717 21.240087
 115.800000 0.096777 17.594206 21.240087
 116.000000 0.103651 18.909683 21.240087
 116.200000 0.120815 20.331635 21.240087
 116.400000 0.163953 24.093465 21.240087
 116.600000 0.199967 23.908284 21.240087
 116.800000 0.187845 24.035085 21.240087
 117.000000 0.174268 24.354887 21.240087
 117.200000 0.163700 24.542503 21.240087
 117.400000 0.182383 24.733530 21.240087
 117.600000 0.171783 24.920217 21.240087
 117.800000 0.172466 24.931621 21.240087
 118.000000 0.206955 24.122611 21.240087
 118.200000 0.205855 24.706024 21.240087
 118.400000 0.215753 24.461555 21.240087
 118.600000 0.193210 24.555007 21.240087
 118.800000 0.195903 24.536705 21.240087
 119.000000 0.193796 24.547817 21.240087
 119.200000 0.209621 25.056819 21.240087
 119.400000 0.225642 23.258357 21.240087
 119.600000 0.226308 23.139644 21.240087
 119.800000 0.214210 24.797929 21.240087
 120.000000 0.221621 23.923784 22.214708
 120.200000 0.232865 22.384877 22.214708
 120.400000 0.224447 24.058145 22.214708
 120.600000 0.223488 24.225165 22.214708
 120.800000 0.225348 23.894615 22.214708
 121.000000 0.232371 22.487437 22.214708
 121.200000 0.248446 19.826181 22.214708
 121.400000 0.233380 22.918958 22.214708
 121.600000 0.252483 19.097212 22.214708
 121.800000 0.249453 19.640587 22.214708
 122.000000 0.233943 22.799715 22.214708
 122.200000 0.242863 21.445710 22.214708
 122.400000 0.241728 21.701423 22.214708
 122.600000 0.256377 18.620253 22.214708
 122.800000 0.299338 5.815348 22.214708
 123.000000 0.318580 1.759440 22.214708
 123.200000 0.294897 7.581533 22.214708
 123.400000 0.252575 19.373415 22.214708
 123.600000 0.236643 22.846220 22.214708
 123.800000 0.239098 22.295715 22.214708
 124.000000 0.241480 21.757404 22.214708
 124.200000 0.232030 24.373659 22.214708
 124.400000 0.202949 25.599764 22.214708
 124.600000 0.208577 25.891353 22.214708
 124.800000 0.188435 25.285813 22.214708
 125.000000 0.192122 25.271513 22.856963
 125.200000 0.195791 25.865364 22.856963
 125.400000 0.205603 26.122728 22.856963
 125.600000 0.203408 26.052022 22.856963
 125.800000 0.205734 26.126773 22.856963
 126.000000 0.186095 25.833938 22.856963
 126.200000 0.216556 26.226576 22.856963
 126.400000 0.209253 26.382694 22.856963
 126.600000 0.205710 26.360895 22.856963
 126.800000 0.212910 26.349865 22.856963
 127.000000 0.222689 25.757641 22.856963
 127.200000 0.221888 26.393789 22.856963
 127.400000 0.201826 26.530476 22.856963
 127.600000 0.216432 26.741729 22.856963
 127.800000 0.231734 24.910003 22.856963
 128.000000 0.248963 20.819023 22.856963
 128.200000 0.255830 19.818373 22.856963
 128.400000 0.255549 19.888652 22.856963
 128.600000 0.252192 20.720432 22.856963
 128.800000 0.248657 21.585899 22.856963
 129.000000 0.255323 19.945107 22.856963
 129.200000 0.235855 24.806170 22.856963
 129.400000 0.243820 23.281243 22.856963
 129.600000 0.232480 25.361874 22.856963
 129.800000 0.230614 25.638790 22.856963
 130.000000 0.274296 14.740034 23.454536
 130.200000 0.277937 14.244429 23.454536
 130.400000 0.248637 22.450942 23.454536
 130.600000 0.267973 17.824912 23.454536
 130.800000 0.286214 10.955487 23.454536
 131.000000 0.293741 8.311631 23.454536
 131.200000 0.288158 11.348362 23.454536
 131.400000 0.280742 13.954478 23.454536
 131.600000 0.252702 21.650753 23.454536
 131.800000 0.246613 22.858623 23.454536
 132.000000 0.247317 22.721167 23.454536
 132.200000 0.269470 17.882698 23.454536
 132.400000 0.279188 14.566881 23.454536
 132.600000 0.270236 17.640115 23.454536
 132.800000 0.248462 23.130515 23.454536
 133.000000 0.221539 26.755741 23.454536
 133.200000 0.201231 26.733467 23.454536
 133.400000 0.169239 25.495144 23.454536
 133.600000 0.161360 24.633930 23.454536
 133.800000 0.186290 26.449061 23.454536
 134.000000 0.197711 26.595653 23.454536
 134.200000 0.186322 26.850395 23.454536
 134.400000 0.172636 25.941886 23.454536
 134.600000 0.193831 27.031476 23.454536
 134.800000 0.199243 27.180576 23.454536
 135.000000 0.236920 25.487381 24.220064
 135.200000 0.272028 17.093783 24.220064
 135.400000 0.281476 13.746918 24.220064
 135.600000 0.287277 11.669532 24.220064
 135.800000 0.272223 17.028331 24.220064
 136.000000 0.257561 21.393761 24.220064
 136.200000 0.247944 24.324742 24.220064
 136.400000 0.254596 22.818092 24.220064
 136.600000 0.239330 25.933068 24.220064
 136.800000 0.199316 27.206304 24.220064
 137.000000 0.176935 26.335799 24.220064
 137.200000 0.183399 27.232741 24.220064
 137.400000 0.191824 27.323767 24.220064
 137.600000 0.176995 26.882156 24.220064
 137.800000 0.192039 27.323923 24.220064
 138.000000 0.193564 27.325593 24.220064
 138.200000 0.217359 28.047781 24.220064
 138.400000 0.226895 27.528264 24.220064
 138.600000 0.219194 27.999249 24.220064
 138.800000 0.207222 27.997903 24.220064
 139.000000 0.199146 27.863367 24.220064
 139.200000 0.196386 28.345650 24.220064
 139.400000 0.196425 28.346000 24.220064
 139.600000 0.207856 28.437542 24.220064
 139.800000 0.188607 28.202604 24.220064
 140.000000 0.182561 27.875037 25.202532
 140.200000 0.194093 28.698301 25.202532
 140.400000 0.205443 28.581792 25.202532
 140.600000 0.195064 28.689982 25.202532
 140.800000 0.220521 28.151419 25.202532
 141.000000 0.190510 28.697538 25.202532
 141.200000 0.195823 29.139839 25.202532
 141.400000 0.178155 28.296377 25.202532
 141.600000 0.164617 25.907167 25.202532
 141.800000 0.177082 28.141812 25.202532
 142.000000 0.187998 29.134701 25.202532
 142.200000 0.214782 28.649887 25.202532
 142.400000 0.228392 27.497541 25.202532
 142.600000 0.232705 26.958060 25.202532
 142.800000 0.236770 26.365940 25.202532
 143.000000 0.249337 24.028884 25.202532
 143.200000 0.226900 27.859523 25.202532
 143.400000 0.215897 28.632204 25.202532
 143.600000 0.212397 28.809461 25.202532
 143.800000 0.211262 28.863267 25.202532
 144.000000 0.196920 29.515046 25.202532
 144.200000 0.202634 29.694375 25.202532
 144.400000 0.210131 29.234148 25.202532
 144.600000 0.231917 27.398270 25.202532
 144.800000 0.247710 24.972496 25.202532
 145.000000 0.245721 25.365053 26.167528
 145.200000 0.224508 28.355754 26.167528
 145.400000 0.230528 27.889419 26.167528
 145.600000 0.261247 21.822217 26.167528
 145.800000 0.253148 24.246748 26.167528
 146.000000 0.212830 29.106036 26.167528
 146.200000 0.210109 29.739098 26.167528
 146.400000 0.201782 30.113954 26.167528
 146.600000 0.196113 30.273600 26.167528
 146.800000 0.197351 30.249936 26.167528
 147.000000 0.218354 29.213987 26.167528
 147.200000 0.232612 28.207675 26.167528
 147.400000 0.225140 29.081679 26.167528
 147.600000 0.211046 30.110793 26.167528
 147.800000 0.222204 29.370052 26.167528
 148.000000 0.258272 22.797528 26.167528
 148.200000 0.283067 13.560693 26.167528
 148.400000 0.303554 6.807301 26.167528
 148.600000 0.277140 16.056011 26.167528
 148.800000 0.291470 10.369088 26.167528
 149.000000 0.295019 9.195539 26.167528
 149.200000 0.302784 8.014553 26.167528
 149.400000 0.297037 9.727755 26.167528
 149.600000 0.288950 12.337891 26.167528
 149.800000 0.261765 22.369980 26.167528
 150.000000 0.284381 13.931196 26.678308
 150.200000 0.281957 15.740598 26.678308
 150.400000 0.296103 10.710368 26.678308
 150.600000 0.284376 14.874060 26.678308
 150.800000 0.292308 12.043618 26.678308
 151.000000 0.279436 16.642800 26.678308
 151.200000 0.274600 19.157359 26.678308
 151.400000 0.266659 21.685751 26.678308
 151.600000 0.244038 26.878814 26.678308
 151.800000 0.231572 28.473167 26.678308
 152.000000 0.219391 29.631939 26.678308
 152.200000 0.216170 30.309422 26.678308
 152.400000 0.218104 30.190831 26.678308
 152.600000 0.233047 28.618853 26.678308
 152.800000 0.230838 28.901876 26.678308
 153.000000 0.211754 30.494573 26.678308
 153.200000 0.195486 30.810936 26.678308
 153.400000 0.170380 27.353193 26.678308
 153.600000 0.138559 21.768771 26.678308
 153.800000 0.148247 23.152347 26.678308
 154.000000 0.168901 27.026230 26.678308
 154.200000 0.170454 27.891828 26.678308
 154.400000 0.163042 26.258071 26.678308
 154.600000 0.157316 25.053364 26.678308
 154.800000 0.190939 30.769878 26.678308
 155.000000 0.211657 30.955359 27.570863
 155.200000 0.235829 28.487129 27.570863
 155.400000 0.209779 31.438728 27.570863
 155.600000 0.190211 30.892123 27.570863
 155.800000 0.202719 31.391178 27.570863
 156.000000 0.211318 31.406049 27.570863
 156.200000 0.196817 31.486452 27.570863
 156.400000 0.211304 31.838409 27.570863
 156.600000 0.242408 27.425398 27.570863
 156.800000 0.242787 27.355989 27.570863
 157.000000 0.221187 31.030983 27.570863
 157.200000 0.225732 30.771856 27.570863
 157.400000 0.232724 29.475635 27.570863
 157.600000 0.226680 30.606095 27.570863
 157.800000 0.239267 28.202473 27.570863
 158.000000 0.256426 24.511054 27.570863
 158.200000 0.268827 21.445451 27.570863
 158.400000 0.279317 17.701851 27.570863
 158.600000 0.267138 22.001938 27.570863
 158.800000 0.263503 23.142717 27.570863
 159.000000 0.258706 24.510420 27.570863
 159.200000 0.278194 18.373937 27.570863
 159.400000 0.303802 8.360644 27.570863
 159.600000 0.297551 10.642207 27.570863
 159.800000 0.292613 12.577689 27.570863
 160.000000 0.315332 4.913067 28.151967
 160.200000 0.318627 5.485091 28.151967
 160.400000 0.283795 16.287575 28.151967
 160.600000 0.288841 14.386424 28.151967
 160.800000 0.247641 27.462842 28.151967
 161.000000 0.197237 31.631044 28.151967
 161.200000 0.151233 23.888273 28.151967
 161.400000 0.138234 21.790714 28.151967
 161.600000 0.157277 25.057076 28.151967
 161.800000 0.173905 28.784526 28.151967
 162.000000 0.164830 26.694893 28.151967
 162.200000 0.131960 21.071872 28.151967
 162.400000 0.125690 20.534812 28.151967
 162.600000 0.132311 21.110999 28.151967
 162.800000 0.160538 26.253782 28.151967
 163.000000 0.160856 26.325610 28.151967
 163.200000 0.131632 21.116377 28.151967
 163.400000 0.146037 23.554983 28.151967
 163.600000 0.147934 23.957722 28.151967
 163.800000 0.149061 24.201746 28.151967
 164.000000 0.145377 23.418071 28.151967
 164.200000 0.162211 27.499826 28.151967
 164.400000 0.155386 26.115230 28.151967
 164.600000 0.141503 23.252233 28.151967
 164.800000 0.157379 26.523398 28.151967
 165.000000 0.188277 31.544489 28.796088
 165.200000 0.191196 32.191034 28.796088
 165.400000 0.194477 32.376435 28.796088
 165.600000 0.182408 31.347626 28.796088
 165.800000 0.161120 27.364387 28.796088
 166.000000 0.148084 24.607662 28.796088
 166.200000 0.149249 25.436095 28.796088
 166.400000 0.146425 24.840511 28.796088
 166.600000 0.149336 25.454096 28.796088
 166.800000 0.162034 27.935948 28.796088
 167.000000 0.172324 29.825144 28.796088
 167.200000 0.147339 25.150256 28.796088
 167.400000 0.134466 22.363817 28.796088
 167.600000 0.143138 24.205045 28.796088
 167.800000 0.132655 22.029178 28.796088
 168.000000 0.143945 24.385935 28.796088
 168.200000 0.146284 25.495891 28.796088
 168.400000 0.168107 29.667046 28.796088
 168.600000 0.155156 27.314503 28.796088
 168.800000 0.147395 25.738024 28.796088
 169.000000 0.150382 26.367463 28.796088
 169.200000 0.131745 22.544320 28.796088
 169.400000 0.131416 22.474643 28.796088
 169.600000 0.122411 21.032239 28.796088
 169.800000 0.143099 25.266470 28.796088
 170.000000 0.133976 23.041076 29.041028
 170.200000 0.109162 20.419435 29.041028
 170.400000 0.117436 20.992632 29.041028
 170.600000 0.121895 21.433238 29.041028
 170.800000 0.134347 23.753840 29.041028
 171.000000 0.119897 21.211823 29.041028
 171.200000 0.133788 24.067390 29.041028
 171.400000 0.142517 25.875752 29.041028
 171.600000 0.161995 29.100738 29.041028
 171.800000 0.158020 28.525349 29.041028
 172.000000 0.138363 25.019380 29.041028
 172.200000 0.145136 26.908579 29.041028
 172.400000 0.142456 26.416512 29.041028
 172.600000 0.159957 29.010051 29.041028
 172.800000 0.144038 26.711824 29.041028
 173.000000 0.134099 24.681804 29.041028
 173.200000 0.138850 26.249391 29.041028
 173.400000 0.132032 24.820230 29.041028
 173.600000 0.123209 23.059093 29.041028
 173.800000 0.118546 22.341671 29.041028
 174.000000 0.108852 21.134273 29.041028
 174.200000 0.124737 23.720545 29.041028
 174.400000 0.154571 28.565305 29.041028
 174.600000 0.190451 32.391474 29.041028
 174.800000 0.195272 32.565519 29.041028
 175.000000 0.187414 32.229441 29.301877
 175.200000 0.174636 31.250989 29.301877
 175.400000 0.173633 31.103500 29.301877
 175.600000 0.152622 28.377776 29.301877
 175.800000 0.148498 27.868782 29.301877
 176.000000 0.172030 30.866102 29.301877
 176.200000 0.164179 30.131542 29.301877
 176.400000 0.174136 31.615870 29.301877
 176.600000 0.165538 30.330253 29.301877
 176.800000 0.158089 29.287717 29.301877
 177.000000 0.159251 29.443153 29.301877
 177.200000 0.193301 33.086466 29.301877
 177.400000 0.204381 33.004140 29.301877
 177.600000 0.214707 32.500902 29.301877
 177.800000 0.228738 30.483064 29.301877
 178.000000 0.241447 28.439219 29.301877
 178.200000 0.239041 29.289563 29.301877
 178.400000 0.240671 29.048517 29.301877
 178.600000 0.237549 29.508417 29.301877
 178.800000 0.236365 29.682512 29.301877
 179.000000 0.234983 29.886165 29.301877
 179.200000 0.217263 32.601496 29.301877
 179.400000 0.211820 32.932916 29.301877
 179.600000 0.208726 33.027939 29.301877
 179.800000 0.218084 32.531536 29.301877
 180.000000 0.213334 32.863299 29.938784
 180.200000 0.193524 33.267210 29.938784
 180.400000 0.190071 33.180086 29.938784
 180.600000 0.207773 33.424289 29.938784
 180.800000 0.215307 33.148462 29.938784
 181.000000 0.214236 33.217971 29.938784
 181.200000 0.211402 33.742297 29.938784
 181.400000 0.202633 33.700505 29.938784
 181.600000 0.190330 33.299470 29.938784
 181.800000 0.185457 33.042029 29.938784
 182.000000 0.175542 32.103337 29.938784
 182.200000 0.163629 30.810965 29.938784
 182.400000 0.154500 29.421831 29.938784
 182.600000 0.160219 30.293536 29.938784
 182.800000 0.157162 29.829871 29.938784
 183.000000 0.162466 30.634527 29.938784
 183.200000 0.161841 30.986220 29.938784
 183.400000 0.159388 30.605043 29.938784
 183.600000 0.151421 29.273597 29.938784
 183.800000 0.169966 32.158272 29.938784
 184.000000 0.164923 31.447986 29.938784
 184.200000 0.151785 29.632202 29.938784
 184.400000 0.153063 29.878529 29.938784
 184.600000 0.123020 23.510312 29.938784
 184.800000 0.127254 24.237617 29.938784
 185.000000 0.134780 25.852651 30.555855
 185.200000 0.140497 27.709394 30.555855
 185.400000 0.125779 24.427635 30.555855
 185.600000 0.113781 22.607323 30.555855
 185.800000 0.128736 25.038371 30.555855
 186.000000 0.137471 27.029297 30.555855
 186.200000 0.124317 24.505778 30.555855
 186.400000 0.132787 26.445059 30.555855
 186.600000 0.143482 28.831036 30.555855
 186.800000 0.145339 29.181562 30.555855
 187.000000 0.167340 32.345978 30.555855
 187.200000 0.178455 33.725305 30.555855
 187.400000 0.166149 32.614150 30.555855
 187.600000 0.127261 25.153731 30.555855
 187.800000 0.111153 22.380747 30.555855
 188.000000 0.130332 25.876011 30.555855
 188.200000 0.126689 25.560929 30.555855
 188.400000 0.098158 19.574237 30.555855
 188.600000 0.070309 11.060487 30.555855
 188.800000 0.056658 8.013437 30.555855
 189.000000 0.100830 20.383421 30.555855
 189.200000 0.096730 19.784114 30.555855
 189.400000 0.111799 23.272156 30.555855
 189.600000 0.120602 24.545988 30.555855
 189.800000 0.115051 23.715384 30.555855
 190.000000 0.102220 21.467709 30.739928
 190.200000 0.117035 24.404368 30.739928
 190.400000 0.121980 25.067215 30.739928
 190.600000 0.110229 23.629392 30.739928
 190.800000 0.104731 22.728648 30.739928
 191.000000 0.113785 24.043229 30.739928
 191.200000 0.111357 24.360121 30.739928
 191.400000 0.111612 24.391974 30.739928
 191.600000 0.065545 10.158103 30.739928
 191.800000 0.082909 14.932936 30.739928
 192.000000 0.084055 15.375819 30.739928
 192.200000 0.073747 12.753383 30.739928
 192.400000 0.081446 15.262913 30.739928
 192.600000 0.087203 17.534680 30.739928
 192.800000 0.082940 15.824641 30.739928
 193.000000 0.083341 15.979100 30.739928
 193.200000 0.087349 18.423904 30.739928
 193.400000 0.082807 16.631786 30.739928
 193.600000 0.081163 16.008789 30.739928
 193.800000 0.087298 18.403449 30.739928
 194.000000 0.095102 21.379120 30.739928
 194.200000 0.093350 21.427167 30.739928
 194.400000 0.116502 25.332717 30.739928
 194.600000 0.126065 26.312591 30.739928
 194.800000 0.130723 27.092882 30.739928
 195.000000 0.115475 25.273611 30.732829
 195.200000 0.122029 26.303371 30.732829
 195.400000 0.122612 26.359611 30.732829
 195.600000 0.136725 28.428864 30.732829
 195.800000 0.134651 28.076883 30.732829
 196.000000 0.126324 26.788528 30.732829
 196.200000 0.119361 26.559142 30.732829
 196.400000 0.155383 31.326924 30.732829
 196.600000 0.179517 33.773225 30.732829
 196.800000 0.184290 33.880160 30.732829
 197.000000 0.156166 31.425495 30.732829
 197.200000 0.148219 30.800366 30.732829
 197.400000 0.143559 30.121406 30.732829
 197.600000 0.146968 30.622811 30.732829
 197.800000 0.127038 27.479247 30.732829
 198.000000 0.113089 26.072839 30.732829
 198.200000 0.122699 27.364657 30.732829
 198.400000 0.129484 28.146728 30.732829
 198.600000 0.131531 28.427874 30.732829
 198.800000 0.126918 27.819838 30.732829
 199.000000 0.114511 26.730552 30.732829
 199.200000 0.130807 28.621103 30.732829
 199.400000 0.121502 27.733233 30.732829
 199.600000 0.130814 28.622004 30.732829
 199.800000 0.139479 29.732395 30.732829
 200.000000 0.136991 29.401582 30.922773
 200.200000 0.143254 30.663650 30.922773
 200.400000 0.128740 28.793475 30.922773
 200.600000 0.119219 27.810637 30.922773
 200.800000 0.152632 31.710399 30.922773
 201.000000 0.155709 32.035525 30.922773
 201.200000 0.142298 30.830418 30.922773
 201.400000 0.134092 29.635237 30.922773
 201.600000 0.142816 30.901467 30.922773
 201.800000 0.148274 31.610458 30.922773
 202.000000 0.159066 32.792874 30.922773
 202.200000 0.148766 31.991029 30.922773
 202.400000 0.140488 30.764835 30.922773
 202.600000 0.133943 29.712651 30.922773
 202.800000 0.134635 29.822748 30.922773
 203.000000 0.139524 30.611701 30.922773
 203.200000 0.135284 30.356878 30.922773
 203.400000 0.125613 28.804548 30.922773
 203.600000 0.120894 28.204515 30.922773
 203.800000 0.129286 29.360120 30.922773
 204.000000 0.116386 27.730855 30.922773
 204.200000 0.117143 28.315188 30.922773
 204.400000 0.133696 30.349378 30.922773
 204.600000 0.123004 28.917535 30.922773
 204.800000 0.126140 29.291696 30.922773
 205.000000 0.159101 33.400737 31.405126
 205.200000 0.156002 33.529655 31.405126
 205.400000 0.146643 32.439410 31.405126
 205.600000 0.141283 31.656687 31.405126
 205.800000 0.127972 29.576723 31.405126
 206.000000 0.120779 28.693419 31.405126
 206.200000 0.133045 30.688422 31.405126
 206.400000 0.126697 29.851686 31.405126
 206.600000 0.121824 29.292076 31.405126
 206.800000 0.129072 30.152464 31.405126
 207.000000 0.147119 32.607925 31.405126
 207.200000 0.122483 29.469184 31.405126
 207.400000 0.102428 26.003280 31.405126
 207.600000 0.128783 30.308545 31.405126
 207.800000 0.131456 30.707030 31.405126
 208.000000 0.137689 31.681517 31.405126
 208.200000 0.126310 30.279977 31.405126
 208.400000 0.087557 19.574845 31.405126
 208.600000 0.103017 26.216931 31.405126
 208.800000 0.085957 18.811231 31.405126
 209.000000 0.078536 15.544911 31.405126
 209.200000 0.076216 15.509426 31.405126
 209.400000 0.078553 16.427235 31.405126
 209.600000 0.068693 12.775452 31.405126
 209.800000 0.056324 8.579606 31.405126
 210.000000 0.060449 9.970657 31.619671
 210.200000 0.054352 8.949207 31.619671
 210.400000 0.061108 11.314297 31.619671
 210.600000 0.067123 13.250908 31.619671
 210.800000 0.059765 10.860846 31.619671
 211.000000 0.082011 18.256476 31.619671
 211.200000 0.097034 24.930835 31.619671
 211.400000 0.066232 13.417710 31.619671
 211.600000 0.071341 15.170652 31.619671
 211.800000 0.055801 9.640386 31.619671
 212.000000 0.057098 10.129608 31.619671
 212.200000 0.062972 13.307881 31.619671
 212.400000 0.066560 14.443655 31.619671
 212.600000 0.067890 14.847765 31.619671
 212.800000 0.061674 12.875275 31.619671
 213.000000 0.059254 12.033633 31.619671
 213.200000 0.038496 4.408860 31.619671
 213.400000 0.048786 8.733725 31.619671
 213.600000 0.053759 10.907434 31.619671
 213.800000 0.039322 4.715621 31.619671
 214.000000 0.049596 9.095047 31.619671
 214.200000 0.069141 16.544636 31.619671
 214.400000 0.083220 20.124638 31.619671
 214.600000 0.099336 25.746845 31.619671
 214.800000 0.059898 14.206306 31.619671
 215.000000 0.092731 23.492010 31.598328
 215.200000 0.090604 23.320538 31.598328
 215.400000 0.061656 14.794953 31.598328
 215.600000 0.052957 11.721911 31.598328
 215.800000 0.065082 15.730118 31.598328
 216.000000 0.058345 13.754865 31.598328
 216.200000 0.053768 12.958877 31.598328
 216.400000 0.038048 5.492930 31.598328
 216.600000 0.035851 4.573959 31.598328
 216.800000 0.034074 3.895068 31.598328
 217.000000 0.041603 7.132970 31.598328
 217.200000 0.033204 4.673579 31.598328
 217.400000 0.049027 11.923543 31.598328
 217.600000 0.054487 14.138643 31.598328
 217.800000 0.037994 6.706543 31.598328
 218.000000 0.031275 3.957049 31.598328
 218.200000 0.048227 12.335836 31.598328
 218.400000 0.052545 13.940874 31.598328
 218.600000 0.074648 18.722313 31.598328
 218.800000 0.071767 18.187480 31.598328
 219.000000 0.052601 13.960093 31.598328
 219.200000 0.057657 16.381516 31.598328
 219.400000 0.054870 15.627703 31.598328
 219.600000 0.056560 16.103362 31.598328
 219.800000 0.058871 16.661883 31.598328
 220.000000 0.078209 19.722337 31.568702
 220.200000 0.081040 21.114801 31.568702
 220.400000 0.060910 17.447801 31.568702
 220.600000 0.054172 15.614942 31.568702
 220.800000 0.057762 16.693122 31.568702
 221.000000 0.051243 14.561189 31.568702
 221.200000 0.057228 17.392759 31.568702
 221.400000 0.056124 17.098880 31.568702
 221.600000 0.070371 19.452869 31.568702
 221.800000 0.089588 23.673795 31.568702
 222.000000 0.061878 18.359945 31.568702
 222.200000 0.065696 19.654809 31.568702
 222.400000 0.070746 20.145824 31.568702
 222.600000 0.082550 21.910052 31.568702
 222.800000 0.063813 19.423757 31.568702
 223.000000 0.036119 8.516212 31.568702
 223.200000 0.040562 11.964285 31.568702
 223.400000 0.037398 10.357334 31.568702
 223.600000 0.069003 20.090136 31.568702
 223.800000 0.083161 22.058910 31.568702
 224.000000 0.077919 21.031288 31.568702
 224.200000 0.087228 23.688695 31.568702
 224.400000 0.072762 21.048146 31.568702
 224.600000 0.074205 21.211787 31.568702
 224.800000 0.089514 24.298883 31.568702
 225.000000 0.117776 29.362132 31.581280
 225.200000 0.119754 30.024361 31.581280
 225.400000 0.096625 26.398734 31.581280
 225.600000 0.113668 29.446705 31.581280
 225.800000 0.102808 27.890066 31.581280
 226.000000 0.070603 20.826665 31.581280
 226.200000 0.055994 18.938831 31.581280
 226.400000 0.058022 19.515909 31.581280
 226.600000 0.055481 18.778326 31.581280
 226.800000 0.060381 20.076215 31.581280
 227.000000 0.080091 22.670055 31.581280
 227.200000 0.080809 23.426238 31.581280
 227.400000 0.061918 20.688153 31.581280
 227.600000 0.062602 20.828143 31.581280
 227.800000 0.087875 24.835581 31.581280
 228.000000 0.060694 20.417845 31.581280
 228.200000 0.068175 22.352550 31.581280
 228.400000 0.059124 20.731935 31.581280
 228.600000 0.052655 18.519800 31.581280
 228.800000 0.048666 16.707177 31.581280
 229.000000 0.048070 16.411972 31.581280
 229.200000 0.059910 21.550755 31.581280
 229.400000 0.053159 19.521846 31.581280
 229.600000 0.066264 22.521331 31.581280
 229.800000 0.074610 23.163681 31.581280
 230.000000 0.084799 24.403187 31.567301
 230.200000 0.057465 21.061955 31.567301
 230.400000 0.059526 21.608001 31.567301
 230.600000 0.070799 23.273422 31.567301
 230.800000 0.083405 24.755573 31.567301
 231.000000 0.091836 26.384671 31.567301
 231.200000 0.073595 23.791584 31.567301
 231.400000 0.069790 23.359621 31.567301
 231.600000 0.065121 22.756149 31.567301
 231.800000 0.104797 29.108031 31.567301
 232.000000 0.121437 30.312139 31.567301
 232.200000 0.096652 28.005482 31.567301
 232.400000 0.052864 19.484504 31.567301
 232.600000 0.070630 23.456206 31.567301
 232.800000 0.083357 25.225267 31.567301
 233.000000 0.097250 28.124001 31.567301
 233.200000 0.112889 30.415431 31.567301
 233.400000 0.102752 29.540069 31.567301
 233.600000 0.121412 30.899514 31.567301
 233.800000 0.111239 30.321821 31.567301
 234.000000 0.107592 30.066171 31.567301
 234.200000 0.114252 30.902443 31.567301
 234.400000 0.127441 31.610498 31.567301
 234.600000 0.124000 31.350983 31.567301
 234.800000 0.115745 30.959661 31.567301
 235.000000 0.085873 26.248731 31.676123
 235.200000 0.103527 30.354967 31.676123
 235.400000 0.111369 30.901181 31.676123
 235.600000 0.149020 33.708276 31.676123
 235.800000 0.149912 33.775594 31.676123
 236.000000 0.119916 31.167010 31.676123
 236.200000 0.134966 32.609527 31.676123
 236.400000 0.138354 32.914037 31.676123
 236.600000 0.104092 30.666803 31.676123
 236.800000 0.116294 31.472746 31.676123
 237.000000 0.142930 33.309616 31.676123
 237.200000 0.151207 34.257876 31.676123
 237.400000 0.149332 34.157421 31.676123
 237.600000 0.155890 34.446680 31.676123
 237.800000 0.145169 33.881967 31.676123
 238.000000 0.137128 33.171953 31.676123
 238.200000 0.128694 32.688656 31.676123
 238.400000 0.121901 32.073566 31.676123
 238.600000 0.139537 33.800287 31.676123
 238.800000 0.157530 34.650475 31.676123
 239.000000 0.167783 34.651056 31.676123
 239.200000 0.155469 34.888575 31.676123
 239.400000 0.139867 33.895315 31.676123
 239.600000 0.138222 33.731208 31.676123
 239.800000 0.126661 32.494309 31.676123
 240.000000 0.098210 29.741448 32.141221
 240.200000 0.083081 26.448471 32.141221
 240.400000 0.096423 29.831381 32.141221
 240.600000 0.103233 31.037300 32.141221
 240.800000 0.137251 33.644874 32.141221
 241.000000 0.137102 33.629492 32.141221
 241.200000 0.107005 31.492818 32.141221
 241.400000 0.070207 23.921561 32.141221
 241.600000 0.053120 19.646458 32.141221
 241.800000 0.079204 25.556739 32.141221
 242.000000 0.087073 27.472546 32.141221
 242.200000 0.073538 24.815545 32.141221
 242.400000 0.062518 22.673258 32.141221
 242.600000 0.041312 13.583972 32.141221
 242.800000 0.042760 14.420307 32.141221
 243.000000 0.053094 19.674339 32.141221
 243.200000 0.078436 26.004719 32.141221
 243.400000 0.085831 27.724981 32.141221
 243.600000 0.068738 24.348363 32.141221
 243.800000 0.057306 21.936602 32.141221
 244.000000 0.038045 12.125001 32.141221
 244.200000 0.034398 10.943207 32.141221
 244.400000 0.052435 20.766271 32.141221
 244.600000 0.056057 22.022715 32.141221
 244.800000 0.049339 19.441568 32.141221
 245.000000 0.041786 15.395321 32.252386
 245.200000 0.061867 23.778855 32.252386
 245.400000 0.087791 28.234442 32.252386
 245.600000 0.090587 28.939108 32.252386
 245.800000 0.095578 30.098921 32.252386
 246.000000 0.112920 32.015432 32.252386
 246.200000 0.124839 33.024074 32.252386
 246.400000 0.133518 33.798486 32.252386
 246.600000 0.131695 33.623481 32.252386
 246.800000 0.111022 32.350590 32.252386
 247.000000 0.111333 32.365666 32.252386
 247.200000 0.092465 29.749870 32.252386
 247.400000 0.080772 26.642633 32.252386
 247.600000 0.082189 26.976821 32.252386
 247.800000 0.070316 24.848500 32.252386
 248.000000 0.081747 26.870318 32.252386
 248.200000 0.081112 27.249133 32.252386
 248.400000 0.084390 28.053547 32.252386
 248.600000 0.074999 25.989445 32.252386
 248.800000 0.072433 25.561590 32.252386
 249.000000 0.070027 25.201978 32.252386
 249.200000 0.073770 26.329687 32.252386
 249.400000 0.063700 24.822710 32.252386
 249.600000 0.068290 25.523840 32.252386
 249.800000 0.087567 29.172439 32.252386
 250.000000 0.072175 26.085033 32.387396
 250.200000 0.065051 25.532850 32.387396
 250.400000 0.052573 22.100533 32.387396
 250.600000 0.055127 23.066162 32.387396
 250.800000 0.070827 26.432129 32.387396
 251.000000 0.093377 30.753175 32.387396
 251.200000 0.089203 30.283484 32.387396
 251.400000 0.083713 29.025349 32.387396
 251.600000 0.086173 29.585967 32.387396
 251.800000 0.072028 26.771530 32.387396
 252.000000 0.071244 26.643228 32.387396
 252.200000 0.082131 29.087094 32.387396
 252.400000 0.077638 28.246812 32.387396
 252.600000 0.087729 30.236860 32.387396
 252.800000 0.072946 27.454360 32.387396
 253.000000 0.088206 30.336600 32.387396
 253.200000 0.124985 33.384802 32.387396
 253.400000 0.119550 33.233676 32.387396
 253.600000 0.101644 32.921489 32.387396
 253.800000 0.106211 33.187385 32.387396
 254.000000 0.112744 33.245741 32.387396
 254.200000 0.117317 33.602253 32.387396
 254.400000 0.142306 34.659067 32.387396
 254.600000 0.167659 35.074421 32.387396
 254.800000 0.190872 34.119422 32.387396
 255.000000 0.191765 34.081354 32.650421
 255.200000 0.177765 35.036758 32.650421
 255.400000 0.182214 34.885741 32.650421
 255.600000 0.173353 35.126827 32.650421
 255.800000 0.191536 34.474281 32.650421
 256.000000 0.178663 35.011135 32.650421
 256.200000 0.150696 35.068569 32.650421
 256.400000 0.168321 35.466397 32.650421
 256.600000 0.166107 35.441536 32.650421
 256.800000 0.155486 35.221702 32.650421
 257.000000 0.155083 35.210369 32.650421
 257.200000 0.164871 35.718616 32.650421
 257.400000 0.170796 35.690187 32.650421
 257.600000 0.198545 34.399578 32.650421
 257.800000 0.220380 33.111181 32.650421
 258.000000 0.237028 30.287149 32.650421
 258.200000 0.232472 31.527899 32.650421
 258.400000 0.218814 33.531937 32.650421
 258.600000 0.200427 34.358111 32.650421
 258.800000 0.203485 34.289456 32.650421
 259.000000 0.196614 34.488975 32.650421
 259.200000 0.171652 35.771488 32.650421
 259.400000 0.179114 35.655849 32.650421
 259.600000 0.192468 35.059614 32.650421
 259.800000 0.177358 35.699301 32.650421
 260.000000 0.162047 35.729285 33.219175
 260.200000 0.166213 36.110149 33.219175
 260.400000 0.161749 36.081446 33.219175
 260.600000 0.143558 35.185604 33.219175
 260.800000 0.131082 34.097168 33.219175
 261.000000 0.126853 33.821913 33.219175
 261.200000 0.111061 33.874490 33.219175
 261.400000 0.103024 33.459273 33.219175
 261.600000 0.112114 33.891665 33.219175
 261.800000 0.129898 34.390534 33.219175
 262.000000 0.154334 35.942987 33.219175
 262.200000 0.152440 36.222322 33.219175
 262.400000 0.134508 34.867976 33.219175
 262.600000 0.146336 35.874046 33.219175
 262.800000 0.136682 35.066438 33.219175
 263.000000 0.133994 34.822269 33.219175
 263.200000 0.144079 36.002954 33.219175
 263.400000 0.148686 36.257095 33.219175
 263.600000 0.132378 35.051192 33.219175
 263.800000 0.120002 34.236663 33.219175
 264.000000 0.121325 34.288493 33.219175
 264.200000 0.137202 35.693625 33.219175
 264.400000 0.135843 35.594884 33.219175
 264.600000 0.130569 35.210638 33.219175
 264.800000 0.147643 36.288515 33.219175
 265.000000 0.179712 35.902867 33.781257
 265.200000 0.181616 36.145275 33.781257
 265.400000 0.177982 36.344918 33.781257
 265.600000 0.150434 36.438649 33.781257
 265.800000 0.154960 36.575813 33.781257
 266.000000 0.160448 36.659508 33.781257
 266.200000 0.148862 36.630325 33.781257
 266.400000 0.151335 36.754973 33.781257
 266.600000 0.171038 36.848875 33.781257
 266.800000 0.174241 36.716795 33.781257
 267.000000 0.172716 36.783951 33.781257
 267.200000 0.176835 36.911640 33.781257
 267.400000 0.171223 37.180583 33.781257
 267.600000 0.185455 36.205767 33.781257
 267.800000 0.204241 34.745677 33.781257
 268.000000 0.208550 34.532315 33.781257
 268.200000 0.214479 34.471328 33.781257
 268.400000 0.193977 35.642575 33.781257
 268.600000 0.171135 37.199569 33.781257
 268.800000 0.162118 37.275000 33.781257
 269.000000 0.170075 37.228784 33.781257
 269.200000 0.191731 35.924835 33.781257
 269.400000 0.178932 37.102149 33.781257
 269.600000 0.154569 37.241203 33.781257
 269.800000 0.144293 36.477407 33.781257
 270.000000 0.177150 37.231340 34.478653
 270.200000 0.193532 35.955110 34.478653
 270.400000 0.184493 36.905182 34.478653
 270.600000 0.172030 37.815033 34.478653
 270.800000 0.176716 37.593019 34.478653
 271.000000 0.176794 37.588036 34.478653
 271.200000 0.171904 38.129876 34.478653
 271.400000 0.161841 37.954674 34.478653
 271.600000 0.135470 35.707068 34.478653
 271.800000 0.131977 35.395510 34.478653
 272.000000 0.149426 37.012260 34.478653
 272.200000 0.125701 35.015305 34.478653
 272.400000 0.135675 35.946930 34.478653
 272.600000 0.147648 37.184568 34.478653
 272.800000 0.159790 38.101544 34.478653
 273.000000 0.159776 38.100812 34.478653
 273.200000 0.144262 37.039640 34.478653
 273.400000 0.137183 36.211608 34.478653
 273.600000 0.143627 36.967317 34.478653
 273.800000 0.128303 35.260720 34.478653
 274.000000 0.139353 36.468373 34.478653
 274.200000 0.148160 37.760143 34.478653
 274.400000 0.145134 37.458223 34.478653
 274.600000 0.149430 37.876689 34.478653
 274.800000 0.148162 37.760357 34.478653
 275.000000 0.176866 38.155707 35.238317
 275.200000 0.184051 37.640722 35.238317
 275.400000 0.207430 35.104000 35.238317
 275.600000 0.213408 34.624009 35.238317
 275.800000 0.217933 34.106148 35.238317
 276.000000 0.216812 34.249588 35.238317
 276.200000 0.213879 34.950826 35.238317
 276.400000 0.217043 34.601362 35.238317
 276.600000 0.229690 32.426688 35.238317
 276.800000 0.230008 32.363718 35.238317
 277.000000 0.245528 29.196299 35.238317
 277.200000 0.272177 20.916875 35.238317
 277.400000 0.287846 14.767880 35.238317
 277.600000 0.304556 9.189283 35.238317
 277.800000 0.289413 14.183065 35.238317
 278.000000 0.267397 22.795742 35.238317
 278.200000 0.257622 26.855873 35.238317
 278.400000 0.268701 22.919993 35.238317
 278.600000 0.285909 15.797758 35.238317
 278.800000 0.299509 10.770220 35.238317
 279.000000 0.276283 19.812569 35.238317
 279.200000 0.268488 23.636413 35.238317
 279.400000 0.265919 24.564766 35.238317
 279.600000 0.261941 25.898178 35.238317
 279.800000 0.294574 12.804610 35.238317
 280.000000 0.293628 13.174591 35.268783
 280.200000 0.299961 11.721511 35.268783
 280.400000 0.309062 8.595912 35.268783
 280.600000 0.317674 6.008960 35.268783
 280.800000 0.295529 13.403080 35.268783
 281.000000 0.300241 11.618214 35.268783
 281.200000 0.327559 3.597792 35.268783
 281.400000 0.325344 4.198431 35.268783
 281.600000 0.305451 10.762221 35.268783
 281.800000 0.287057 17.484241 35.268783
 282.000000 0.293311 15.210138 35.268783
 282.200000 0.304179 11.905139 35.268783
 282.400000 0.314989 7.739888 35.268783
 282.600000 0.317788 6.735056 35.268783
 282.800000 0.314704 7.844320 35.268783
 283.000000 0.275152 22.145074 35.268783
 283.200000 0.285131 19.468052 35.268783
 283.400000 0.311269 9.167992 35.268783
 283.600000 0.311426 9.106955 35.268783
 283.800000 0.320893 5.681718 35.268783
 284.000000 0.325650 4.199476 35.268783
 284.200000 0.302739 13.044207 35.268783
 284.400000 0.283129 20.193655 35.268783
 284.600000 0.281686 20.681855 35.268783
 284.800000 0.269975 24.368058 35.268783
 285.000000 0.265133 25.735183 35.245296
 285.200000 0.269426 25.061965 35.245296
 285.400000 0.292477 16.964766 35.245296
 285.600000 0.304457 12.441242 35.245296
 285.800000 0.305357 12.118126 35.245296
 286.000000 0.292025 17.137391 35.245296
 286.200000 0.284485 20.687716 35.245296
 286.400000 0.261733 27.279790 35.245296
 286.600000 0.256395 28.435732 35.245296
 286.800000 0.253166 29.052200 35.245296
 287.000000 0.258043 28.097902 35.245296
 287.200000 0.280096 22.312300 35.245296
 287.400000 0.288583 19.299263 35.245296
 287.600000 0.306308 12.300246 35.245296
 287.800000 0.307519 11.835798 35.245296
 288.000000 0.297205 15.936305 35.245296
 288.200000 0.309146 11.849412 35.245296
 288.400000 0.337242 2.653131 35.245296
 288.600000 0.332733 3.765489 35.245296
 288.800000 0.311695 10.830338 35.245296
 289.000000 0.296867 16.932939 35.245296
 289.200000 0.272221 25.283227 35.245296
 289.400000 0.239164 31.495556 35.245296
 289.600000 0.240308 31.346871 35.245296
 289.800000 0.255174 29.198155 35.245296
 290.000000 0.269467 25.994366 35.227731
 290.200000 0.304343 14.598133 35.227731
 290.400000 0.304406 14.569936 35.227731
 290.600000 0.296186 18.138954 35.227731
 290.800000 0.310427 11.892141 35.227731
 291.000000 0.279546 23.787364 35.227731
 291.200000 0.278674 24.643556 35.227731
 291.400000 0.290030 20.952573 35.227731
 291.600000 0.316859 9.235112 35.227731
 291.800000 0.323983 6.561306 35.227731
 292.000000 0.305438 14.242708 35.227731
 292.200000 0.276396 25.416697 35.227731
 292.400000 0.263625 28.304755 35.227731
 292.600000 0.288304 22.066895 35.227731
 292.800000 0.271141 26.694528 35.227731
 293.000000 0.265720 27.886245 35.227731
 293.200000 0.300102 17.624073 35.227731
 293.400000 0.319949 8.609137 35.227731
 293.600000 0.322764 7.467512 35.227731
 293.800000 0.329893 4.877609 35.227731
 294.000000 0.319861 8.646015 35.227731
 294.200000 0.309291 14.306165 35.227731
 294.400000 0.316155 11.393865 35.227731
 294.600000 0.332824 4.778724 35.227731
 294.800000 0.324733 7.835924 35.227731
 295.000000 0.301928 17.386090 35.207282
 295.200000 0.292778 21.537450 35.207282
 295.400000 0.323926 8.436152 35.207282
 295.600000 0.325355 7.823625 35.207282
 295.800000 0.324096 8.362838 35.207282
 296.000000 0.319342 10.463700 35.207282
 296.200000 0.301731 18.823119 35.207282
 296.400000 0.318534 11.924398 35.207282
 296.600000 0.305808 17.289006 35.207282
 296.800000 0.296365 20.661651 35.207282
 297.000000 0.289304 22.746497 35.207282
 297.200000 0.288951 23.477766 35.207282
 297.400000 0.291805 22.673751 35.207282
 297.600000 0.290455 23.062181 35.207282
 297.800000 0.319213 11.705407 35.207282
 298.000000 0.331531 6.145164 35.207282
 298.200000 0.335940 5.697921 35.207282
 298.400000 0.325657 9.965106 35.207282
 298.600000 0.319618 12.488998 35.207282
 298.800000 0.324537 10.439522 35.207282
 299.000000 0.312425 15.375551 35.207282
 299.200000 0.326460 10.192672 35.207282
 299.400000 0.337956 5.147396 35.207282
 299.600000 0.341435 3.887128 35.207282
 299.800000 0.328372 9.310663 35.207282
 300.000000 0.352551 1.211516 35.180812
 300.200000 0.340891 5.296737 35.180812
 300.400000 0.326672 10.466848 35.180812
 300.600000 0.328627 9.655674 35.180812
 300.800000 0.319020 13.667777 35.180812
 301.000000 0.299339 20.911048 35.180812
 301.200000 0.285134 25.077227 35.180812
 301.400000 0.286865 24.733011 35.180812
 301.600000 0.298325 21.912735 35.180812
 301.800000 0.298753 21.782280 35.180812
 302.000000 0.306079 19.275952 35.180812
 302.200000 0.324434 11.925641 35.180812
 302.400000 0.344998 4.289938 35.180812
 302.600000 0.322610 12.783087 35.180812
 302.800000 0.324750 11.777709 35.180812
 303.000000 0.326773 10.838512 35.180812
 303.200000 0.321111 14.494228 35.180812
 303.400000 0.336217 7.770825 35.180812
 303.600000 0.338457 6.909551 35.180812
 303.800000 0.344107 5.054240 35.180812
 304.000000 0.345397 4.697373 35.180812
 304.200000 0.340212 7.619571 35.180812
 304.400000 0.336806 8.742461 35.180812
 304.600000 0.330529 11.071260 35.180812
 304.800000 0.312404 18.264358 35.180812
 305.000000 0.334015 9.740621 35.154600
 305.200000 0.331695 11.737547 35.154600
 305.400000 0.340440 8.582624 35.154600
 305.600000 0.311624 18.921263 35.154600
 305.800000 0.295629 23.438303 35.154600
 306.000000 0.299725 22.459690 35.154600
 306.200000 0.317348 17.309337 35.154600
 306.400000 0.328233 13.141067 35.154600
 306.600000 0.319422 16.530392 35.154600
 306.800000 0.329473 12.660359 35.154600
 307.000000 0.322686 15.287461 35.154600
 307.200000 0.301037 23.068247 35.154600
 307.400000 0.313588 19.426489 35.154600
 307.600000 0.336461 10.592647 35.154600
 307.800000 0.322282 16.327754 35.154600
 308.000000 0.319404 17.401759 35.154600
 308.200000 0.317402 18.920451 35.154600
 308.400000 0.349432 6.056829 35.154600
 308.600000 0.357929 3.662755 35.154600
 308.800000 0.324196 16.353465 35.154600
 309.000000 0.314983 19.730809 35.154600
 309.200000 0.336713 11.158627 35.154600
 309.400000 0.340845 9.335885 35.154600
 309.600000 0.330177 14.226429 35.154600
 309.800000 0.353910 4.738423 35.154600
 310.000000 0.340939 9.296281 35.129666
 310.200000 0.349061 7.229048 35.129666
 310.400000 0.348833 7.313054 35.129666
 310.600000 0.335910 12.621019 35.129666
 310.800000 0.344931 8.813553 35.129666
 311.000000 0.358767 4.039688 35.129666
 311.200000 0.332895 14.268875 35.129666
 311.400000 0.305327 23.128826 35.129666
 311.600000 0.287991 25.668355 35.129666
 311.800000 0.287812 25.687411 35.129666
 312.000000 0.282923 26.221689 35.129666
 312.200000 0.291832 25.707337 35.129666
 312.400000 0.291814 25.709684 35.129666
 312.600000 0.299461 24.512340 35.129666
 312.800000 0.316476 20.332859 35.129666
 313.000000 0.315476 20.638983 35.129666
 313.200000 0.333469 14.380083 35.129666
 313.400000 0.334621 13.891726 35.129666
 313.600000 0.336070 13.285526 35.129666
 313.800000 0.354519 6.761069 35.129666
 314.000000 0.333811 14.234700 35.129666
 314.200000 0.311917 22.659188 35.129666
 314.400000 0.283116 26.811924 35.129666
 314.600000 0.245313 31.124803 35.129666
 314.800000 0.244081 31.230597 35.129666
 315.000000 0.244768 31.171203 35.121574
 315.200000 0.248235 31.305418 35.121574
 315.400000 0.241626 31.878435 35.121574
 315.600000 0.255266 30.600810 35.121574
 315.800000 0.267443 28.933240 35.121574
 316.000000 0.274214 27.929028 35.121574
 316.200000 0.284764 27.047873 35.121574
 316.400000 0.301012 24.840444 35.121574
 316.600000 0.270392 28.975833 35.121574
 316.800000 0.260670 30.259821 35.121574
 317.000000 0.254149 30.929908 35.121574
 317.200000 0.276521 28.256934 35.121574
 317.400000 0.280121 27.727876 35.121574
 317.600000 0.279476 27.819802 35.121574
 317.800000 0.272714 28.850200 35.121574
 318.000000 0.269012 29.440096 35.121574
 318.200000 0.285246 27.301768 35.121574
 318.400000 0.255770 31.537327 35.121574
 318.600000 0.247384 32.046788 35.121574
 318.800000 0.229981 33.260700 35.121574
 319.000000 0.266358 30.317434 35.121574
 319.200000 0.317658 21.177638 35.121574
 319.400000 0.315726 21.722911 35.121574
 319.600000 0.315928 21.667804 35.121574
 319.800000 0.317008 21.365481 35.121574
 320.000000 0.313378 22.334544 35.129281
 320.200000 0.307957 24.180454 35.129281
 320.400000 0.303058 25.056066 35.129281
 320.600000 0.314940 22.576853 35.129281
 320.800000 0.298630 25.738258 35.129281
 321.000000 0.317722 21.779373 35.129281
 321.200000 0.326847 19.013701 35.129281
 321.400000 0.344967 10.754862 35.129281
 321.600000 0.339790 12.999636 35.129281
 321.800000 0.329795 17.682516 35.129281
 322.000000 0.344821 10.815523 35.129281
 322.200000 0.349636 9.942341 35.129281
 322.400000 0.331030 17.814415 35.129281
 322.600000 0.317260 22.780184 35.129281
 322.800000 0.329117 18.618999 35.129281
 323.000000 0.308988 24.594211 35.129281
 323.200000 0.313922 24.168154 35.129281
 323.400000 0.291280 27.186502 35.129281
 323.600000 0.283783 28.033838 35.129281
 323.800000 0.279977 28.578092 35.129281
 324.000000 0.292062 27.112111 35.129281
 324.200000 0.299142 26.918269 35.129281
 324.400000 0.287898 28.037597 35.129281
 324.600000 0.263581 31.244215 35.129281
 324.800000 0.285587 28.280112 35.129281
 325.000000 0.285245 28.317587 35.113942
 325.200000 0.275294 30.014829 35.113942
 325.400000 0.283116 29.051783 35.113942
 325.600000 0.307173 25.958798 35.113942
 325.800000 0.293523 27.922536 35.113942
 326.000000 0.275013 30.051351 35.113942
 326.200000 0.272178 30.870185 35.113942
 326.400000 0.293865 28.092124 35.113942
 326.600000 0.291684 28.369629 35.113942
 326.800000 0.273307 30.728952 35.113942
 327.000000 0.256983 32.147489 35.113942
 327.200000 0.265991 31.899752 35.113942
 327.400000 0.281497 29.766406 35.113942
 327.600000 0.300940 27.098518 35.113942
 327.800000 0.314942 24.160064 35.113942
 328.000000 0.336086 15.746107 35.113942
 328.200000 0.344421 12.840931 35.113942
 328.400000 0.343882 13.082945 35.113942
 328.600000 0.330051 19.271566 35.113942
 328.800000 0.315515 24.333505 35.113942
 329.000000 0.305713 26.395246 35.113942
 329.200000 0.327833 20.374598 35.113942
 329.400000 0.353158 9.024009 35.113942
 329.600000 0.365586 4.305877 35.113942
 329.800000 0.356089 7.807098 35.113942
 330.000000 0.358456 6.860974 35.114899
 330.200000 0.371194 3.609396 35.114899
 330.400000 0.374901 2.601893 35.114899
 330.600000 0.378156 1.875298 35.114899
 330.800000 0.379829 1.560938 35.114899
 331.000000 0.368046 4.605202 35.114899
 331.200000 0.400853 0.181033 35.114899
 331.400000 0.381788 2.178295 35.114899
 331.600000 0.383466 1.848253 35.114899
 331.800000 0.391910 0.695686 35.114899
 332.000000 0.384816 1.607822 35.114899
 332.200000 0.370643 6.220858 35.114899
 332.400000 0.371719 5.950026 35.114899
 332.600000 0.381208 3.883018 35.114899
 332.800000 0.375846 4.981940 35.114899
 333.000000 0.360095 9.167543 35.114899
 333.200000 0.385312 3.434858 35.114899
 333.400000 0.405023 0.750315 35.114899
 333.600000 0.378407 4.985528 35.114899
 333.800000 0.364810 8.903895 35.114899
 334.000000 0.372181 6.676560 35.114899
 334.200000 0.383250 4.850010 35.114899
 334.400000 0.405028 0.865769 35.114899
 334.600000 0.399529 1.510621 35.114899
 334.800000 0.397715 1.777304 35.114899
 335.000000 0.395175 2.198496 35.088780
 335.200000 0.409213 1.551463 35.088780
 335.400000 0.394235 3.951569 35.088780
 335.600000 0.415710 0.835531 35.088780
 335.800000 0.409473 1.517740 35.088780
 336.000000 0.397701 3.343762 35.088780
 336.200000 0.408973 2.719195 35.088780
 336.400000 0.410200 2.490033 35.088780
 336.600000 0.415281 1.631838 35.088780
 336.800000 0.410422 2.449289 35.088780
 337.000000 0.414989 1.676365 35.088780
 337.200000 0.407884 4.378436 35.088780
 337.400000 0.415319 3.249683 35.088780
 337.600000 0.401768 5.213075 35.088780
 337.800000 0.400273 5.395107 35.088780
 338.000000 0.390257 6.415866 35.088780
 338.200000 0.371110 9.633823 35.088780
 338.400000 0.376839 8.889209 35.088780
 338.600000 0.376315 8.947532 35.088780
 338.800000 0.382660 8.349263 35.088780
 339.000000 0.392247 7.534256 35.088780
 339.200000 0.384552 9.296421 35.088780
 339.400000 0.382503 9.374527 35.088780
 339.600000 0.371306 10.074930 35.088780
 339.800000 0.377614 9.582691 35.088780
 340.000000 0.377531 9.587171 35.063771
 340.200000 0.380655 10.561327 35.063771
 340.400000 0.395455 8.939579 35.063771
 340.600000 0.419359 3.098307 35.063771
 340.800000 0.417847 3.422407 35.063771
 341.000000 0.417419 3.517044 35.063771
 341.200000 0.434978 1.564163 35.063771
 341.400000 0.435189 1.533417 35.063771
 341.600000 0.419465 4.558716 35.063771
 341.800000 0.422966 3.795722 35.063771
 342.000000 0.425899 3.181635 35.063771
 342.200000 0.421704 5.527994 35.063771
 342.400000 0.430630 3.718035 35.063771
 342.600000 0.445726 1.086588 35.063771
 342.800000 0.436734 2.488254 35.063771
 343.000000 0.400781 8.946622 35.063771
 343.200000 0.397037 10.589374 35.063771
 343.400000 0.398252 10.452585 35.063771
 343.600000 0.413670 7.750482 35.063771
 343.800000 0.411113 8.279058 35.063771
 344.000000 0.419577 6.457939 35.063771
 344.200000 0.424088 6.669085 35.063771
 344.400000 0.428723 5.411655 35.063771
 344.600000 0.442395 1.963250 35.063771
 344.800000 0.428927 5.354806 35.063771
 345.000000 0.421121 7.410551 35.039162
 345.200000 0.422323 8.371833 35.039162
 345.400000 0.427876 6.783657 35.039162
 345.600000 0.442236 2.459906 35.039162
 345.800000 0.437926 3.610196 35.039162
 346.000000 0.434238 4.741962 35.039162
 346.200000 0.448718 2.090180 35.039162
 346.400000 0.422221 9.424817 35.039162
 346.600000 0.413460 10.647064 35.039162
 346.800000 0.381175 11.205390 35.039162
 347.000000 0.392634 11.443292 35.039162
 347.200000 0.428531 7.954161 35.039162
 347.400000 0.430427 7.385836 35.039162
 347.600000 0.401915 12.165344 35.039162
 347.800000 0.398140 12.382543 35.039162
 348.000000 0.408245 11.626991 35.039162
 348.200000 0.415112 11.766719 35.039162
 348.400000 0.389998 12.945684 35.039162
 348.600000 0.380536 12.140099 35.039162
 348.800000 0.349145 14.107526 35.039162
 349.000000 0.352681 13.464095 35.039162
 349.200000 0.333982 18.851861 35.039162
 349.400000 0.347311 15.389498 35.039162
 349.600000 0.357476 13.666928 35.039162
 349.800000 0.369302 12.288673 35.039162
 350.000000 0.373147 12.127757 35.014748
 350.200000 0.369695 13.256924 35.014748
 350.400000 0.371050 13.202317 35.014748
 350.600000 0.361202 13.877381 35.014748
 350.800000 0.358942 14.101155 35.014748
 351.000000 0.377699 13.146600 35.014748
 351.200000 0.366705 14.169546 35.014748
 351.400000 0.375915 14.096850 35.014748
 351.600000 0.371718 14.080362 35.014748
 351.800000 0.399823 13.728549 35.014748
 352.000000 0.381264 14.182850 35.014748
 352.200000 0.391331 14.938512 35.014748
 352.400000 0.390173 15.001255 35.014748
 352.600000 0.389248 15.042688 35.014748
 352.800000 0.395205 14.645932 35.014748
 353.000000 0.399818 14.160946 35.014748
 353.200000 0.378987 15.415572 35.014748
 353.400000 0.373655 15.099060 35.014748
 353.600000 0.382767 15.621203 35.014748
 353.800000 0.366718 14.829787 35.014748
 354.000000 0.381738 15.570589 35.014748
 354.200000 0.367875 15.426157 35.014748
 354.400000 0.363030 15.202803 35.014748
 354.600000 0.368403 15.459616 35.014748
 354.800000 0.372361 15.749630 35.014748
 355.000000 0.343329 16.514287 34.990984
 355.200000 0.350585 16.260834 34.990984
 355.400000 0.353976 15.930576 34.990984
 355.600000 0.364482 15.562193 34.990984
 355.800000 0.370316 15.757619 34.990984
 356.000000 0.352121 16.097972 34.990984
 356.200000 0.348953 17.293707 34.990984
 356.400000 0.362802 16.219083 34.990984
 356.600000 0.367162 16.136033 34.990984
 356.800000 0.376214 16.373599 34.990984
 357.000000 0.356092 16.602639 34.990984
 357.200000 0.359108 17.213581 34.990984
 357.400000 0.366029 16.814109 34.990984
 357.600000 0.373591 16.685990 34.990984
 357.800000 0.374754 16.695081 34.990984
 358.000000 0.372632 16.682975 34.990984
 358.200000 0.352308 18.074451 34.990984
 358.400000 0.349670 18.230100 34.990984
 358.600000 0.341639 18.980335 34.990984
 358.800000 0.341515 18.996594 34.990984
 359.000000 0.349772 18.223523 34.990984
 359.200000 0.337681 20.146307 34.990984
 359.400000 0.354246 18.718628 34.990984
 359.600000 0.383371 17.500111 34.990984
 359.800000 0.407963 14.121885 34.990984
 360.000000 0.401209 15.440856 34.967293
