#! FIELDS time d metad.bias metad.rct
 0.000000 0.129546 0.000000 0.000000
 0.200000 0.117123 0.000000 0.000000
 0.400000 0.125499 0.000000 0.000000
 0.600000 0.140198 0.000000 0.000000
 0.800000 0.109040 0.000000 0.000000
 1.000000 0.101560 0.000000 0.000000
 1.200000 0.121729 0.706680 0.000000
 1.400000 0.134524 0.153348 0.000000
 1.600000 0.147000 0.014444 0.000000
 1.800000 0.135175 0.138953 0.000000
 2.000000 0.122951 0.630905 0.000000
 2.200000 0.115373 2.641349 0.000000
 2.400000 0.099127 2.206772 0.000000
 2.600000 0.109014 2.650239 0.000000
 2.800000 0.117170 2.596379 0.000000
 3.000000 0.156130 0.144357 0.000000
 3.200000 0.151032 1.937505 0.000000
 3.400000 0.121595 2.529431 0.000000
 3.600000 0.113816 2.694577 0.000000
 3.800000 0.133803 2.051623 0.000000
 4.000000 0.132326 2.100806 0.000000
 4.200000 0.149324 2.773294 0.000000
 4.400000 0.138859 3.388165 0.000000
 4.600000 0.144809 3.043749 0.000000
 4.800000 0.160995 1.968568 0.000000
 5.000000 0.143766 3.105459 1.278949
 5.200000 0.162381 2.559924 1.278949
 5.400000 0.157271 3.267473 1.278949
 5.600000 0.135808 4.870573 1.278949
 5.800000 0.154975 3.564423 1.278949
 6.000000 0.164381 2.278991 1.278949
 6.200000 0.179118 1.610841 1.278949
 6.400000 0.168338 3.271230 1.278949
 6.600000 0.152830 4.997919 1.278949
 6.800000 0.158589 4.556630 1.278949
 7.000000 0.184122 1.004384 1.278949
 7.200000 0.190859 1.967244 1.278949
 7.400000 0.149593 5.256422 1.278949
 7.600000 0.160310 4.847229 1.278949
 7.800000 0.144213 5.286185 1.278949
 8.000000 0.115303 3.771602 1.278949
 8.200000 0.127481 5.787363 1.278949
 8.400000 0.149474 5.366028 1.278949
 8.600000 0.143621 5.529842 1.278949
 8.800000 0.141716 5.577393 1.278949
 9.000000 0.148270 5.403119 1.278949
 9.200000 0.161407 5.723720 1.278949
 9.400000 0.167883 4.856040 1.278949
 9.600000 0.166112 5.101811 1.278949
 9.800000 0.163193 5.495622 1.278949
 10.000000 0.170666 4.469605 3.071329
 10.200000 0.155961 7.200518 3.071329
 10.400000 0.160247 6.990386 3.071329
 10.600000 0.172463 5.646974 3.071329
 10.800000 0.174465 5.342689 3.071329
 11.000000 0.170843 5.879121 3.071329
 11.200000 0.166594 7.710949 3.071329
 11.400000 0.143730 7.385614 3.071329
 11.600000 0.164520 7.869558 3.071329
 11.800000 0.147269 7.617608 3.071329
 12.000000 0.158661 8.052779 3.071329
 12.200000 0.157695 9.269290 3.071329
 12.400000 0.159347 9.271169 3.071329
 12.600000 0.165574 8.894447 3.071329
 12.800000 0.158158 9.273849 3.071329
 13.000000 0.160537 9.246975 3.071329
 13.200000 0.171439 8.880443 3.071329
 13.400000 0.157879 10.412564 3.071329
 13.600000 0.139094 8.012036 3.071329
 13.800000 0.135747 7.533342 3.071329
 14.000000 0.142649 8.571484 3.071329
 14.200000 0.142518 9.744868 3.071329
 14.400000 0.144666 10.083552 3.071329
 14.600000 0.138206 9.022868 3.071329
 14.800000 0.123208 6.698137 3.071329
 15.000000 0.137419 8.889482 6.230166
 15.200000 0.149225 11.559037 6.230166
 15.400000 0.147199 11.398082 6.230166
 15.600000 0.136773 9.956880 6.230166
 15.800000 0.121617 7.154986 6.230166
 16.000000 0.138109 10.183008 6.230166
 16.200000 0.122897 8.055358 6.230166
 16.400000 0.115298 6.365894 6.230166
 16.600000 0.127080 9.022530 6.230166
 16.800000 0.115314 6.369277 6.230166
 17.000000 0.117999 6.948065 6.230166
 17.200000 0.133010 11.110991 6.230166
 17.400000 0.114291 7.399714 6.230166
 17.600000 0.126499 9.981896 6.230166
 17.800000 0.115147 7.595132 6.230166
 18.000000 0.091474 2.317354 6.230166
 18.200000 0.133004 11.141144 6.230166
 18.400000 0.128849 10.482219 6.230166
 18.600000 0.105192 6.295606 6.230166
 18.800000 0.108908 6.941262 6.230166
 19.000000 0.093638 4.280616 6.230166
 19.200000 0.107153 7.598017 6.230166
 19.400000 0.108881 7.798254 6.230166
 19.600000 0.116763 8.776338 6.230166
 19.800000 0.126597 10.226255 6.230166
 20.000000 0.100192 6.746268 7.491562
 20.200000 0.092869 6.738137 7.491562
 20.400000 0.127399 10.597755 7.491562
 20.600000 0.139321 12.013205 7.491562
 20.800000 0.100439 8.075127 7.491562
 21.000000 0.114594 9.307711 7.491562
 21.200000 0.130913 11.677210 7.491562
 21.400000 0.117917 10.704940 7.491562
 21.600000 0.109290 10.009498 7.491562
 21.800000 0.135970 12.074065 7.491562
 22.000000 0.109364 10.016750 7.491562
 22.200000 0.128949 11.997806 7.491562
 22.400000 0.135526 12.283643 7.491562
 22.600000 0.133160 12.173080 7.491562
 22.800000 0.143819 12.620693 7.491562
 23.000000 0.150480 12.634331 7.491562
 23.200000 0.167111 10.949111 7.491562
 23.400000 0.159330 12.757669 7.491562
 23.600000 0.158696 12.863838 7.491562
 23.800000 0.130878 12.496746 7.491562
 24.000000 0.098001 9.184760 7.491562
 24.200000 0.092929 8.868782 7.491562
 24.400000 0.109609 12.044097 7.491562
 24.600000 0.137093 13.063288 7.491562
 24.800000 0.130071 12.550875 7.491562
 25.000000 0.124250 12.308728 9.539083
 25.200000 0.129101 13.456532 9.539083
 25.400000 0.133511 13.617896 9.539083
 25.600000 0.120789 13.235618 9.539083
 25.800000 0.118224 13.164095 9.539083
 26.000000 0.101639 11.457433 9.539083
 26.200000 0.076429 3.392825 9.539083
 26.400000 0.081676 5.269848 9.539083
 26.600000 0.068518 1.431082 9.539083
 26.800000 0.081927 5.368587 9.539083
 27.000000 0.072765 2.345804 9.539083
 27.200000 0.089328 9.288493 9.539083
 27.400000 0.125468 13.647273 9.539083
 27.600000 0.118586 13.740873 9.539083
 27.800000 0.117837 13.751616 9.539083
 28.000000 0.123000 13.672157 9.539083
 28.200000 0.116527 14.634484 9.539083
 28.400000 0.121286 14.643331 9.539083
 28.600000 0.110445 14.366041 9.539083
 28.800000 0.124776 14.597469 9.539083
 29.000000 0.134877 14.456892 9.539083
 29.200000 0.122568 15.285373 9.539083
 29.400000 0.127553 15.367771 9.539083
 29.600000 0.123327 15.302279 9.539083
 29.800000 0.107063 14.185150 9.539083
 30.000000 0.110732 14.638199 11.510775
 30.200000 0.125797 15.895644 11.510775
 30.400000 0.104658 14.630624 11.510775
 30.600000 0.087411 8.940798 11.510775
 30.800000 0.071797 3.712915 11.510775
 31.000000 0.075066 4.589880 11.510775
 31.200000 0.058968 2.188691 11.510775
 31.400000 0.070824 4.846944 11.510775
 31.600000 0.069779 4.575315 11.510775
 31.800000 0.055709 1.642574 11.510775
 32.000000 0.069359 4.468255 11.510775
 32.200000 0.083421 9.537574 11.510775
 32.400000 0.054634 2.367318 11.510775
 32.600000 0.048620 1.319675 11.510775
 32.800000 0.079634 8.524895 11.510775
 33.000000 0.096620 13.204249 11.510775
 33.200000 0.100214 15.008947 11.510775
 33.400000 0.112441 16.340492 11.510775
 33.600000 0.100139 14.993481 11.510775
 33.800000 0.075679 7.871635 11.510775
 34.000000 0.058894 3.338219 11.510775
 34.200000 0.076451 8.854096 11.510775
 34.400000 0.065240 6.343218 11.510775
 34.600000 0.051106 3.035266 11.510775
 34.800000 0.053590 3.591340 11.510775
 35.000000 0.062480 5.700845 11.971548
 35.200000 0.071695 8.908583 11.971548
 35.400000 0.069951 8.598730 11.971548
 35.600000 0.084312 11.301290 11.971548
 35.800000 0.096385 14.282179 11.971548
 36.000000 0.113183 16.356400 11.971548
 36.200000 0.117539 17.143611 11.971548
 36.400000 0.103807 16.378435 11.971548
 36.600000 0.120642 16.993109 11.971548
 36.800000 0.127596 16.497554 11.971548
 37.000000 0.100372 15.710632 11.971548
 37.200000 0.097432 15.858721 11.971548
 37.400000 0.108139 17.700312 11.971548
 37.600000 0.124681 16.951457 11.971548
 37.800000 0.108642 17.731155 11.971548
 38.000000 0.127212 16.701101 11.971548
 38.200000 0.126645 17.587745 11.971548
 38.400000 0.122673 17.943689 11.971548
 38.600000 0.134918 16.741209 11.971548
 38.800000 0.127652 17.489509 11.971548
 39.000000 0.135762 16.651983 11.971548
 39.200000 0.146397 16.091422 11.971548
 39.400000 0.127319 18.233420 11.971548
 39.600000 0.132459 17.812523 11.971548
 39.800000 0.146529 16.070448 11.971548
 40.000000 0.155866 14.283614 14.154263
 40.200000 0.173220 9.587154 14.154263
 40.400000 0.172249 9.962195 14.154263
 40.600000 0.190616 3.540126 14.154263
 40.800000 0.190250 3.639106 14.154263
 41.000000 0.186042 4.889551 14.154263
 41.200000 0.185239 6.555568 14.154263
 41.400000 0.188147 5.632786 14.154263
 41.600000 0.182273 7.529428 14.154263
 41.800000 0.187512 5.831051 14.154263
 42.000000 0.183510 7.120128 14.154263
 42.200000 0.180069 9.506777 14.154263
 42.400000 0.170664 12.281394 14.154263
 42.600000 0.175272 10.974211 14.154263
 42.800000 0.169795 12.515435 14.154263
 43.000000 0.189280 6.467778 14.154263
 43.200000 0.173770 12.179831 14.154263
 43.400000 0.157237 15.512156 14.154263
 43.600000 0.143200 17.281053 14.154263
 43.800000 0.151275 16.392280 14.154263
 44.000000 0.177386 11.297381 14.154263
 44.200000 0.178636 12.029635 14.154263
 44.400000 0.179161 11.887554 14.154263
 44.600000 0.159893 15.590672 14.154263
 44.800000 0.149809 16.771966 14.154263
 45.000000 0.183225 10.678195 14.359013
 45.200000 0.196277 6.612762 14.359013
 45.400000 0.173505 14.146276 14.359013
 45.600000 0.158702 16.035345 14.359013
 45.800000 0.176047 13.655641 14.359013
 46.000000 0.186518 10.624242 14.359013
 46.200000 0.198491 6.486898 14.359013
 46.400000 0.190188 10.243101 14.359013
 46.600000 0.183965 12.597975 14.359013
 46.800000 0.191851 9.516557 14.359013
 47.000000 0.190131 10.267271 14.359013
 47.200000 0.199385 7.004563 14.359013
 47.400000 0.199736 6.836954 14.359013
 47.600000 0.205707 4.218352 14.359013
 47.800000 0.220992 0.630411 14.359013
 48.000000 0.210002 2.732833 14.359013
 48.200000 0.180572 14.694898 14.359013
 48.400000 0.185038 13.673081 14.359013
 48.600000 0.192927 10.930404 14.359013
 48.800000 0.216743 2.585123 14.359013
 49.000000 0.212551 3.565570 14.359013
 49.200000 0.206507 6.796981 14.359013
 49.400000 0.220420 3.207415 14.359013
 49.600000 0.215741 4.258100 14.359013
 49.800000 0.226499 2.055089 14.359013
 50.000000 0.218217 3.684613 14.488272
 50.200000 0.220762 4.599718 14.488272
 50.400000 0.225056 3.643467 14.488272
 50.600000 0.245141 0.529457 14.488272
 50.800000 0.266437 0.005574 14.488272
 51.000000 0.257927 0.060816 14.488272
 51.200000 0.281353 0.513162 14.488272
 51.400000 0.275640 0.867409 14.488272
 51.600000 0.257901 1.806420 14.488272
 51.800000 0.233333 2.428359 14.488272
 52.000000 0.231520 2.674246 14.488272
 52.200000 0.229443 4.536668 14.488272
 52.400000 0.211762 7.284525 14.488272
 52.600000 0.233996 3.879902 14.488272
 52.800000 0.259237 2.063388 14.488272
 53.000000 0.266978 1.551158 14.488272
 53.200000 0.253761 3.438753 14.488272
 53.400000 0.254056 3.444669 14.488272
 53.600000 0.252112 3.403889 14.488272
 53.800000 0.244770 3.337756 14.488272
 54.000000 0.234921 3.920999 14.488272
 54.200000 0.250167 4.240306 14.488272
 54.400000 0.229683 5.953979 14.488272
 54.600000 0.213926 7.480075 14.488272
 54.800000 0.219739 6.922245 14.488272
 55.000000 0.216303 7.239538 14.455440
 55.200000 0.218681 8.270011 14.455440
 55.400000 0.219134 8.222248 14.455440
 55.600000 0.206709 9.515442 14.455440
 55.800000 0.222366 7.850037 14.455440
 56.000000 0.229735 6.796633 14.455440
 56.200000 0.215407 9.411020 14.455440
 56.400000 0.192356 12.575574 14.455440
 56.600000 0.213134 9.506353 14.455440
 56.800000 0.212027 9.556217 14.455440
 57.000000 0.199549 10.941133 14.455440
 57.200000 0.204890 11.112747 14.455440
 57.400000 0.193386 13.311587 14.455440
 57.600000 0.184272 15.027535 14.455440
 57.800000 0.172273 15.924812 14.455440
 58.000000 0.173749 15.879486 14.455440
 58.200000 0.167863 16.829153 14.455440
 58.400000 0.163295 16.842988 14.455440
 58.600000 0.174506 16.713480 14.455440
 58.800000 0.198845 12.366114 14.455440
 59.000000 0.185768 15.425909 14.455440
 59.200000 0.193220 14.495876 14.455440
 59.400000 0.184528 16.533847 14.455440
 59.600000 0.188890 15.624328 14.455440
 59.800000 0.191447 14.975200 14.455440
 60.000000 0.183653 16.677990 15.044448
 60.200000 0.179053 17.997777 15.044448
 60.400000 0.174774 18.072965 15.044448
 60.600000 0.178133 18.041236 15.044448
 60.800000 0.169834 17.862904 15.044448
 61.000000 0.155631 17.228607 15.044448
 61.200000 0.156657 18.048110 15.044448
 61.400000 0.151117 18.041209 15.044448
 61.600000 0.154962 18.037556 15.044448
 61.800000 0.159946 18.091979 15.044448
 62.000000 0.169069 18.358713 15.044448
 62.200000 0.161856 18.821062 15.044448
 62.400000 0.161609 18.809617 15.044448
 62.600000 0.168353 19.107518 15.044448
 62.800000 0.162724 18.861774 15.044448
 63.000000 0.157443 18.627266 15.044448
 63.200000 0.177326 19.330181 15.044448
 63.400000 0.178683 19.173478 15.044448
 63.600000 0.182106 18.621673 15.044448
 63.800000 0.183462 18.339413 15.044448
 64.000000 0.161629 19.544597 15.044448
 64.200000 0.153675 19.866201 15.044448
 64.400000 0.180960 19.150409 15.044448
 64.600000 0.195179 14.855651 15.044448
 64.800000 0.221600 9.508231 15.044448
 65.000000 0.238362 6.600546 16.396013
 65.200000 0.226870 9.710363 16.396013
 65.400000 0.228198 9.552502 16.396013
 65.600000 0.211713 10.997760 16.396013
 65.800000 0.216001 10.614106 16.396013
 66.000000 0.219917 10.332354 16.396013
 66.200000 0.217343 11.603862 16.396013
 66.400000 0.227359 10.630331 16.396013
 66.600000 0.265301 3.830410 16.396013
 66.800000 0.290923 0.607052 16.396013
 67.000000 0.289055 0.752243 16.396013
 67.200000 0.292067 2.187126 16.396013
 67.400000 0.273473 3.667997 16.396013
 67.600000 0.256668 5.117594 16.396013
 67.800000 0.252785 5.605297 16.396013
 68.000000 0.231855 9.844249 16.396013
 68.200000 0.237018 9.794121 16.396013
 68.400000 0.261335 4.811729 16.396013
 68.600000 0.238271 9.475240 16.396013
 68.800000 0.230591 11.211329 16.396013
 69.000000 0.219247 12.276119 16.396013
 69.200000 0.207513 13.401071 16.396013
 69.400000 0.196777 15.068243 16.396013
 69.600000 0.205099 13.580207 16.396013
 69.800000 0.221999 13.172818 16.396013
 70.000000 0.237714 10.091546 16.425751
 70.200000 0.235961 11.708641 16.425751
 70.400000 0.254606 6.371010 16.425751
 70.600000 0.267195 4.391294 16.425751
 70.800000 0.279706 3.211886 16.425751
 71.000000 0.288917 2.457132 16.425751
 71.200000 0.281037 4.467989 16.425751
 71.400000 0.261225 5.450576 16.425751
 71.600000 0.259978 5.603318 16.425751
 71.800000 0.236616 11.525882 16.425751
 72.000000 0.254661 6.471828 16.425751
 72.200000 0.265512 6.059719 16.425751
 72.400000 0.258484 7.080402 16.425751
 72.600000 0.262483 6.458583 16.425751
 72.800000 0.273594 5.261542 16.425751
 73.000000 0.290377 3.969019 16.425751
 73.200000 0.266682 6.340547 16.425751
 73.400000 0.226395 13.788672 16.425751
 73.600000 0.202548 13.962347 16.425751
 73.800000 0.206035 13.620769 16.425751
 74.000000 0.225369 13.852247 16.425751
 74.200000 0.208086 14.023341 16.425751
 74.400000 0.207910 14.020737 16.425751
 74.600000 0.211373 14.164651 16.425751
 74.800000 0.208124 14.023968 16.425751
 75.000000 0.210560 14.115551 16.497351
 75.200000 0.209768 15.007497 16.497351
 75.400000 0.210467 15.043575 16.497351
 75.600000 0.211457 15.101593 16.497351
 75.800000 0.221020 15.566978 16.497351
 76.000000 0.211183 15.084840 16.497351
 76.200000 0.223348 16.151055 16.497351
 76.400000 0.239284 12.430346 16.497351
 76.600000 0.250775 8.929348 16.497351
 76.800000 0.251940 8.639724 16.497351
 77.000000 0.249983 9.135353 16.497351
 77.200000 0.263584 7.408745 16.497351
 77.400000 0.256020 8.830511 16.497351
 77.600000 0.254450 9.186471 16.497351
 77.800000 0.264013 7.344437 16.497351
 78.000000 0.264942 7.211328 16.497351
 78.200000 0.272913 7.525441 16.497351
 78.400000 0.271061 7.719821 16.497351
 78.600000 0.249687 11.134420 16.497351
 78.800000 0.248412 11.413606 16.497351
 79.000000 0.234767 14.719990 16.497351
 79.200000 0.236798 15.138557 16.497351
 79.400000 0.258733 9.679220 16.497351
 79.600000 0.272410 7.613858 16.497351
 79.800000 0.249035 11.853113 16.497351
 80.000000 0.247622 12.219864 16.668316
 80.200000 0.245331 13.838336 16.668316
 80.400000 0.246334 13.574529 16.668316
 80.600000 0.246424 13.550953 16.668316
 80.800000 0.215940 16.856951 16.668316
 81.000000 0.206529 15.963282 16.668316
 81.200000 0.202634 16.755696 16.668316
 81.400000 0.202540 16.757207 16.668316
 81.600000 0.208467 16.935275 16.668316
 81.800000 0.203665 16.749245 16.668316
 82.000000 0.221557 17.832553 16.668316
 82.200000 0.246095 13.868839 16.668316
 82.400000 0.263083 9.509045 16.668316
 82.600000 0.262411 9.652405 16.668316
 82.800000 0.270486 8.154043 16.668316
 83.000000 0.262884 9.551243 16.668316
 83.200000 0.258485 11.640462 16.668316
 83.400000 0.259666 11.384455 16.668316
 83.600000 0.268399 9.562021 16.668316
 83.800000 0.264705 10.312102 16.668316
 84.000000 0.270377 9.179998 16.668316
 84.200000 0.267634 10.857391 16.668316
 84.400000 0.253686 13.323391 16.668316
 84.600000 0.250604 13.888325 16.668316
 84.800000 0.253016 13.443089 16.668316
 85.000000 0.243172 15.424354 17.004688
 85.200000 0.239585 17.084943 17.004688
 85.400000 0.264392 11.773366 17.004688
 85.600000 0.271447 10.288229 17.004688
 85.800000 0.252405 14.282003 17.004688
 86.000000 0.256741 13.373947 17.004688
 86.200000 0.233650 18.508852 17.004688
 86.400000 0.212919 18.101722 17.004688
 86.600000 0.220434 18.948867 17.004688
 86.800000 0.228895 18.985601 17.004688
 87.000000 0.213192 18.138407 17.004688
 87.200000 0.198484 17.706116 17.004688
 87.400000 0.208681 18.307051 17.004688
 87.600000 0.223995 19.710664 17.004688
 87.800000 0.246605 16.372709 17.004688
 88.000000 0.251787 15.353556 17.004688
 88.200000 0.241507 18.074583 17.004688
 88.400000 0.239006 18.474782 17.004688
 88.600000 0.233682 19.235930 17.004688
 88.800000 0.216549 19.384382 17.004688
 89.000000 0.207999 18.232391 17.004688
 89.200000 0.208030 19.013136 17.004688
 89.400000 0.215712 19.964779 17.004688
 89.600000 0.236719 18.942653 17.004688
 89.800000 0.253250 15.948150 17.004688
 90.000000 0.268607 12.058338 17.504394
 90.200000 0.257412 15.804978 17.504394
 90.400000 0.250823 16.942416 17.504394
 90.600000 0.236591 19.066448 17.504394
 90.800000 0.239742 18.599537 17.504394
 91.000000 0.242949 18.120502 17.504394
 91.200000 0.233232 20.173006 17.504394
 91.400000 0.202534 18.485162 17.504394
 91.600000 0.208219 19.088905 17.504394
 91.800000 0.223935 20.667594 17.504394
 92.000000 0.223340 20.659884 17.504394
 92.200000 0.226866 21.308631 17.504394
 92.400000 0.248101 18.269775 17.504394
 92.600000 0.248889 18.122337 17.504394
 92.800000 0.232823 20.785823 17.504394
 93.000000 0.225635 21.350252 17.504394
 93.200000 0.196764 18.626974 17.504394
 93.400000 0.199563 18.703343 17.504394
 93.600000 0.205187 19.319692 17.504394
 93.800000 0.214105 20.990988 17.504394
 94.000000 0.219171 21.746324 17.504394
 94.200000 0.222209 22.635470 17.504394
 94.400000 0.234055 21.606850 17.504394
 94.600000 0.245517 19.163196 17.504394
 94.800000 0.227058 22.551278 17.504394
 95.000000 0.203406 19.444529 18.669569
 95.200000 0.210018 21.419910 18.669569
 95.400000 0.228341 22.625803 18.669569
 95.600000 0.219819 22.880181 18.669569
 95.800000 0.205411 20.520619 18.669569
 96.000000 0.191882 19.509777 18.669569
 96.200000 0.187757 20.439904 18.669569
 96.400000 0.219073 22.966621 18.669569
 96.600000 0.216209 22.707030 18.669569
 96.800000 0.241368 20.111872 18.669569
 97.000000 0.254417 17.166061 18.669569
 97.200000 0.244045 20.147847 18.669569
 97.400000 0.235896 21.705483 18.669569
 97.600000 0.237734 21.364713 18.669569
 97.800000 0.246593 19.646284 18.669569
 98.000000 0.245517 19.859040 18.669569
 98.200000 0.235414 22.368766 18.669569
 98.400000 0.226024 23.347166 18.669569
 98.600000 0.209724 21.770598 18.669569
 98.800000 0.190187 20.312981 18.669569
 99.000000 0.179509 20.816247 18.669569
 99.200000 0.201072 20.718453 18.669569
 99.400000 0.207919 21.562551 18.669569
 99.600000 0.218978 23.179341 18.669569
 99.800000 0.208679 21.686153 18.669569
 100.000000 0.213918 22.551158 19.638021
 100.200000 0.199561 21.033497 19.638021
 100.400000 0.207184 22.025677 19.638021
 100.600000 0.191137 20.985100 19.638021
 100.800000 0.192051 20.946227 19.638021
 101.000000 0.196406 20.890734 19.638021
 101.200000 0.199064 21.679008 19.638021
 101.400000 0.174754 21.778498 19.638021
 101.600000 0.170583 21.526788 19.638021
 101.800000 0.162096 20.831321 19.638021
 102.000000 0.171698 21.603167 19.638021
 102.200000 0.165984 21.787574 19.638021
 102.400000 0.176571 22.486749 19.638021
 102.600000 0.195718 21.755735 19.638021
 102.800000 0.188346 22.095794 19.638021
 103.000000 0.194319 21.782996 19.638021
 103.200000 0.191426 22.556730 19.638021
 103.400000 0.195701 22.416267 19.638021
 103.600000 0.181022 22.922567 19.638021
 103.800000 0.175551 22.763234 19.638021
 104.000000 0.185430 22.836618 19.638021
 104.200000 0.190800 23.179557 19.638021
 104.400000 0.186381 23.430644 19.638021
 104.600000 0.205342 23.117227 19.638021
 104.800000 0.211253 23.683925 19.638021
 105.000000 0.183960 23.513571 20.767204
 105.200000 0.192334 23.611111 20.767204
 105.400000 0.202060 23.212699 20.767204
 105.600000 0.214490 24.060973 20.767204
 105.800000 0.217653 24.234033 20.767204
 106.000000 0.229393 23.620185 20.767204
 106.200000 0.241367 21.938031 20.767204
 106.400000 0.261446 16.588328 20.767204
 106.600000 0.257628 17.815836 20.767204
 106.800000 0.277537 10.859841 20.767204
 107.000000 0.262494 16.231193 20.767204
 107.200000 0.231368 24.033707 20.767204
 107.400000 0.192429 23.631847 20.767204
 107.600000 0.210516 24.012673 20.767204
 107.800000 0.208326 23.776981 20.767204
 108.000000 0.241196 22.284930 20.767204
 108.200000 0.252901 20.336530 20.767204
 108.400000 0.252893 20.338766 20.767204
 108.600000 0.263177 17.063702 20.767204
 108.800000 0.248425 21.428368 20.767204
 109.000000 0.231957 24.481188 20.767204
 109.200000 0.207017 23.843053 20.767204
 109.400000 0.186789 24.029818 20.767204
 109.600000 0.199866 23.367227 20.767204
 109.800000 0.207984 23.960330 20.767204
 110.000000 0.203869 23.537373 21.774531
 110.200000 0.197538 23.946190 21.774531
 110.400000 0.198654 23.943974 21.774531
 110.600000 0.199777 23.957286 21.774531
 110.800000 0.199394 23.950921 21.774531
 111.000000 0.168623 22.924909 21.774531
 111.200000 0.160961 22.219587 21.774531
 111.400000 0.163227 22.628256 21.774531
 111.600000 0.176102 24.515114 21.774531
 111.800000 0.162317 22.464603 21.774531
 112.000000 0.178436 24.680541 21.774531
 112.200000 0.174485 24.921598 21.774531
 112.400000 0.184286 25.293492 21.774531
 112.600000 0.199461 24.244518 21.774531
 112.800000 0.184460 25.286032 21.774531
 113.000000 0.197088 24.322757 21.774531
 113.200000 0.188130 25.543270 21.774531
 113.400000 0.175847 25.283459 21.774531
 113.600000 0.195793 24.987240 21.774531
 113.800000 0.201907 24.814807 21.774531
 114.000000 0.197976 24.875478 21.774531
 114.200000 0.194607 25.629104 21.774531
 114.400000 0.181987 26.032202 21.774531
 114.600000 0.172738 24.993077 21.774531
 114.800000 0.185963 26.074399 21.774531
 115.000000 0.198320 25.440170 22.968896
 115.200000 0.187772 26.463156 22.968896
 115.400000 0.176178 25.710550 22.968896
 115.600000 0.208490 26.047176 22.968896
 115.800000 0.206419 25.974185 22.968896
 116.000000 0.188437 26.448929 22.968896
 116.200000 0.195967 26.580686 22.968896
 116.400000 0.181188 26.766135 22.968896
 116.600000 0.162041 22.947319 22.968896
 116.800000 0.168254 24.422552 22.968896
 117.000000 0.182760 26.889452 22.968896
 117.200000 0.178500 26.963551 22.968896
 117.400000 0.169451 25.059608 22.968896
 117.600000 0.163645 23.558877 22.968896
 117.800000 0.166362 24.262663 22.968896
 118.000000 0.148851 20.313225 22.968896
 118.200000 0.164374 24.160676 22.968896
 118.400000 0.166140 24.568496 22.968896
 118.600000 0.163088 23.866989 22.968896
 118.800000 0.150661 21.332861 22.968896
 119.000000 0.165361 24.387999 22.968896
 119.200000 0.178178 27.428383 22.968896
 119.400000 0.188266 27.689837 22.968896
 119.600000 0.187672 27.721669 22.968896
 119.800000 0.200122 26.656115 22.968896
 120.000000 0.230909 25.478981 23.919321
 120.200000 0.231446 25.955697 23.919321
 120.400000 0.198211 26.859258 23.919321
 120.600000 0.198792 26.814764 23.919321
 120.800000 0.179614 27.577611 23.919321
 121.000000 0.161834 24.158638 23.919321
 121.200000 0.172878 27.059971 23.919321
 121.400000 0.176422 27.571035 23.919321
 121.600000 0.214239 26.785637 23.919321
 121.800000 0.208533 26.583771 23.919321
 122.000000 0.180833 27.942311 23.919321
 122.200000 0.150536 22.186368 23.919321
 122.400000 0.172306 27.391113 23.919321
 122.600000 0.164437 25.629203 23.919321
 122.800000 0.149896 22.039361 23.919321
 123.000000 0.157111 23.788522 23.919321
 123.200000 0.170176 27.376359 23.919321
 123.400000 0.155079 23.881084 23.919321
 123.600000 0.156567 24.257892 23.919321
 123.800000 0.189132 28.252356 23.919321
 124.000000 0.188966 28.269572 23.919321
 124.200000 0.172121 27.987023 23.919321
 124.400000 0.144996 21.437940 23.919321
 124.600000 0.161235 25.503059 23.919321
 124.800000 0.159539 25.071691 23.919321
 125.000000 0.155225 23.956929 24.920522
 125.200000 0.148188 22.716059 24.920522
 125.400000 0.139186 20.649113 24.920522
 125.600000 0.163911 26.677989 24.920522
 125.800000 0.167902 27.530083 24.920522
 126.000000 0.168874 27.722583 24.920522
 126.200000 0.183851 29.492929 24.920522
 126.400000 0.191739 28.629301 24.920522
 126.600000 0.207399 26.919583 24.920522
 126.800000 0.213148 26.932194 24.920522
 127.000000 0.200885 27.329073 24.920522
 127.200000 0.178706 29.669472 24.920522
 127.400000 0.210321 27.322322 24.920522
 127.600000 0.216453 27.285299 24.920522
 127.800000 0.180057 29.742271 24.920522
 128.000000 0.166327 27.742086 24.920522
 128.200000 0.152831 24.560263 24.920522
 128.400000 0.151749 24.230566 24.920522
 128.600000 0.141146 21.256501 24.920522
 128.800000 0.126358 19.190194 24.920522
 129.000000 0.151829 24.255013 24.920522
 129.200000 0.157191 26.425113 24.920522
 129.400000 0.167542 28.856674 24.920522
 129.600000 0.164689 28.284467 24.920522
 129.800000 0.156356 26.190282 24.920522
 130.000000 0.151694 24.808002 25.920756
 130.200000 0.156912 26.892833 25.920756
 130.400000 0.167443 29.171604 25.920756
 130.600000 0.154530 26.229595 25.920756
 130.800000 0.147766 24.164674 25.920756
 131.000000 0.156719 26.840844 25.920756
 131.200000 0.162467 28.724056 25.920756
 131.400000 0.155831 27.126405 25.920756
 131.600000 0.147536 24.530987 25.920756
 131.800000 0.142576 22.916418 25.920756
 132.000000 0.160054 28.203907 25.920756
 132.200000 0.154805 27.302162 25.920756
 132.400000 0.152373 26.537948 25.920756
 132.600000 0.142936 23.288625 25.920756
 132.800000 0.153539 26.911676 25.920756
 133.000000 0.139281 22.127079 25.920756
 133.200000 0.145865 24.888437 25.920756
 133.400000 0.158040 28.507877 25.920756
 133.600000 0.168322 30.231325 25.920756
 133.800000 0.184742 30.296934 25.920756
 134.000000 0.195572 28.658863 25.920756
 134.200000 0.203468 28.067851 25.920756
 134.400000 0.204530 27.968611 25.920756
 134.600000 0.197424 28.852629 25.920756
 134.800000 0.231398 26.064157 25.920756
 135.000000 0.233819 25.603431 26.698425
 135.200000 0.239976 24.741939 26.698425
 135.400000 0.211698 27.775606 26.698425
 135.600000 0.184634 30.684002 26.698425
 135.800000 0.195535 29.173602 26.698425
 136.000000 0.199278 28.616069 26.698425
 136.200000 0.188191 30.666073 26.698425
 136.400000 0.199211 29.114238 26.698425
 136.600000 0.232809 26.400063 26.698425
 136.800000 0.224875 27.560433 26.698425
 137.000000 0.199550 29.068566 26.698425
 137.200000 0.207244 28.732201 26.698425
 137.400000 0.202233 29.210321 26.698425
 137.600000 0.205803 28.848161 26.698425
 137.800000 0.177842 31.291638 26.698425
 138.000000 0.177961 31.296522 26.698425
 138.200000 0.179913 31.782926 26.698425
 138.400000 0.204565 29.050448 26.698425
 138.600000 0.209378 28.636471 26.698425
 138.800000 0.195396 30.350440 26.698425
 139.000000 0.190144 31.133882 26.698425
 139.200000 0.151410 26.804314 26.698425
 139.400000 0.143685 24.200901 26.698425
 139.600000 0.138537 22.575147 26.698425
 139.800000 0.134801 21.570889 26.698425
 140.000000 0.138324 22.513012 27.787542
 140.200000 0.154088 28.016031 27.787542
 140.400000 0.147236 25.943415 27.787542
 140.600000 0.122052 19.930517 27.787542
 140.800000 0.122846 20.021985 27.787542
 141.000000 0.130515 21.220399 27.787542
 141.200000 0.140622 24.383241 27.787542
 141.400000 0.138619 23.828300 27.787542
 141.600000 0.154605 28.344957 27.787542
 141.800000 0.168505 31.079584 27.787542
 142.000000 0.168881 31.134009 27.787542
 142.200000 0.190191 31.724118 27.787542
 142.400000 0.209945 28.792276 27.787542
 142.600000 0.205275 29.261545 27.787542
 142.800000 0.198767 30.249269 27.787542
 143.000000 0.202744 29.602690 27.787542
 143.200000 0.195295 31.284528 27.787542
 143.400000 0.209792 29.223627 27.787542
 143.600000 0.205086 29.747153 27.787542
 143.800000 0.196090 31.151453 27.787542
 144.000000 0.208439 29.357732 27.787542
 144.200000 0.213946 29.316698 27.787542
 144.400000 0.228764 27.471920 27.787542
 144.600000 0.225587 28.015186 27.787542
 144.800000 0.187298 32.548735 27.787542
 145.000000 0.155070 28.750076 28.594735
 145.200000 0.157733 29.911797 28.594735
 145.400000 0.198881 31.074317 28.594735
 145.600000 0.215254 29.200990 28.594735
 145.800000 0.206298 30.065873 28.594735
 146.000000 0.224099 28.234641 28.594735
 146.200000 0.259484 18.731950 28.594735
 146.400000 0.267535 15.483279 28.594735
 146.600000 0.243530 24.064807 28.594735
 146.800000 0.211344 29.895498 28.594735
 147.000000 0.208485 30.115210 28.594735
 147.200000 0.219527 29.616255 28.594735
 147.400000 0.208560 30.566438 28.594735
 147.600000 0.215064 30.048265 28.594735
 147.800000 0.212216 30.277122 28.594735
 148.000000 0.216288 29.941503 28.594735
 148.200000 0.194386 32.275036 28.594735
 148.400000 0.166052 31.542477 28.594735
 148.600000 0.144182 25.896044 28.594735
 148.800000 0.158578 30.110789 28.594735
 149.000000 0.202907 31.410306 28.594735
 149.200000 0.237528 26.084624 28.594735
 149.400000 0.236149 26.505712 28.594735
 149.600000 0.211343 31.150111 28.594735
 149.800000 0.206333 31.551496 28.594735
 150.000000 0.210841 31.190926 29.386150
 150.200000 0.177545 32.951651 29.386150
 150.400000 0.181420 33.182002 29.386150
 150.600000 0.203065 32.209358 29.386150
 150.800000 0.197162 32.670994 29.386150
 151.000000 0.217911 30.897892 29.386150
 151.200000 0.231702 28.248020 29.386150
 151.400000 0.238476 26.043067 29.386150
 151.600000 0.243241 24.431778 29.386150
 151.800000 0.218762 31.221983 29.386150
 152.000000 0.195005 32.973018 29.386150
 152.200000 0.194329 33.415364 29.386150
 152.400000 0.218933 31.309574 29.386150
 152.600000 0.237062 26.523565 29.386150
 152.800000 0.248523 22.646247 29.386150
 153.000000 0.264309 16.826393 29.386150
 153.200000 0.246430 23.760057 29.386150
 153.400000 0.271912 14.380908 29.386150
 153.600000 0.284991 9.136065 29.386150
 153.800000 0.295666 5.661911 29.386150
 154.000000 0.282036 10.211389 29.386150
 154.200000 0.256492 20.850321 29.386150
 154.400000 0.258006 20.373168 29.386150
 154.600000 0.274796 14.119696 29.386150
 154.800000 0.312506 1.639763 29.386150
 155.000000 0.311257 1.878452 29.774659
 155.200000 0.307777 4.223085 29.774659
 155.400000 0.285484 10.410166 29.774659
 155.600000 0.266240 17.498341 29.774659
 155.800000 0.270735 15.771061 29.774659
 156.000000 0.270779 15.753765 29.774659
 156.200000 0.259923 20.413918 29.774659
 156.400000 0.273809 15.429020 29.774659
 156.600000 0.262211 19.700753 29.774659
 156.800000 0.250263 23.043214 29.774659
 157.000000 0.253353 22.240481 29.774659
 157.200000 0.254026 22.713197 29.774659
 157.400000 0.284768 11.275190 29.774659
 157.600000 0.303146 5.406729 29.774659
 157.800000 0.306484 4.566436 29.774659
 158.000000 0.292834 8.463114 29.774659
 158.200000 0.287575 11.382221 29.774659
 158.400000 0.301489 6.869000 29.774659
 158.600000 0.315789 3.027810 29.774659
 158.800000 0.322813 1.772310 29.774659
 159.000000 0.303036 6.387634 29.774659
 159.200000 0.293998 10.381689 29.774659
 159.400000 0.309164 5.825347 29.774659
 159.600000 0.322124 2.461025 29.774659
 159.800000 0.309872 5.613321 29.774659
 160.000000 0.289398 11.654809 29.755907
 160.200000 0.261770 20.752461 29.755907
 160.400000 0.255521 22.446371 29.755907
 160.600000 0.258850 21.573797 29.755907
 160.800000 0.277000 16.066266 29.755907
 161.000000 0.314378 4.581205 29.755907
 161.200000 0.337592 0.895487 29.755907
 161.400000 0.350758 0.125748 29.755907
 161.600000 0.344819 0.333808 29.755907
 161.800000 0.318181 4.886144 29.755907
 162.000000 0.305464 8.736878 29.755907
 162.200000 0.292553 13.115767 29.755907
 162.400000 0.296915 12.194836 29.755907
 162.600000 0.316381 6.318819 29.755907
 162.800000 0.344292 0.400409 29.755907
 163.000000 0.371594 0.000000 29.755907
 163.200000 0.393225 0.616529 29.755907
 163.400000 0.395748 0.476178 29.755907
 163.600000 0.355127 1.011908 29.755907
 163.800000 0.343017 0.765960 29.755907
 164.000000 0.347138 0.716523 29.755907
 164.200000 0.332785 2.890395 29.755907
 164.400000 0.337525 2.530837 29.755907
 164.600000 0.332088 2.968360 29.755907
 164.800000 0.351228 2.451610 29.755907
 165.000000 0.336625 2.578122 29.717011
 165.200000 0.337294 4.100759 29.717011
 165.400000 0.328570 4.821967 29.717011
 165.600000 0.345663 3.701623 29.717011
 165.800000 0.348247 3.576461 29.717011
 166.000000 0.335778 4.188471 29.717011
 166.200000 0.345607 4.875297 29.717011
 166.400000 0.346074 4.829076 29.717011
 166.600000 0.320772 6.998933 29.717011
 166.800000 0.302779 10.970876 29.717011
 167.000000 0.315938 7.866221 29.717011
 167.200000 0.332225 6.541364 29.717011
 167.400000 0.347622 4.800317 29.717011
 167.600000 0.355625 3.820986 29.717011
 167.800000 0.382391 1.474607 29.717011
 168.000000 0.379127 1.758511 29.717011
 168.200000 0.351869 4.578584 29.717011
 168.400000 0.333605 6.401070 29.717011
 168.600000 0.361323 4.024376 29.717011
 168.800000 0.358729 4.122137 29.717011
 169.000000 0.356659 4.229219 29.717011
 169.200000 0.353255 5.876794 29.717011
 169.400000 0.352728 5.907045 29.717011
 169.600000 0.342624 6.415191 29.717011
 169.800000 0.336554 6.684911 29.717011
 170.000000 0.308502 10.665865 29.679277
 170.200000 0.299060 13.374085 29.679277
 170.400000 0.320491 9.086018 29.679277
 170.600000 0.329630 7.536078 29.679277
 170.800000 0.326803 7.929018 29.679277
 171.000000 0.306221 12.209261 29.679277
 171.200000 0.288963 15.044805 29.679277
 171.400000 0.296094 14.552609 29.679277
 171.600000 0.308389 12.782644 29.679277
 171.800000 0.319591 9.959759 29.679277
 172.000000 0.320947 9.617937 29.679277
 172.200000 0.330265 8.677983 29.679277
 172.400000 0.333533 8.110422 29.679277
 172.600000 0.330909 8.558870 29.679277
 172.800000 0.329215 8.880426 29.679277
 173.000000 0.346054 6.613720 29.679277
 173.200000 0.366437 5.609406 29.679277
 173.400000 0.370437 5.133993 29.679277
 173.600000 0.363017 6.009756 29.679277
 173.800000 0.336423 8.742995 29.679277
 174.000000 0.343817 8.115814 29.679277
 174.200000 0.350787 8.535028 29.679277
 174.400000 0.368026 5.752362 29.679277
 174.600000 0.376690 4.423411 29.679277
 174.800000 0.402801 0.671469 29.679277
 175.000000 0.416296 0.089416 29.642505
 175.200000 0.414867 1.850820 29.642505
 175.400000 0.400294 1.877190 29.642505
 175.600000 0.371868 5.185634 29.642505
 175.800000 0.376411 4.514769 29.642505
 176.000000 0.378724 4.171025 29.642505
 176.200000 0.364634 7.219389 29.642505
 176.400000 0.363459 7.338782 29.642505
 176.600000 0.368817 6.807337 29.642505
 176.800000 0.378430 5.667764 29.642505
 177.000000 0.360789 7.623591 29.642505
 177.200000 0.339194 10.147266 29.642505
 177.400000 0.330531 10.379479 29.642505
 177.600000 0.329013 10.484140 29.642505
 177.800000 0.322882 11.185510 29.642505
 178.000000 0.329974 10.414857 29.642505
 178.200000 0.340390 10.999551 29.642505
 178.400000 0.352033 10.070561 29.642505
 178.600000 0.333099 11.334264 29.642505
 178.800000 0.332084 11.387641 29.642505
 179.000000 0.329495 11.547897 29.642505
 179.200000 0.323894 13.028884 29.642505
 179.400000 0.320509 13.340340 29.642505
 179.600000 0.324796 12.951877 29.642505
 179.800000 0.327969 12.703165 29.642505
 180.000000 0.321174 13.276598 29.606394
 180.200000 0.327408 13.633106 29.606394
 180.400000 0.307464 15.193350 29.606394
 180.600000 0.329579 13.415956 29.606394
 180.800000 0.358360 9.515963 29.606394
 181.000000 0.369993 7.779327 29.606394
 181.200000 0.349687 11.390766 29.606394
 181.400000 0.345800 11.826504 29.606394
 181.600000 0.350306 11.320739 29.606394
 181.800000 0.361604 10.081914 29.606394
 182.000000 0.336024 12.835802 29.606394
 182.200000 0.321435 14.839632 29.606394
 182.400000 0.298745 15.319436 29.606394
 182.600000 0.296413 15.286508 29.606394
 182.800000 0.323601 14.719154 29.606394
 183.000000 0.331670 14.196178 29.606394
 183.200000 0.347734 12.862211 29.606394
 183.400000 0.363044 10.218171 29.606394
 183.600000 0.354254 11.646986 29.606394
 183.800000 0.342158 13.854307 29.606394
 184.000000 0.351847 12.087415 29.606394
 184.200000 0.344236 14.399366 29.606394
 184.400000 0.347170 13.940642 29.606394
 184.600000 0.333758 15.442026 29.606394
 184.800000 0.322775 15.700023 29.606394
 185.000000 0.297783 15.376494 29.571776
 185.200000 0.305495 16.348697 29.571776
 185.400000 0.308717 16.313312 29.571776
 185.600000 0.286252 16.094933 29.571776
 185.800000 0.266445 19.528934 29.571776
 186.000000 0.292068 16.106724 29.571776
 186.200000 0.276083 17.642306 29.571776
 186.400000 0.277457 17.444730 29.571776
 186.600000 0.284296 16.915801 29.571776
 186.800000 0.288390 16.894476 29.571776
 187.000000 0.294552 17.011837 29.571776
 187.200000 0.289066 17.670358 29.571776
 187.400000 0.278851 17.750566 29.571776
 187.600000 0.280368 17.654832 29.571776
 187.800000 0.277125 17.906422 29.571776
 188.000000 0.290375 17.714468 29.571776
 188.200000 0.295276 18.597381 29.571776
 188.400000 0.277719 18.403363 29.571776
 188.600000 0.281409 18.274431 29.571776
 188.800000 0.280706 18.283965 29.571776
 189.000000 0.290664 18.518991 29.571776
 189.200000 0.283932 18.982386 29.571776
 189.400000 0.294954 19.333870 29.571776
 189.600000 0.311315 17.668036 29.571776
 189.800000 0.303791 18.711713 29.571776
 190.000000 0.331701 15.697976 29.540177
 190.200000 0.334488 16.352568 29.540177
 190.400000 0.324975 16.927509 29.540177
 190.600000 0.316506 17.480170 29.540177
 190.800000 0.311774 17.960784 29.540177
 191.000000 0.297581 19.316703 29.540177
 191.200000 0.304614 19.442082 29.540177
 191.400000 0.296552 20.088316 29.540177
 191.600000 0.296462 20.090274 29.540177
 191.800000 0.299729 19.938659 29.540177
 192.000000 0.285062 19.559711 29.540177
 192.200000 0.267686 20.536683 29.540177
 192.400000 0.300863 20.269026 29.540177
 192.600000 0.290068 20.627315 29.540177
 192.800000 0.293347 20.710856 29.540177
 193.000000 0.289647 20.606639 29.540177
 193.200000 0.293680 21.384546 29.540177
 193.400000 0.297329 21.202592 29.540177
 193.600000 0.289030 21.271034 29.540177
 193.800000 0.262026 21.601467 29.540177
 194.000000 0.260860 21.803869 29.540177
 194.200000 0.252609 23.952353 29.540177
 194.400000 0.261787 22.303525 29.540177
 194.600000 0.256776 23.197838 29.540177
 194.800000 0.252448 23.981852 29.540177
 195.000000 0.275620 20.749035 29.524194
 195.200000 0.275236 21.450749 29.524194
 195.400000 0.278985 21.457530 29.524194
 195.600000 0.278990 21.457643 29.524194
 195.800000 0.282632 21.590623 29.524194
 196.000000 0.268822 21.854063 29.524194
 196.200000 0.266857 22.727925 29.524194
 196.400000 0.292693 22.007727 29.524194
 196.600000 0.301870 20.867522 29.524194
 196.800000 0.286288 22.098244 29.524194
 197.000000 0.270484 22.357301 29.524194
 197.200000 0.260769 24.003465 29.524194
 197.400000 0.251568 24.967079 29.524194
 197.600000 0.274254 22.723359 29.524194
 197.800000 0.257475 24.345039 29.524194
 198.000000 0.283449 22.484041 29.524194
 198.200000 0.282616 23.130139 29.524194
 198.400000 0.255741 24.637685 29.524194
 198.600000 0.242613 26.298643 29.524194
 198.800000 0.259898 24.281507 29.524194
 199.000000 0.262477 24.062544 29.524194
 199.200000 0.250865 25.551983 29.524194
 199.400000 0.255603 25.189176 29.524194
 199.600000 0.258764 24.958826 29.524194
 199.800000 0.244028 26.328858 29.524194
 200.000000 0.242873 26.505611 29.567909
 200.200000 0.238992 27.721619 29.567909
 200.400000 0.237956 27.921987 29.567909
 200.600000 0.263571 24.774895 29.567909
 200.800000 0.254758 25.642439 29.567909
 201.000000 0.252316 25.873161 29.567909
 201.200000 0.278808 23.625271 29.567909
 201.400000 0.277563 23.696169 29.567909
 201.600000 0.250594 26.595195 29.567909
 201.800000 0.233628 29.079210 29.567909
 202.000000 0.239058 28.082834 29.567909
 202.200000 0.253679 26.604706 29.567909
 202.400000 0.261009 25.679770 29.567909
 202.600000 0.270197 24.418285 29.567909
 202.800000 0.254932 26.456332 29.567909
 203.000000 0.244385 27.762507 29.567909
 203.200000 0.264479 25.401554 29.567909
 203.400000 0.277057 23.794235 29.567909
 203.600000 0.266577 25.069415 29.567909
 203.800000 0.256849 26.582372 29.567909
 204.000000 0.245350 28.136426 29.567909
 204.200000 0.262622 25.955308 29.567909
 204.400000 0.271289 24.498759 29.567909
 204.600000 0.295514 22.477082 29.567909
 204.800000 0.301117 21.425993 29.567909
 205.000000 0.272001 24.400001 29.758070
 205.200000 0.300384 21.680949 29.758070
 205.400000 0.310445 19.291053 29.758070
 205.600000 0.316069 18.188979 29.758070
 205.800000 0.326743 17.007097 29.758070
 206.000000 0.319083 17.744727 29.758070
 206.200000 0.305169 21.059314 29.758070
 206.400000 0.312857 19.507272 29.758070
 206.600000 0.306878 20.695807 29.758070
 206.800000 0.298947 22.314720 29.758070
 207.000000 0.337185 16.487035 29.758070
 207.200000 0.363618 11.155282 29.758070
 207.400000 0.365681 10.693447 29.758070
 207.600000 0.354866 13.264728 29.758070
 207.800000 0.352528 13.873832 29.758070
 208.000000 0.345703 15.624363 29.758070
 208.200000 0.321258 18.979733 29.758070
 208.400000 0.305289 21.141438 29.758070
 208.600000 0.309902 20.279194 29.758070
 208.800000 0.321400 18.971901 29.758070
 209.000000 0.313468 19.722807 29.758070
 209.200000 0.303554 22.067139 29.758070
 209.400000 0.293968 23.414882 29.758070
 209.600000 0.273702 24.798283 29.758070
 209.800000 0.258477 27.076351 29.758070
 210.000000 0.242534 29.111555 29.802230
 210.200000 0.269195 25.502131 29.802230
 210.400000 0.282187 24.126770 29.802230
 210.600000 0.268025 25.694351 29.802230
 210.800000 0.281049 24.191349 29.802230
 211.000000 0.288212 23.839175 29.802230
 211.200000 0.302246 22.678525 29.802230
 211.400000 0.277077 24.945720 29.802230
 211.600000 0.280021 24.777109 29.802230
 211.800000 0.308006 21.552202 29.802230
 212.000000 0.313281 20.624484 29.802230
 212.200000 0.298431 23.785924 29.802230
 212.400000 0.299122 23.690903 29.802230
 212.600000 0.292732 24.380730 29.802230
 212.800000 0.273367 25.284258 29.802230
 213.000000 0.277725 24.943542 29.802230
 213.200000 0.272079 25.957028 29.802230
 213.400000 0.271956 25.969136 29.802230
 213.600000 0.297860 24.094406 29.802230
 213.800000 0.299218 23.882893 29.802230
 214.000000 0.283614 25.262453 29.802230
 214.200000 0.264532 27.117734 29.802230
 214.400000 0.277123 26.072173 29.802230
 214.600000 0.272952 26.314863 29.802230
 214.800000 0.268495 26.695319 29.802230
 215.000000 0.257467 27.940045 29.851699
 215.200000 0.243172 29.886648 29.851699
 215.400000 0.236296 30.590440 29.851699
 215.600000 0.255996 28.610677 29.851699
 215.800000 0.273478 26.563194 29.851699
 216.000000 0.299848 24.103649 29.851699
 216.200000 0.316800 21.190887 29.851699
 216.400000 0.318470 20.920692 29.851699
 216.600000 0.347462 16.164959 29.851699
 216.800000 0.388059 4.942334 29.851699
 217.000000 0.400382 2.581801 29.851699
 217.200000 0.390131 5.644320 29.851699
 217.400000 0.390981 5.486169 29.851699
 217.600000 0.387202 6.233131 29.851699
 217.800000 0.412611 3.109504 29.851699
 218.000000 0.412408 3.126256 29.851699
 218.200000 0.410628 4.781420 29.851699
 218.400000 0.411745 4.701360 29.851699
 218.600000 0.413761 4.529234 29.851699
 218.800000 0.433048 1.664573 29.851699
 219.000000 0.432727 1.711466 29.851699
 219.200000 0.426890 4.152326 29.851699
 219.400000 0.429575 3.788927 29.851699
 219.600000 0.411231 5.318212 29.851699
 219.800000 0.394078 5.735385 29.851699
 220.000000 0.362597 11.918426 29.827579
 220.200000 0.373639 10.160041 29.827579
 220.400000 0.378304 8.956019 29.827579
 220.600000 0.376944 9.306461 29.827579
 220.800000 0.380115 8.495354 29.827579
 221.000000 0.358713 13.935743 29.827579
 221.200000 0.373732 10.705255 29.827579
 221.400000 0.377903 9.473178 29.827579
 221.600000 0.370121 11.763005 29.827579
 221.800000 0.389658 6.549110 29.827579
 222.000000 0.410159 5.338319 29.827579
 222.200000 0.398835 6.560903 29.827579
 222.400000 0.384072 8.069584 29.827579
 222.600000 0.368680 12.203667 29.827579
 222.800000 0.370490 11.695286 29.827579
 223.000000 0.357333 15.228425 29.827579
 223.200000 0.344688 18.632717 29.827579
 223.400000 0.359721 15.494937 29.827579
 223.600000 0.354783 16.735852 29.827579
 223.800000 0.358710 15.762602 29.827579
 224.000000 0.361810 14.921723 29.827579
 224.200000 0.357125 17.026116 29.827579
 224.400000 0.345462 19.017912 29.827579
 224.600000 0.346173 18.936354 29.827579
 224.800000 0.352948 17.905221 29.827579
 225.000000 0.383602 8.675424 29.796621
 225.200000 0.386895 9.021680 29.796621
 225.400000 0.368131 14.562856 29.796621
 225.600000 0.389750 8.412644 29.796621
 225.800000 0.393915 7.760592 29.796621
 226.000000 0.401727 7.205806 29.796621
 226.200000 0.384497 10.277325 29.796621
 226.400000 0.376252 12.382262 29.796621
 226.600000 0.373490 13.165242 29.796621
 226.800000 0.382970 10.620109 29.796621
 227.000000 0.386561 9.861344 29.796621
 227.200000 0.389170 10.530327 29.796621
 227.400000 0.378085 12.833809 29.796621
 227.600000 0.375268 13.508953 29.796621
 227.800000 0.356465 17.566873 29.796621
 228.000000 0.374651 13.657164 29.796621
 228.200000 0.414987 7.719583 29.796621
 228.400000 0.426606 5.310690 29.796621
 228.600000 0.411209 8.294410 29.796621
 228.800000 0.393988 10.274063 29.796621
 229.000000 0.367703 16.145230 29.796621
 229.200000 0.328486 20.110886 29.796621
 229.400000 0.333774 19.920416 29.796621
 229.600000 0.346562 19.452196 29.796621
 229.800000 0.344896 19.540180 29.796621
 230.000000 0.371763 16.104947 29.766120
 230.200000 0.385077 13.035540 29.766120
 230.400000 0.402560 9.411830 29.766120
 230.600000 0.405865 9.018731 29.766120
 230.800000 0.405051 9.114802 29.766120
 231.000000 0.395811 10.392664 29.766120
 231.200000 0.423456 6.224624 29.766120
 231.400000 0.446766 1.462156 29.766120
 231.600000 0.436049 3.270176 29.766120
 231.800000 0.433324 3.853134 29.766120
 232.000000 0.415352 8.142548 29.766120
 232.200000 0.421817 7.740512 29.766120
 232.400000 0.424925 6.852077 29.766120
 232.600000 0.435714 3.822749 29.766120
 232.800000 0.448274 1.381756 29.766120
 233.000000 0.436554 3.613953 29.766120
 233.200000 0.429083 6.953196 29.766120
 233.400000 0.432296 6.156368 29.766120
 233.600000 0.439122 4.482168 29.766120
 233.800000 0.444795 3.188914 29.766120
 234.000000 0.439272 4.446378 29.766120
 234.200000 0.444934 4.495800 29.766120
 234.400000 0.439573 5.810255 29.766120
 234.600000 0.454582 2.275031 29.766120
 234.800000 0.467201 0.549162 29.766120
 235.000000 0.484595 0.019142 29.735282
 235.200000 0.468768 1.439911 29.735282
 235.400000 0.460932 1.709775 29.735282
 235.600000 0.450830 3.214023 29.735282
 235.800000 0.454980 2.442889 29.735282
 236.000000 0.466037 1.455296 29.735282
 236.200000 0.447534 4.700513 29.735282
 236.400000 0.441819 5.735549 29.735282
 236.600000 0.423390 9.152358 29.735282
 236.800000 0.421656 9.430275 29.735282
 237.000000 0.427575 8.438671 29.735282
 237.200000 0.442372 6.367697 29.735282
 237.400000 0.448214 5.053993 29.735282
 237.600000 0.461340 3.331814 29.735282
 237.800000 0.445849 5.560580 29.735282
 238.000000 0.453753 4.083142 29.735282
 238.200000 0.457156 5.087991 29.735282
 238.400000 0.472040 3.716336 29.735282
 238.600000 0.458687 4.904585 29.735282
 238.800000 0.457809 5.008232 29.735282
 239.000000 0.461976 4.550999 29.735282
 239.200000 0.439389 8.465333 29.735282
 239.400000 0.432063 9.469973 29.735282
 239.600000 0.450980 7.052640 29.735282
 239.800000 0.479307 3.893877 29.735282
 240.000000 0.492784 2.055589 29.705566
