#! FIELDS time d metad.bias metad.rct
 0.000000 0.129546 0.000000 0.000000
 0.200000 0.116952 0.000000 0.000000
 0.400000 0.123487 0.000000 0.000000
 0.600000 0.130123 0.000000 0.000000
 0.800000 0.143497 0.000000 0.000000
 1.000000 0.134123 0.000000 0.000000
 1.200000 0.100497 0.138717 0.000000
 1.400000 0.117933 0.975859 0.000000
 1.600000 0.131122 1.715245 0.000000
 1.800000 0.120368 1.148171 0.000000
 2.000000 0.121281 1.211961 0.000000
 2.200000 0.131854 3.022627 0.000000
 2.400000 0.124042 3.025644 0.000000
 2.600000 0.124437 3.041670 0.000000
 2.800000 0.109754 1.698513 0.000000
 3.000000 0.102055 0.902500 0.000000
 3.200000 0.117451 3.538162 0.000000
 3.400000 0.106188 2.922651 0.000000
 3.600000 0.097123 2.123638 0.000000
 3.800000 0.106102 2.916127 0.000000
 4.000000 0.124921 3.582816 0.000000
 4.200000 0.113721 4.521485 0.000000
 4.400000 0.118556 4.930350 0.000000
 4.600000 0.104194 3.337670 0.000000
 4.800000 0.093443 1.922101 0.000000
 5.000000 0.104587 3.390731 1.536884
 5.200000 0.120991 5.873060 1.536884
 5.400000 0.131000 5.005280 1.536884
 5.600000 0.143328 2.796753 1.536884
 5.800000 0.117032 5.889832 1.536884
 6.000000 0.112848 5.720838 1.536884
 6.200000 0.122790 6.893125 1.536884
 6.400000 0.138042 4.137446 1.536884
 6.600000 0.149463 1.795137 1.536884
 6.800000 0.167853 0.168735 1.536884
 7.000000 0.168527 0.150364 1.536884
 7.200000 0.134591 5.040091 1.536884
 7.400000 0.111420 6.972604 1.536884
 7.600000 0.126304 6.494506 1.536884
 7.800000 0.141804 3.648141 1.536884
 8.000000 0.152670 2.301533 1.536884
 8.200000 0.151620 3.952606 1.536884
 8.400000 0.153688 3.814505 1.536884
 8.600000 0.133422 5.961589 1.536884
 8.800000 0.152847 3.869243 1.536884
 9.000000 0.154336 3.773421 1.536884
 9.200000 0.122243 7.302092 1.536884
 9.400000 0.119240 7.367707 1.536884
 9.600000 0.126382 7.079533 1.536884
 9.800000 0.170952 3.362245 1.536884
 10.000000 0.166646 4.008356 3.121173
 10.200000 0.144163 6.247179 3.121173
 10.400000 0.155763 6.282496 3.121173
 10.600000 0.179647 3.003721 3.121173
 10.800000 0.174736 4.023534 3.121173
 11.000000 0.169342 5.052383 3.121173
 11.200000 0.174536 5.380306 3.121173
 11.400000 0.186171 2.519419 3.121173
 11.600000 0.201260 0.413511 3.121173
 11.800000 0.204241 0.254568 3.121173
 12.000000 0.187507 2.232727 3.121173
 12.200000 0.192741 2.787164 3.121173
 12.400000 0.192385 2.853057 3.121173
 12.600000 0.177841 5.853950 3.121173
 12.800000 0.165607 7.510293 3.121173
 13.000000 0.166266 7.472389 3.121173
 13.200000 0.207807 0.790805 3.121173
 13.400000 0.215916 0.284760 3.121173
 13.600000 0.197897 2.055425 3.121173
 13.800000 0.193205 2.950692 3.121173
 14.000000 0.183654 5.275370 3.121173
 14.200000 0.165546 9.432780 3.121173
 14.400000 0.184243 6.502065 3.121173
 14.600000 0.193657 3.963291 3.121173
 14.800000 0.180556 7.447776 3.121173
 15.000000 0.169298 9.317126 5.181947
 15.200000 0.174767 9.739149 5.181947
 15.400000 0.173665 9.941725 5.181947
 15.600000 0.177044 9.245012 5.181947
 15.800000 0.198290 3.024360 5.181947
 16.000000 0.184699 7.060986 5.181947
 16.200000 0.158447 10.115414 5.181947
 16.400000 0.164909 11.065659 5.181947
 16.600000 0.172126 11.078956 5.181947
 16.800000 0.165463 11.110620 5.181947
 17.000000 0.161949 10.718206 5.181947
 17.200000 0.148693 8.829632 5.181947
 17.400000 0.137344 7.172189 5.181947
 17.600000 0.148497 8.785013 5.181947
 17.800000 0.151225 9.435515 5.181947
 18.000000 0.160206 11.518138 5.181947
 18.200000 0.145166 8.729294 5.181947
 18.400000 0.149698 9.883802 5.181947
 18.600000 0.164188 13.082193 5.181947
 18.800000 0.173820 12.382817 5.181947
 19.000000 0.185955 8.473792 5.181947
 19.200000 0.187585 9.035252 5.181947
 19.400000 0.162494 13.266794 5.181947
 19.600000 0.160295 12.857745 5.181947
 19.800000 0.146631 9.112363 5.181947
 20.000000 0.143048 8.304707 8.137210
 20.200000 0.144218 9.750002 8.137210
 20.400000 0.147608 10.520719 8.137210
 20.600000 0.131359 8.151485 8.137210
 20.800000 0.134328 8.336255 8.137210
 21.000000 0.132346 8.203357 8.137210
 21.200000 0.143231 10.482035 8.137210
 21.400000 0.128973 9.240331 8.137210
 21.600000 0.113953 7.991750 8.137210
 21.800000 0.140436 10.100919 8.137210
 22.000000 0.127086 9.143101 8.137210
 22.200000 0.143604 11.173563 8.137210
 22.400000 0.128324 10.367953 8.137210
 22.600000 0.148405 11.822792 8.137210
 22.800000 0.177426 12.584829 8.137210
 23.000000 0.198999 4.568917 8.137210
 23.200000 0.199116 5.955492 8.137210
 23.400000 0.207570 3.287525 8.137210
 23.600000 0.191899 8.576381 8.137210
 23.800000 0.197866 6.398969 8.137210
 24.000000 0.218460 1.114474 8.137210
 24.200000 0.224002 2.107417 8.137210
 24.400000 0.202344 5.790657 8.137210
 24.600000 0.202943 5.636183 8.137210
 24.800000 0.195433 7.790951 8.137210
 25.000000 0.179222 12.716110 9.445445
 25.200000 0.155322 13.325612 9.445445
 25.400000 0.157003 13.671434 9.445445
 25.600000 0.129133 10.404026 9.445445
 25.800000 0.151051 12.442662 9.445445
 26.000000 0.142261 11.083090 9.445445
 26.200000 0.130265 11.222683 9.445445
 26.400000 0.140870 12.016642 9.445445
 26.600000 0.145365 12.504624 9.445445
 26.800000 0.141924 12.117361 9.445445
 27.000000 0.145160 12.478835 9.445445
 27.200000 0.148413 13.907181 9.445445
 27.400000 0.180134 13.587406 9.445445
 27.600000 0.194526 8.669192 9.445445
 27.800000 0.179512 13.756219 9.445445
 28.000000 0.184341 12.304318 9.445445
 28.200000 0.196259 8.792346 9.445445
 28.400000 0.198713 7.860084 9.445445
 28.600000 0.214182 3.586265 9.445445
 28.800000 0.194334 9.548284 9.445445
 29.000000 0.202212 6.626951 9.445445
 29.200000 0.192962 11.169553 9.445445
 29.400000 0.203478 7.513979 9.445445
 29.600000 0.197775 9.457914 9.445445
 29.800000 0.197877 9.422068 9.445445
 30.000000 0.210059 5.563918 11.072317
 30.200000 0.209533 7.070886 11.072317
 30.400000 0.196657 10.769888 11.072317
 30.600000 0.187847 13.356831 11.072317
 30.800000 0.192817 11.924723 11.072317
 31.000000 0.200550 9.607740 11.072317
 31.200000 0.240570 0.835507 11.072317
 31.400000 0.218529 5.313375 11.072317
 31.600000 0.224464 3.700876 11.072317
 31.800000 0.224484 3.695765 11.072317
 32.000000 0.202654 10.121705 11.072317
 32.200000 0.186869 15.012910 11.072317
 32.400000 0.181765 15.796388 11.072317
 32.600000 0.200163 11.961870 11.072317
 32.800000 0.191930 14.017994 11.072317
 33.000000 0.214807 7.215936 11.072317
 33.200000 0.224081 5.246039 11.072317
 33.400000 0.225916 4.640354 11.072317
 33.600000 0.188691 14.956110 11.072317
 33.800000 0.194563 13.926812 11.072317
 34.000000 0.219517 6.829654 11.072317
 34.200000 0.221471 7.421791 11.072317
 34.400000 0.227711 5.186201 11.072317
 34.600000 0.230476 4.255929 11.072317
 34.800000 0.212913 10.300054 11.072317
 35.000000 0.210540 10.982581 11.885803
 35.200000 0.235574 3.024695 11.885803
 35.400000 0.245735 0.939656 11.885803
 35.600000 0.231170 4.449162 11.885803
 35.800000 0.238247 2.311373 11.885803
 36.000000 0.229137 5.194613 11.885803
 36.200000 0.251738 0.825252 11.885803
 36.400000 0.250115 1.015516 11.885803
 36.600000 0.229261 6.536487 11.885803
 36.800000 0.222514 9.083906 11.885803
 37.000000 0.243818 2.068797 11.885803
 37.200000 0.254649 1.784199 11.885803
 37.400000 0.235906 5.571461 11.885803
 37.600000 0.235850 5.586923 11.885803
 37.800000 0.235425 5.703723 11.885803
 38.000000 0.234849 5.864327 11.885803
 38.200000 0.230678 8.389125 11.885803
 38.400000 0.217382 11.868935 11.885803
 38.600000 0.215389 12.297780 11.885803
 38.800000 0.222539 10.618048 11.885803
 39.000000 0.211471 13.036990 11.885803
 39.200000 0.220452 11.963383 11.885803
 39.400000 0.218264 12.551600 11.885803
 39.600000 0.208008 14.527174 11.885803
 39.800000 0.221077 11.787306 11.885803
 40.000000 0.223513 11.073106 12.366843
 40.200000 0.232831 9.015218 12.366843
 40.400000 0.247414 4.253612 12.366843
 40.600000 0.249641 3.653814 12.366843
 40.800000 0.263101 1.097563 12.366843
 41.000000 0.246812 4.423583 12.366843
 41.200000 0.241129 7.501441 12.366843
 41.400000 0.243764 6.735787 12.366843
 41.600000 0.239939 7.849152 12.366843
 41.800000 0.234848 9.348955 12.366843
 42.000000 0.232848 9.939827 12.366843
 42.200000 0.211244 15.299503 12.366843
 42.400000 0.205261 15.571431 12.366843
 42.600000 0.183815 16.173895 12.366843
 42.800000 0.179930 16.391513 12.366843
 43.000000 0.194123 15.722919 12.366843
 43.200000 0.201911 16.383723 12.366843
 43.400000 0.224656 13.347442 12.366843
 43.600000 0.249600 5.678461 12.366843
 43.800000 0.247523 6.354413 12.366843
 44.000000 0.253468 4.472845 12.366843
 44.200000 0.259829 4.064380 12.366843
 44.400000 0.272255 1.368279 12.366843
 44.600000 0.247426 7.708117 12.366843
 44.800000 0.263515 3.102195 12.366843
 45.000000 0.265158 2.713653 12.962020
 45.200000 0.272240 2.757381 12.962020
 45.400000 0.271620 2.878437 12.962020
 45.600000 0.291227 0.420778 12.962020
 45.800000 0.285716 0.822242 12.962020
 46.000000 0.291087 0.428604 12.962020
 46.200000 0.283974 2.527652 12.962020
 46.400000 0.279458 2.817885 12.962020
 46.600000 0.264590 4.752527 12.962020
 46.800000 0.274067 3.316087 12.962020
 47.000000 0.279854 2.788734 12.962020
 47.200000 0.286119 3.827200 12.962020
 47.400000 0.268866 5.196011 12.962020
 47.600000 0.252886 7.558128 12.962020
 47.800000 0.260461 6.247330 12.962020
 48.000000 0.277300 4.516190 12.962020
 48.200000 0.254478 7.707640 12.962020
 48.400000 0.242064 9.863028 12.962020
 48.600000 0.226663 13.183972 12.962020
 48.800000 0.229646 12.531696 12.962020
 49.000000 0.237640 10.776644 12.962020
 49.200000 0.245181 10.209361 12.962020
 49.400000 0.253002 8.559547 12.962020
 49.600000 0.249013 9.373179 12.962020
 49.800000 0.236910 12.014476 12.962020
 50.000000 0.233002 12.820312 13.199233
 50.200000 0.244724 11.038591 13.199233
 50.400000 0.272401 6.338513 13.199233
 50.600000 0.267037 6.748102 13.199233
 50.800000 0.250493 9.561821 13.199233
 51.000000 0.262185 7.283183 13.199233
 51.200000 0.249271 10.738911 13.199233
 51.400000 0.260360 8.801788 13.199233
 51.600000 0.244575 11.711355 13.199233
 51.800000 0.209104 16.427572 13.199233
 52.000000 0.228168 14.776748 13.199233
 52.200000 0.240081 13.304407 13.199233
 52.400000 0.242224 12.786421 13.199233
 52.600000 0.232867 14.883568 13.199233
 52.800000 0.245940 11.873473 13.199233
 53.000000 0.239192 13.514743 13.199233
 53.200000 0.249783 11.702428 13.199233
 53.400000 0.240686 14.113140 13.199233
 53.600000 0.255474 10.273374 13.199233
 53.800000 0.234789 15.415896 13.199233
 54.000000 0.228030 16.429156 13.199233
 54.200000 0.228093 17.264098 13.199233
 54.400000 0.230898 16.893439 13.199233
 54.600000 0.211235 17.445050 13.199233
 54.800000 0.192030 16.770865 13.199233
 55.000000 0.179681 16.956351 14.276021
 55.200000 0.200929 17.241017 14.276021
 55.400000 0.205154 17.322921 14.276021
 55.600000 0.225934 17.471909 14.276021
 55.800000 0.212250 17.569980 14.276021
 56.000000 0.189136 17.463479 14.276021
 56.200000 0.190453 18.213072 14.276021
 56.400000 0.191953 18.148654 14.276021
 56.600000 0.191491 18.168636 14.276021
 56.800000 0.184569 18.412599 14.276021
 57.000000 0.184040 18.423420 14.276021
 57.200000 0.200802 18.245316 14.276021
 57.400000 0.198257 18.392594 14.276021
 57.600000 0.235354 16.059632 14.276021
 57.800000 0.211405 17.950433 14.276021
 58.000000 0.191742 18.832716 14.276021
 58.200000 0.218050 18.056517 14.276021
 58.400000 0.216215 18.117457 14.276021
 58.600000 0.212080 18.246199 14.276021
 58.800000 0.227647 17.394696 14.276021
 59.000000 0.244026 13.730103 14.276021
 59.200000 0.233117 17.267934 14.276021
 59.400000 0.225945 18.036248 14.276021
 59.600000 0.224319 18.120450 14.276021
 59.800000 0.234734 16.989831 14.276021
 60.000000 0.240420 15.702054 15.783182
 60.200000 0.263099 9.505315 15.783182
 60.400000 0.259412 10.469945 15.783182
 60.600000 0.257548 11.015769 15.783182
 60.800000 0.259848 10.347741 15.783182
 61.000000 0.262230 9.718534 15.783182
 61.200000 0.248994 14.634530 15.783182
 61.400000 0.247406 15.107807 15.783182
 61.600000 0.240885 16.857852 15.783182
 61.800000 0.234140 18.087909 15.783182
 62.000000 0.228797 18.552289 15.783182
 62.200000 0.217720 19.140712 15.783182
 62.400000 0.201103 19.030468 15.783182
 62.600000 0.196821 19.292712 15.783182
 62.800000 0.206096 18.853937 15.783182
 63.000000 0.239798 17.687266 15.783182
 63.200000 0.257051 12.775600 15.783182
 63.400000 0.248160 15.897312 15.783182
 63.600000 0.237364 19.023010 15.783182
 63.800000 0.254271 13.721945 15.783182
 64.000000 0.256981 12.798532 15.783182
 64.200000 0.254061 14.766252 15.783182
 64.400000 0.250259 16.044795 15.783182
 64.600000 0.265989 10.990608 15.783182
 64.800000 0.255461 14.294695 15.783182
 65.000000 0.249496 16.296640 16.601161
 65.200000 0.246210 18.163158 16.601161
 65.400000 0.255573 15.037229 16.601161
 65.600000 0.248303 17.527785 16.601161
 65.800000 0.270754 9.992266 16.601161
 66.000000 0.269441 10.381795 16.601161
 66.200000 0.256004 15.620678 16.601161
 66.400000 0.260557 14.197398 16.601161
 66.600000 0.253935 16.264295 16.601161
 66.800000 0.260206 14.306666 16.601161
 67.000000 0.285998 6.556837 16.601161
 67.200000 0.281318 9.182144 16.601161
 67.400000 0.257877 15.258344 16.601161
 67.600000 0.247249 18.266022 16.601161
 67.800000 0.255818 15.849333 16.601161
 68.000000 0.262650 13.934954 16.601161
 68.200000 0.261863 15.086931 16.601161
 68.400000 0.277250 10.837947 16.601161
 68.600000 0.285796 8.207231 16.601161
 68.800000 0.290848 6.571897 16.601161
 69.000000 0.315822 0.761004 16.601161
 69.200000 0.312603 2.789332 16.601161
 69.400000 0.328070 1.321042 16.601161
 69.600000 0.321274 1.935477 16.601161
 69.800000 0.299479 4.839785 16.601161
 70.000000 0.291181 6.900179 16.749165
 70.200000 0.281346 10.761224 16.749165
 70.400000 0.266339 14.213053 16.749165
 70.600000 0.268343 13.751663 16.749165
 70.800000 0.264238 14.705135 16.749165
 71.000000 0.302693 5.158746 16.749165
 71.200000 0.280871 11.357460 16.749165
 71.400000 0.300218 7.128889 16.749165
 71.600000 0.306229 5.739044 16.749165
 71.800000 0.316765 3.553764 16.749165
 72.000000 0.309785 4.958150 16.749165
 72.200000 0.317284 4.695017 16.749165
 72.400000 0.304901 7.370839 16.749165
 72.600000 0.304177 7.514436 16.749165
 72.800000 0.315250 5.155051 16.749165
 73.000000 0.315691 5.055377 16.749165
 73.200000 0.331337 2.609107 16.749165
 73.400000 0.319935 5.437702 16.749165
 73.600000 0.310408 7.540506 16.749165
 73.800000 0.311727 7.289958 16.749165
 74.000000 0.327460 3.520830 16.749165
 74.200000 0.319995 6.744008 16.749165
 74.400000 0.287969 10.701774 16.749165
 74.600000 0.297849 9.606427 16.749165
 74.800000 0.324175 5.814207 16.749165
 75.000000 0.341643 1.842653 16.708411
 75.200000 0.322959 6.837175 16.708411
 75.400000 0.318090 7.589558 16.708411
 75.600000 0.313233 8.205204 16.708411
 75.800000 0.301120 9.331666 16.708411
 76.000000 0.297944 9.617170 16.708411
 76.200000 0.275354 12.927638 16.708411
 76.400000 0.266529 14.390839 16.708411
 76.600000 0.264524 14.796358 16.708411
 76.800000 0.260900 15.592998 16.708411
 77.000000 0.230406 20.579935 16.708411
 77.200000 0.225188 20.927798 16.708411
 77.400000 0.259883 15.928874 16.708411
 77.600000 0.286756 11.719113 16.708411
 77.800000 0.280246 12.338536 16.708411
 78.000000 0.246865 19.302642 16.708411
 78.200000 0.255064 17.804748 16.708411
 78.400000 0.268822 14.236563 16.708411
 78.600000 0.290969 11.372905 16.708411
 78.800000 0.290746 11.391914 16.708411
 79.000000 0.292930 11.205342 16.708411
 79.200000 0.299890 11.524094 16.708411
 79.400000 0.284810 12.836817 16.708411
 79.600000 0.269490 14.410322 16.708411
 79.800000 0.261498 16.113093 16.708411
 80.000000 0.256379 17.479148 17.550787
 80.200000 0.246445 20.795357 17.550787
 80.400000 0.230988 21.905696 17.550787
 80.600000 0.232875 22.006525 17.550787
 80.800000 0.241076 21.678202 17.550787
 81.000000 0.248652 20.309014 17.550787
 81.200000 0.280524 13.412736 17.550787
 81.400000 0.275264 14.107150 17.550787
 81.600000 0.269348 15.259659 17.550787
 81.800000 0.274606 14.214433 17.550787
 82.000000 0.266902 15.854795 17.550787
 82.200000 0.247639 21.623991 17.550787
 82.400000 0.250385 21.062872 17.550787
 82.600000 0.245175 22.036531 17.550787
 82.800000 0.244871 22.080738 17.550787
 83.000000 0.244858 22.082528 17.550787
 83.200000 0.243488 22.914068 17.550787
 83.400000 0.248371 22.120636 17.550787
 83.600000 0.247837 22.228441 17.550787
 83.800000 0.249326 21.916458 17.550787
 84.000000 0.254798 20.519599 17.550787
 84.200000 0.245597 23.207267 17.550787
 84.400000 0.247915 22.844355 17.550787
 84.600000 0.248113 22.808438 17.550787
 84.800000 0.245310 23.244661 17.550787
 85.000000 0.268712 16.904915 18.849804
 85.200000 0.286447 13.734114 18.849804
 85.400000 0.279776 14.937209 18.849804
 85.600000 0.250757 22.663822 18.849804
 85.800000 0.229250 22.671975 18.849804
 86.000000 0.210290 19.407559 18.849804
 86.200000 0.203472 19.804972 18.849804
 86.400000 0.222069 21.788876 18.849804
 86.600000 0.217265 20.991102 18.849804
 86.800000 0.220208 21.467400 18.849804
 87.000000 0.200074 19.798029 18.849804
 87.200000 0.228337 22.984178 18.849804
 87.400000 0.228285 22.976797 18.849804
 87.600000 0.213084 20.923259 18.849804
 87.800000 0.231523 23.396063 18.849804
 88.000000 0.242742 23.765683 18.849804
 88.200000 0.241638 24.429768 18.849804
 88.400000 0.224566 22.709973 18.849804
 88.600000 0.229281 23.520539 18.849804
 88.800000 0.233357 24.085755 18.849804
 89.000000 0.229704 23.587270 18.849804
 89.200000 0.224911 23.352801 18.849804
 89.400000 0.215701 21.696202 18.849804
 89.600000 0.215083 21.605363 18.849804
 89.800000 0.220874 22.580700 18.849804
 90.000000 0.233014 24.643081 20.432481
 90.200000 0.227794 24.431852 20.432481
 90.400000 0.225476 23.974238 20.432481
 90.600000 0.214808 21.845119 20.432481
 90.800000 0.194649 20.656360 20.432481
 91.000000 0.198795 20.658974 20.432481
 91.200000 0.221276 23.311668 20.432481
 91.400000 0.219855 23.048668 20.432481
 91.600000 0.229082 24.753730 20.432481
 91.800000 0.229565 24.829796 20.432481
 92.000000 0.222650 23.573946 20.432481
 92.200000 0.212024 22.382343 20.432481
 92.400000 0.215633 22.903343 20.432481
 92.600000 0.209616 22.110122 20.432481
 92.800000 0.220136 23.703640 20.432481
 93.000000 0.218682 23.432006 20.432481
 93.200000 0.204323 22.107693 20.432481
 93.400000 0.225812 25.328662 20.432481
 93.600000 0.228828 25.764995 20.432481
 93.800000 0.217892 23.904362 20.432481
 94.000000 0.221332 24.538854 20.432481
 94.200000 0.224759 25.725624 20.432481
 94.400000 0.204945 22.478476 20.432481
 94.600000 0.219586 24.797417 20.432481
 94.800000 0.210576 23.197071 20.432481
 95.000000 0.197637 21.898732 21.777435
 95.200000 0.209842 23.561550 21.777435
 95.400000 0.201416 22.798566 21.777435
 95.600000 0.202680 22.887007 21.777435
 95.800000 0.190020 22.026529 21.777435
 96.000000 0.165378 17.896422 21.777435
 96.200000 0.180467 21.371960 21.777435
 96.400000 0.189173 22.174904 21.777435
 96.600000 0.183602 21.716686 21.777435
 96.800000 0.187872 22.083155 21.777435
 97.000000 0.194647 22.485996 21.777435
 97.200000 0.207272 23.744309 21.777435
 97.400000 0.205470 23.625406 21.777435
 97.600000 0.213018 24.285266 21.777435
 97.800000 0.191834 22.969459 21.777435
 98.000000 0.191370 22.938984 21.777435
 98.200000 0.196491 23.809718 21.777435
 98.400000 0.215275 24.743291 21.777435
 98.600000 0.237711 26.533054 21.777435
 98.800000 0.239357 26.385634 21.777435
 99.000000 0.241002 26.183867 21.777435
 99.200000 0.244534 26.099759 21.777435
 99.400000 0.248460 25.111728 21.777435
 99.600000 0.253845 23.389034 21.777435
 99.800000 0.260715 20.879511 21.777435
 100.000000 0.269218 17.856697 22.518307
 100.200000 0.238682 27.089411 22.518307
 100.400000 0.225717 26.441656 22.518307
 100.600000 0.200485 23.918909 22.518307
 100.800000 0.200847 23.927149 22.518307
 101.000000 0.216563 25.039884 22.518307
 101.200000 0.209523 24.800373 22.518307
 101.400000 0.203699 24.397131 22.518307
 101.600000 0.202881 24.355022 22.518307
 101.800000 0.186214 23.168386 22.518307
 102.000000 0.196756 24.063040 22.518307
 102.200000 0.200723 24.830812 22.518307
 102.400000 0.215844 25.781077 22.518307
 102.600000 0.217472 25.971587 22.518307
 102.800000 0.237266 27.407579 22.518307
 103.000000 0.242075 26.858409 22.518307
 103.200000 0.240079 27.665784 22.518307
 103.400000 0.243577 27.120953 22.518307
 103.600000 0.226282 27.375133 22.518307
 103.800000 0.206139 25.061921 22.518307
 104.000000 0.218952 26.316080 22.518307
 104.200000 0.237486 28.149137 22.518307
 104.400000 0.237879 28.115287 22.518307
 104.600000 0.231260 28.259134 22.518307
 104.800000 0.245697 26.777658 22.518307
 105.000000 0.270961 18.167815 23.708914
 105.200000 0.253729 24.746505 23.708914
 105.400000 0.279749 16.287993 23.708914
 105.600000 0.266135 20.566456 23.708914
 105.800000 0.264977 20.962506 23.708914
 106.000000 0.282833 15.478849 23.708914
 106.200000 0.252868 25.132671 23.708914
 106.400000 0.254347 24.694327 23.708914
 106.600000 0.258275 23.488417 23.708914
 106.800000 0.267408 20.649946 23.708914
 107.000000 0.267038 20.762469 23.708914
 107.200000 0.268338 21.060169 23.708914
 107.400000 0.280741 17.346459 23.708914
 107.600000 0.267197 21.408203 23.708914
 107.800000 0.262100 22.946241 23.708914
 108.000000 0.286489 15.757602 23.708914
 108.200000 0.262140 23.165234 23.708914
 108.400000 0.259109 23.993958 23.708914
 108.600000 0.237313 28.330289 23.708914
 108.800000 0.249859 26.382302 23.708914
 109.000000 0.250054 26.336424 23.708914
 109.200000 0.240237 28.534777 23.708914
 109.400000 0.247772 27.388263 23.708914
 109.600000 0.259718 24.267830 23.708914
 109.800000 0.245842 27.768282 23.708914
 110.000000 0.252657 26.231751 24.369607
 110.200000 0.239720 28.951592 24.369607
 110.400000 0.229234 28.546769 24.369607
 110.600000 0.219186 27.003497 24.369607
 110.800000 0.213754 26.205678 24.369607
 111.000000 0.228292 28.429062 24.369607
 111.200000 0.221001 27.738744 24.369607
 111.400000 0.221160 27.767288 24.369607
 111.600000 0.215196 26.735833 24.369607
 111.800000 0.235994 29.458882 24.369607
 112.000000 0.225104 28.451344 24.369607
 112.200000 0.205535 25.769553 24.369607
 112.400000 0.210051 26.315703 24.369607
 112.600000 0.210772 26.418022 24.369607
 112.800000 0.212555 26.688243 24.369607
 113.000000 0.213801 26.891496 24.369607
 113.200000 0.222692 28.969641 24.369607
 113.400000 0.227174 29.611847 24.369607
 113.600000 0.206648 26.361375 24.369607
 113.800000 0.194083 24.951632 24.369607
 114.000000 0.208968 26.671711 24.369607
 114.200000 0.202523 26.363747 24.369607
 114.400000 0.203179 26.445032 24.369607
 114.600000 0.226340 29.781378 24.369607
 114.800000 0.215541 28.202126 24.369607
 115.000000 0.194483 25.333564 25.643005
 115.200000 0.205161 27.133767 25.643005
 115.400000 0.210644 27.762576 25.643005
 115.600000 0.194981 25.968616 25.643005
 115.800000 0.213469 28.127710 25.643005
 116.000000 0.207697 27.413165 25.643005
 116.200000 0.241714 29.582409 25.643005
 116.400000 0.239439 29.900060 25.643005
 116.600000 0.251778 27.278667 25.643005
 116.800000 0.278432 18.980296 25.643005
 117.000000 0.282663 17.764739 25.643005
 117.200000 0.286342 17.504670 25.643005
 117.400000 0.310987 10.317040 25.643005
 117.600000 0.331926 5.349827 25.643005
 117.800000 0.322931 7.354063 25.643005
 118.000000 0.314604 9.381922 25.643005
 118.200000 0.301530 13.744593 25.643005
 118.400000 0.274307 20.916167 25.643005
 118.600000 0.262082 24.391289 25.643005
 118.800000 0.257213 25.830524 25.643005
 119.000000 0.250434 27.730364 25.643005
 119.200000 0.241164 30.103182 25.643005
 119.400000 0.235601 30.554379 25.643005
 119.600000 0.221048 29.615330 25.643005
 119.800000 0.205886 27.729604 25.643005
 120.000000 0.220353 29.526396 26.413885
 120.200000 0.208095 28.319087 26.413885
 120.400000 0.207138 28.190989 26.413885
 120.600000 0.223585 30.384679 26.413885
 120.800000 0.205348 27.952650 26.413885
 121.000000 0.179920 23.119378 26.413885
 121.200000 0.176572 22.837318 26.413885
 121.400000 0.191043 26.192524 26.413885
 121.600000 0.222668 30.290636 26.413885
 121.800000 0.220028 29.970141 26.413885
 122.000000 0.223314 30.363100 26.413885
 122.200000 0.204732 28.238510 26.413885
 122.400000 0.210289 29.004777 26.413885
 122.600000 0.192724 26.529691 26.413885
 122.800000 0.191948 26.396829 26.413885
 123.000000 0.201270 27.780513 26.413885
 123.200000 0.234636 31.258854 26.413885
 123.400000 0.239281 30.802481 26.413885
 123.600000 0.233735 31.305451 26.413885
 123.800000 0.232546 31.346981 26.413885
 124.000000 0.203558 28.584642 26.413885
 124.200000 0.224825 31.295487 26.413885
 124.400000 0.218089 30.720005 26.413885
 124.600000 0.215525 30.450241 26.413885
 124.800000 0.200831 28.711273 26.413885
 125.000000 0.194264 27.639957 27.282818
 125.200000 0.192865 27.875503 27.282818
 125.400000 0.185102 25.961401 27.282818
 125.600000 0.188511 26.877997 27.282818
 125.800000 0.195277 28.336620 27.282818
 126.000000 0.188608 26.902553 27.282818
 126.200000 0.164903 19.597791 27.282818
 126.400000 0.167314 20.440553 27.282818
 126.600000 0.149601 14.934011 27.282818
 126.800000 0.171521 21.928398 27.282818
 127.000000 0.183062 25.859959 27.282818
 127.200000 0.175743 23.905476 27.282818
 127.400000 0.167130 20.689931 27.282818
 127.600000 0.163211 19.244958 27.282818
 127.800000 0.171344 22.272855 27.282818
 128.000000 0.172914 22.860966 27.282818
 128.200000 0.186551 27.842416 27.282818
 128.400000 0.195195 29.408757 27.282818
 128.600000 0.195720 29.471487 27.282818
 128.800000 0.187594 28.088057 27.282818
 129.000000 0.176040 24.631972 27.282818
 129.200000 0.185366 28.026945 27.282818
 129.400000 0.179066 26.244613 27.282818
 129.600000 0.164336 20.621913 27.282818
 129.800000 0.164901 20.853253 27.282818
 130.000000 0.160000 18.870655 27.604978
 130.200000 0.166054 22.021378 27.604978
 130.400000 0.148260 15.483711 27.604978
 130.600000 0.135850 12.835472 27.604978
 130.800000 0.132357 12.310709 27.604978
 131.000000 0.153541 17.186454 27.604978
 131.200000 0.178036 26.484752 27.604978
 131.400000 0.182419 27.633236 27.604978
 131.600000 0.160759 20.650802 27.604978
 131.800000 0.153710 18.060042 27.604978
 132.000000 0.153667 18.044785 27.604978
 132.200000 0.148554 17.078170 27.604978
 132.400000 0.148555 17.078655 27.604978
 132.600000 0.151506 18.072631 27.604978
 132.800000 0.138497 14.232004 27.604978
 133.000000 0.137540 14.007446 27.604978
 133.200000 0.133233 13.972275 27.604978
 133.400000 0.145615 16.964174 27.604978
 133.600000 0.115310 9.750109 27.604978
 133.800000 0.125496 12.238511 27.604978
 134.000000 0.131430 13.572346 27.604978
 134.200000 0.112978 9.592059 27.604978
 134.400000 0.112627 9.487050 27.604978
 134.600000 0.088305 2.590738 27.604978
 134.800000 0.089371 2.829256 27.604978
 135.000000 0.104348 6.980122 27.596428
 135.200000 0.133375 15.146825 27.596428
 135.400000 0.136134 15.666525 27.596428
 135.600000 0.135235 15.497071 27.596428
 135.800000 0.139683 16.348044 27.596428
 136.000000 0.134680 15.392506 27.596428
 136.200000 0.130597 15.467286 27.596428
 136.400000 0.107367 9.318921 27.596428
 136.600000 0.095250 5.414310 27.596428
 136.800000 0.105263 8.664551 27.596428
 137.000000 0.133665 16.081007 27.596428
 137.200000 0.169846 24.585598 27.596428
 137.400000 0.154784 20.666921 27.596428
 137.600000 0.161054 22.208767 27.596428
 137.800000 0.156166 20.985442 27.596428
 138.000000 0.148999 19.482281 27.596428
 138.200000 0.143879 19.314987 27.596428
 138.400000 0.145303 19.561022 27.596428
 138.600000 0.164984 23.673729 27.596428
 138.800000 0.170184 24.947823 27.596428
 139.000000 0.149789 20.363236 27.596428
 139.200000 0.151786 21.444791 27.596428
 139.400000 0.169148 24.998634 27.596428
 139.600000 0.149618 21.037690 27.596428
 139.800000 0.120618 13.909624 27.596428
 140.000000 0.083014 2.044212 27.584929
 140.200000 0.084581 3.976178 27.584929
 140.400000 0.106318 9.652130 27.584929
 140.600000 0.110541 10.877848 27.584929
 140.800000 0.117368 12.953133 27.584929
 141.000000 0.108813 10.371658 27.584929
 141.200000 0.090754 5.958612 27.584929
 141.400000 0.084438 4.237770 27.584929
 141.600000 0.087692 5.089973 27.584929
 141.800000 0.091256 6.106569 27.584929
 142.000000 0.063848 0.847023 27.584929
 142.200000 0.060256 2.207065 27.584929
 142.400000 0.067291 2.830470 27.584929
 142.600000 0.076694 3.731208 27.584929
 142.800000 0.092682 6.796435 27.584929
 143.000000 0.076078 3.660725 27.584929
 143.200000 0.046297 1.129939 27.584929
 143.400000 0.046144 1.113622 27.584929
 143.600000 0.074289 4.944844 27.584929
 143.800000 0.100368 9.401855 27.584929
 144.000000 0.075628 5.096682 27.584929
 144.200000 0.059879 3.802955 27.584929
 144.400000 0.040696 0.716175 27.584929
 144.600000 0.067950 5.393387 27.584929
 144.800000 0.045702 1.255585 27.584929
 145.000000 0.066256 5.087850 27.544535
 145.200000 0.073760 7.498746 27.544535
 145.400000 0.048954 2.435129 27.544535
 145.600000 0.045036 1.682794 27.544535
 145.800000 0.067781 6.751780 27.544535
 146.000000 0.073234 7.452187 27.544535
 146.200000 0.070590 8.400007 27.544535
 146.400000 0.056158 4.799690 27.544535
 146.600000 0.056409 4.875700 27.544535
 146.800000 0.091699 9.100048 27.544535
 147.000000 0.089857 9.013778 27.544535
 147.200000 0.088471 10.141729 27.544535
 147.400000 0.091973 10.276296 27.544535
 147.600000 0.081431 9.977409 27.544535
 147.800000 0.078574 9.852369 27.544535
 148.000000 0.075831 9.644104 27.544535
 148.200000 0.080288 11.025570 27.544535
 148.400000 0.084430 11.018525 27.544535
 148.600000 0.049507 3.182614 27.544535
 148.800000 0.067522 9.237473 27.544535
 149.000000 0.068348 9.457264 27.544535
 149.200000 0.056901 6.497897 27.544535
 149.400000 0.067865 10.478002 27.544535
 149.600000 0.044609 2.277297 27.544535
 149.800000 0.040127 1.340593 27.544535
 150.000000 0.057865 6.889451 27.506031
 150.200000 0.035318 1.104452 27.506031
 150.400000 0.048198 4.327468 27.506031
 150.600000 0.046024 3.588566 27.506031
 150.800000 0.052869 6.121476 27.506031
 151.000000 0.049872 4.942428 27.506031
 151.200000 0.030282 1.137759 27.506031
 151.400000 0.046324 5.051349 27.506031
 151.600000 0.047357 5.417869 27.506031
 151.800000 0.050674 6.651377 27.506031
 152.000000 0.044988 4.594155 27.506031
 152.200000 0.047855 6.997887 27.506031
 152.400000 0.071652 12.937476 27.506031
 152.600000 0.098846 11.362054 27.506031
 152.800000 0.071289 12.922843 27.506031
 153.000000 0.040482 4.575724 27.506031
 153.200000 0.039798 5.796364 27.506031
 153.400000 0.050011 8.913262 27.506031
 153.600000 0.034651 4.296450 27.506031
 153.800000 0.034972 4.386253 27.506031
 154.000000 0.068799 12.978354 27.506031
 154.200000 0.066219 13.692912 27.506031
 154.400000 0.055813 11.249727 27.506031
 154.600000 0.038311 5.473910 27.506031
 154.800000 0.038000 5.376712 27.506031
 155.000000 0.069329 13.994684 27.467758
 155.200000 0.060634 13.396771 27.467758
 155.400000 0.038389 5.608548 27.467758
 155.600000 0.052483 10.683123 27.467758
 155.800000 0.053397 11.016962 27.467758
 156.000000 0.031453 3.522377 27.467758
 156.200000 0.040601 7.595462 27.467758
 156.400000 0.052751 11.325509 27.467758
 156.600000 0.041876 7.971306 27.467758
 156.800000 0.044814 8.853214 27.467758
 157.000000 0.069814 15.012020 27.467758
 157.200000 0.074435 15.739520 27.467758
 157.400000 0.048417 10.286729 27.467758
 157.600000 0.049605 10.696395 27.467758
 157.800000 0.042915 8.458959 27.467758
 158.000000 0.040872 7.812936 27.467758
 158.200000 0.057528 14.085945 27.467758
 158.400000 0.052522 12.627396 27.467758
 158.600000 0.048382 11.364715 27.467758
 158.800000 0.068360 16.053028 27.467758
 159.000000 0.083351 14.052837 27.467758
 159.200000 0.096117 12.498220 27.467758
 159.400000 0.117374 14.286887 27.467758
 159.600000 0.113610 13.539881 27.467758
 159.800000 0.121880 15.310537 27.467758
 160.000000 0.147121 20.614724 27.442929
 160.200000 0.139837 19.921906 27.442929
 160.400000 0.140993 20.158270 27.442929
 160.600000 0.133756 18.551632 27.442929
 160.800000 0.133219 18.420890 27.442929
 161.000000 0.146978 21.287880 27.442929
 161.200000 0.141159 20.820360 27.442929
 161.400000 0.129417 17.799202 27.442929
 161.600000 0.122624 15.851417 27.442929
 161.800000 0.115509 14.049649 27.442929
 162.000000 0.090502 13.336667 27.442929
 162.200000 0.096490 13.357795 27.442929
 162.400000 0.118300 14.877463 27.442929
 162.600000 0.096849 13.318889 27.442929
 162.800000 0.092134 13.994771 27.442929
 163.000000 0.093483 13.766229 27.442929
 163.200000 0.089599 15.402112 27.442929
 163.400000 0.125043 16.705922 27.442929
 163.600000 0.118394 15.136227 27.442929
 163.800000 0.099700 13.959144 27.442929
 164.000000 0.114946 14.521596 27.442929
 164.200000 0.118634 16.073932 27.442929
 164.400000 0.118268 16.005003 27.442929
 164.600000 0.141412 21.072075 27.442929
 164.800000 0.126475 17.766860 27.442929
 165.000000 0.145089 21.739430 27.434638
 165.200000 0.140503 21.530867 27.434638
 165.400000 0.144775 22.349262 27.434638
 165.600000 0.167657 25.419837 27.434638
 165.800000 0.160116 24.432334 27.434638
 166.000000 0.139686 21.358167 27.434638
 166.200000 0.128207 19.028769 27.434638
 166.400000 0.118291 16.386593 27.434638
 166.600000 0.114425 15.603380 27.434638
 166.800000 0.121847 17.256455 27.434638
 167.000000 0.121098 17.063298 27.434638
 167.200000 0.124119 18.671080 27.434638
 167.400000 0.127687 19.622030 27.434638
 167.600000 0.111332 15.781167 27.434638
 167.800000 0.104221 14.952977 27.434638
 168.000000 0.131466 20.602788 27.434638
 168.200000 0.097208 14.948827 27.434638
 168.400000 0.118628 17.755047 27.434638
 168.600000 0.113826 16.576405 27.434638
 168.800000 0.085999 16.303260 27.434638
 169.000000 0.095483 15.047945 27.434638
 169.200000 0.098623 15.781500 27.434638
 169.400000 0.127125 20.238013 27.434638
 169.600000 0.132099 21.502875 27.434638
 169.800000 0.109141 16.272610 27.434638
 170.000000 0.116773 17.599195 27.426788
 170.200000 0.113490 17.717678 27.426788
 170.400000 0.134917 22.521337 27.426788
 170.600000 0.120804 19.334343 27.426788
 170.800000 0.092716 16.406614 27.426788
 171.000000 0.112839 17.593877 27.426788
 171.200000 0.103321 16.987550 27.426788
 171.400000 0.106581 17.370828 27.426788
 171.600000 0.109791 17.855309 27.426788
 171.800000 0.107565 17.509042 27.426788
 172.000000 0.102453 16.906804 27.426788
 172.200000 0.111969 18.906732 27.426788
 172.400000 0.114747 19.348796 27.426788
 172.600000 0.094709 17.377355 27.426788
 172.800000 0.095858 17.386775 27.426788
 173.000000 0.115918 19.545018 27.426788
 173.200000 0.125147 21.830766 27.426788
 173.400000 0.131638 22.789604 27.426788
 173.600000 0.135797 23.295131 27.426788
 173.800000 0.117642 20.572668 27.426788
 174.000000 0.129873 22.546672 27.426788
 174.200000 0.125537 22.507583 27.426788
 174.400000 0.112093 19.951691 27.426788
 174.600000 0.085208 17.893787 27.426788
 174.800000 0.127869 22.888754 27.426788
 175.000000 0.118517 21.203557 27.424437
 175.200000 0.107661 19.665057 27.424437
 175.400000 0.092171 17.790247 27.424437
 175.600000 0.087258 17.859977 27.424437
 175.800000 0.128711 23.557883 27.424437
 176.000000 0.167771 25.621911 27.424437
 176.200000 0.163654 25.742978 27.424437
 176.400000 0.139512 24.530607 27.424437
 176.600000 0.117923 21.768464 27.424437
 176.800000 0.119479 22.071940 27.424437
 177.000000 0.107072 19.549275 27.424437
 177.200000 0.115413 21.887964 27.424437
 177.400000 0.128180 23.777176 27.424437
 177.600000 0.088662 18.158130 27.424437
 177.800000 0.098933 18.869229 27.424437
 178.000000 0.096580 18.578369 27.424437
 178.200000 0.102455 20.129860 27.424437
 178.400000 0.101669 20.009948 27.424437
 178.600000 0.114259 22.056909 27.424437
 178.800000 0.108198 21.068849 27.424437
 179.000000 0.125652 23.599497 27.424437
 179.200000 0.102820 20.377873 27.424437
 179.400000 0.078913 18.727202 27.424437
 179.600000 0.105009 20.775398 27.424437
 179.800000 0.078846 18.725416 27.424437
 180.000000 0.083740 18.782180 27.481608
 180.200000 0.102563 20.677002 27.481608
 180.400000 0.098423 20.145192 27.481608
 180.600000 0.111372 22.121407 27.481608
 180.800000 0.084815 19.544200 27.481608
 181.000000 0.124678 24.117827 27.481608
 181.200000 0.143437 25.320204 27.481608
 181.400000 0.136359 25.379736 27.481608
 181.600000 0.134716 25.358660 27.481608
 181.800000 0.141411 25.352869 27.481608
 182.000000 0.130483 25.205294 27.481608
 182.200000 0.152321 25.450909 27.481608
 182.400000 0.170981 26.617331 27.481608
 182.600000 0.151576 25.459115 27.481608
 182.800000 0.134461 25.903408 27.481608
 183.000000 0.131175 25.810152 27.481608
 183.200000 0.164108 25.919499 27.481608
 183.400000 0.169324 26.426801 27.481608
 183.600000 0.147135 25.884161 27.481608
 183.800000 0.140914 26.255560 27.481608
 184.000000 0.161034 25.729928 27.481608
 184.200000 0.149039 26.186212 27.481608
 184.400000 0.157656 26.161068 27.481608
 184.600000 0.160434 26.258624 27.481608
 184.800000 0.152615 26.122486 27.481608
 185.000000 0.142832 26.411067 27.621893
 185.200000 0.141204 27.007691 27.621893
 185.400000 0.154973 26.508072 27.621893
 185.600000 0.146591 26.788254 27.621893
 185.800000 0.150911 26.611127 27.621893
 186.000000 0.156639 26.492090 27.621893
 186.200000 0.160453 27.050149 27.621893
 186.400000 0.148492 27.168051 27.621893
 186.600000 0.148947 27.156560 27.621893
 186.800000 0.142442 27.308652 27.621893
 187.000000 0.156225 27.031792 27.621893
 187.200000 0.156196 27.556870 27.621893
 187.400000 0.162800 27.573884 27.621893
 187.600000 0.168436 27.712925 27.621893
 187.800000 0.155649 27.560399 27.621893
 188.000000 0.165826 27.628105 27.621893
 188.200000 0.165607 28.133823 27.621893
 188.400000 0.169458 28.253053 27.621893
 188.600000 0.169544 28.256342 27.621893
 188.800000 0.149293 27.897644 27.621893
 189.000000 0.131976 27.215856 27.621893
 189.200000 0.148728 28.170266 27.621893
 189.400000 0.160125 28.117387 27.621893
 189.600000 0.152104 28.139133 27.621893
 189.800000 0.148069 28.177112 27.621893
 190.000000 0.164427 28.156535 27.946271
 190.200000 0.188961 29.769949 27.946271
 190.400000 0.202131 30.278205 27.946271
 190.600000 0.192673 29.970669 27.946271
 190.800000 0.180175 29.197338 27.946271
 191.000000 0.184775 29.497815 27.946271
 191.200000 0.158138 28.664793 27.946271
 191.400000 0.169704 29.036358 27.946271
 191.600000 0.172693 29.178827 27.946271
 191.800000 0.179634 29.607823 27.946271
 192.000000 0.179162 29.574976 27.946271
 192.200000 0.188231 30.573088 27.946271
 192.400000 0.175548 29.793805 27.946271
 192.600000 0.195247 30.710739 27.946271
 192.800000 0.218434 31.066447 27.946271
 193.000000 0.228911 31.514866 27.946271
 193.200000 0.207491 30.810637 27.946271
 193.400000 0.198723 30.752031 27.946271
 193.600000 0.208447 30.836695 27.946271
 193.800000 0.216685 31.275175 27.946271
 194.000000 0.200431 30.749508 27.946271
 194.200000 0.200120 31.194653 27.946271
 194.400000 0.192937 31.111520 27.946271
 194.600000 0.215661 31.468641 27.946271
 194.800000 0.210810 31.274619 27.946271
 195.000000 0.188139 30.896914 28.735972
 195.200000 0.157592 28.878628 28.735972
 195.400000 0.160333 29.026206 28.735972
 195.600000 0.157380 28.868197 28.735972
 195.800000 0.162502 29.156393 28.735972
 196.000000 0.186485 31.229637 28.735972
 196.200000 0.185072 31.555995 28.735972
 196.400000 0.168103 29.755997 28.735972
 196.600000 0.164027 29.396489 28.735972
 196.800000 0.165437 29.513259 28.735972
 197.000000 0.178398 30.876072 28.735972
 197.200000 0.207819 31.621024 28.735972
 197.400000 0.188023 32.124747 28.735972
 197.600000 0.184820 31.938304 28.735972
 197.800000 0.183815 31.860511 28.735972
 198.000000 0.207510 31.629428 28.735972
 198.200000 0.209297 32.013751 28.735972
 198.400000 0.186265 32.190855 28.735972
 198.600000 0.184058 32.005514 28.735972
 198.800000 0.169412 30.270184 28.735972
 199.000000 0.134712 28.051825 28.735972
 199.200000 0.150840 29.002055 28.735972
 199.400000 0.182756 31.880692 28.735972
 199.600000 0.172992 30.725457 28.735972
 199.800000 0.170489 30.427101 28.735972
 200.000000 0.149482 28.972717 29.349915
 200.200000 0.152553 29.520945 29.349915
 200.400000 0.149704 29.458389 29.349915
 200.600000 0.148551 29.437311 29.349915
 200.800000 0.144592 29.367491 29.349915
 201.000000 0.144641 29.368494 29.349915
 201.200000 0.150323 29.910924 29.349915
 201.400000 0.158190 30.028436 29.349915
 201.600000 0.169143 30.600872 29.349915
 201.800000 0.180653 31.734382 29.349915
 202.000000 0.194620 32.477360 29.349915
 202.200000 0.204860 32.472878 29.349915
 202.400000 0.214634 32.158452 29.349915
 202.600000 0.213109 32.172456 29.349915
 202.800000 0.199068 32.770000 29.349915
 203.000000 0.214733 32.158030 29.349915
 203.200000 0.205040 32.802220 29.349915
 203.400000 0.235931 31.874077 29.349915
 203.600000 0.238156 31.540858 29.349915
 203.800000 0.227564 32.537378 29.349915
 204.000000 0.229288 32.468085 29.349915
 204.200000 0.249768 28.938266 29.349915
 204.400000 0.242301 31.023836 29.349915
 204.600000 0.232255 32.676273 29.349915
 204.800000 0.206683 32.873375 29.349915
 205.000000 0.200914 33.024370 30.150184
 205.200000 0.201811 33.402424 30.150184
 205.400000 0.194586 33.453784 30.150184
 205.600000 0.189655 33.213904 30.150184
 205.800000 0.185236 32.784101 30.150184
 206.000000 0.183024 32.512254 30.150184
 206.200000 0.182080 32.798719 30.150184
 206.400000 0.170672 31.193641 30.150184
 206.600000 0.180041 32.512661 30.150184
 206.800000 0.176214 31.951866 30.150184
 207.000000 0.171267 31.268751 30.150184
 207.200000 0.186469 33.581382 30.150184
 207.400000 0.202342 33.616030 30.150184
 207.600000 0.212859 33.173601 30.150184
 207.800000 0.200655 33.701324 30.150184
 208.000000 0.176317 32.377555 30.150184
 208.200000 0.174919 32.598438 30.150184
 208.400000 0.175113 32.625303 30.150184
 208.600000 0.136791 29.490231 30.150184
 208.800000 0.161166 30.908452 30.150184
 209.000000 0.161116 30.903787 30.150184
 209.200000 0.169780 32.267437 30.150184
 209.400000 0.153423 30.739969 30.150184
 209.600000 0.112929 23.947184 30.150184
 209.800000 0.092543 19.808648 30.150184
 210.000000 0.123638 27.103591 30.710840
 210.200000 0.123688 27.640338 30.710840
 210.400000 0.130758 29.193631 30.710840
 210.600000 0.149890 30.636390 30.710840
 210.800000 0.135959 29.884959 30.710840
 211.000000 0.131514 29.317521 30.710840
 211.200000 0.142578 30.700163 30.710840
 211.400000 0.139840 30.600457 30.710840
 211.600000 0.134398 30.180554 30.710840
 211.800000 0.107273 22.758701 30.710840
 212.000000 0.104222 21.900817 30.710840
 212.200000 0.086649 19.953254 30.710840
 212.400000 0.083205 19.817395 30.710840
 212.600000 0.104331 22.589330 30.710840
 212.800000 0.120660 27.509205 30.710840
 213.000000 0.134809 30.306923 30.710840
 213.200000 0.149993 31.138945 30.710840
 213.400000 0.143783 31.129426 30.710840
 213.600000 0.149686 31.136977 30.710840
 213.800000 0.150110 31.139793 30.710840
 214.000000 0.169603 32.298284 30.710840
 214.200000 0.214804 33.161964 30.710840
 214.400000 0.210251 33.285820 30.710840
 214.600000 0.189346 34.308007 30.710840
 214.800000 0.183559 34.084452 30.710840
 215.000000 0.183216 34.061808 31.113547
 215.200000 0.187724 34.644370 31.113547
 215.400000 0.207700 33.508358 31.113547
 215.600000 0.210587 33.344661 31.113547
 215.800000 0.221910 33.146101 31.113547
 216.000000 0.216556 33.175686 31.113547
 216.200000 0.209634 33.751284 31.113547
 216.400000 0.215748 33.585206 31.113547
 216.600000 0.211808 33.671377 31.113547
 216.800000 0.214539 33.604256 31.113547
 217.000000 0.215448 33.589488 31.113547
 217.200000 0.205562 34.281202 31.113547
 217.400000 0.222340 33.866929 31.113547
 217.600000 0.232911 33.075518 31.113547
 217.800000 0.236567 32.483560 31.113547
 218.000000 0.261630 25.023488 31.113547
 218.200000 0.287470 17.550357 31.113547
 218.400000 0.301408 13.791618 31.113547
 218.600000 0.257147 27.086146 31.113547
 218.800000 0.229996 33.480219 31.113547
 219.000000 0.195892 34.754743 31.113547
 219.200000 0.196842 35.089755 31.113547
 219.400000 0.210325 34.327601 31.113547
 219.600000 0.220344 34.020704 31.113547
 219.800000 0.206057 34.553451 31.113547
 220.000000 0.205480 34.588387 31.846571
 220.200000 0.197548 35.384192 31.846571
 220.400000 0.219903 34.267850 31.846571
 220.600000 0.229680 33.638403 31.846571
 220.800000 0.240635 31.857857 31.846571
 221.000000 0.255447 27.640969 31.846571
 221.200000 0.260705 26.387259 31.846571
 221.400000 0.239800 32.336596 31.846571
 221.600000 0.229133 33.801698 31.846571
 221.800000 0.241871 31.912536 31.846571
 222.000000 0.279327 20.072962 31.846571
 222.200000 0.303092 13.575758 31.846571
 222.400000 0.306826 12.586425 31.846571
 222.600000 0.290990 17.116872 31.846571
 222.800000 0.287007 18.365196 31.846571
 223.000000 0.286629 18.484346 31.846571
 223.200000 0.298128 15.536920 31.846571
 223.400000 0.305686 13.226551 31.846571
 223.600000 0.323908 8.117867 31.846571
 223.800000 0.306778 12.909599 31.846571
 224.000000 0.306352 13.032723 31.846571
 224.200000 0.322896 8.932218 31.846571
 224.400000 0.337914 4.603670 31.846571
 224.600000 0.315754 11.196523 31.846571
 224.800000 0.313476 11.899974 31.846571
 225.000000 0.307883 13.566824 31.859201
 225.200000 0.329295 7.285431 31.859201
 225.400000 0.299761 16.734812 31.859201
 225.600000 0.286329 20.086945 31.859201
 225.800000 0.299769 16.732705 31.859201
 226.000000 0.334289 5.725644 31.859201
 226.200000 0.313885 13.193134 31.859201
 226.400000 0.304708 15.614151 31.859201
 226.600000 0.290683 19.031502 31.859201
 226.800000 0.278179 22.105976 31.859201
 227.000000 0.290598 19.052201 31.859201
 227.200000 0.301327 17.026794 31.859201
 227.400000 0.295988 18.444959 31.859201
 227.600000 0.281927 21.803369 31.859201
 227.800000 0.278148 22.643940 31.859201
 228.000000 0.260544 27.048390 31.859201
 228.200000 0.285767 21.067541 31.859201
 228.400000 0.290884 19.798363 31.859201
 228.600000 0.299569 17.517675 31.859201
 228.800000 0.300743 17.198579 31.859201
 229.000000 0.299633 17.500336 31.859201
 229.200000 0.304017 17.063055 31.859201
 229.400000 0.317128 12.822711 31.859201
 229.600000 0.344742 4.243805 31.859201
 229.800000 0.334051 7.217145 31.859201
 230.000000 0.334729 7.013118 31.858712
 230.200000 0.323804 11.511697 31.858712
 230.400000 0.310227 15.473889 31.858712
 230.600000 0.312822 14.723335 31.858712
 230.800000 0.318999 12.916382 31.858712
 231.000000 0.318597 13.034014 31.858712
 231.200000 0.330057 10.411259 31.858712
 231.400000 0.351551 3.449674 31.858712
 231.600000 0.349661 3.976056 31.858712
 231.800000 0.340015 7.046470 31.858712
 232.000000 0.342535 6.202506 31.858712
 232.200000 0.342919 7.402753 31.858712
 232.400000 0.314818 15.327404 31.858712
 232.600000 0.296469 19.518721 31.858712
 232.800000 0.313685 15.606219 31.858712
 233.000000 0.321704 13.587383 31.858712
 233.200000 0.324953 13.671216 31.858712
 233.400000 0.316182 15.882195 31.858712
 233.600000 0.333608 11.029531 31.858712
 233.800000 0.351128 4.828900 31.858712
 234.000000 0.361785 1.907992 31.858712
 234.200000 0.358157 4.298003 31.858712
 234.400000 0.360192 3.847336 31.858712
 234.600000 0.382052 0.734238 31.858712
 234.800000 0.381051 0.813833 31.858712
 235.000000 0.383045 0.660540 31.826990
 235.200000 0.381963 2.435901 31.826990
 235.400000 0.388225 1.958305 31.826990
 235.600000 0.394715 1.396850 31.826990
 235.800000 0.408353 0.416767 31.826990
 236.000000 0.416958 0.128878 31.826990
 236.200000 0.407779 1.887722 31.826990
 236.400000 0.399982 1.872029 31.826990
 236.600000 0.368548 3.371449 31.826990
 236.800000 0.364691 3.759164 31.826990
 237.000000 0.361234 4.216394 31.826990
 237.200000 0.359117 5.991312 31.826990
 237.400000 0.371128 4.336095 31.826990
 237.600000 0.377439 3.592812 31.826990
 237.800000 0.385683 2.739784 31.826990
 238.000000 0.380405 3.266804 31.826990
 238.200000 0.377209 5.097782 31.826990
 238.400000 0.382380 4.560926 31.826990
 238.600000 0.370382 5.637906 31.826990
 238.800000 0.365860 5.956642 31.826990
 239.000000 0.351714 7.530958 31.826990
 239.200000 0.354464 8.342232 31.826990
 239.400000 0.368104 6.483715 31.826990
 239.600000 0.378521 5.224599 31.826990
 239.800000 0.371866 6.038184 31.826990
 240.000000 0.391366 3.478591 31.795418
 240.200000 0.362261 7.444135 31.795418
 240.400000 0.336670 11.548077 31.795418
 240.600000 0.358818 7.831962 31.795418
 240.800000 0.363553 7.315554 31.795418
 241.000000 0.374970 6.490458 31.795418
 241.200000 0.368053 8.113986 31.795418
 241.400000 0.381002 7.287896 31.795418
 241.600000 0.389489 6.034817 31.795418
 241.800000 0.384014 6.909975 31.795418
 242.000000 0.391071 5.751244 31.795418
 242.200000 0.384550 8.066249 31.795418
 242.400000 0.363351 8.548716 31.795418
 242.600000 0.369121 8.536671 31.795418
 242.800000 0.356485 8.835393 31.795418
 243.000000 0.344936 10.149035 31.795418
 243.200000 0.337574 12.408689 31.795418
 243.400000 0.355116 9.821654 31.795418
 243.600000 0.335171 12.792273 31.795418
 243.800000 0.312329 16.870735 31.795418
 244.000000 0.319548 15.529495 31.795418
 244.200000 0.319347 16.443256 31.795418
 244.400000 0.327805 14.778821 31.795418
 244.600000 0.326050 15.134818 31.795418
 244.800000 0.335839 13.170093 31.795418
 245.000000 0.332652 13.799413 31.765188
 245.200000 0.334065 14.461039 31.765188
 245.400000 0.278902 23.094172 31.765188
 245.600000 0.276405 23.612256 31.765188
 245.800000 0.284228 22.081191 31.765188
 246.000000 0.297799 19.876783 31.765188
 246.200000 0.291558 21.491595 31.765188
 246.400000 0.276089 23.932433 31.765188
 246.600000 0.287703 22.046788 31.765188
 246.800000 0.286674 22.196947 31.765188
 247.000000 0.298213 20.539367 31.765188
 247.200000 0.295009 21.683584 31.765188
 247.400000 0.283670 23.082356 31.765188
 247.600000 0.279995 23.566880 31.765188
 247.800000 0.283468 23.107511 31.765188
 248.000000 0.275044 24.346655 31.765188
 248.200000 0.285536 23.317535 31.765188
 248.400000 0.288722 22.862615 31.765188
 248.600000 0.266977 26.535063 31.765188
 248.800000 0.292767 22.268654 31.765188
 249.000000 0.285202 23.365051 31.765188
 249.200000 0.283346 24.243507 31.765188
 249.400000 0.293883 22.622492 31.765188
 249.600000 0.285071 24.001672 31.765188
 249.800000 0.286281 23.828061 31.765188
 250.000000 0.279215 24.818975 31.760887
 250.200000 0.295649 22.629132 31.760887
 250.400000 0.304524 20.767661 31.760887
 250.600000 0.305844 20.486964 31.760887
 250.800000 0.301235 21.466399 31.760887
 251.000000 0.309752 19.661452 31.760887
 251.200000 0.312802 19.738695 31.760887
 251.400000 0.285360 24.686369 31.760887
 251.600000 0.271538 26.530453 31.760887
 251.800000 0.294048 23.369700 31.760887
 252.000000 0.299557 22.398657 31.760887
 252.200000 0.310680 20.684719 31.760887
 252.400000 0.290327 24.501191 31.760887
 252.600000 0.276225 26.069481 31.760887
 252.800000 0.259530 28.679387 31.760887
 253.000000 0.257345 29.125889 31.760887
 253.200000 0.279585 25.864868 31.760887
 253.400000 0.283837 25.362314 31.760887
 253.600000 0.287277 24.945123 31.760887
 253.800000 0.278142 26.041896 31.760887
 254.000000 0.282796 25.483930 31.760887
 254.200000 0.292476 24.691468 31.760887
 254.400000 0.314858 19.723454 31.760887
 254.600000 0.319091 18.621686 31.760887
 254.800000 0.301125 23.020922 31.760887
 255.000000 0.272992 27.184099 31.802954
 255.200000 0.267099 28.490418 31.802954
 255.400000 0.257566 30.000961 31.802954
 255.600000 0.240974 32.756949 31.802954
 255.800000 0.234000 33.575188 31.802954
 256.000000 0.225725 34.131337 31.802954
 256.200000 0.214590 34.793023 31.802954
 256.400000 0.221564 34.648560 31.802954
 256.600000 0.248048 31.776619 31.802954
 256.800000 0.273976 27.584077 31.802954
 257.000000 0.274793 27.482639 31.802954
 257.200000 0.267798 28.859664 31.802954
 257.400000 0.264611 29.276466 31.802954
 257.600000 0.267847 28.853495 31.802954
 257.800000 0.284296 26.680712 31.802954
 258.000000 0.288817 25.895740 31.802954
 258.200000 0.291715 25.870037 31.802954
 258.400000 0.301198 23.594178 31.802954
 258.600000 0.299074 24.141950 31.802954
 258.800000 0.275244 28.307623 31.802954
 259.000000 0.256939 30.460985 31.802954
 259.200000 0.246725 32.470592 31.802954
 259.400000 0.246219 32.546241 31.802954
 259.600000 0.272703 28.821981 31.802954
 259.800000 0.277613 28.231695 31.802954
 260.000000 0.273897 28.681055 32.019761
 260.200000 0.265476 30.124293 32.019761
 260.400000 0.258645 30.949420 32.019761
 260.600000 0.256143 31.272554 32.019761
 260.800000 0.245844 32.685837 32.019761
 261.000000 0.242429 33.142370 32.019761
 261.200000 0.269206 29.784396 32.019761
 261.400000 0.280229 28.351947 32.019761
 261.600000 0.270542 29.622649 32.019761
 261.800000 0.275676 28.987108 32.019761
 262.000000 0.281913 28.087652 32.019761
 262.200000 0.281185 28.704135 32.019761
 262.400000 0.269875 30.066005 32.019761
 262.600000 0.239203 33.934299 32.019761
 262.800000 0.256351 31.621323 32.019761
 263.000000 0.319030 18.745554 32.019761
 263.200000 0.351881 10.820324 32.019761
 263.400000 0.354875 10.267535 32.019761
 263.600000 0.339122 13.864319 32.019761
 263.800000 0.304930 23.299190 32.019761
 264.000000 0.298068 25.103138 32.019761
 264.200000 0.315750 20.695241 32.019761
 264.400000 0.349677 11.278690 32.019761
 264.600000 0.321975 18.835179 32.019761
 264.800000 0.303540 24.201374 32.019761
 265.000000 0.304373 23.969955 32.123890
 265.200000 0.314627 21.502805 32.123890
 265.400000 0.308100 23.500008 32.123890
 265.600000 0.293210 27.330035 32.123890
 265.800000 0.271622 30.065279 32.123890
 266.000000 0.255405 31.759775 32.123890
 266.200000 0.253683 32.416729 32.123890
 266.400000 0.258389 31.791879 32.123890
 266.600000 0.262183 31.313309 32.123890
 266.800000 0.256077 32.095375 32.123890
 267.000000 0.251234 32.747896 32.123890
 267.200000 0.259581 31.986787 32.123890
 267.400000 0.284329 28.944880 32.123890
 267.600000 0.276918 29.878372 32.123890
 267.800000 0.272435 30.372533 32.123890
 268.000000 0.278194 29.733039 32.123890
 268.200000 0.268984 31.149357 32.123890
 268.400000 0.275453 30.498869 32.123890
 268.600000 0.282674 29.620472 32.123890
 268.800000 0.276093 30.431244 32.123890
 269.000000 0.260251 32.119864 32.123890
 269.200000 0.240956 34.528082 32.123890
 269.400000 0.221894 34.934397 32.123890
 269.600000 0.239166 34.638921 32.123890
 269.800000 0.259022 32.687762 32.123890
 270.000000 0.249431 33.788532 32.454680
 270.200000 0.258193 33.115379 32.454680
 270.400000 0.261715 32.637457 32.454680
 270.600000 0.248232 34.298098 32.454680
 270.800000 0.261620 32.650375 32.454680
 271.000000 0.289619 28.490466 32.454680
 271.200000 0.310029 23.168154 32.454680
 271.400000 0.313011 22.186144 32.454680
 271.600000 0.327029 17.535244 32.454680
 271.800000 0.321497 19.348774 32.454680
 272.000000 0.284066 30.017393 32.454680
 272.200000 0.282215 30.754381 32.454680
 272.400000 0.290526 29.203597 32.454680
 272.600000 0.295532 27.903643 32.454680
 272.800000 0.292051 28.833642 32.454680
 273.000000 0.290115 29.299105 32.454680
 273.200000 0.304406 25.454711 32.454680
 273.400000 0.317475 20.822172 32.454680
 273.600000 0.310131 23.429910 32.454680
 273.800000 0.319690 20.046681 32.454680
 274.000000 0.342031 13.135985 32.454680
 274.200000 0.331432 16.924859 32.454680
 274.400000 0.324792 18.806509 32.454680
 274.600000 0.325213 18.682437 32.454680
 274.800000 0.341031 14.373889 32.454680
 275.000000 0.331068 17.024138 32.499474
 275.200000 0.340303 15.243461 32.499474
 275.400000 0.344520 14.005421 32.499474
 275.600000 0.312152 23.212251 32.499474
 275.800000 0.309371 24.076544 32.499474
 276.000000 0.308799 24.257087 32.499474
 276.200000 0.304556 26.184972 32.499474
 276.400000 0.294075 29.172899 32.499474
 276.600000 0.289260 30.234118 32.499474
 276.800000 0.283017 31.200601 32.499474
 277.000000 0.272547 32.078847 32.499474
 277.200000 0.277425 32.134758 32.499474
 277.400000 0.316217 22.518289 32.499474
 277.600000 0.368563 9.146538 32.499474
 277.800000 0.346599 13.421255 32.499474
 278.000000 0.331001 18.060119 32.499474
 278.200000 0.320478 21.809263 32.499474
 278.400000 0.311123 24.455501 32.499474
 278.600000 0.299659 27.830142 32.499474
 278.800000 0.302211 27.085617 32.499474
 279.000000 0.315815 23.112558 32.499474
 279.200000 0.349695 12.933754 32.499474
 279.400000 0.367313 9.279173 32.499474
 279.600000 0.339505 16.392000 32.499474
 279.800000 0.332642 18.690713 32.499474
 280.000000 0.328666 19.951657 32.544996
 280.200000 0.325079 21.747463 32.544996
 280.400000 0.328124 20.838588 32.544996
 280.600000 0.315513 24.311968 32.544996
 280.800000 0.314700 24.517455 32.544996
 281.000000 0.324959 21.781971 32.544996
 281.200000 0.323920 22.740365 32.544996
 281.400000 0.335910 18.762388 32.544996
 281.600000 0.365312 9.526957 32.544996
 281.800000 0.358923 10.614140 32.544996
 282.000000 0.335223 19.022116 32.544996
 282.200000 0.333004 20.579270 32.544996
 282.400000 0.340845 17.524466 32.544996
 282.600000 0.358145 11.026558 32.544996
 282.800000 0.337224 19.000390 32.544996
 283.000000 0.336161 19.415093 32.544996
 283.200000 0.340188 18.508711 32.544996
 283.400000 0.330127 22.222225 32.544996
 283.600000 0.324281 23.751442 32.544996
 283.800000 0.318736 24.877076 32.544996
 284.000000 0.319768 24.683441 32.544996
 284.200000 0.320166 25.189792 32.544996
 284.400000 0.320080 25.206299 32.544996
 284.600000 0.324670 24.215225 32.544996
 284.800000 0.306741 27.453720 32.544996
 285.000000 0.320707 25.083497 32.533938
 285.200000 0.342164 18.045329 32.533938
 285.400000 0.327598 23.960859 32.533938
 285.600000 0.303114 28.391518 32.533938
 285.800000 0.304591 28.154762 32.533938
 286.000000 0.304148 28.224843 32.533938
 286.200000 0.286546 31.464316 32.533938
 286.400000 0.271784 32.608048 32.533938
 286.600000 0.268793 32.781909 32.533938
 286.800000 0.259534 33.472791 32.533938
 287.000000 0.279012 32.171805 32.533938
 287.200000 0.274655 32.847119 32.533938
 287.400000 0.298545 29.818927 32.533938
 287.600000 0.297803 29.954670 32.533938
 287.800000 0.289885 31.344037 32.533938
 288.000000 0.321065 25.854477 32.533938
 288.200000 0.317497 27.126327 32.533938
 288.400000 0.302098 29.428115 32.533938
 288.600000 0.321211 26.374657 32.533938
 288.800000 0.345779 16.461819 32.533938
 289.000000 0.358917 11.123550 32.533938
 289.200000 0.346707 16.771313 32.533938
 289.400000 0.365880 10.627013 32.533938
 289.600000 0.347271 16.520618 32.533938
 289.800000 0.339130 20.222050 32.533938
 290.000000 0.355263 13.333519 32.581859
 290.200000 0.356852 13.769136 32.581859
 290.400000 0.369100 10.771267 32.581859
 290.600000 0.362486 12.150968 32.581859
 290.800000 0.353266 15.007689 32.581859
 291.000000 0.353923 14.770182 32.581859
 291.200000 0.340562 20.779757 32.581859
 291.400000 0.333273 23.395181 32.581859
 291.600000 0.378994 9.566274 32.581859
 291.800000 0.393187 6.850129 32.581859
 292.000000 0.383538 8.800121 32.581859
 292.200000 0.353491 15.988802 32.581859
 292.400000 0.364605 12.886639 32.581859
 292.600000 0.365607 12.681896 32.581859
 292.800000 0.364781 12.849632 32.581859
 293.000000 0.368271 12.193279 32.581859
 293.200000 0.388609 9.354818 32.581859
 293.400000 0.379135 11.457497 32.581859
 293.600000 0.355831 15.938558 32.581859
 293.800000 0.353432 16.631437 32.581859
 294.000000 0.356439 15.771426 32.581859
 294.200000 0.356096 16.732015 32.581859
 294.400000 0.341258 21.252036 32.581859
 294.600000 0.320035 26.843038 32.581859
 294.800000 0.310172 28.287375 32.581859
 295.000000 0.312114 28.030059 32.569381
 295.200000 0.325661 26.049432 32.569381
 295.400000 0.309355 28.889260 32.569381
 295.600000 0.306020 29.313370 32.569381
 295.800000 0.321346 27.021354 32.569381
 296.000000 0.323312 26.602462 32.569381
 296.200000 0.311361 29.021014 32.569381
 296.400000 0.277001 32.761905 32.569381
 296.600000 0.279762 32.600224 32.569381
 296.800000 0.268599 33.128277 32.569381
 297.000000 0.270320 33.054667 32.569381
 297.200000 0.264993 33.682850 32.569381
 297.400000 0.271287 33.415118 32.569381
 297.600000 0.276526 33.154458 32.569381
 297.800000 0.293324 31.288730 32.569381
 298.000000 0.300855 30.225560 32.569381
 298.200000 0.297272 31.155261 32.569381
 298.400000 0.294678 31.507489 32.569381
 298.600000 0.293075 31.723239 32.569381
 298.800000 0.292132 31.848237 32.569381
 299.000000 0.273929 33.385277 32.569381
 299.200000 0.283363 33.154487 32.569381
 299.400000 0.288075 32.607436 32.569381
 299.600000 0.283500 33.140891 32.569381
 299.800000 0.277168 33.631349 32.569381
 300.000000 0.289281 32.444745 32.778244
 300.200000 0.285267 33.350480 32.778244
 300.400000 0.318393 28.383727 32.778244
 300.600000 0.311970 29.452715 32.778244
 300.800000 0.321620 27.712598 32.778244
 301.000000 0.302062 30.880617 32.778244
 301.200000 0.272318 34.115480 32.778244
 301.400000 0.238863 35.077354 32.778244
 301.600000 0.211097 34.969142 32.778244
 301.800000 0.203206 35.241494 32.778244
 302.000000 0.223822 35.048278 32.778244
 302.200000 0.240789 35.222113 32.778244
 302.400000 0.242557 35.141043 32.778244
 302.600000 0.228954 35.480057 32.778244
 302.800000 0.222252 35.380617 32.778244
 303.000000 0.229181 35.480601 32.778244
 303.200000 0.234744 35.761513 32.778244
 303.400000 0.215760 35.488735 32.778244
 303.600000 0.236981 35.678393 32.778244
 303.800000 0.245400 35.193517 32.778244
 304.000000 0.257767 34.425881 32.778244
 304.200000 0.245207 35.472451 32.778244
 304.400000 0.269160 34.429990 32.778244
 304.600000 0.283473 33.817303 32.778244
 304.800000 0.283905 33.780981 32.778244
 305.000000 0.259473 34.729054 33.266780
 305.200000 0.247480 35.618106 33.266780
 305.400000 0.252105 35.419341 33.266780
 305.600000 0.272988 34.588732 33.266780
 305.800000 0.257259 35.195129 33.266780
 306.000000 0.258267 35.152480 33.266780
 306.200000 0.279925 34.342302 33.266780
 306.400000 0.281397 34.211700 33.266780
 306.600000 0.279830 34.350346 33.266780
 306.800000 0.259532 35.463430 33.266780
 307.000000 0.265014 35.211716 33.266780
 307.200000 0.272590 35.157021 33.266780
 307.400000 0.268734 35.387299 33.266780
 307.600000 0.246284 36.099195 33.266780
 307.800000 0.234936 36.127560 33.266780
 308.000000 0.224440 35.862221 33.266780
 308.200000 0.209190 35.604210 33.266780
 308.400000 0.234400 36.406351 33.266780
 308.600000 0.218418 35.930941 33.266780
 308.800000 0.191330 35.544251 33.266780
 309.000000 0.208994 35.601350 33.266780
 309.200000 0.249987 36.136755 33.266780
 309.400000 0.247454 36.205767 33.266780
 309.600000 0.235414 36.477612 33.266780
 309.800000 0.236497 36.459749 33.266780
 310.000000 0.259430 35.831320 33.845622
 310.200000 0.252063 36.391580 33.845622
 310.400000 0.254923 36.328759 33.845622
 310.600000 0.242097 36.526420 33.845622
 310.800000 0.231537 36.574024 33.845622
 311.000000 0.239851 36.546016 33.845622
 311.200000 0.276413 35.083121 33.845622
 311.400000 0.281492 34.528375 33.845622
 311.600000 0.271176 35.547616 33.845622
 311.800000 0.256055 36.490048 33.845622
 312.000000 0.247728 36.759098 33.845622
 312.200000 0.257496 36.702179 33.845622
 312.400000 0.260135 36.536115 33.845622
 312.600000 0.270984 35.664960 33.845622
 312.800000 0.280638 34.660318 33.845622
 313.000000 0.290737 33.220458 33.845622
 313.200000 0.292207 33.376910 33.845622
 313.400000 0.272109 35.745240 33.845622
 313.600000 0.248012 37.098683 33.845622
 313.800000 0.236106 37.156846 33.845622
 314.000000 0.244091 37.167730 33.845622
 314.200000 0.262527 36.588734 33.845622
 314.400000 0.288621 33.954240 33.845622
 314.600000 0.301760 31.711467 33.845622
 314.800000 0.285634 34.385820 33.845622
 315.000000 0.260456 36.749460 34.445581
 315.200000 0.226925 37.080718 34.445581
 315.400000 0.226619 37.060826 34.445581
 315.600000 0.224360 36.907857 34.445581
 315.800000 0.213907 36.221123 34.445581
 316.000000 0.218328 36.482822 34.445581
 316.200000 0.195183 35.977022 34.445581
 316.400000 0.188439 35.578849 34.445581
 316.600000 0.190853 35.761469 34.445581
 316.800000 0.194495 35.951273 34.445581
 317.000000 0.227875 37.422178 34.445581
 317.200000 0.226260 37.665231 34.445581
 317.400000 0.205362 36.313582 34.445581
 317.600000 0.208310 36.433716 34.445581
 317.800000 0.207804 36.410386 34.445581
 318.000000 0.217997 37.071389 34.445581
 318.200000 0.227139 37.992967 34.445581
 318.400000 0.222541 37.739979 34.445581
 318.600000 0.235122 38.155599 34.445581
 318.800000 0.249990 37.804057 34.445581
 319.000000 0.235333 38.155538 34.445581
 319.200000 0.250670 37.961088 34.445581
 319.400000 0.271579 36.127397 34.445581
 319.600000 0.289370 33.891172 34.445581
 319.800000 0.286584 34.328784 34.445581
 320.000000 0.262988 36.973006 35.121140
 320.200000 0.252145 38.125932 35.121140
 320.400000 0.274677 36.057362 35.121140
 320.600000 0.278296 35.612619 35.121140
 320.800000 0.315845 29.229390 35.121140
 321.000000 0.297718 32.459637 35.121140
 321.200000 0.312124 30.189368 35.121140
 321.400000 0.290756 34.091748 35.121140
 321.600000 0.282664 35.268546 35.121140
 321.800000 0.285428 34.903032 35.121140
 322.000000 0.261827 37.442130 35.121140
 322.200000 0.298106 32.817856 35.121140
 322.400000 0.319374 28.626546 35.121140
 322.600000 0.326864 26.577064 35.121140
 322.800000 0.324559 27.261305 35.121140
 323.000000 0.333137 24.513760 35.121140
 323.200000 0.323682 27.990269 35.121140
 323.400000 0.293156 33.739048 35.121140
 323.600000 0.286463 34.845027 35.121140
 323.800000 0.298862 32.719109 35.121140
 324.000000 0.305536 31.541707 35.121140
 324.200000 0.313785 30.481865 35.121140
 324.400000 0.294928 33.760325 35.121140
 324.600000 0.296384 33.521395 35.121140
 324.800000 0.316685 29.892339 35.121140
 325.000000 0.318881 29.406460 35.287246
 325.200000 0.319869 29.646049 35.287246
 325.400000 0.307353 32.006817 35.287246
 325.600000 0.287420 34.954976 35.287246
 325.800000 0.283556 35.446028 35.287246
 326.000000 0.290312 34.559571 35.287246
 326.200000 0.272818 36.861011 35.287246
 326.400000 0.294069 34.382213 35.287246
 326.600000 0.311237 31.519152 35.287246
 326.800000 0.299226 33.560623 35.287246
 327.000000 0.290419 34.919887 35.287246
 327.200000 0.313780 31.147709 35.287246
 327.400000 0.292256 35.021450 35.287246
 327.600000 0.285468 35.914597 35.287246
 327.800000 0.295039 34.584475 35.287246
 328.000000 0.280784 36.383046 35.287246
 328.200000 0.324619 28.431084 35.287246
 328.400000 0.331665 26.040861 35.287246
 328.600000 0.332679 25.663600 35.287246
 328.800000 0.338072 23.569494 35.287246
 329.000000 0.322391 29.083576 35.287246
 329.200000 0.320492 30.076411 35.287246
 329.400000 0.311982 31.928683 35.287246
 329.600000 0.321369 29.844351 35.287246
 329.800000 0.333587 25.682673 35.287246
 330.000000 0.322823 29.440153 35.469801
 330.200000 0.332480 26.503077 35.469801
 330.400000 0.354786 17.489052 35.469801
 330.600000 0.362653 15.196126 35.469801
 330.800000 0.342915 22.032984 35.469801
 331.000000 0.350816 18.874235 35.469801
 331.200000 0.359074 16.814355 35.469801
 331.400000 0.359215 16.770534 35.469801
 331.600000 0.363373 15.546487 35.469801
 331.800000 0.361801 15.993451 35.469801
 332.000000 0.343452 22.474499 35.469801
 332.200000 0.362539 16.066424 35.469801
 332.400000 0.367733 14.581106 35.469801
 332.600000 0.356065 18.236432 35.469801
 332.800000 0.367199 14.723266 35.469801
 333.000000 0.356458 18.095890 35.469801
 333.200000 0.360133 17.593229 35.469801
 333.400000 0.360251 17.552821 35.469801
 333.600000 0.361499 17.131072 35.469801
 333.800000 0.368480 14.952855 35.469801
 334.000000 0.350602 21.006233 35.469801
 334.200000 0.327201 29.407983 35.469801
 334.400000 0.320104 31.047767 35.469801
 334.600000 0.299910 34.215357 35.469801
 334.800000 0.292547 35.358549 35.469801
 335.000000 0.304534 33.506989 35.483998
 335.200000 0.331054 28.408150 35.483998
 335.400000 0.313653 32.492502 35.483998
 335.600000 0.309748 33.114881 35.483998
 335.800000 0.312508 32.681360 35.483998
 336.000000 0.323907 30.399504 35.483998
 336.200000 0.319286 31.879675 35.483998
 336.400000 0.331433 28.690359 35.483998
 336.600000 0.342326 24.886904 35.483998
 336.800000 0.362518 17.309073 35.483998
 337.000000 0.366831 15.826169 35.483998
 337.200000 0.339269 26.158086 35.483998
 337.400000 0.338802 26.316657 35.483998
 337.600000 0.352784 21.512852 35.483998
 337.800000 0.358577 19.499640 35.483998
 338.000000 0.348422 23.021696 35.483998
 338.200000 0.348846 23.502586 35.483998
 338.400000 0.327852 30.059643 35.483998
 338.600000 0.326833 30.322902 35.483998
 338.800000 0.312884 33.001601 35.483998
 339.000000 0.316708 32.424352 35.483998
 339.200000 0.311510 33.579985 35.483998
 339.400000 0.317109 32.771340 35.483998
 339.600000 0.303409 34.529215 35.483998
 339.800000 0.291115 35.966010 35.483998
 340.000000 0.286997 36.386420 35.570446
 340.200000 0.294778 35.851115 35.570446
 340.400000 0.290494 36.370143 35.570446
 340.600000 0.266777 37.903492 35.570446
 340.800000 0.267446 37.870571 35.570446
 341.000000 0.287681 36.666903 35.570446
 341.200000 0.288491 36.926839 35.570446
 341.400000 0.290731 36.677954 35.570446
 341.600000 0.268161 37.981899 35.570446
 341.800000 0.247756 38.602351 35.570446
 342.000000 0.247073 38.611429 35.570446
 342.200000 0.222572 38.065138 35.570446
 342.400000 0.225969 38.352445 35.570446
 342.600000 0.243225 38.950825 35.570446
 342.800000 0.249335 38.888000 35.570446
 343.000000 0.241080 38.942239 35.570446
 343.200000 0.264940 38.342134 35.570446
 343.400000 0.282596 37.434089 35.570446
 343.600000 0.256883 38.826398 35.570446
 343.800000 0.257647 38.784147 35.570446
 344.000000 0.230135 38.862104 35.570446
 344.200000 0.235132 39.411855 35.570446
 344.400000 0.253116 39.108298 35.570446
 344.600000 0.253954 39.062388 35.570446
 344.800000 0.264911 38.364368 35.570446
 345.000000 0.267093 38.231513 36.185339
 345.200000 0.282471 37.630513 36.185339
 345.400000 0.301434 35.222859 36.185339
 345.600000 0.268965 38.442179 36.185339
 345.800000 0.262894 38.799649 36.185339
 346.000000 0.280254 37.793514 36.185339
 346.200000 0.288808 37.288553 36.185339
 346.400000 0.276011 38.368107 36.185339
 346.600000 0.290455 37.067558 36.185339
 346.800000 0.270969 38.598900 36.185339
 347.000000 0.266247 38.810143 36.185339
 347.200000 0.242132 39.658161 36.185339
 347.400000 0.236910 39.545992 36.185339
 347.600000 0.250317 39.637784 36.185339
 347.800000 0.281456 38.216877 36.185339
 348.000000 0.297517 36.011266 36.185339
 348.200000 0.295912 36.630193 36.185339
 348.400000 0.324010 31.482294 36.185339
 348.600000 0.319819 32.472791 36.185339
 348.800000 0.332458 29.041482 36.185339
 349.000000 0.334979 28.235231 36.185339
 349.200000 0.301413 35.745096 36.185339
 349.400000 0.303700 35.377599 36.185339
 349.600000 0.321709 32.381242 36.185339
 349.800000 0.326118 31.341204 36.185339
 350.000000 0.333895 29.081283 36.458548
 350.200000 0.346211 25.180101 36.458548
 350.400000 0.367490 16.839261 36.458548
 350.600000 0.370409 15.806155 36.458548
 350.800000 0.372486 15.101468 36.458548
 351.000000 0.348911 24.133570 36.458548
 351.200000 0.357769 21.098072 36.458548
 351.400000 0.362373 19.168683 36.458548
 351.600000 0.386029 10.777398 36.458548
 351.800000 0.378920 13.109171 36.458548
 352.000000 0.383883 11.487962 36.458548
 352.200000 0.370080 16.826064 36.458548
 352.400000 0.340645 27.780909 36.458548
 352.600000 0.327486 31.631529 36.458548
 352.800000 0.338708 28.425823 36.458548
 353.000000 0.359041 20.827104 36.458548
 353.200000 0.376540 15.172703 36.458548
 353.400000 0.353080 23.819580 36.458548
 353.600000 0.344825 26.757382 36.458548
 353.800000 0.348713 25.419385 36.458548
 354.000000 0.358772 21.624284 36.458548
 354.200000 0.356534 23.157752 36.458548
 354.400000 0.335199 29.922854 36.458548
 354.600000 0.335216 29.918432 36.458548
 354.800000 0.363177 20.546442 36.458548
 355.000000 0.387166 11.650033 36.438596
 355.200000 0.380050 15.188305 36.438596
 355.400000 0.352365 24.765917 36.438596
 355.600000 0.364458 20.367246 36.438596
 355.800000 0.368648 18.885008 36.438596
 356.000000 0.369227 18.687430 36.438596
 356.200000 0.378246 16.405626 36.438596
 356.400000 0.386487 13.339033 36.438596
 356.600000 0.392629 10.743611 36.438596
 356.800000 0.396517 9.058236 36.438596
 357.000000 0.369281 19.430154 36.438596
 357.200000 0.380264 16.261590 36.438596
 357.400000 0.394607 10.057523 36.438596
 357.600000 0.382095 15.546373 36.438596
 357.800000 0.378172 17.048930 36.438596
 358.000000 0.373776 18.621930 36.438596
 358.200000 0.388585 13.266002 36.438596
 358.400000 0.373504 19.479866 36.438596
 358.600000 0.372120 19.954588 36.438596
 358.800000 0.358027 24.309302 36.438596
 359.000000 0.350864 26.219075 36.438596
 359.200000 0.339580 29.408961 36.438596
 359.400000 0.355153 25.621339 36.438596
 359.600000 0.355500 25.524093 36.438596
 359.800000 0.362773 23.327081 36.438596
 360.000000 0.375775 18.810736 36.418571
