#! FIELDS time d metad.bias metad.rct
 0.000000 0.115248 0.000000 0.000000
 0.200000 0.109084 0.000000 0.000000
 0.400000 0.124276 0.000000 0.000000
 0.600000 0.107439 0.000000 0.000000
 0.800000 0.119425 0.000000 0.000000
 1.000000 0.113462 0.000000 0.000000
 1.200000 0.115258 1.737478 0.000000
 1.400000 0.113520 1.749977 0.000000
 1.600000 0.112266 1.744438 0.000000
 1.800000 0.122074 1.483552 0.000000
 2.000000 0.135787 0.575868 0.000000
 2.200000 0.130893 2.506260 0.000000
 2.400000 0.116735 2.468275 0.000000
 2.600000 0.097240 1.033309 0.000000
 2.800000 0.082144 0.194913 0.000000
 3.000000 0.090525 0.555986 0.000000
 3.200000 0.101341 2.696270 0.000000
 3.400000 0.108371 2.809726 0.000000
 3.600000 0.109114 2.816561 0.000000
 3.800000 0.089247 2.184606 0.000000
 4.000000 0.088384 2.128184 0.000000
 4.200000 0.099002 3.872562 0.000000
 4.400000 0.097707 3.904964 0.000000
 4.600000 0.089543 3.790278 0.000000
 4.800000 0.107709 3.495277 0.000000
 5.000000 0.124759 2.822376 1.256266
 5.200000 0.111094 4.352517 1.256266
 5.400000 0.083313 3.284294 1.256266
 5.600000 0.103438 4.261205 1.256266
 5.800000 0.104870 4.272794 1.256266
 6.000000 0.120693 4.448607 1.256266
 6.200000 0.111000 5.515356 1.256266
 6.400000 0.122234 5.858392 1.256266
 6.600000 0.142355 3.099610 1.256266
 6.800000 0.150805 1.636114 1.256266
 7.000000 0.153136 1.313071 1.256266
 7.200000 0.142460 4.360100 1.256266
 7.400000 0.131277 5.647084 1.256266
 7.600000 0.116193 5.880420 1.256266
 7.800000 0.097088 4.609795 1.256266
 8.000000 0.118927 5.997553 1.256266
 8.200000 0.109121 6.487681 1.256266
 8.400000 0.095045 4.854777 1.256266
 8.600000 0.079465 2.847430 1.256266
 8.800000 0.095804 4.935513 1.256266
 9.000000 0.104067 5.865259 1.256266
 9.200000 0.077652 2.850435 1.256266
 9.400000 0.061223 0.577848 1.256266
 9.600000 0.070456 1.612863 1.256266
 9.800000 0.055565 0.257021 1.256266
 10.000000 0.080706 3.436218 3.456367
 10.200000 0.073697 3.480108 3.456367
 10.400000 0.071128 2.938966 3.456367
 10.600000 0.066992 2.130707 3.456367
 10.800000 0.057748 0.821200 3.456367
 11.000000 0.058387 0.886716 3.456367
 11.200000 0.067633 3.639150 3.456367
 11.400000 0.073607 4.465003 3.456367
 11.600000 0.082531 5.737515 3.456367
 11.800000 0.083916 5.915279 3.456367
 12.000000 0.087262 6.306422 3.456367
 12.200000 0.095792 8.191392 3.456367
 12.400000 0.086772 7.573519 3.456367
 12.600000 0.082042 6.916481 3.456367
 12.800000 0.089219 7.818265 3.456367
 13.000000 0.115978 8.466715 3.456367
 13.200000 0.115961 9.667251 3.456367
 13.400000 0.132187 7.383022 3.456367
 13.600000 0.127869 8.310647 3.456367
 13.800000 0.147399 4.082268 3.456367
 14.000000 0.141289 5.297713 3.456367
 14.200000 0.129216 9.035450 3.456367
 14.400000 0.117834 10.004092 3.456367
 14.600000 0.134498 8.095493 3.456367
 14.800000 0.123551 9.733730 3.456367
 15.000000 0.105540 9.422463 5.767640
 15.200000 0.117456 10.844572 5.767640
 15.400000 0.131926 8.822598 5.767640
 15.600000 0.152038 4.366798 5.767640
 15.800000 0.133238 8.544999 5.767640
 16.000000 0.121723 10.511526 5.767640
 16.200000 0.153454 4.182862 5.767640
 16.400000 0.172354 0.978124 5.767640
 16.600000 0.152569 4.384542 5.767640
 16.800000 0.135144 8.863499 5.767640
 17.000000 0.136494 8.503705 5.767640
 17.200000 0.132571 10.687980 5.767640
 17.400000 0.099127 10.392325 5.767640
 17.600000 0.074122 5.592950 5.767640
 17.800000 0.078224 6.521217 5.767640
 18.000000 0.090166 8.973622 5.767640
 18.200000 0.098710 11.327609 5.767640
 18.400000 0.067103 4.508270 5.767640
 18.600000 0.082736 8.561314 5.767640
 18.800000 0.103878 11.860900 5.767640
 19.000000 0.097919 11.238451 5.767640
 19.200000 0.104116 12.857599 5.767640
 19.400000 0.104515 12.884588 5.767640
 19.600000 0.118877 13.022778 5.767640
 19.800000 0.132496 10.797493 5.767640
 20.000000 0.140616 8.564106 8.383117
 20.200000 0.144134 8.682612 8.383117
 20.400000 0.148822 7.158658 8.383117
 20.600000 0.134934 11.282721 8.383117
 20.800000 0.130469 12.227766 8.383117
 21.000000 0.123305 13.191655 8.383117
 21.200000 0.115335 14.313065 8.383117
 21.400000 0.106485 13.608843 8.383117
 21.600000 0.078809 8.014524 8.383117
 21.800000 0.078851 8.027700 8.383117
 22.000000 0.081171 8.747867 8.383117
 22.200000 0.073820 7.516446 8.383117
 22.400000 0.067654 5.556999 8.383117
 22.600000 0.070771 6.513685 8.383117
 22.800000 0.084811 10.968609 8.383117
 23.000000 0.085852 11.231878 8.383117
 23.200000 0.074124 8.399736 8.383117
 23.400000 0.093644 13.621722 8.383117
 23.600000 0.108291 14.368983 8.383117
 23.800000 0.112471 14.503219 8.383117
 24.000000 0.115823 14.553518 8.383117
 24.200000 0.119229 15.390161 8.383117
 24.400000 0.100103 14.585360 8.383117
 24.600000 0.066463 5.677843 8.383117
 24.800000 0.060327 3.949756 8.383117
 25.000000 0.068877 6.485502 10.515296
 25.200000 0.058625 4.592495 10.515296
 25.400000 0.054304 3.510855 10.515296
 25.600000 0.072599 9.110667 10.515296
 25.800000 0.058896 4.665624 10.515296
 26.000000 0.064325 6.272440 10.515296
 26.200000 0.073658 10.575803 10.515296
 26.400000 0.095632 14.580900 10.515296
 26.600000 0.088842 14.002924 10.515296
 26.800000 0.085040 13.438160 10.515296
 27.000000 0.081351 12.686585 10.515296
 27.200000 0.087073 14.690668 10.515296
 27.400000 0.080591 13.501038 10.515296
 27.600000 0.092314 15.114452 10.515296
 27.800000 0.092184 15.108524 10.515296
 28.000000 0.083499 14.132225 10.515296
 28.200000 0.095492 15.886661 10.515296
 28.400000 0.095401 15.888266 10.515296
 28.600000 0.103354 15.693595 10.515296
 28.800000 0.089494 15.798604 10.515296
 29.000000 0.089373 15.791203 10.515296
 29.200000 0.079276 14.751547 10.515296
 29.400000 0.078406 14.470242 10.515296
 29.600000 0.068823 10.658716 10.515296
 29.800000 0.070985 11.584659 10.515296
 30.000000 0.101229 16.370454 12.576343
 30.200000 0.110337 16.696971 12.576343
 30.400000 0.126318 14.848727 12.576343
 30.600000 0.129944 13.970091 12.576343
 30.800000 0.156746 4.714369 12.576343
 31.000000 0.157353 4.523575 12.576343
 31.200000 0.161947 4.573232 12.576343
 31.400000 0.165706 3.542056 12.576343
 31.600000 0.179930 0.910015 12.576343
 31.800000 0.176635 1.325153 12.576343
 32.000000 0.175651 1.471365 12.576343
 32.200000 0.157929 6.589606 12.576343
 32.400000 0.147170 9.486526 12.576343
 32.600000 0.149045 8.951594 12.576343
 32.800000 0.147215 9.473436 12.576343
 33.000000 0.178018 2.755843 12.576343
 33.200000 0.170720 5.293134 12.576343
 33.400000 0.156045 7.587419 12.576343
 33.600000 0.174451 4.802306 12.576343
 33.800000 0.204398 0.595265 12.576343
 34.000000 0.210855 0.239562 12.576343
 34.200000 0.222162 1.330041 12.576343
 34.400000 0.207455 2.083474 12.576343
 34.600000 0.210487 1.984456 12.576343
 34.800000 0.214027 1.836039 12.576343
 35.000000 0.220774 1.429019 12.576928
 35.200000 0.222032 2.975748 12.576928
 35.400000 0.191901 3.106727 12.576928
 35.600000 0.173881 4.967645 12.576928
 35.800000 0.163417 6.302620 12.576928
 36.000000 0.160847 6.705401 12.576928
 36.200000 0.184306 4.142324 12.576928
 36.400000 0.175643 5.558843 12.576928
 36.600000 0.154606 9.077794 12.576928
 36.800000 0.144894 11.012503 12.576928
 37.000000 0.175312 5.614992 12.576928
 37.200000 0.181457 5.838739 12.576928
 37.400000 0.164302 8.477714 12.576928
 37.600000 0.145068 11.150768 12.576928
 37.800000 0.182805 5.573824 12.576928
 38.000000 0.225759 2.621167 12.576928
 38.200000 0.217271 4.607864 12.576928
 38.400000 0.210739 4.313318 12.576928
 38.600000 0.199567 3.695665 12.576928
 38.800000 0.183731 5.420101 12.576928
 39.000000 0.194944 3.836870 12.576928
 39.200000 0.185552 6.293426 12.576928
 39.400000 0.173656 7.786926 12.576928
 39.600000 0.179272 7.125061 12.576928
 39.800000 0.185052 6.359128 12.576928
 40.000000 0.203691 5.066209 12.593050
 40.200000 0.205439 6.468327 12.593050
 40.400000 0.174790 7.879413 12.593050
 40.600000 0.193225 6.535244 12.593050
 40.800000 0.205868 6.468658 12.593050
 41.000000 0.187499 6.823435 12.593050
 41.200000 0.177954 8.663526 12.593050
 41.400000 0.167296 8.988027 12.593050
 41.600000 0.166233 9.020666 12.593050
 41.800000 0.172328 8.853372 12.593050
 42.000000 0.171056 8.887772 12.593050
 42.200000 0.181132 9.450716 12.593050
 42.400000 0.196483 7.821165 12.593050
 42.600000 0.187083 8.807473 12.593050
 42.800000 0.188427 8.653085 12.593050
 43.000000 0.203623 7.295359 12.593050
 43.200000 0.205543 8.429293 12.593050
 43.400000 0.213012 7.685231 12.593050
 43.600000 0.205508 8.431834 12.593050
 43.800000 0.171559 10.178114 12.593050
 44.000000 0.159309 10.228333 12.593050
 44.200000 0.158248 11.359077 12.593050
 44.400000 0.182008 10.162313 12.593050
 44.600000 0.212712 7.724243 12.593050
 44.800000 0.226730 5.071980 12.593050
 45.000000 0.227609 4.865466 12.695855
 45.200000 0.220467 7.703507 12.695855
 45.400000 0.233892 4.684585 12.695855
 45.600000 0.244877 2.051782 12.695855
 45.800000 0.246697 1.713721 12.695855
 46.000000 0.230812 5.485329 12.695855
 46.200000 0.246217 2.607131 12.695855
 46.400000 0.254342 1.092839 12.695855
 46.600000 0.235128 5.674699 12.695855
 46.800000 0.242438 3.574005 12.695855
 47.000000 0.228236 7.475605 12.695855
 47.200000 0.212047 9.954018 12.695855
 47.400000 0.216765 10.029029 12.695855
 47.600000 0.219809 9.923300 12.695855
 47.800000 0.205910 9.658306 12.695855
 48.000000 0.188470 9.674183 12.695855
 48.200000 0.207307 10.246157 12.695855
 48.400000 0.208579 10.258033 12.695855
 48.600000 0.200903 10.255615 12.695855
 48.800000 0.218166 10.157020 12.695855
 49.000000 0.224110 9.556668 12.695855
 49.200000 0.259576 0.746045 12.695855
 49.400000 0.257293 1.030928 12.695855
 49.600000 0.262872 0.446859 12.695855
 49.800000 0.255911 1.240299 12.695855
 50.000000 0.233814 8.155520 12.785050
 50.200000 0.234930 8.968445 12.785050
 50.400000 0.270342 0.171506 12.785050
 50.600000 0.252098 2.556523 12.785050
 50.800000 0.270978 0.150800 12.785050
 51.000000 0.259466 1.038271 12.785050
 51.200000 0.250319 4.458296 12.785050
 51.400000 0.255670 3.317446 12.785050
 51.600000 0.242352 6.851163 12.785050
 51.800000 0.258829 2.802160 12.785050
 52.000000 0.279004 0.732541 12.785050
 52.200000 0.285369 1.922323 12.785050
 52.400000 0.284820 1.970356 12.785050
 52.600000 0.294223 1.122067 12.785050
 52.800000 0.275934 2.619517 12.785050
 53.000000 0.273282 2.758409 12.785050
 53.200000 0.260791 4.427671 12.785050
 53.400000 0.250404 5.191004 12.785050
 53.600000 0.247107 5.838770 12.785050
 53.800000 0.255358 4.617105 12.785050
 54.000000 0.259396 4.445454 12.785050
 54.200000 0.271529 5.409926 12.785050
 54.400000 0.277170 4.752352 12.785050
 54.600000 0.272206 5.348307 12.785050
 54.800000 0.287813 2.905731 12.785050
 55.000000 0.264140 5.794356 12.760480
 55.200000 0.258054 7.154243 12.760480
 55.400000 0.232539 10.614721 12.760480
 55.600000 0.245292 7.818260 12.760480
 55.800000 0.262463 7.172407 12.760480
 56.000000 0.264278 7.142845 12.760480
 56.200000 0.252366 8.115325 12.760480
 56.400000 0.235861 10.041964 12.760480
 56.600000 0.221940 12.043526 12.760480
 56.800000 0.187735 10.926735 12.760480
 57.000000 0.190508 10.789572 12.760480
 57.200000 0.201601 11.557377 12.760480
 57.400000 0.191357 11.834424 12.760480
 57.600000 0.171991 12.073965 12.760480
 57.800000 0.187179 12.012879 12.760480
 58.000000 0.204831 11.602285 12.760480
 58.200000 0.215645 12.925187 12.760480
 58.400000 0.218533 12.890820 12.760480
 58.600000 0.214277 12.911985 12.760480
 58.800000 0.196078 12.527754 12.760480
 59.000000 0.184711 12.523176 12.760480
 59.200000 0.192382 13.407452 12.760480
 59.400000 0.193749 13.361427 12.760480
 59.600000 0.213783 13.055216 12.760480
 59.800000 0.229265 11.673765 12.760480
 60.000000 0.240125 9.224248 13.026135
 60.200000 0.234505 11.577564 13.026135
 60.400000 0.226320 12.965904 13.026135
 60.600000 0.197978 13.232998 13.026135
 60.800000 0.174732 13.085982 13.026135
 61.000000 0.158837 11.853610 13.026135
 61.200000 0.170088 13.479601 13.026135
 61.400000 0.157119 12.813151 13.026135
 61.600000 0.165214 13.220623 13.026135
 61.800000 0.165414 13.231616 13.026135
 62.000000 0.167881 13.365592 13.026135
 62.200000 0.147087 13.139762 13.026135
 62.400000 0.143978 13.212013 13.026135
 62.600000 0.152108 13.247535 13.026135
 62.800000 0.190351 13.893315 13.026135
 63.000000 0.201853 13.231970 13.026135
 63.200000 0.200427 14.246599 13.026135
 63.400000 0.190651 14.605909 13.026135
 63.600000 0.206612 14.093071 13.026135
 63.800000 0.220255 13.815597 13.026135
 64.000000 0.203248 14.164258 13.026135
 64.200000 0.179062 15.063963 13.026135
 64.400000 0.161920 13.977278 13.026135
 64.600000 0.159364 13.758231 13.026135
 64.800000 0.153075 13.300412 13.026135
 65.000000 0.160272 13.835669 13.673908
 65.200000 0.168860 15.332087 13.673908
 65.400000 0.168362 15.311403 13.673908
 65.600000 0.181797 15.482177 13.673908
 65.800000 0.175656 15.484095 13.673908
 66.000000 0.166732 15.234128 13.673908
 66.200000 0.156451 15.139762 13.673908
 66.400000 0.149502 14.347764 13.673908
 66.600000 0.149848 14.379955 13.673908
 66.800000 0.142908 13.996924 13.673908
 67.000000 0.139274 14.066652 13.673908
 67.200000 0.134629 15.307668 13.673908
 67.400000 0.139660 14.984855 13.673908
 67.600000 0.136026 15.198220 13.673908
 67.800000 0.153947 15.411503 13.673908
 68.000000 0.156226 15.605172 13.673908
 68.200000 0.141738 15.467114 13.673908
 68.400000 0.143149 15.500560 13.673908
 68.600000 0.149356 15.866369 13.673908
 68.800000 0.160839 16.814752 13.673908
 69.000000 0.165695 16.974648 13.673908
 69.200000 0.142974 15.754971 13.673908
 69.400000 0.133874 15.743618 13.673908
 69.600000 0.145138 15.903371 13.673908
 69.800000 0.145940 15.971019 13.673908
 70.000000 0.143052 15.759375 14.760906
 70.200000 0.142995 16.623439 14.760906
 70.400000 0.136977 16.442780 14.760906
 70.600000 0.136387 16.441281 14.760906
 70.800000 0.138470 16.458992 14.760906
 71.000000 0.154423 17.587637 14.760906
 71.200000 0.158598 18.677893 14.760906
 71.400000 0.139210 16.951089 14.760906
 71.600000 0.145649 17.473636 14.760906
 71.800000 0.146381 17.549077 14.760906
 72.000000 0.153225 18.274950 14.760906
 72.200000 0.142745 17.806744 14.760906
 72.400000 0.153235 19.051225 14.760906
 72.600000 0.151350 18.852206 14.760906
 72.800000 0.149281 18.609276 14.760906
 73.000000 0.158531 19.402936 14.760906
 73.200000 0.166285 19.818832 14.760906
 73.400000 0.164682 19.974815 14.760906
 73.600000 0.161067 20.158975 14.760906
 73.800000 0.161523 20.149281 14.760906
 74.000000 0.151930 19.585534 14.760906
 74.200000 0.154791 20.623473 14.760906
 74.400000 0.133188 17.595019 14.760906
 74.600000 0.138789 18.223131 14.760906
 74.800000 0.138096 18.128424 14.760906
 75.000000 0.140080 18.410279 16.479876
 75.200000 0.143830 19.767550 16.479876
 75.400000 0.146168 20.134419 16.479876
 75.600000 0.126365 17.721870 16.479876
 75.800000 0.135116 18.504406 16.479876
 76.000000 0.157061 21.170838 16.479876
 76.200000 0.163733 21.421179 16.479876
 76.400000 0.165626 21.127977 16.479876
 76.600000 0.189224 16.295711 16.479876
 76.800000 0.196343 15.612206 16.479876
 77.000000 0.189431 16.269926 16.479876
 77.200000 0.191210 16.906807 16.479876
 77.400000 0.180236 18.536495 16.479876
 77.600000 0.191920 16.826760 16.479876
 77.800000 0.190883 16.944404 16.479876
 78.000000 0.198891 16.138681 16.479876
 78.200000 0.190996 17.673591 16.479876
 78.400000 0.182988 18.535625 16.479876
 78.600000 0.186095 18.157279 16.479876
 78.800000 0.180543 18.882402 16.479876
 79.000000 0.195027 17.326935 16.479876
 79.200000 0.187883 18.689205 16.479876
 79.400000 0.176122 19.980167 16.479876
 79.600000 0.169828 20.967005 16.479876
 79.800000 0.184947 18.934507 16.479876
 80.000000 0.189710 18.549793 17.542957
 80.200000 0.184643 19.685371 17.542957
 80.400000 0.195582 18.797450 17.542957
 80.600000 0.176144 20.485280 17.542957
 80.800000 0.152539 21.681695 17.542957
 81.000000 0.136609 18.959581 17.542957
 81.200000 0.124039 18.168030 17.542957
 81.400000 0.098484 17.436296 17.542957
 81.600000 0.084430 16.502511 17.542957
 81.800000 0.094897 17.511542 17.542957
 82.000000 0.086485 16.901257 17.542957
 82.200000 0.085169 17.479784 17.542957
 82.400000 0.060765 7.504984 17.542957
 82.600000 0.063236 8.569301 17.542957
 82.800000 0.060758 7.502041 17.542957
 83.000000 0.071238 12.295985 17.542957
 83.200000 0.067910 11.705506 17.542957
 83.400000 0.059865 7.891737 17.542957
 83.600000 0.054136 5.512697 17.542957
 83.800000 0.068488 11.986413 17.542957
 84.000000 0.078029 16.213543 17.542957
 84.200000 0.072755 14.813495 17.542957
 84.400000 0.076112 16.315605 17.542957
 84.600000 0.080649 17.922161 17.542957
 84.800000 0.074151 15.463788 17.542957
 85.000000 0.073512 15.169978 18.019802
 85.200000 0.096920 19.006650 18.019802
 85.400000 0.116890 17.729394 18.019802
 85.600000 0.108374 17.713660 18.019802
 85.800000 0.105239 17.937123 18.019802
 86.000000 0.116194 17.700316 18.019802
 86.200000 0.124586 18.938240 18.019802
 86.400000 0.123018 18.841191 18.019802
 86.600000 0.124226 18.915344 18.019802
 86.800000 0.131906 19.507938 18.019802
 87.000000 0.144889 21.215012 18.019802
 87.200000 0.162281 22.544766 18.019802
 87.400000 0.152264 22.729049 18.019802
 87.600000 0.125532 19.295600 18.019802
 87.800000 0.126210 19.359320 18.019802
 88.000000 0.103246 18.706221 18.019802
 88.200000 0.104403 19.377235 18.019802
 88.400000 0.106670 19.234566 18.019802
 88.600000 0.123681 19.430671 18.019802
 88.800000 0.138917 21.005581 18.019802
 89.000000 0.116617 19.137428 18.019802
 89.200000 0.112816 19.807134 18.019802
 89.400000 0.143966 21.913749 18.019802
 89.600000 0.117938 19.918371 18.019802
 89.800000 0.108037 19.805046 18.019802
 90.000000 0.080672 19.054828 18.872060
 90.200000 0.053106 5.830983 18.872060
 90.400000 0.070103 15.032958 18.872060
 90.600000 0.082950 20.399829 18.872060
 90.800000 0.084235 20.657699 18.872060
 91.000000 0.082133 20.206727 18.872060
 91.200000 0.077906 19.527172 18.872060
 91.400000 0.060150 9.580479 18.872060
 91.600000 0.057262 7.988137 18.872060
 91.800000 0.047265 3.637751 18.872060
 92.000000 0.057162 7.935229 18.872060
 92.200000 0.054895 7.997296 18.872060
 92.400000 0.053939 7.525132 18.872060
 92.600000 0.053445 7.285846 18.872060
 92.800000 0.059810 10.596602 18.872060
 93.000000 0.039333 2.198921 18.872060
 93.200000 0.060146 11.386999 18.872060
 93.400000 0.055212 9.061370 18.872060
 93.600000 0.071905 17.488304 18.872060
 93.800000 0.048381 6.380481 18.872060
 94.000000 0.059760 11.195055 18.872060
 94.200000 0.069018 16.903457 18.872060
 94.400000 0.060987 12.869397 18.872060
 94.600000 0.057591 11.198241 18.872060
 94.800000 0.064106 14.446410 18.872060
 95.000000 0.081071 21.390083 19.257534
 95.200000 0.079085 21.576421 19.257534
 95.400000 0.074215 19.846773 19.257534
 95.600000 0.063734 14.602592 19.257534
 95.800000 0.052732 9.075437 19.257534
 96.000000 0.052063 8.776971 19.257534
 96.200000 0.057771 12.586654 19.257534
 96.400000 0.050854 9.432172 19.257534
 96.600000 0.050243 9.169362 19.257534
 96.800000 0.059189 13.265200 19.257534
 97.000000 0.060087 13.698373 19.257534
 97.200000 0.058640 13.947817 19.257534
 97.400000 0.057694 13.488847 19.257534
 97.600000 0.050731 10.161552 19.257534
 97.800000 0.054211 11.805972 19.257534
 98.000000 0.045977 8.030963 19.257534
 98.200000 0.061392 16.000351 19.257534
 98.400000 0.072275 20.406330 19.257534
 98.600000 0.062272 16.379794 19.257534
 98.800000 0.078294 22.171455 19.257534
 99.000000 0.077297 21.936816 19.257534
 99.200000 0.095226 22.359807 19.257534
 99.400000 0.085489 23.578314 19.257534
 99.600000 0.089851 23.263628 19.257534
 99.800000 0.107234 20.396569 19.257534
 100.000000 0.081734 23.396519 19.845495
 100.200000 0.065140 18.409524 19.845495
 100.400000 0.058104 15.037244 19.845495
 100.600000 0.059230 15.579245 19.845495
 100.800000 0.051029 11.671899 19.845495
 101.000000 0.049192 10.820695 19.845495
 101.200000 0.064088 18.570396 19.845495
 101.400000 0.063842 18.463978 19.845495
 101.600000 0.070464 21.196644 19.845495
 101.800000 0.097766 22.207622 19.845495
 102.000000 0.106608 20.612471 19.845495
 102.200000 0.119015 20.571078 19.845495
 102.400000 0.115056 20.686983 19.845495
 102.600000 0.109394 21.026985 19.845495
 102.800000 0.116224 20.645145 19.845495
 103.000000 0.123603 20.514406 19.845495
 103.200000 0.117288 21.254930 19.845495
 103.400000 0.110461 21.418523 19.845495
 103.600000 0.104569 21.892726 19.845495
 103.800000 0.118755 21.242551 19.845495
 104.000000 0.108981 21.499290 19.845495
 104.200000 0.113229 21.965383 19.845495
 104.400000 0.118745 21.785764 19.845495
 104.600000 0.105999 22.396029 19.845495
 104.800000 0.109591 22.134376 19.845495
 105.000000 0.105262 22.465280 20.736969
 105.200000 0.111335 22.636908 20.736969
 105.400000 0.108249 22.849245 20.736969
 105.600000 0.104866 23.148153 20.736969
 105.800000 0.115958 22.371462 20.736969
 106.000000 0.105815 23.055709 20.736969
 106.200000 0.099813 24.326544 20.736969
 106.400000 0.085110 25.205169 20.736969
 106.600000 0.099147 24.405798 20.736969
 106.800000 0.121163 22.446288 20.736969
 107.000000 0.107751 23.509653 20.736969
 107.200000 0.107093 24.180027 20.736969
 107.400000 0.101321 24.711286 20.736969
 107.600000 0.113074 23.666575 20.736969
 107.800000 0.117765 23.217345 20.736969
 108.000000 0.110649 23.877951 20.736969
 108.200000 0.112381 24.328192 20.736969
 108.400000 0.110658 24.481286 20.736969
 108.600000 0.099312 25.363791 20.736969
 108.800000 0.114122 24.159905 20.736969
 109.000000 0.099590 25.342522 20.736969
 109.200000 0.084597 25.824163 20.736969
 109.400000 0.089189 26.247724 20.736969
 109.600000 0.090206 26.279361 20.736969
 109.800000 0.080897 25.103379 20.736969
 110.000000 0.099643 25.904315 22.238040
 110.200000 0.120371 23.860362 22.238040
 110.400000 0.116845 24.442037 22.238040
 110.600000 0.117527 24.332180 22.238040
 110.800000 0.140976 22.218013 22.238040
 111.000000 0.146392 22.583407 22.238040
 111.200000 0.127365 23.050882 22.238040
 111.400000 0.134371 22.611322 22.238040
 111.600000 0.135015 22.606819 22.238040
 111.800000 0.110236 25.420487 22.238040
 112.000000 0.127648 23.020695 22.238040
 112.200000 0.135808 23.150861 22.238040
 112.400000 0.129779 23.444971 22.238040
 112.600000 0.127784 23.634070 22.238040
 112.800000 0.138947 23.174553 22.238040
 113.000000 0.133582 23.205941 22.238040
 113.200000 0.126446 24.336060 22.238040
 113.400000 0.137671 23.751715 22.238040
 113.600000 0.128212 24.174120 22.238040
 113.800000 0.117719 25.262178 22.238040
 114.000000 0.109677 25.966131 22.238040
 114.200000 0.093252 27.133068 22.238040
 114.400000 0.097496 27.119013 22.238040
 114.600000 0.097035 27.128675 22.238040
 114.800000 0.083737 26.132985 22.238040
 115.000000 0.098928 27.079822 23.327880
 115.200000 0.112034 26.684838 23.327880
 115.400000 0.117232 26.044567 23.327880
 115.600000 0.133702 24.010286 23.327880
 115.800000 0.108797 27.001052 23.327880
 116.000000 0.100937 27.525566 23.327880
 116.200000 0.109157 27.410813 23.327880
 116.400000 0.105965 27.712594 23.327880
 116.600000 0.109009 27.426482 23.327880
 116.800000 0.101973 27.987989 23.327880
 117.000000 0.104564 27.822578 23.327880
 117.200000 0.112262 27.490138 23.327880
 117.400000 0.119512 26.267668 23.327880
 117.600000 0.149056 24.012987 23.327880
 117.800000 0.122718 25.670027 23.327880
 118.000000 0.102353 28.468304 23.327880
 118.200000 0.099802 29.052073 23.327880
 118.400000 0.137474 23.969191 23.327880
 118.600000 0.171454 21.457623 23.327880
 118.800000 0.168131 22.067498 23.327880
 119.000000 0.154836 23.873674 23.327880
 119.200000 0.139255 24.280176 23.327880
 119.400000 0.124224 25.641747 23.327880
 119.600000 0.131579 24.580130 23.327880
 119.800000 0.151589 24.585311 23.327880
 120.000000 0.132462 24.501281 24.586727
 120.200000 0.125105 26.004341 24.586727
 120.400000 0.139605 24.808957 24.586727
 120.600000 0.132776 25.063424 24.586727
 120.800000 0.132004 25.127953 24.586727
 121.000000 0.124757 26.059926 24.586727
 121.200000 0.131235 25.698852 24.586727
 121.400000 0.150961 24.981964 24.586727
 121.600000 0.131133 25.710362 24.586727
 121.800000 0.122519 26.977360 24.586727
 122.000000 0.127713 26.154204 24.586727
 122.200000 0.135324 25.812082 24.586727
 122.400000 0.126944 26.812310 24.586727
 122.600000 0.118207 28.136650 24.586727
 122.800000 0.109675 29.054422 24.586727
 123.000000 0.108873 29.108894 24.586727
 123.200000 0.118884 28.423601 24.586727
 123.400000 0.124906 27.390359 24.586727
 123.600000 0.121742 27.943056 24.586727
 123.800000 0.122599 27.793561 24.586727
 124.000000 0.145848 25.368182 24.586727
 124.200000 0.136490 26.275054 24.586727
 124.400000 0.129386 26.962713 24.586727
 124.600000 0.113840 29.190451 24.586727
 124.800000 0.114916 29.067969 24.586727
 125.000000 0.118764 28.552679 25.737163
 125.200000 0.136529 26.515373 25.737163
 125.400000 0.121185 28.669025 25.737163
 125.600000 0.135635 26.592039 25.737163
 125.800000 0.153079 25.547299 25.737163
 126.000000 0.143474 26.124438 25.737163
 126.200000 0.145942 26.563995 25.737163
 126.400000 0.117375 29.358385 25.737163
 126.600000 0.134589 27.149858 25.737163
 126.800000 0.118845 29.172570 25.737163
 127.000000 0.102102 30.063342 25.737163
 127.200000 0.104828 30.560906 25.737163
 127.400000 0.107199 30.524640 25.737163
 127.600000 0.127549 28.043437 25.737163
 127.800000 0.141676 26.755865 25.737163
 128.000000 0.159018 25.034744 25.737163
 128.200000 0.166707 23.724625 25.737163
 128.400000 0.167551 23.493950 25.737163
 128.600000 0.175939 21.378021 25.737163
 128.800000 0.176012 21.362669 25.737163
 129.000000 0.162133 24.916808 25.737163
 129.200000 0.174371 22.139972 25.737163
 129.400000 0.164170 24.975548 25.737163
 129.600000 0.159365 26.105118 25.737163
 129.800000 0.167587 24.023771 25.737163
 130.000000 0.163314 25.199201 26.352914
 130.200000 0.162419 25.992310 26.352914
 130.400000 0.180403 21.123441 26.352914
 130.600000 0.162566 25.956524 26.352914
 130.800000 0.165326 25.226654 26.352914
 131.000000 0.142165 27.486822 26.352914
 131.200000 0.116072 29.934400 26.352914
 131.400000 0.117344 29.786290 26.352914
 131.600000 0.139264 27.952437 26.352914
 131.800000 0.149760 28.039636 26.352914
 132.000000 0.141517 27.987736 26.352914
 132.200000 0.135026 28.438338 26.352914
 132.400000 0.123553 29.221818 26.352914
 132.600000 0.115431 30.114715 26.352914
 132.800000 0.128583 28.738023 26.352914
 133.000000 0.139065 28.446878 26.352914
 133.200000 0.116216 30.192494 26.352914
 133.400000 0.122635 29.594873 26.352914
 133.600000 0.109911 30.581143 26.352914
 133.800000 0.111832 30.495704 26.352914
 134.000000 0.105756 30.649922 26.352914
 134.200000 0.103562 31.062209 26.352914
 134.400000 0.107284 31.088171 26.352914
 134.600000 0.107544 31.084045 26.352914
 134.800000 0.122283 29.871171 26.352914
 135.000000 0.123693 29.715567 27.366849
 135.200000 0.118796 30.709670 27.366849
 135.400000 0.122620 30.297939 27.366849
 135.600000 0.119892 30.595531 27.366849
 135.800000 0.122436 30.318083 27.366849
 136.000000 0.118061 30.783171 27.366849
 136.200000 0.115726 31.434105 27.366849
 136.400000 0.093868 30.363818 27.366849
 136.600000 0.096589 30.806864 27.366849
 136.800000 0.112403 31.633337 27.366849
 137.000000 0.119346 31.095589 27.366849
 137.200000 0.103206 31.750676 27.366849
 137.400000 0.087711 29.006013 27.366849
 137.600000 0.090601 29.762409 27.366849
 137.800000 0.081277 26.817820 27.366849
 138.000000 0.072061 22.677059 27.366849
 138.200000 0.085780 28.843084 27.366849
 138.400000 0.094277 30.756688 27.366849
 138.600000 0.103081 31.813973 27.366849
 138.800000 0.114449 31.950650 27.366849
 139.000000 0.134310 29.866619 27.366849
 139.200000 0.170026 24.099946 27.366849
 139.400000 0.170060 24.088397 27.366849
 139.600000 0.172759 23.206050 27.366849
 139.800000 0.189115 19.756885 27.366849
 140.000000 0.165460 25.653187 28.250173
 140.200000 0.131287 30.619831 28.250173
 140.400000 0.125193 31.224557 28.250173
 140.600000 0.119458 31.811690 28.250173
 140.800000 0.116262 32.052149 28.250173
 141.000000 0.125840 31.155236 28.250173
 141.200000 0.133558 30.826028 28.250173
 141.400000 0.145517 30.116813 28.250173
 141.600000 0.175045 22.970542 28.250173
 141.800000 0.158424 28.312460 28.250173
 142.000000 0.164721 26.471915 28.250173
 142.200000 0.146470 30.311791 28.250173
 142.400000 0.117632 32.339055 28.250173
 142.600000 0.114125 32.478238 28.250173
 142.800000 0.144405 30.395417 28.250173
 143.000000 0.152531 29.830797 28.250173
 143.200000 0.150774 30.478109 28.250173
 143.400000 0.154921 29.951363 28.250173
 143.600000 0.176399 23.091796 28.250173
 143.800000 0.171496 24.824016 28.250173
 144.000000 0.185496 20.732249 28.250173
 144.200000 0.175071 24.081135 28.250173
 144.400000 0.170931 25.469195 28.250173
 144.600000 0.184481 21.631962 28.250173
 144.800000 0.201979 18.456765 28.250173
 145.000000 0.213523 16.243955 28.693411
 145.200000 0.202455 19.009812 28.693411
 145.400000 0.171099 25.424656 28.693411
 145.600000 0.187400 21.249825 28.693411
 145.800000 0.172109 25.078929 28.693411
 146.000000 0.182119 22.240388 28.693411
 146.200000 0.184092 22.479514 28.693411
 146.400000 0.189297 21.534118 28.693411
 146.600000 0.182104 22.893496 28.693411
 146.800000 0.181467 23.034016 28.693411
 147.000000 0.191180 21.221241 28.693411
 147.200000 0.201098 20.066706 28.693411
 147.400000 0.195782 21.107330 28.693411
 147.600000 0.190592 21.997763 28.693411
 147.800000 0.180313 23.822752 28.693411
 148.000000 0.176626 24.672868 28.693411
 148.200000 0.178687 24.757255 28.693411
 148.400000 0.194739 21.575243 28.693411
 148.600000 0.198227 20.852070 28.693411
 148.800000 0.189520 22.575148 28.693411
 149.000000 0.195553 21.411167 28.693411
 149.200000 0.176669 25.549756 28.693411
 149.400000 0.167228 27.945345 28.693411
 149.600000 0.151820 30.689531 28.693411
 149.800000 0.160560 29.531967 28.693411
 150.000000 0.166665 28.093244 28.845824
 150.200000 0.178892 25.431913 28.845824
 150.400000 0.193394 22.609697 28.845824
 150.600000 0.208717 18.942508 28.845824
 150.800000 0.203491 20.283949 28.845824
 151.000000 0.190377 23.193699 28.845824
 151.200000 0.172449 27.337773 28.845824
 151.400000 0.159205 30.302819 28.845824
 151.600000 0.184931 24.784011 28.845824
 151.800000 0.222584 15.609726 28.845824
 152.000000 0.230781 13.320756 28.845824
 152.200000 0.239058 11.774773 28.845824
 152.400000 0.244990 10.297853 28.845824
 152.600000 0.250241 9.507504 28.845824
 152.800000 0.236866 12.427793 28.845824
 153.000000 0.222907 16.367156 28.845824
 153.200000 0.223555 17.058022 28.845824
 153.400000 0.212658 19.295531 28.845824
 153.600000 0.225527 16.562584 28.845824
 153.800000 0.253039 9.392232 28.845824
 154.000000 0.246428 10.275307 28.845824
 154.200000 0.231665 15.417441 28.845824
 154.400000 0.228139 16.360890 28.845824
 154.600000 0.201746 21.660138 28.845824
 154.800000 0.184512 24.893913 28.845824
 155.000000 0.191256 23.767086 28.854657
 155.200000 0.177625 26.564355 28.854657
 155.400000 0.167716 28.690347 28.854657
 155.600000 0.185251 25.330906 28.854657
 155.800000 0.198534 22.898264 28.854657
 156.000000 0.209827 20.204653 28.854657
 156.200000 0.215193 19.763836 28.854657
 156.400000 0.205943 21.795516 28.854657
 156.600000 0.188949 25.029099 28.854657
 156.800000 0.182724 25.852551 28.854657
 157.000000 0.189693 24.927256 28.854657
 157.200000 0.201686 23.182282 28.854657
 157.400000 0.204174 22.563346 28.854657
 157.600000 0.204170 22.564361 28.854657
 157.800000 0.177926 27.005816 28.854657
 158.000000 0.163034 29.823753 28.854657
 158.200000 0.167950 29.289938 28.854657
 158.400000 0.174857 27.840583 28.854657
 158.600000 0.151471 31.413704 28.854657
 158.800000 0.143098 31.246431 28.854657
 159.000000 0.142076 31.214138 28.854657
 159.200000 0.137798 31.558189 28.854657
 159.400000 0.153876 31.666445 28.854657
 159.600000 0.135713 31.553561 28.854657
 159.800000 0.149757 31.801255 28.854657
 160.000000 0.135808 31.553029 29.388892
 160.200000 0.123795 32.433038 29.388892
 160.400000 0.132680 32.030709 29.388892
 160.600000 0.137920 31.984396 29.388892
 160.800000 0.143131 32.062975 29.388892
 161.000000 0.143334 32.066786 29.388892
 161.200000 0.135106 32.348073 29.388892
 161.400000 0.140847 32.434910 29.388892
 161.600000 0.147665 32.511412 29.388892
 161.800000 0.163865 30.521709 29.388892
 162.000000 0.166518 29.890397 29.388892
 162.200000 0.131834 32.398306 29.388892
 162.400000 0.103048 32.064878 29.388892
 162.600000 0.084703 28.528618 29.388892
 162.800000 0.074519 24.484046 29.388892
 163.000000 0.062251 18.459171 29.388892
 163.200000 0.072062 23.935104 29.388892
 163.400000 0.078841 26.808422 29.388892
 163.600000 0.076851 26.020851 29.388892
 163.800000 0.074626 25.080881 29.388892
 164.000000 0.073507 24.588203 29.388892
 164.200000 0.070125 23.607635 29.388892
 164.400000 0.078092 27.077159 29.388892
 164.600000 0.077564 26.873456 29.388892
 164.800000 0.081148 28.162464 29.388892
 165.000000 0.102914 32.152975 29.918274
 165.200000 0.106681 32.875622 29.918274
 165.400000 0.123622 32.787268 29.918274
 165.600000 0.124853 32.724164 29.918274
 165.800000 0.106742 32.879644 29.918274
 166.000000 0.135935 32.446230 29.918274
 166.200000 0.150565 32.948904 29.918274
 166.400000 0.139089 32.910023 29.918274
 166.600000 0.131949 32.858769 29.918274
 166.800000 0.145179 33.028405 29.918274
 167.000000 0.153109 32.792509 29.918274
 167.200000 0.150583 33.348501 29.918274
 167.400000 0.147536 33.408668 29.918274
 167.600000 0.154820 33.036642 29.918274
 167.800000 0.182378 26.966756 29.918274
 168.000000 0.206499 21.993816 29.918274
 168.200000 0.241343 12.706303 29.918274
 168.400000 0.263680 9.441601 29.918274
 168.600000 0.265390 9.233247 29.918274
 168.800000 0.239193 13.356272 29.918274
 169.000000 0.249485 10.878445 29.918274
 169.200000 0.253622 11.386420 29.918274
 169.400000 0.246576 12.462438 29.918274
 169.600000 0.230748 16.641987 29.918274
 169.800000 0.231905 16.310228 29.918274
 170.000000 0.252373 11.544014 30.282220
 170.200000 0.257663 11.900065 30.282220
 170.400000 0.261996 11.229552 30.282220
 170.600000 0.245167 13.677508 30.282220
 170.800000 0.251550 12.698824 30.282220
 171.000000 0.258313 11.809317 30.282220
 171.200000 0.265205 11.534485 30.282220
 171.400000 0.264044 11.805928 30.282220
 171.600000 0.268665 10.597443 30.282220
 171.800000 0.272993 9.190851 30.282220
 172.000000 0.279748 6.721717 30.282220
 172.200000 0.286859 5.397190 30.282220
 172.400000 0.307502 0.670859 30.282220
 172.600000 0.306072 0.816828 30.282220
 172.800000 0.297035 2.342057 30.282220
 173.000000 0.266356 12.113562 30.282220
 173.200000 0.244530 14.903767 30.282220
 173.400000 0.229268 17.581242 30.282220
 173.600000 0.221364 19.266238 30.282220
 173.800000 0.241912 15.201134 30.282220
 174.000000 0.247329 14.679039 30.282220
 174.200000 0.264675 13.922299 30.282220
 174.400000 0.256760 15.027536 30.282220
 174.600000 0.256401 15.056084 30.282220
 174.800000 0.246044 15.677999 30.282220
 175.000000 0.228554 18.149874 30.247578
 175.200000 0.227209 19.170348 30.247578
 175.400000 0.232320 18.234672 30.247578
 175.600000 0.238638 17.086940 30.247578
 175.800000 0.252088 15.551489 30.247578
 176.000000 0.221580 20.127706 30.247578
 176.200000 0.233393 18.556819 30.247578
 176.400000 0.262666 14.378883 30.247578
 176.600000 0.271115 12.168899 30.247578
 176.800000 0.278094 9.486788 30.247578
 177.000000 0.260930 14.672882 30.247578
 177.200000 0.255976 16.145622 30.247578
 177.400000 0.254748 16.237596 30.247578
 177.600000 0.261178 15.544092 30.247578
 177.800000 0.278877 9.602544 30.247578
 178.000000 0.298328 2.196897 30.247578
 178.200000 0.294543 4.754048 30.247578
 178.400000 0.284134 8.221111 30.247578
 178.600000 0.286267 7.424808 30.247578
 178.800000 0.294932 4.647063 30.247578
 179.000000 0.270818 13.293788 30.247578
 179.200000 0.276950 11.937304 30.247578
 179.400000 0.270283 14.435020 30.247578
 179.600000 0.266640 15.451050 30.247578
 179.800000 0.283086 9.316517 30.247578
 180.000000 0.273521 13.303914 30.215016
 180.200000 0.269057 15.735432 30.215016
 180.400000 0.277194 12.774361 30.215016
 180.600000 0.287720 8.034037 30.215016
 180.800000 0.290534 6.870354 30.215016
 181.000000 0.285427 9.041675 30.215016
 181.200000 0.276411 14.085938 30.215016
 181.400000 0.269662 16.237310 30.215016
 181.600000 0.261828 17.374830 30.215016
 181.800000 0.279629 12.776382 30.215016
 182.000000 0.293745 6.669738 30.215016
 182.200000 0.308622 3.091614 30.215016
 182.400000 0.289212 9.780704 30.215016
 182.600000 0.275065 15.186220 30.215016
 182.800000 0.291322 8.927624 30.215016
 183.000000 0.307882 3.281152 30.215016
 183.200000 0.301959 6.415196 30.215016
 183.400000 0.302624 6.225070 30.215016
 183.600000 0.289376 10.418807 30.215016
 183.800000 0.291863 9.565287 30.215016
 184.000000 0.271317 16.300852 30.215016
 184.200000 0.257018 18.043770 30.215016
 184.400000 0.253014 17.762793 30.215016
 184.600000 0.270955 17.228213 30.215016
 184.800000 0.294817 8.837232 30.215016
 185.000000 0.277062 15.498837 30.179786
 185.200000 0.263435 18.759736 30.179786
 185.400000 0.253140 18.016454 30.179786
 185.600000 0.259715 18.627045 30.179786
 185.800000 0.281690 14.651699 30.179786
 186.000000 0.297327 8.335344 30.179786
 186.200000 0.305363 6.718604 30.179786
 186.400000 0.295332 10.272227 30.179786
 186.600000 0.300744 8.317044 30.179786
 186.800000 0.299595 8.725145 30.179786
 187.000000 0.278222 16.508277 30.179786
 187.200000 0.259751 19.071800 30.179786
 187.400000 0.244916 17.660909 30.179786
 187.600000 0.253362 18.263300 30.179786
 187.800000 0.249483 17.852056 30.179786
 188.000000 0.268084 19.335591 30.179786
 188.200000 0.240129 18.027793 30.179786
 188.400000 0.233504 18.874899 30.179786
 188.600000 0.242225 17.905438 30.179786
 188.800000 0.235955 18.499309 30.179786
 189.000000 0.231164 19.268813 30.179786
 189.200000 0.230665 20.096539 30.179786
 189.400000 0.231041 20.031753 30.179786
 189.600000 0.240505 18.610194 30.179786
 189.800000 0.258940 19.726401 30.179786
 190.000000 0.267056 20.167573 30.149568
 190.200000 0.269611 20.669060 30.149568
 190.400000 0.249105 18.863169 30.149568
 190.600000 0.252595 19.317061 30.149568
 190.800000 0.251731 19.189453 30.149568
 191.000000 0.265175 20.904404 30.149568
 191.200000 0.239173 19.032633 30.149568
 191.400000 0.239601 18.997787 30.149568
 191.600000 0.246455 18.975523 30.149568
 191.800000 0.274313 20.305641 30.149568
 192.000000 0.296953 10.345607 30.149568
 192.200000 0.297265 11.314097 30.149568
 192.400000 0.311546 5.503379 30.149568
 192.600000 0.298824 10.640451 30.149568
 192.800000 0.282433 17.829241 30.149568
 193.000000 0.279021 19.169245 30.149568
 193.200000 0.238492 19.112751 30.149568
 193.400000 0.248073 19.217036 30.149568
 193.600000 0.239929 18.996789 30.149568
 193.800000 0.243758 18.901288 30.149568
 194.000000 0.241994 18.903285 30.149568
 194.200000 0.244788 19.676415 30.149568
 194.400000 0.238936 19.811353 30.149568
 194.600000 0.244302 19.661118 30.149568
 194.800000 0.240826 19.696425 30.149568
 195.000000 0.256548 21.285454 30.121914
 195.200000 0.254980 21.664363 30.121914
 195.400000 0.245783 20.247590 30.121914
 195.600000 0.240795 20.087857 30.121914
 195.800000 0.264427 22.976600 30.121914
 196.000000 0.272115 22.318993 30.121914
 196.200000 0.284951 18.018666 30.121914
 196.400000 0.266884 23.587878 30.121914
 196.600000 0.261075 23.190161 30.121914
 196.800000 0.260285 23.065984 30.121914
 197.000000 0.251929 21.352071 30.121914
 197.200000 0.257749 23.219306 30.121914
 197.400000 0.260550 23.682025 30.121914
 197.600000 0.257771 23.223316 30.121914
 197.800000 0.254416 22.544964 30.121914
 198.000000 0.227185 21.461013 30.121914
 198.200000 0.227522 22.104539 30.121914
 198.400000 0.231868 21.701442 30.121914
 198.600000 0.225360 22.284229 30.121914
 198.800000 0.242345 21.126663 30.121914
 199.000000 0.267274 23.993493 30.121914
 199.200000 0.269552 24.338976 30.121914
 199.400000 0.275275 22.849758 30.121914
 199.600000 0.274622 23.076176 30.121914
 199.800000 0.245799 21.534454 30.121914
 200.000000 0.259270 24.076360 30.105962
 200.200000 0.257341 24.305773 30.105962
 200.400000 0.235326 21.618513 30.105962
 200.600000 0.246944 22.102614 30.105962
 200.800000 0.254333 23.638301 30.105962
 201.000000 0.229288 22.048885 30.105962
 201.200000 0.230237 22.629148 30.105962
 201.400000 0.249089 22.756839 30.105962
 201.600000 0.257548 24.458472 30.105962
 201.800000 0.255748 24.098287 30.105962
 202.000000 0.236931 22.121051 30.105962
 202.200000 0.232343 23.079129 30.105962
 202.400000 0.239352 22.669928 30.105962
 202.600000 0.234323 22.940293 30.105962
 202.800000 0.235605 22.854151 30.105962
 203.000000 0.251686 23.648199 30.105962
 203.200000 0.246080 23.433876 30.105962
 203.400000 0.244238 23.265604 30.105962
 203.600000 0.216269 23.645729 30.105962
 203.800000 0.218088 23.630194 30.105962
 204.000000 0.222203 23.621921 30.105962
 204.200000 0.249940 24.071757 30.105962
 204.400000 0.228606 24.059840 30.105962
 204.600000 0.220285 24.231051 30.105962
 204.800000 0.205141 24.651327 30.105962
 205.000000 0.212117 24.248271 30.102336
 205.200000 0.221263 24.727171 30.102336
 205.400000 0.211113 24.870546 30.102336
 205.600000 0.204409 25.240087 30.102336
 205.800000 0.209057 24.950412 30.102336
 206.000000 0.202211 25.421260 30.102336
 206.200000 0.229530 24.418906 30.102336
 206.400000 0.233283 24.048790 30.102336
 206.600000 0.240450 23.518259 30.102336
 206.800000 0.236601 23.741318 30.102336
 207.000000 0.228666 24.497806 30.102336
 207.200000 0.234333 24.492589 30.102336
 207.400000 0.246461 23.978939 30.102336
 207.600000 0.241305 23.911191 30.102336
 207.800000 0.241124 23.918221 30.102336
 208.000000 0.244324 23.885721 30.102336
 208.200000 0.241207 24.505897 30.102336
 208.400000 0.241625 24.494317 30.102336
 208.600000 0.241964 24.486926 30.102336
 208.800000 0.251470 25.053204 30.102336
 209.000000 0.216721 25.669451 30.102336
 209.200000 0.216880 26.228072 30.102336
 209.400000 0.248969 24.828858 30.102336
 209.600000 0.225571 26.063878 30.102336
 209.800000 0.248127 24.758610 30.102336
 210.000000 0.247340 24.703368 30.124833
 210.200000 0.237081 25.424540 30.124833
 210.400000 0.246160 25.220495 30.124833
 210.600000 0.238427 25.327718 30.124833
 210.800000 0.220913 26.342720 30.124833
 211.000000 0.202146 26.476016 30.124833
 211.200000 0.203235 26.964212 30.124833
 211.400000 0.216974 26.632294 30.124833
 211.600000 0.199520 27.129554 30.124833
 211.800000 0.189428 27.442560 30.124833
 212.000000 0.200231 27.099418 30.124833
 212.200000 0.197470 27.725428 30.124833
 212.400000 0.190000 27.841819 30.124833
 212.600000 0.190683 27.836941 30.124833
 212.800000 0.201261 27.576213 30.124833
 213.000000 0.195546 27.774873 30.124833
 213.200000 0.195095 28.291469 30.124833
 213.400000 0.204061 27.865187 30.124833
 213.600000 0.215208 27.175077 30.124833
 213.800000 0.210765 27.409196 30.124833
 214.000000 0.217368 27.077170 30.124833
 214.200000 0.196009 28.461664 30.124833
 214.400000 0.192963 28.455119 30.124833
 214.600000 0.213699 27.756202 30.124833
 214.800000 0.189423 28.404838 30.124833
 215.000000 0.178367 28.686846 30.262235
 215.200000 0.203194 28.383169 30.262235
 215.400000 0.206741 28.162729 30.262235
 215.600000 0.196261 28.698793 30.262235
 215.800000 0.203835 28.344031 30.262235
 216.000000 0.225031 27.120299 30.262235
 216.200000 0.216194 28.111042 30.262235
 216.400000 0.230066 27.072981 30.262235
 216.600000 0.238262 25.947261 30.262235
 216.800000 0.237831 25.998671 30.262235
 217.000000 0.262559 26.508353 30.262235
 217.200000 0.266252 26.724214 30.262235
 217.400000 0.233655 26.650997 30.262235
 217.600000 0.217563 28.073985 30.262235
 217.800000 0.230073 27.122676 30.262235
 218.000000 0.231131 26.986665 30.262235
 218.200000 0.230149 27.637909 30.262235
 218.400000 0.230941 27.537394 30.262235
 218.600000 0.214645 28.442654 30.262235
 218.800000 0.220648 28.366160 30.262235
 219.000000 0.253111 26.571343 30.262235
 219.200000 0.246826 26.624417 30.262235
 219.400000 0.232847 27.496064 30.262235
 219.600000 0.234284 27.325185 30.262235
 219.800000 0.225840 28.188692 30.262235
 220.000000 0.221570 28.394763 30.325653
 220.200000 0.247062 26.750214 30.325653
 220.400000 0.248880 26.831847 30.325653
 220.600000 0.229476 28.303406 30.325653
 220.800000 0.244147 26.733447 30.325653
 221.000000 0.230894 28.128674 30.325653
 221.200000 0.235798 27.936814 30.325653
 221.400000 0.246733 27.026809 30.325653
 221.600000 0.250330 27.143938 30.325653
 221.800000 0.260917 27.674247 30.325653
 222.000000 0.250953 27.180324 30.325653
 222.200000 0.237183 28.083007 30.325653
 222.400000 0.235173 28.326799 30.325653
 222.600000 0.215235 29.231757 30.325653
 222.800000 0.220264 29.368327 30.325653
 223.000000 0.226829 29.203708 30.325653
 223.200000 0.219074 29.765394 30.325653
 223.400000 0.222424 29.828241 30.325653
 223.600000 0.229483 29.455828 30.325653
 223.800000 0.216937 29.674307 30.325653
 224.000000 0.225185 29.769059 30.325653
 224.200000 0.243904 28.010372 30.325653
 224.400000 0.234667 29.185858 30.325653
 224.600000 0.228352 30.017417 30.325653
 224.800000 0.238598 28.586960 30.325653
 225.000000 0.247482 27.880371 30.452428
 225.200000 0.235101 29.477454 30.452428
 225.400000 0.254497 28.540945 30.452428
 225.600000 0.239912 28.853559 30.452428
 225.800000 0.242640 28.588869 30.452428
 226.000000 0.243320 28.538952 30.452428
 226.200000 0.206686 29.442767 30.452428
 226.400000 0.194456 29.052310 30.452428
 226.600000 0.228768 30.514907 30.452428
 226.800000 0.237174 29.647016 30.452428
 227.000000 0.235003 29.911561 30.452428
 227.200000 0.214419 30.197910 30.452428
 227.400000 0.211242 29.876995 30.452428
 227.600000 0.234768 30.401510 30.452428
 227.800000 0.233970 30.494776 30.452428
 228.000000 0.250250 29.127945 30.452428
 228.200000 0.244075 29.805479 30.452428
 228.400000 0.239056 30.232559 30.452428
 228.600000 0.269868 27.013987 30.452428
 228.800000 0.292193 14.715376 30.452428
 229.000000 0.296370 12.467877 30.452428
 229.200000 0.278578 23.228319 30.452428
 229.400000 0.287300 18.371909 30.452428
 229.600000 0.301053 11.088985 30.452428
 229.800000 0.287428 18.300121 30.452428
 230.000000 0.272175 26.326432 30.576211
 230.200000 0.259382 29.786575 30.576211
 230.400000 0.240579 30.139897 30.576211
 230.600000 0.234866 30.695538 30.576211
 230.800000 0.245269 29.847873 30.576211
 231.000000 0.267764 28.431072 30.576211
 231.200000 0.303076 10.184790 30.576211
 231.400000 0.317654 3.895454 30.576211
 231.600000 0.303378 10.033154 30.576211
 231.800000 0.281894 22.164481 30.576211
 232.000000 0.261590 30.069435 30.576211
 232.200000 0.243058 30.294875 30.576211
 232.400000 0.233917 30.905248 30.576211
 232.600000 0.225667 31.173209 30.576211
 232.800000 0.208802 29.678122 30.576211
 233.000000 0.224653 31.142746 30.576211
 233.200000 0.244089 30.459252 30.576211
 233.400000 0.241654 30.578773 30.576211
 233.600000 0.242978 30.504084 30.576211
 233.800000 0.244626 30.443637 30.576211
 234.000000 0.243054 30.500486 30.576211
 234.200000 0.243315 30.938405 30.576211
 234.400000 0.252240 30.944502 30.576211
 234.600000 0.267222 29.631172 30.576211
 234.800000 0.256956 31.012595 30.576211
 235.000000 0.251490 30.924602 30.808883
 235.200000 0.240461 31.443054 30.808883
 235.400000 0.245725 31.276515 30.808883
 235.600000 0.244509 31.290304 30.808883
 235.800000 0.233552 31.881781 30.808883
 236.000000 0.229893 32.012899 30.808883
 236.200000 0.250149 31.499537 30.808883
 236.400000 0.249629 31.494946 30.808883
 236.600000 0.240997 31.733866 30.808883
 236.800000 0.248704 31.489837 30.808883
 237.000000 0.229160 32.439031 30.808883
 237.200000 0.250867 31.651492 30.808883
 237.400000 0.284582 20.733812 30.808883
 237.600000 0.303434 10.013985 30.808883
 237.800000 0.314890 4.881333 30.808883
 238.000000 0.301404 11.047301 30.808883
 238.200000 0.294827 15.563288 30.808883
 238.400000 0.295885 15.000358 30.808883
 238.600000 0.312250 6.752110 30.808883
 238.800000 0.308500 8.531223 30.808883
 239.000000 0.301106 12.270823 30.808883
 239.200000 0.327068 1.972521 30.808883
 239.400000 0.333929 0.804708 30.808883
 239.600000 0.324444 2.646866 30.808883
 239.800000 0.299465 14.128956 30.808883
 240.000000 0.310510 8.394128 30.952497
 240.200000 0.310993 9.352089 30.952497
 240.400000 0.289975 19.452744 30.952497
 240.600000 0.296015 16.641782 30.952497
 240.800000 0.306907 11.428259 30.952497
 241.000000 0.308462 10.640585 30.952497
 241.200000 0.312262 9.765559 30.952497
 241.400000 0.321511 5.233038 30.952497
 241.600000 0.311118 10.361281 30.952497
 241.800000 0.317763 6.963679 30.952497
 242.000000 0.311792 10.010177 30.952497
 242.200000 0.303246 15.221032 30.952497
 242.400000 0.288020 21.145982 30.952497
 242.600000 0.298336 17.187823 30.952497
 242.800000 0.314701 9.601811 30.952497
 243.000000 0.335144 1.538368 30.952497
 243.200000 0.336399 2.934416 30.952497
 243.400000 0.304575 14.845158 30.952497
 243.600000 0.279731 24.928941 30.952497
 243.800000 0.302671 15.618580 30.952497
 244.000000 0.315431 9.904037 30.952497
 244.200000 0.306732 14.877167 30.952497
 244.400000 0.282278 23.805962 30.952497
 244.600000 0.277755 25.926005 30.952497
 244.800000 0.298302 17.863213 30.952497
 245.000000 0.296943 18.297880 30.928947
 245.200000 0.289254 21.573398 30.928947
 245.400000 0.302709 17.107845 30.928947
 245.600000 0.330405 4.993768 30.928947
 245.800000 0.332470 4.375503 30.928947
 246.000000 0.320955 8.714728 30.928947
 246.200000 0.302606 17.706712 30.928947
 246.400000 0.293686 20.329591 30.928947
 246.600000 0.285264 23.126548 30.928947
 246.800000 0.295177 19.901037 30.928947
 247.000000 0.320589 10.071033 30.928947
 247.200000 0.344443 2.569350 30.928947
 247.400000 0.327319 8.145656 30.928947
 247.600000 0.314028 14.168719 30.928947
 247.800000 0.312504 14.814117 30.928947
 248.000000 0.325469 8.954261 30.928947
 248.200000 0.316421 14.087735 30.928947
 248.400000 0.293855 20.632493 30.928947
 248.600000 0.286784 22.683984 30.928947
 248.800000 0.284354 23.564417 30.928947
 249.000000 0.293595 20.696406 30.928947
 249.200000 0.280914 25.435611 30.928947
 249.400000 0.266218 30.621499 30.928947
 249.600000 0.296173 20.772150 30.928947
 249.800000 0.312478 15.945746 30.928947
 250.000000 0.310561 16.680699 30.908852
 250.200000 0.287329 23.386560 30.908852
 250.400000 0.280763 25.609454 30.908852
 250.600000 0.279050 26.270386 30.908852
 250.800000 0.279067 26.263685 30.908852
 251.000000 0.284429 24.294532 30.908852
 251.200000 0.269443 30.148311 30.908852
 251.400000 0.273606 28.837715 30.908852
 251.600000 0.285636 24.492633 30.908852
 251.800000 0.280671 26.219265 30.908852
 252.000000 0.263405 31.372525 30.908852
 252.200000 0.263945 31.731926 30.908852
 252.400000 0.280111 26.659886 30.908852
 252.600000 0.276706 28.002051 30.908852
 252.800000 0.290279 23.228129 30.908852
 253.000000 0.293539 22.392328 30.908852
 253.200000 0.300241 21.402390 30.908852
 253.400000 0.286682 24.874992 30.908852
 253.600000 0.268442 30.978716 30.908852
 253.800000 0.265112 31.653548 30.908852
 254.000000 0.257190 32.196575 30.908852
 254.200000 0.245552 32.294449 30.908852
 254.400000 0.245448 32.294695 30.908852
 254.600000 0.252175 32.468558 30.908852
 254.800000 0.252903 32.498373 30.908852
 255.000000 0.280542 27.058624 31.092142
 255.200000 0.316538 15.309243 31.092142
 255.400000 0.349401 1.998661 31.092142
 255.600000 0.335213 6.298014 31.092142
 255.800000 0.313156 16.912788 31.092142
 256.000000 0.328092 9.495132 31.092142
 256.200000 0.336780 6.647298 31.092142
 256.400000 0.342319 4.501321 31.092142
 256.600000 0.328993 10.205452 31.092142
 256.800000 0.317233 15.848356 31.092142
 257.000000 0.331690 8.921244 31.092142
 257.200000 0.341212 5.858105 31.092142
 257.400000 0.333350 9.323997 31.092142
 257.600000 0.323914 13.708559 31.092142
 257.800000 0.326394 12.573115 31.092142
 258.000000 0.331978 9.962540 31.092142
 258.200000 0.329308 12.320327 31.092142
 258.400000 0.299020 22.347130 31.092142
 258.600000 0.303988 21.220539 31.092142
 258.800000 0.314399 18.260365 31.092142
 259.000000 0.307449 20.347133 31.092142
 259.200000 0.298339 23.084312 31.092142
 259.400000 0.269123 31.529403 31.092142
 259.600000 0.246149 32.332182 31.092142
 259.800000 0.235531 32.759839 31.092142
 260.000000 0.249116 32.408391 31.169302
 260.200000 0.254261 33.051022 31.169302
 260.400000 0.248467 32.796883 31.169302
 260.600000 0.247066 32.755352 31.169302
 260.800000 0.249918 32.855285 31.169302
 261.000000 0.260709 33.054188 31.169302
 261.200000 0.264433 33.065952 31.169302
 261.400000 0.279359 28.393590 31.169302
 261.600000 0.281273 27.669668 31.169302
 261.800000 0.273628 30.578354 31.169302
 262.000000 0.246302 32.992593 31.169302
 262.200000 0.235529 33.442128 31.169302
 262.400000 0.209375 30.397213 31.169302
 262.600000 0.195493 29.224147 31.169302
 262.800000 0.206324 30.003827 31.169302
 263.000000 0.212367 30.874873 31.169302
 263.200000 0.211488 31.167267 31.169302
 263.400000 0.214197 31.643125 31.169302
 263.600000 0.217464 32.239254 31.169302
 263.800000 0.205047 30.261913 31.169302
 264.000000 0.211842 31.227051 31.169302
 264.200000 0.215672 32.334312 31.169302
 264.400000 0.216062 32.402970 31.169302
 264.600000 0.227109 33.774784 31.169302
 264.800000 0.239138 33.537604 31.169302
 265.000000 0.242639 33.438310 31.625906
 265.200000 0.250190 33.951175 31.625906
 265.400000 0.231287 34.133292 31.625906
 265.600000 0.232123 34.130508 31.625906
 265.800000 0.209399 31.297202 31.625906
 266.000000 0.222718 33.580487 31.625906
 266.200000 0.239539 34.116693 31.625906
 266.400000 0.238202 34.184895 31.625906
 266.600000 0.221829 33.850236 31.625906
 266.800000 0.243133 33.982257 31.625906
 267.000000 0.255939 34.124164 31.625906
 267.200000 0.269062 32.531407 31.625906
 267.400000 0.272753 31.231194 31.625906
 267.600000 0.292213 24.400894 31.625906
 267.800000 0.288127 25.463417 31.625906
 268.000000 0.280224 28.212760 31.625906
 268.200000 0.275943 30.437263 31.625906
 268.400000 0.286227 26.500695 31.625906
 268.600000 0.285873 26.618797 31.625906
 268.800000 0.292788 24.618476 31.625906
 269.000000 0.289276 25.555970 31.625906
 269.200000 0.306504 21.700655 31.625906
 269.400000 0.305908 21.872582 31.625906
 269.600000 0.281059 28.863281 31.625906
 269.800000 0.292087 25.345325 31.625906
 270.000000 0.288396 26.375045 31.945794
 270.200000 0.300893 23.578926 31.945794
 270.400000 0.300669 23.638655 31.945794
 270.600000 0.290338 26.351888 31.945794
 270.800000 0.280272 29.626453 31.945794
 271.000000 0.287594 27.157826 31.945794
 271.200000 0.291967 26.402243 31.945794
 271.400000 0.301549 23.740320 31.945794
 271.600000 0.298750 24.538123 31.945794
 271.800000 0.288893 27.288180 31.945794
 272.000000 0.292124 26.358364 31.945794
 272.200000 0.300127 24.619325 31.945794
 272.400000 0.293822 26.425394 31.945794
 272.600000 0.343777 5.717401 31.945794
 272.800000 0.357941 1.426985 31.945794
 273.000000 0.338909 7.913922 31.945794
 273.200000 0.353907 3.026496 31.945794
 273.400000 0.357900 1.984765 31.945794
 273.600000 0.354961 2.723322 31.945794
 273.800000 0.348779 4.783390 31.945794
 274.000000 0.358323 1.891262 31.945794
 274.200000 0.351501 5.244172 31.945794
 274.400000 0.323484 16.257456 31.945794
 274.600000 0.308975 21.803540 31.945794
 274.800000 0.311181 21.010358 31.945794
 275.000000 0.316780 18.901600 31.988677
 275.200000 0.339565 9.804356 31.988677
 275.400000 0.352617 4.963524 31.988677
 275.600000 0.355065 4.293360 31.988677
 275.800000 0.353537 4.702718 31.988677
 276.000000 0.342656 8.492151 31.988677
 276.200000 0.355015 5.159377 31.988677
 276.400000 0.348922 7.222539 31.988677
 276.600000 0.342577 9.723456 31.988677
 276.800000 0.357880 4.328667 31.988677
 277.000000 0.347085 7.917128 31.988677
 277.200000 0.325219 17.231054 31.988677
 277.400000 0.342261 11.021690 31.988677
 277.600000 0.360884 4.360173 31.988677
 277.800000 0.367134 2.759173 31.988677
 278.000000 0.340258 11.796354 31.988677
 278.200000 0.351352 8.320796 31.988677
 278.400000 0.354471 7.076301 31.988677
 278.600000 0.341800 12.229799 31.988677
 278.800000 0.338991 13.313140 31.988677
 279.000000 0.317465 20.178481 31.988677
 279.200000 0.324724 18.638111 31.988677
 279.400000 0.343450 11.728651 31.988677
 279.600000 0.340052 13.138342 31.988677
 279.800000 0.335254 15.016216 31.988677
 280.000000 0.346991 10.220026 31.962809
 280.200000 0.341981 13.394049 31.962809
 280.400000 0.339982 14.161852 31.962809
 280.600000 0.362142 5.032340 31.962809
 280.800000 0.355960 7.458100 31.962809
 281.000000 0.370218 2.598885 31.962809
 281.200000 0.361847 6.471717 31.962809
 281.400000 0.361584 6.554133 31.962809
 281.600000 0.346976 11.803835 31.962809
 281.800000 0.344979 12.556055 31.962809
 282.000000 0.355711 8.538003 31.962809
 282.200000 0.367193 5.818443 31.962809
 282.400000 0.349375 11.986056 31.962809
 282.600000 0.352998 10.705385 31.962809
 282.800000 0.349781 11.844211 31.962809
 283.000000 0.340256 14.970860 31.962809
 283.200000 0.326066 19.382701 31.962809
 283.400000 0.319918 20.787213 31.962809
 283.600000 0.314379 22.135746 31.962809
 283.800000 0.306024 24.182701 31.962809
 284.000000 0.320378 20.678788 31.962809
 284.200000 0.321901 21.017657 31.962809
 284.400000 0.340653 16.027671 31.962809
 284.600000 0.351656 11.933944 31.962809
 284.800000 0.348506 13.179333 31.962809
 285.000000 0.337935 16.890886 31.937533
 285.200000 0.342634 16.141145 31.937533
 285.400000 0.362569 7.846945 31.937533
 285.600000 0.378765 2.789558 31.937533
 285.800000 0.378823 2.776560 31.937533
 286.000000 0.369187 5.442673 31.937533
 286.200000 0.351374 13.275252 31.937533
 286.400000 0.362199 9.225166 31.937533
 286.600000 0.378272 4.043735 31.937533
 286.800000 0.378378 4.014555 31.937533
 287.000000 0.372609 5.715417 31.937533
 287.200000 0.359903 11.006930 31.937533
 287.400000 0.336111 18.438260 31.937533
 287.600000 0.342803 16.555768 31.937533
 287.800000 0.361586 10.481031 31.937533
 288.000000 0.350365 14.106127 31.937533
 288.200000 0.327462 20.669446 31.937533
 288.400000 0.342072 17.579237 31.937533
 288.600000 0.351115 14.789768 31.937533
 288.800000 0.366562 9.468524 31.937533
 289.000000 0.365034 9.995777 31.937533
 289.200000 0.353806 14.724251 31.937533
 289.400000 0.363627 11.597302 31.937533
 289.600000 0.357165 13.695945 31.937533
 289.800000 0.335654 19.292597 31.937533
 290.000000 0.324865 21.149089 31.911385
 290.200000 0.329760 20.980346 31.911385
 290.400000 0.336599 19.611554 31.911385
 290.600000 0.356864 13.858832 31.911385
 290.800000 0.378040 6.316311 31.911385
 291.000000 0.403722 0.432428 31.911385
 291.200000 0.394374 2.956694 31.911385
 291.400000 0.381809 5.536383 31.911385
 291.600000 0.368373 10.048987 31.911385
 291.800000 0.371634 8.909851 31.911385
 292.000000 0.393566 3.057698 31.911385
 292.200000 0.376740 7.955454 31.911385
 292.400000 0.375604 8.272894 31.911385
 292.600000 0.388642 5.302345 31.911385
 292.800000 0.382605 6.476417 31.911385
 293.000000 0.380294 7.022964 31.911385
 293.200000 0.358320 13.932573 31.911385
 293.400000 0.361613 13.075596 31.911385
 293.600000 0.367117 11.672865 31.911385
 293.800000 0.365872 11.989625 31.911385
 294.000000 0.364745 12.275848 31.911385
 294.200000 0.379366 9.162837 31.911385
 294.400000 0.393499 5.621122 31.911385
 294.600000 0.372439 11.195560 31.911385
 294.800000 0.369958 11.899572 31.911385
 295.000000 0.390410 6.276193 31.883353
 295.200000 0.375777 11.040602 31.883353
 295.400000 0.356564 15.372468 31.883353
 295.600000 0.367826 12.907888 31.883353
 295.800000 0.400526 5.370287 31.883353
 296.000000 0.404470 4.497969 31.883353
 296.200000 0.371744 12.133911 31.883353
 296.400000 0.384332 9.565895 31.883353
 296.600000 0.390017 8.586277 31.883353
 296.800000 0.388515 8.836393 31.883353
 297.000000 0.377498 10.905960 31.883353
 297.200000 0.364090 14.492896 31.883353
 297.400000 0.377236 12.037260 31.883353
 297.600000 0.366940 14.007048 31.883353
 297.800000 0.358043 15.521047 31.883353
 298.000000 0.391763 8.982679 31.883353
 298.200000 0.396421 9.117648 31.883353
 298.400000 0.393609 9.761577 31.883353
 298.600000 0.368323 14.108041 31.883353
 298.800000 0.369068 14.001840 31.883353
 299.000000 0.372259 13.537840 31.883353
 299.200000 0.385360 12.042760 31.883353
 299.400000 0.383771 12.385454 31.883353
 299.600000 0.385734 11.960767 31.883353
 299.800000 0.380180 13.120851 31.883353
 300.000000 0.387389 11.592124 31.856602
 300.200000 0.388706 12.331262 31.856602
 300.400000 0.390859 11.800767 31.856602
 300.600000 0.362861 15.940087 31.856602
 300.800000 0.347205 17.902775 31.856602
 301.000000 0.344565 18.384080 31.856602
 301.200000 0.346294 18.832326 31.856602
 301.400000 0.357919 16.906873 31.856602
 301.600000 0.348645 18.396235 31.856602
 301.800000 0.363017 16.288708 31.856602
 302.000000 0.356723 17.071490 31.856602
 302.200000 0.342713 20.026488 31.856602
 302.400000 0.331289 21.525536 31.856602
 302.600000 0.338627 20.612541 31.856602
 302.800000 0.347429 19.295704 31.856602
 303.000000 0.313222 23.900072 31.856602
 303.200000 0.324775 22.732139 31.856602
 303.400000 0.344432 19.832965 31.856602
 303.600000 0.344308 19.853344 31.856602
 303.800000 0.342991 20.067815 31.856602
 304.000000 0.324193 22.816608 31.856602
 304.200000 0.310838 25.300148 31.856602
 304.400000 0.306112 25.885470 31.856602
 304.600000 0.308379 25.611277 31.856602
 304.800000 0.312377 25.099001 31.856602
 305.000000 0.322957 23.629509 31.841684
 305.200000 0.360312 17.459299 31.841684
 305.400000 0.368235 16.347667 31.841684
 305.600000 0.348335 19.508172 31.841684
 305.800000 0.324705 23.981979 31.841684
 306.000000 0.331736 22.827151 31.841684
 306.200000 0.326193 24.344838 31.841684
 306.400000 0.322056 24.882624 31.841684
 306.600000 0.336073 22.623859 31.841684
 306.800000 0.338125 22.186588 31.841684
 307.000000 0.348747 19.758519 31.841684
 307.200000 0.335266 23.273445 31.841684
 307.400000 0.325803 24.623817 31.841684
 307.600000 0.315513 25.631514 31.841684
 307.800000 0.295837 27.312605 31.841684
 308.000000 0.303942 26.534064 31.841684
 308.200000 0.306971 26.829145 31.841684
 308.400000 0.301070 27.299310 31.841684
 308.600000 0.309726 26.592635 31.841684
 308.800000 0.314014 26.184341 31.841684
 309.000000 0.323985 25.047326 31.841684
 309.200000 0.325337 25.442049 31.841684
 309.400000 0.316187 26.458812 31.841684
 309.600000 0.307989 27.068497 31.841684
 309.800000 0.327970 25.062903 31.841684
 310.000000 0.346544 21.168828 31.838276
 310.200000 0.368480 16.886506 31.838276
 310.400000 0.376979 15.157541 31.838276
 310.600000 0.357081 19.301557 31.838276
 310.800000 0.363951 17.804349 31.838276
 311.000000 0.358493 18.980164 31.838276
 311.200000 0.356532 20.173298 31.838276
 311.400000 0.345034 22.716516 31.838276
 311.600000 0.330074 25.222294 31.838276
 311.800000 0.318318 26.392982 31.838276
 312.000000 0.332790 24.865312 31.838276
 312.200000 0.317696 26.790282 31.838276
 312.400000 0.305061 27.357901 31.838276
 312.600000 0.298818 27.674978 31.838276
 312.800000 0.293641 28.122949 31.838276
 313.000000 0.284104 29.808192 31.838276
 313.200000 0.296400 28.184256 31.838276
 313.400000 0.316040 26.926019 31.838276
 313.600000 0.307782 27.381158 31.838276
 313.800000 0.295482 28.281566 31.838276
 314.000000 0.304849 27.544498 31.838276
 314.200000 0.314578 27.425695 31.838276
 314.400000 0.305814 28.001201 31.838276
 314.600000 0.315333 27.368894 31.838276
 314.800000 0.304364 28.085960 31.838276
 315.000000 0.312528 27.572306 31.903255
 315.200000 0.308906 28.312271 31.903255
 315.400000 0.305551 28.476302 31.903255
 315.600000 0.318315 27.607427 31.903255
 315.800000 0.302157 28.620817 31.903255
 316.000000 0.320751 27.363976 31.903255
 316.200000 0.338523 24.915697 31.903255
 316.400000 0.363112 18.778657 31.903255
 316.600000 0.351578 21.631963 31.903255
 316.800000 0.368513 17.515735 31.903255
 317.000000 0.364670 18.412516 31.903255
 317.200000 0.340212 24.725754 31.903255
 317.400000 0.318965 28.064302 31.903255
 317.600000 0.322684 27.679604 31.903255
 317.800000 0.315404 28.353863 31.903255
 318.000000 0.295370 29.102646 31.903255
 318.200000 0.301861 29.302636 31.903255
 318.400000 0.319412 28.154304 31.903255
 318.600000 0.325583 27.379757 31.903255
 318.800000 0.317335 28.369184 31.903255
 319.000000 0.324843 27.483515 31.903255
 319.200000 0.332791 26.660795 31.903255
 319.400000 0.339139 25.286352 31.903255
 319.600000 0.355312 21.377403 31.903255
 319.800000 0.357360 20.899830 31.903255
 320.000000 0.333734 26.472183 31.940622
 320.200000 0.318897 29.014865 31.940622
 320.400000 0.322766 28.680906 31.940622
 320.600000 0.330204 27.671365 31.940622
 320.800000 0.344464 24.422028 31.940622
 321.000000 0.340325 25.496228 31.940622
 321.200000 0.340368 26.047500 31.940622
 321.400000 0.366667 18.886446 31.940622
 321.600000 0.394911 10.872871 31.940622
 321.800000 0.396261 10.439016 31.940622
 322.000000 0.387993 12.975044 31.940622
 322.200000 0.373571 17.655310 31.940622
 322.400000 0.382600 15.444386 31.940622
 322.600000 0.371055 18.237955 31.940622
 322.800000 0.337157 26.814286 31.940622
 323.000000 0.328252 28.392894 31.940622
 323.200000 0.351034 23.305493 31.940622
 323.400000 0.358264 21.306933 31.940622
 323.600000 0.357383 21.537763 31.940622
 323.800000 0.366050 19.403851 31.940622
 324.000000 0.366899 19.206345 31.940622
 324.200000 0.356322 22.400405 31.940622
 324.400000 0.358258 21.938487 31.940622
 324.600000 0.359130 21.733909 31.940622
 324.800000 0.352647 23.313587 31.940622
 325.000000 0.333934 28.007492 31.948139
 325.200000 0.334425 28.414137 31.948139
 325.400000 0.333689 28.556711 31.948139
 325.600000 0.368545 19.598859 31.948139
 325.800000 0.391238 13.168421 31.948139
 326.000000 0.399085 10.321913 31.948139
 326.200000 0.367918 19.875903 31.948139
 326.400000 0.357475 22.291284 31.948139
 326.600000 0.343303 26.216312 31.948139
 326.800000 0.344828 25.780739 31.948139
 327.000000 0.360218 21.624774 31.948139
 327.200000 0.358997 22.583226 31.948139
 327.400000 0.344246 26.326312 31.948139
 327.600000 0.338010 27.842020 31.948139
 327.800000 0.360099 22.320948 31.948139
 328.000000 0.395457 12.800129 31.948139
 328.200000 0.406043 9.337731 31.948139
 328.400000 0.416409 4.725072 31.948139
 328.600000 0.421143 3.071114 31.948139
 328.800000 0.425102 2.011564 31.948139
 329.000000 0.421902 2.844604 31.948139
 329.200000 0.406429 10.061954 31.948139
 329.400000 0.382037 17.553268 31.948139
 329.600000 0.379254 18.162059 31.948139
 329.800000 0.411336 8.082561 31.948139
 330.000000 0.437042 1.306304 31.925372
 330.200000 0.408983 9.309894 31.925372
 330.400000 0.412936 7.908384 31.925372
 330.600000 0.412143 8.178855 31.925372
 330.800000 0.403441 11.387593 31.925372
 331.000000 0.371516 19.851688 31.925372
 331.200000 0.370299 20.839432 31.925372
 331.400000 0.388338 16.488415 31.925372
 331.600000 0.399381 12.981967 31.925372
 331.800000 0.404896 10.902257 31.925372
 332.000000 0.407660 9.840386 31.925372
 332.200000 0.400586 13.549398 31.925372
 332.400000 0.375716 19.741926 31.925372
 332.600000 0.374564 19.988540 31.925372
 332.800000 0.360661 22.815227 31.925372
 333.000000 0.374220 20.061809 31.925372
 333.200000 0.399904 13.942497 31.925372
 333.400000 0.382019 19.008088 31.925372
 333.600000 0.379938 19.498718 31.925372
 333.800000 0.378386 19.856472 31.925372
 334.000000 0.366587 22.274265 31.925372
 334.200000 0.358956 24.150768 31.925372
 334.400000 0.370893 22.085715 31.925372
 334.600000 0.370777 22.110083 31.925372
 334.800000 0.382776 19.188414 31.925372
 335.000000 0.381660 19.484659 31.906157
 335.200000 0.359826 24.272025 31.906157
 335.400000 0.353710 25.103611 31.906157
 335.600000 0.342995 27.059026 31.906157
 335.800000 0.351448 25.459741 31.906157
 336.000000 0.373245 22.199118 31.906157
 336.200000 0.377487 21.890322 31.906157
 336.400000 0.384464 19.947466 31.906157
 336.600000 0.378194 21.712372 31.906157
 336.800000 0.385965 19.483686 31.906157
 337.000000 0.380120 21.204600 31.906157
 337.200000 0.389290 18.970600 31.906157
 337.400000 0.410743 10.063023 31.906157
 337.600000 0.436402 3.216639 31.906157
 337.800000 0.407584 11.408155 31.906157
 338.000000 0.398253 15.466364 31.906157
 338.200000 0.387908 20.149526 31.906157
 338.400000 0.383772 21.368310 31.906157
 338.600000 0.372327 23.822297 31.906157
 338.800000 0.386252 20.656722 31.906157
 339.000000 0.399982 15.603383 31.906157
 339.200000 0.402602 15.296181 31.906157
 339.400000 0.413479 10.067848 31.906157
 339.600000 0.428457 4.837701 31.906157
 339.800000 0.419946 7.371469 31.906157
 340.000000 0.417685 8.243219 31.885494
 340.200000 0.397988 17.832402 31.885494
 340.400000 0.397524 18.000832 31.885494
 340.600000 0.411191 12.246693 31.885494
 340.800000 0.409695 12.917970 31.885494
 341.000000 0.444571 2.343878 31.885494
 341.200000 0.445094 3.836634 31.885494
 341.400000 0.424812 7.525577 31.885494
 341.600000 0.402908 15.929195 31.885494
 341.800000 0.407284 14.068363 31.885494
 342.000000 0.420035 8.947430 31.885494
 342.200000 0.412627 12.807995 31.885494
 342.400000 0.418646 10.593337 31.885494
 342.600000 0.413623 12.427049 31.885494
 342.800000 0.380463 22.686240 31.885494
 343.000000 0.361485 24.925422 31.885494
 343.200000 0.380842 22.862471 31.885494
 343.400000 0.390096 20.612125 31.885494
 343.600000 0.414607 12.055113 31.885494
 343.800000 0.414100 12.246381 31.885494
 344.000000 0.405121 15.723642 31.885494
 344.200000 0.407638 15.609113 31.885494
 344.400000 0.404027 17.002848 31.885494
 344.600000 0.402663 17.498572 31.885494
 344.800000 0.387611 21.699618 31.885494
 345.000000 0.388009 21.611960 31.867099
 345.200000 0.397662 19.685652 31.867099
 345.400000 0.387018 22.495880 31.867099
 345.600000 0.395563 20.338028 31.867099
 345.800000 0.403799 17.470477 31.867099
 346.000000 0.407004 16.159961 31.867099
 346.200000 0.418582 11.910170 31.867099
 346.400000 0.420192 11.237889 31.867099
 346.600000 0.405662 17.567462 31.867099
 346.800000 0.396847 20.622433 31.867099
 347.000000 0.392811 21.656832 31.867099
 347.200000 0.413511 14.401185 31.867099
 347.400000 0.419189 11.795114 31.867099
 347.600000 0.405097 18.271623 31.867099
 347.800000 0.396362 21.406472 31.867099
 348.000000 0.386336 23.576195 31.867099
 348.200000 0.390857 23.336875 31.867099
 348.400000 0.410689 15.900058 31.867099
 348.600000 0.435863 6.218422 31.867099
 348.800000 0.422942 10.267398 31.867099
 349.000000 0.415033 13.781355 31.867099
 349.200000 0.425072 10.209688 31.867099
 349.400000 0.415212 14.642717 31.867099
 349.600000 0.419596 12.573971 31.867099
 349.800000 0.421811 11.580141 31.867099
 350.000000 0.426890 9.501371 31.847392
 350.200000 0.412688 16.587561 31.847392
 350.400000 0.404087 20.082991 31.847392
 350.600000 0.424343 11.635285 31.847392
 350.800000 0.425753 11.082423 31.847392
 351.000000 0.430084 9.475122 31.847392
 351.200000 0.412683 17.174205 31.847392
 351.400000 0.424599 12.606854 31.847392
 351.600000 0.436015 8.549345 31.847392
 351.800000 0.418761 14.810654 31.847392
 352.000000 0.415314 16.149787 31.847392
 352.200000 0.422277 14.236956 31.847392
 352.400000 0.458231 2.150007 31.847392
 352.600000 0.461530 1.560586 31.847392
 352.800000 0.429189 11.496865 31.847392
 353.000000 0.432802 10.094763 31.847392
 353.200000 0.448343 5.296628 31.847392
 353.400000 0.450260 4.649305 31.847392
 353.600000 0.437070 9.556257 31.847392
 353.800000 0.438848 8.860832 31.847392
 354.000000 0.459443 2.148061 31.847392
 354.200000 0.446601 7.014450 31.847392
 354.400000 0.445406 7.374450 31.847392
 354.600000 0.414427 17.887069 31.847392
 354.800000 0.410792 19.102114 31.847392
 355.000000 0.429740 12.595592 31.823460
 355.200000 0.431367 13.025301 31.823460
 355.400000 0.441228 9.437373 31.823460
 355.600000 0.445578 7.892997 31.823460
 355.800000 0.422206 16.084705 31.823460
 356.000000 0.420061 16.758571 31.823460
 356.200000 0.429049 14.525513 31.823460
 356.400000 0.442434 9.272886 31.823460
 356.600000 0.435826 11.896055 31.823460
 356.800000 0.424441 16.162917 31.823460
 357.000000 0.435269 12.118194 31.823460
 357.200000 0.451037 6.802547 31.823460
 357.400000 0.470288 1.912783 31.823460
 357.600000 0.474319 1.344767 31.823460
 357.800000 0.465762 2.719850 31.823460
 358.000000 0.479208 0.826161 31.823460
 358.200000 0.491795 1.345800 31.823460
 358.400000 0.485757 1.912445 31.823460
 358.600000 0.457584 5.284191 31.823460
 358.800000 0.462889 4.264670 31.823460
 359.000000 0.465220 3.920127 31.823460
 359.200000 0.466031 5.279784 31.823460
 359.400000 0.452778 7.589898 31.823460
 359.600000 0.466387 5.231830 31.823460
 359.800000 0.491941 1.630931 31.823460
 360.000000 0.484114 2.729703 31.800607
