#! FIELDS time d metad.bias metad.rct
 0.000000 0.115248 0.000000 0.000000
 0.200000 0.119193 0.000000 0.000000
 0.400000 0.129198 0.000000 0.000000
 0.600000 0.139063 0.000000 0.000000
 0.800000 0.102898 0.000000 0.000000
 1.000000 0.088416 0.000000 0.000000
 1.200000 0.111141 0.553122 0.000000
 1.400000 0.139186 0.002319 0.000000
 1.600000 0.141972 0.000060 0.000000
 1.800000 0.137327 0.005227 0.000000
 2.000000 0.120111 0.184698 0.000000
 2.200000 0.105037 1.991792 0.000000
 2.400000 0.106490 1.993121 0.000000
 2.600000 0.112545 2.005361 0.000000
 2.800000 0.113850 2.003638 0.000000
 3.000000 0.121292 1.885656 0.000000
 3.200000 0.129314 2.870775 0.000000
 3.400000 0.137308 1.811766 0.000000
 3.600000 0.120368 3.519338 0.000000
 3.800000 0.084851 1.888773 0.000000
 4.000000 0.079450 1.533754 0.000000
 4.200000 0.086256 3.441236 0.000000
 4.400000 0.096600 3.274723 0.000000
 4.600000 0.086628 3.443979 0.000000
 4.800000 0.093469 3.349514 0.000000
 5.000000 0.083540 3.384914 1.268803
 5.200000 0.083557 4.890502 1.268803
 5.400000 0.096403 4.320047 1.268803
 5.600000 0.066259 2.468445 1.268803
 5.800000 0.073888 3.861755 1.268803
 6.000000 0.088889 4.850764 1.268803
 6.200000 0.065375 2.718968 1.268803
 6.400000 0.084113 6.246470 1.268803
 6.600000 0.074440 4.837956 1.268803
 6.800000 0.082794 6.158615 1.268803
 7.000000 0.103662 4.716699 1.268803
 7.200000 0.100118 6.484539 1.268803
 7.400000 0.079303 6.129851 1.268803
 7.600000 0.060270 1.712869 1.268803
 7.800000 0.058304 1.382760 1.268803
 8.000000 0.076952 5.640742 1.268803
 8.200000 0.093192 7.799897 1.268803
 8.400000 0.093056 7.814230 1.268803
 8.600000 0.091744 7.940494 1.268803
 8.800000 0.083715 8.037484 1.268803
 9.000000 0.097182 7.305453 1.268803
 9.200000 0.105323 7.290746 1.268803
 9.400000 0.103541 7.582688 1.268803
 9.600000 0.104736 7.386662 1.268803
 9.800000 0.103615 7.570661 1.268803
 10.000000 0.087096 9.168607 4.429306
 10.200000 0.081559 9.638844 4.429306
 10.400000 0.064503 4.023724 4.429306
 10.600000 0.059877 2.631430 4.429306
 10.800000 0.067030 4.898401 4.429306
 11.000000 0.079404 9.136785 4.429306
 11.200000 0.079452 10.314053 4.429306
 11.400000 0.087409 11.353989 4.429306
 11.600000 0.090333 11.216228 4.429306
 11.800000 0.100564 9.271224 4.429306
 12.000000 0.088494 11.333313 4.429306
 12.200000 0.072910 8.734736 4.429306
 12.400000 0.064575 5.056464 4.429306
 12.600000 0.053441 1.587865 4.429306
 12.800000 0.057408 2.543210 4.429306
 13.000000 0.055207 1.974461 4.429306
 13.200000 0.064770 6.444108 4.429306
 13.400000 0.066352 7.024047 4.429306
 13.600000 0.057049 4.034534 4.429306
 13.800000 0.060529 5.023586 4.429306
 14.000000 0.059405 4.685911 4.429306
 14.200000 0.070915 9.831585 4.429306
 14.400000 0.064128 7.567053 4.429306
 14.600000 0.055754 5.087214 4.429306
 14.800000 0.064081 7.551932 4.429306
 15.000000 0.060139 6.323139 7.081684
 15.200000 0.083721 13.159914 7.081684
 15.400000 0.084773 13.173361 7.081684
 15.600000 0.110415 7.326617 7.081684
 15.800000 0.131934 2.917292 7.081684
 16.000000 0.125566 4.151116 7.081684
 16.200000 0.116555 7.157363 7.081684
 16.400000 0.115938 7.255566 7.081684
 16.600000 0.113490 7.653933 7.081684
 16.800000 0.136328 3.253684 7.081684
 17.000000 0.132097 4.209379 7.081684
 17.200000 0.141109 3.456104 7.081684
 17.400000 0.135768 4.786959 7.081684
 17.600000 0.136574 4.586470 7.081684
 17.800000 0.160427 0.430603 7.081684
 18.000000 0.142056 3.228216 7.081684
 18.200000 0.120262 8.147566 7.081684
 18.400000 0.108911 9.058464 7.081684
 18.600000 0.115972 8.394886 7.081684
 18.800000 0.096864 11.534958 7.081684
 19.000000 0.114527 8.490997 7.081684
 19.200000 0.137069 6.282605 7.081684
 19.400000 0.139923 5.532460 7.081684
 19.600000 0.144162 4.411123 7.081684
 19.800000 0.117338 9.491457 7.081684
 20.000000 0.116309 9.564596 8.112269
 20.200000 0.123110 10.009496 8.112269
 20.400000 0.124491 9.795991 8.112269
 20.600000 0.108358 11.230428 8.112269
 20.800000 0.093263 13.109188 8.112269
 21.000000 0.070556 10.771954 8.112269
 21.200000 0.065561 10.303087 8.112269
 21.400000 0.075639 13.157630 8.112269
 21.600000 0.059584 8.306515 8.112269
 21.800000 0.071893 12.232673 8.112269
 22.000000 0.062403 9.256484 8.112269
 22.200000 0.053044 7.073859 8.112269
 22.400000 0.049247 5.701274 8.112269
 22.600000 0.059878 9.548244 8.112269
 22.800000 0.075422 13.904871 8.112269
 23.000000 0.080392 14.507968 8.112269
 23.200000 0.078539 15.256052 8.112269
 23.400000 0.062733 10.982905 8.112269
 23.600000 0.078633 15.266748 8.112269
 23.800000 0.096779 13.456519 8.112269
 24.000000 0.115172 10.855670 8.112269
 24.200000 0.134869 7.820179 8.112269
 24.400000 0.141086 5.753880 8.112269
 24.600000 0.141117 5.743561 8.112269
 24.800000 0.147922 3.685536 8.112269
 25.000000 0.171102 0.293753 10.055293
 25.200000 0.162648 2.385737 10.055293
 25.400000 0.151117 3.580324 10.055293
 25.600000 0.140983 6.014561 10.055293
 25.800000 0.152101 3.416733 10.055293
 26.000000 0.163223 2.356392 10.055293
 26.200000 0.143375 5.986600 10.055293
 26.400000 0.141399 6.436892 10.055293
 26.600000 0.151110 4.717919 10.055293
 26.800000 0.149548 4.908464 10.055293
 27.000000 0.152430 4.580600 10.055293
 27.200000 0.148812 6.395547 10.055293
 27.400000 0.135452 8.759695 10.055293
 27.600000 0.148047 6.489749 10.055293
 27.800000 0.163418 5.012819 10.055293
 28.000000 0.181421 2.383334 10.055293
 28.200000 0.188272 2.791368 10.055293
 28.400000 0.188380 2.772845 10.055293
 28.600000 0.200486 1.025463 10.055293
 28.800000 0.190537 2.409052 10.055293
 29.000000 0.208788 0.378430 10.055293
 29.200000 0.214735 1.744355 10.055293
 29.400000 0.179947 4.459053 10.055293
 29.600000 0.153839 6.163685 10.055293
 29.800000 0.148934 6.529072 10.055293
 30.000000 0.142884 7.314188 10.158104
 30.200000 0.148756 7.716556 10.158104
 30.400000 0.169388 5.747834 10.158104
 30.600000 0.185818 3.763013 10.158104
 30.800000 0.173604 5.299862 10.158104
 31.000000 0.177856 4.785449 10.158104
 31.200000 0.188548 4.540605 10.158104
 31.400000 0.173530 6.664599 10.158104
 31.600000 0.158342 7.315211 10.158104
 31.800000 0.138736 9.335939 10.158104
 32.000000 0.146243 8.212041 10.158104
 32.200000 0.154273 8.547152 10.158104
 32.400000 0.165734 7.626545 10.158104
 32.600000 0.208928 2.254961 10.158104
 32.800000 0.201996 2.810913 10.158104
 33.000000 0.170283 7.237537 10.158104
 33.200000 0.162883 8.965159 10.158104
 33.400000 0.166911 8.768796 10.158104
 33.600000 0.180546 6.919208 10.158104
 33.800000 0.217346 1.608284 10.158104
 34.000000 0.214842 1.815069 10.158104
 34.200000 0.191797 4.983730 10.158104
 34.400000 0.203417 4.001630 10.158104
 34.600000 0.214689 3.441711 10.158104
 34.800000 0.219056 3.017822 10.158104
 35.000000 0.199992 4.165234 10.301505
 35.200000 0.195433 5.916650 10.301505
 35.400000 0.189693 6.460285 10.301505
 35.600000 0.212193 4.664113 10.301505
 35.800000 0.218931 3.685260 10.301505
 36.000000 0.228923 1.967777 10.301505
 36.200000 0.227094 3.859989 10.301505
 36.400000 0.222309 4.556450 10.301505
 36.600000 0.222744 4.497780 10.301505
 36.800000 0.216297 5.229520 10.301505
 37.000000 0.205169 5.760239 10.301505
 37.200000 0.223631 5.008179 10.301505
 37.400000 0.229831 3.773318 10.301505
 37.600000 0.235777 2.638067 10.301505
 37.800000 0.246845 1.046459 10.301505
 38.000000 0.255957 0.358849 10.301505
 38.200000 0.275039 0.776093 10.301505
 38.400000 0.257236 2.016768 10.301505
 38.600000 0.232486 3.754770 10.301505
 38.800000 0.239340 2.968681 10.301505
 39.000000 0.249739 2.350304 10.301505
 39.200000 0.230557 4.730762 10.301505
 39.400000 0.221848 5.749779 10.301505
 39.600000 0.229670 4.815841 10.301505
 39.800000 0.239683 4.196914 10.301505
 40.000000 0.234052 4.454746 10.304965
 40.200000 0.230814 6.109140 10.304965
 40.400000 0.231946 6.030570 10.304965
 40.600000 0.236428 5.738283 10.304965
 40.800000 0.230250 6.149097 10.304965
 41.000000 0.245981 5.092686 10.304965
 41.200000 0.229336 6.967472 10.304965
 41.400000 0.210896 7.436946 10.304965
 41.600000 0.219590 7.236458 10.304965
 41.800000 0.219308 7.245905 10.304965
 42.000000 0.201963 7.310277 10.304965
 42.200000 0.198999 8.478144 10.304965
 42.400000 0.202190 8.579500 10.304965
 42.600000 0.213067 8.373517 10.304965
 42.800000 0.214116 8.303301 10.304965
 43.000000 0.208382 8.586997 10.304965
 43.200000 0.195339 9.157413 10.304965
 43.400000 0.223920 8.222477 10.304965
 43.600000 0.224719 8.127962 10.304965
 43.800000 0.214111 9.413318 10.304965
 44.000000 0.216996 9.095378 10.304965
 44.200000 0.205881 10.685374 10.304965
 44.400000 0.217959 10.142441 10.304965
 44.600000 0.237708 7.550509 10.304965
 44.800000 0.258098 4.748088 10.304965
 45.000000 0.254958 5.371484 10.469069
 45.200000 0.229721 8.765780 10.469069
 45.400000 0.213612 10.626983 10.469069
 45.600000 0.222751 9.585280 10.469069
 45.800000 0.245297 7.926659 10.469069
 46.000000 0.233301 8.482658 10.469069
 46.200000 0.211263 11.156596 10.469069
 46.400000 0.228152 10.054045 10.469069
 46.600000 0.218234 10.896087 10.469069
 46.800000 0.229965 9.912979 10.469069
 47.000000 0.264484 4.631412 10.469069
 47.200000 0.236518 9.730514 10.469069
 47.400000 0.224752 10.383020 10.469069
 47.600000 0.232584 9.874815 10.469069
 47.800000 0.231116 9.946721 10.469069
 48.000000 0.237440 9.703668 10.469069
 48.200000 0.248422 10.069115 10.469069
 48.400000 0.250543 9.759536 10.469069
 48.600000 0.240425 10.733207 10.469069
 48.800000 0.225809 11.139614 10.469069
 49.000000 0.218660 11.393057 10.469069
 49.200000 0.228385 11.911100 10.469069
 49.400000 0.211562 12.354447 10.469069
 49.600000 0.196648 10.172181 10.469069
 49.800000 0.209822 12.224905 10.469069
 50.000000 0.200567 10.884799 10.912964
 50.200000 0.222691 12.630778 10.912964
 50.400000 0.234868 11.566464 10.912964
 50.600000 0.253515 9.285125 10.912964
 50.800000 0.273266 3.615630 10.912964
 51.000000 0.284444 1.228940 10.912964
 51.200000 0.292393 1.868451 10.912964
 51.400000 0.280588 3.478981 10.912964
 51.600000 0.260458 7.965767 10.912964
 51.800000 0.265321 6.756056 10.912964
 52.000000 0.257152 8.734551 10.912964
 52.200000 0.273800 5.395364 10.912964
 52.400000 0.276242 4.785711 10.912964
 52.600000 0.294734 1.656926 10.912964
 52.800000 0.278935 4.172425 10.912964
 53.000000 0.288636 2.450164 10.912964
 53.200000 0.287026 4.250385 10.912964
 53.400000 0.285209 4.509861 10.912964
 53.600000 0.259016 9.707212 10.912964
 53.800000 0.258386 9.840463 10.912964
 54.000000 0.245296 11.580807 10.912964
 54.200000 0.242356 12.747046 10.912964
 54.400000 0.254861 11.364088 10.912964
 54.600000 0.264795 8.818718 10.912964
 54.800000 0.244964 12.644365 10.912964
 55.000000 0.244879 12.648936 11.294906
 55.200000 0.231772 13.467537 11.294906
 55.400000 0.221750 13.392461 11.294906
 55.600000 0.216496 13.453193 11.294906
 55.800000 0.219504 13.425821 11.294906
 56.000000 0.232078 13.477600 11.294906
 56.200000 0.222260 14.159984 11.294906
 56.400000 0.225112 14.224100 11.294906
 56.600000 0.238252 14.576317 11.294906
 56.800000 0.272439 7.037523 11.294906
 57.000000 0.260266 10.817429 11.294906
 57.200000 0.235145 14.794094 11.294906
 57.400000 0.239080 14.972213 11.294906
 57.600000 0.236323 14.856267 11.294906
 57.800000 0.227690 14.395283 11.294906
 58.000000 0.228458 14.430669 11.294906
 58.200000 0.220386 14.946260 11.294906
 58.400000 0.216130 14.666185 11.294906
 58.600000 0.223047 15.086292 11.294906
 58.800000 0.225677 15.216787 11.294906
 59.000000 0.211979 14.267088 11.294906
 59.200000 0.235567 15.907045 11.294906
 59.400000 0.219700 15.718692 11.294906
 59.600000 0.208088 14.625039 11.294906
 59.800000 0.206607 14.347085 11.294906
 60.000000 0.216233 15.564540 12.642516
 60.200000 0.223832 16.572728 12.642516
 60.400000 0.237647 16.208598 12.642516
 60.600000 0.241154 16.015194 12.642516
 60.800000 0.222329 16.585403 12.642516
 61.000000 0.210216 15.772324 12.642516
 61.200000 0.218523 17.285847 12.642516
 61.400000 0.226324 17.018007 12.642516
 61.600000 0.226201 17.024774 12.642516
 61.800000 0.213266 17.038606 12.642516
 62.000000 0.232205 16.682698 12.642516
 62.200000 0.243925 16.460082 12.642516
 62.400000 0.228403 17.706102 12.642516
 62.600000 0.230685 17.596651 12.642516
 62.800000 0.216037 17.695900 12.642516
 63.000000 0.212877 17.361005 12.642516
 63.200000 0.220826 18.583860 12.642516
 63.400000 0.220713 18.585827 12.642516
 63.600000 0.228348 18.182343 12.642516
 63.800000 0.197488 13.676425 12.642516
 64.000000 0.181479 9.664213 12.642516
 64.200000 0.192787 12.890187 12.642516
 64.400000 0.205224 16.744208 12.642516
 64.600000 0.217443 18.619502 12.642516
 64.800000 0.212094 18.193463 12.642516
 65.000000 0.192796 12.892773 14.110112
 65.200000 0.175128 10.819405 14.110112
 65.400000 0.194167 14.266257 14.110112
 65.600000 0.207733 17.984924 14.110112
 65.800000 0.222274 18.711504 14.110112
 66.000000 0.217762 18.872394 14.110112
 66.200000 0.204551 17.790180 14.110112
 66.400000 0.196404 15.201746 14.110112
 66.600000 0.192451 13.964257 14.110112
 66.800000 0.217985 19.625540 14.110112
 67.000000 0.223061 19.371319 14.110112
 67.200000 0.230068 19.293549 14.110112
 67.400000 0.233390 18.806739 14.110112
 67.600000 0.239749 17.781184 14.110112
 67.800000 0.244385 16.903535 14.110112
 68.000000 0.243572 17.069304 14.110112
 68.200000 0.230608 19.779653 14.110112
 68.400000 0.236177 19.098315 14.110112
 68.600000 0.250152 16.273820 14.110112
 68.800000 0.259208 13.067287 14.110112
 69.000000 0.267820 9.607374 14.110112
 69.200000 0.283564 5.820083 14.110112
 69.400000 0.280502 6.596954 14.110112
 69.600000 0.268527 10.480722 14.110112
 69.800000 0.260915 13.402509 14.110112
 70.000000 0.259682 13.861307 15.642140
 70.200000 0.238491 19.282247 15.642140
 70.400000 0.246252 18.340278 15.642140
 70.600000 0.246187 18.350490 15.642140
 70.800000 0.262357 13.783785 15.642140
 71.000000 0.276451 8.258643 15.642140
 71.200000 0.267825 12.587014 15.642140
 71.400000 0.270696 11.525297 15.642140
 71.600000 0.253926 17.069355 15.642140
 71.800000 0.226114 20.319394 15.642140
 72.000000 0.226962 20.261548 15.642140
 72.200000 0.212712 20.529764 15.642140
 72.400000 0.229567 20.764169 15.642140
 72.600000 0.258248 15.976531 15.642140
 72.800000 0.282337 7.544112 15.642140
 73.000000 0.287622 5.969009 15.642140
 73.200000 0.274889 10.951046 15.642140
 73.400000 0.266412 13.621714 15.642140
 73.600000 0.259456 15.818668 15.642140
 73.800000 0.262723 14.811509 15.642140
 74.000000 0.253277 17.468611 15.642140
 74.200000 0.257530 17.147024 15.642140
 74.400000 0.252515 18.446114 15.642140
 74.600000 0.235916 20.552186 15.642140
 74.800000 0.214717 20.858165 15.642140
 75.000000 0.220552 21.277831 16.912600
 75.200000 0.237823 20.756462 16.912600
 75.400000 0.237514 20.788932 16.912600
 75.600000 0.250532 18.948331 16.912600
 75.800000 0.281414 9.201413 16.912600
 76.000000 0.292910 5.798619 16.912600
 76.200000 0.277902 11.091058 16.912600
 76.400000 0.249326 19.202948 16.912600
 76.600000 0.247200 19.570252 16.912600
 76.800000 0.256897 17.438852 16.912600
 77.000000 0.265405 14.784114 16.912600
 77.200000 0.280997 10.838856 16.912600
 77.400000 0.279417 11.291027 16.912600
 77.600000 0.281620 10.661688 16.912600
 77.800000 0.259168 17.607287 16.912600
 78.000000 0.251850 19.297276 16.912600
 78.200000 0.245520 20.879554 16.912600
 78.400000 0.242453 21.123294 16.912600
 78.600000 0.225670 22.027217 16.912600
 78.800000 0.199688 16.908632 16.912600
 79.000000 0.195353 15.236414 16.912600
 79.200000 0.192754 15.195988 16.912600
 79.400000 0.190510 14.456692 16.912600
 79.600000 0.191553 14.792019 16.912600
 79.800000 0.199841 17.817745 16.912600
 80.000000 0.183836 12.679880 17.587654
 80.200000 0.159931 9.991420 17.587654
 80.400000 0.191868 15.757861 17.587654
 80.600000 0.194563 16.605223 17.587654
 80.800000 0.199484 18.259025 17.587654
 81.000000 0.206843 20.548387 17.587654
 81.200000 0.213872 22.555816 17.587654
 81.400000 0.232928 21.862079 17.587654
 81.600000 0.218545 22.797175 17.587654
 81.800000 0.215885 22.716615 17.587654
 82.000000 0.204145 20.465851 17.587654
 82.200000 0.196062 18.249114 17.587654
 82.400000 0.190176 16.095026 17.587654
 82.600000 0.182829 13.908791 17.587654
 82.800000 0.206110 21.746648 17.587654
 83.000000 0.207016 21.985176 17.587654
 83.200000 0.193167 17.586613 17.587654
 83.400000 0.176750 12.621804 17.587654
 83.600000 0.187189 15.401954 17.587654
 83.800000 0.207967 22.871251 17.587654
 84.000000 0.217363 23.773162 17.587654
 84.200000 0.226547 23.420573 17.587654
 84.400000 0.235313 22.161256 17.587654
 84.600000 0.215433 24.381096 17.587654
 84.800000 0.215431 24.381043 17.587654
 85.000000 0.206303 22.917703 19.512540
 85.200000 0.196167 19.519342 19.512540
 85.400000 0.195760 19.335749 19.512540
 85.600000 0.193353 18.262113 19.512540
 85.800000 0.202261 22.147460 19.512540
 86.000000 0.193741 18.432978 19.512540
 86.200000 0.164503 10.628723 19.512540
 86.400000 0.186006 16.012991 19.512540
 86.600000 0.206076 24.029205 19.512540
 86.800000 0.218298 25.004445 19.512540
 87.000000 0.220463 24.755679 19.512540
 87.200000 0.237276 22.323170 19.512540
 87.400000 0.228864 23.815647 19.512540
 87.600000 0.248121 20.828438 19.512540
 87.800000 0.241255 21.772069 19.512540
 88.000000 0.230483 23.496312 19.512540
 88.200000 0.247780 21.196821 19.512540
 88.400000 0.230361 24.134587 19.512540
 88.600000 0.225595 25.046688 19.512540
 88.800000 0.230158 24.173964 19.512540
 89.000000 0.227802 24.632398 19.512540
 89.200000 0.221517 26.233742 19.512540
 89.400000 0.224349 25.834412 19.512540
 89.600000 0.220619 26.330925 19.512540
 89.800000 0.243553 22.228416 19.512540
 90.000000 0.240393 22.789940 21.378675
 90.200000 0.213426 26.497164 21.378675
 90.400000 0.205282 24.530138 21.378675
 90.600000 0.205206 24.503141 21.378675
 90.800000 0.194255 19.639516 21.378675
 91.000000 0.181091 14.374417 21.378675
 91.200000 0.192355 19.449261 21.378675
 91.400000 0.191138 18.939130 21.378675
 91.600000 0.193337 19.869040 21.378675
 91.800000 0.203699 24.227876 21.378675
 92.000000 0.181863 15.540012 21.378675
 92.200000 0.179465 15.667061 21.378675
 92.400000 0.197920 22.365189 21.378675
 92.600000 0.185573 17.638608 21.378675
 92.800000 0.192397 20.151108 21.378675
 93.000000 0.185087 17.473121 21.378675
 93.200000 0.188261 19.372742 21.378675
 93.400000 0.221637 26.595453 21.378675
 93.600000 0.241050 23.306669 21.378675
 93.800000 0.244163 22.733036 21.378675
 94.000000 0.223295 26.391187 21.378675
 94.200000 0.225539 26.596414 21.378675
 94.400000 0.251241 21.274316 21.378675
 94.600000 0.241726 23.438252 21.378675
 94.800000 0.222847 26.989932 21.378675
 95.000000 0.203013 24.904015 22.458159
 95.200000 0.193333 21.752253 22.458159
 95.400000 0.193399 21.778610 22.458159
 95.600000 0.184483 18.359094 22.458159
 95.800000 0.186651 19.155578 22.458159
 96.000000 0.190153 20.491783 22.458159
 96.200000 0.197620 24.096464 22.458159
 96.400000 0.196068 23.504567 22.458159
 96.600000 0.170469 13.907619 22.458159
 96.800000 0.168842 13.367876 22.458159
 97.000000 0.178040 16.608496 22.458159
 97.200000 0.195391 23.669423 22.458159
 97.400000 0.177131 17.108449 22.458159
 97.600000 0.155040 10.537235 22.458159
 97.800000 0.145857 10.142392 22.458159
 98.000000 0.156895 10.810123 22.458159
 98.200000 0.166021 14.000584 22.458159
 98.400000 0.158589 12.195051 22.458159
 98.600000 0.146223 10.970863 22.458159
 98.800000 0.152058 11.270155 22.458159
 99.000000 0.149285 11.070762 22.458159
 99.200000 0.152584 12.363641 22.458159
 99.400000 0.161914 13.663046 22.458159
 99.600000 0.158757 13.102672 22.458159
 99.800000 0.141613 11.954952 22.458159
 100.000000 0.162538 13.788341 22.731446
 100.200000 0.163885 15.018208 22.731446
 100.400000 0.176897 18.257805 22.731446
 100.600000 0.179135 18.862590 22.731446
 100.800000 0.163242 14.881503 22.731446
 101.000000 0.162319 14.690593 22.731446
 101.200000 0.190092 22.226765 22.731446
 101.400000 0.199059 25.053093 22.731446
 101.600000 0.185260 20.869533 22.731446
 101.800000 0.183600 20.438977 22.731446
 102.000000 0.190501 22.348657 22.731446
 102.200000 0.184344 21.224260 22.731446
 102.400000 0.189664 22.745746 22.731446
 102.600000 0.194525 24.223996 22.731446
 102.800000 0.193074 23.776494 22.731446
 103.000000 0.196082 24.704014 22.731446
 103.200000 0.212219 28.449642 22.731446
 103.400000 0.214135 28.452549 22.731446
 103.600000 0.230698 25.823363 22.731446
 103.800000 0.244751 22.826221 22.731446
 104.000000 0.242705 23.259909 22.731446
 104.200000 0.242085 24.009521 22.731446
 104.400000 0.258153 19.501533 22.731446
 104.600000 0.246579 23.023239 22.731446
 104.800000 0.232274 25.958506 22.731446
 105.000000 0.226657 27.067329 23.800715
 105.200000 0.239787 24.830701 23.800715
 105.400000 0.232973 26.298183 23.800715
 105.600000 0.205437 27.935263 23.800715
 105.800000 0.212998 28.893997 23.800715
 106.000000 0.225747 27.760559 23.800715
 106.200000 0.224418 28.500368 23.800715
 106.400000 0.233818 26.556923 23.800715
 106.600000 0.239867 25.139023 23.800715
 106.800000 0.258938 19.298863 23.800715
 107.000000 0.273424 13.497135 23.800715
 107.200000 0.267528 16.663588 23.800715
 107.400000 0.266275 17.145252 23.800715
 107.600000 0.275038 13.878535 23.800715
 107.800000 0.287731 9.564553 23.800715
 108.000000 0.288363 9.346885 23.800715
 108.200000 0.261420 19.222464 23.800715
 108.400000 0.279503 13.304617 23.800715
 108.600000 0.280582 12.980636 23.800715
 108.800000 0.261887 19.061124 23.800715
 109.000000 0.288932 10.303397 23.800715
 109.200000 0.286297 12.285439 23.800715
 109.400000 0.293479 9.687207 23.800715
 109.600000 0.295829 8.712528 23.800715
 109.800000 0.313031 2.254123 23.800715
 110.000000 0.298479 7.576803 24.160303
 110.200000 0.303050 6.829063 24.160303
 110.400000 0.308260 4.675932 24.160303
 110.600000 0.304770 6.090327 24.160303
 110.800000 0.297496 9.246544 24.160303
 111.000000 0.296096 9.831968 24.160303
 111.200000 0.288909 13.441973 24.160303
 111.400000 0.280486 15.216100 24.160303
 111.600000 0.280967 15.133378 24.160303
 111.800000 0.300225 9.153953 24.160303
 112.000000 0.301651 8.495121 24.160303
 112.200000 0.319582 2.368220 24.160303
 112.400000 0.324313 1.338307 24.160303
 112.600000 0.313680 4.276812 24.160303
 112.800000 0.317791 2.872682 24.160303
 113.000000 0.299587 10.631888 24.160303
 113.200000 0.270829 17.337891 24.160303
 113.400000 0.264955 18.661178 24.160303
 113.600000 0.248442 23.213680 24.160303
 113.800000 0.261921 19.488543 24.160303
 114.000000 0.260802 19.807097 24.160303
 114.200000 0.249328 23.532271 24.160303
 114.400000 0.266228 19.015825 24.160303
 114.600000 0.258540 21.176827 24.160303
 114.800000 0.271748 17.729837 24.160303
 115.000000 0.258898 21.075351 24.254429
 115.200000 0.281929 16.490205 24.254429
 115.400000 0.272151 18.114395 24.254429
 115.600000 0.278399 16.985923 24.254429
 115.800000 0.286154 15.860884 24.254429
 116.000000 0.280065 16.746664 24.254429
 116.200000 0.290932 15.499303 24.254429
 116.400000 0.297150 13.236309 24.254429
 116.600000 0.313244 5.234231 24.254429
 116.800000 0.316785 3.788899 24.254429
 117.000000 0.307996 7.779012 24.254429
 117.200000 0.292603 15.713324 24.254429
 117.400000 0.291190 16.083612 24.254429
 117.600000 0.284110 17.329251 24.254429
 117.800000 0.265946 20.257694 24.254429
 118.000000 0.268722 19.601950 24.254429
 118.200000 0.258024 22.855160 24.254429
 118.400000 0.249188 24.528918 24.254429
 118.600000 0.272760 19.501230 24.254429
 118.800000 0.254627 23.567593 24.254429
 119.000000 0.254589 23.574977 24.254429
 119.200000 0.269202 20.607073 24.254429
 119.400000 0.256918 23.701851 24.254429
 119.600000 0.250388 24.923129 24.254429
 119.800000 0.257710 23.523960 24.254429
 120.000000 0.282916 18.041287 24.399879
 120.200000 0.289150 17.585703 24.399879
 120.400000 0.270235 20.906628 24.399879
 120.600000 0.261449 22.892916 24.399879
 120.800000 0.242491 25.997406 24.399879
 121.000000 0.246926 25.457737 24.399879
 121.200000 0.259150 23.811241 24.399879
 121.400000 0.236883 27.177000 24.399879
 121.600000 0.213747 29.356420 24.399879
 121.800000 0.227382 28.470230 24.399879
 122.000000 0.234808 27.437078 24.399879
 122.200000 0.238338 27.505537 24.399879
 122.400000 0.244235 26.763522 24.399879
 122.600000 0.238740 27.455522 24.399879
 122.800000 0.230862 28.475896 24.399879
 123.000000 0.240186 27.276292 24.399879
 123.200000 0.250737 26.188955 24.399879
 123.400000 0.231408 28.840714 24.399879
 123.600000 0.247263 26.807723 24.399879
 123.800000 0.239754 27.848794 24.399879
 124.000000 0.218309 29.840653 24.399879
 124.200000 0.231893 29.091438 24.399879
 124.400000 0.247752 26.794120 24.399879
 124.600000 0.231741 29.111867 24.399879
 124.800000 0.219703 30.283563 24.399879
 125.000000 0.224715 29.959292 25.851108
 125.200000 0.219316 30.724535 25.851108
 125.400000 0.189787 23.478456 25.851108
 125.600000 0.196947 25.986003 25.851108
 125.800000 0.204993 28.655089 25.851108
 126.000000 0.189560 23.401992 25.851108
 126.200000 0.199866 27.498828 25.851108
 126.400000 0.182057 21.566821 25.851108
 126.600000 0.174414 19.198408 25.851108
 126.800000 0.172799 18.716010 25.851108
 127.000000 0.179700 20.823502 25.851108
 127.200000 0.185481 23.310780 25.851108
 127.400000 0.189306 24.497422 25.851108
 127.600000 0.186756 23.705620 25.851108
 127.800000 0.174455 19.861686 25.851108
 128.000000 0.178925 21.272849 25.851108
 128.200000 0.176967 21.329398 25.851108
 128.400000 0.193622 26.266925 25.851108
 128.600000 0.191107 25.546407 25.851108
 128.800000 0.203160 28.895818 25.851108
 129.000000 0.221306 30.756895 25.851108
 129.200000 0.237491 28.897040 25.851108
 129.400000 0.224439 30.933565 25.851108
 129.600000 0.225783 30.777508 25.851108
 129.800000 0.215765 31.245841 25.851108
 130.000000 0.211139 30.800641 26.777038
 130.200000 0.191327 25.854056 26.777038
 130.400000 0.181373 22.780434 26.777038
 130.600000 0.194787 26.937924 26.777038
 130.800000 0.190275 25.528092 26.777038
 131.000000 0.207660 30.617206 26.777038
 131.200000 0.196616 27.856344 26.777038
 131.400000 0.189369 25.460908 26.777038
 131.600000 0.185917 24.344142 26.777038
 131.800000 0.171611 19.605185 26.777038
 132.000000 0.180045 22.441676 26.777038
 132.200000 0.184201 24.411406 26.777038
 132.400000 0.154807 14.812967 26.777038
 132.600000 0.144252 12.996976 26.777038
 132.800000 0.152435 14.287546 26.777038
 133.000000 0.143624 12.929985 26.777038
 133.200000 0.156305 15.868142 26.777038
 133.400000 0.168739 19.358728 26.777038
 133.600000 0.172317 20.565360 26.777038
 133.800000 0.175970 21.800578 26.777038
 134.000000 0.178942 22.780421 26.777038
 134.200000 0.180526 23.919741 26.777038
 134.400000 0.182736 24.597913 26.777038
 134.600000 0.180951 24.052539 26.777038
 134.800000 0.178245 23.187253 26.777038
 135.000000 0.195050 28.081772 27.424554
 135.200000 0.186000 25.967580 27.424554
 135.400000 0.195891 28.818085 27.424554
 135.600000 0.187496 26.414823 27.424554
 135.800000 0.188834 26.807769 27.424554
 136.000000 0.185705 25.878103 27.424554
 136.200000 0.177028 23.492542 27.424554
 136.400000 0.183309 25.682756 27.424554
 136.600000 0.216618 32.369232 27.424554
 136.800000 0.221222 32.022988 27.424554
 137.000000 0.226644 31.199292 27.424554
 137.200000 0.221204 32.433269 27.424554
 137.400000 0.230919 30.792572 27.424554
 137.600000 0.233724 30.197764 27.424554
 137.800000 0.241679 28.518511 27.424554
 138.000000 0.232704 30.415652 27.424554
 138.200000 0.241381 28.962673 27.424554
 138.400000 0.267597 21.883318 27.424554
 138.600000 0.262777 23.278342 27.424554
 138.800000 0.268693 21.591820 27.424554
 139.000000 0.264670 22.713790 27.424554
 139.200000 0.249122 27.533802 27.424554
 139.400000 0.236973 30.054111 27.424554
 139.600000 0.260501 24.581655 27.424554
 139.800000 0.238345 29.772444 27.424554
 140.000000 0.234572 30.548059 28.405626
 140.200000 0.241375 29.558474 28.405626
 140.400000 0.252308 27.019775 28.405626
 140.600000 0.252629 26.935823 28.405626
 140.800000 0.229190 32.045307 28.405626
 141.000000 0.232986 31.320424 28.405626
 141.200000 0.236429 31.033571 28.405626
 141.400000 0.246169 28.795042 28.405626
 141.600000 0.236824 30.948137 28.405626
 141.800000 0.237050 30.899062 28.405626
 142.000000 0.237616 30.775216 28.405626
 142.200000 0.243725 29.790126 28.405626
 142.400000 0.256925 26.063158 28.405626
 142.600000 0.250429 28.024445 28.405626
 142.800000 0.252994 27.279506 28.405626
 143.000000 0.257405 25.909553 28.405626
 143.200000 0.275661 20.841943 28.405626
 143.400000 0.265904 23.622082 28.405626
 143.600000 0.239085 31.152211 28.405626
 143.800000 0.242286 30.473270 28.405626
 144.000000 0.242889 30.340495 28.405626
 144.200000 0.234344 32.462971 28.405626
 144.400000 0.219191 33.822705 28.405626
 144.600000 0.240041 31.398786 28.405626
 144.800000 0.248870 29.343740 28.405626
 145.000000 0.262000 25.134481 29.244962
 145.200000 0.252026 28.916989 29.244962
 145.400000 0.260786 26.135163 29.244962
 145.600000 0.274348 21.613193 29.244962
 145.800000 0.261988 25.710200 29.244962
 146.000000 0.233231 32.738081 29.244962
 146.200000 0.244346 31.058666 29.244962
 146.400000 0.224625 34.055645 29.244962
 146.600000 0.216804 33.948046 29.244962
 146.800000 0.222640 34.125637 29.244962
 147.000000 0.224190 34.076057 29.244962
 147.200000 0.233198 33.470183 29.244962
 147.400000 0.223298 34.491955 29.244962
 147.600000 0.220705 34.506261 29.244962
 147.800000 0.200558 30.809594 29.244962
 148.000000 0.216068 34.213404 29.244962
 148.200000 0.207464 32.989815 29.244962
 148.400000 0.195463 29.482056 29.244962
 148.600000 0.192367 28.546721 29.244962
 148.800000 0.209094 33.386821 29.244962
 149.000000 0.196163 29.694882 29.244962
 149.200000 0.202295 31.980412 29.244962
 149.400000 0.197114 30.450167 29.244962
 149.600000 0.200601 31.491612 29.244962
 149.800000 0.183224 26.027913 29.244962
 150.000000 0.204760 32.659876 30.522654
 150.200000 0.220104 35.230952 30.522654
 150.400000 0.206541 33.523004 30.522654
 150.600000 0.207250 33.692777 30.522654
 150.800000 0.205925 33.369962 30.522654
 151.000000 0.216212 35.105282 30.522654
 151.200000 0.200795 32.158414 30.522654
 151.400000 0.184372 26.625238 30.522654
 151.600000 0.179629 24.836581 30.522654
 151.800000 0.196897 30.899867 30.522654
 152.000000 0.185438 27.008450 30.522654
 152.200000 0.183504 26.829271 30.522654
 152.400000 0.200206 32.296195 30.522654
 152.600000 0.202250 32.887590 30.522654
 152.800000 0.216183 35.532943 30.522654
 153.000000 0.224729 35.327172 30.522654
 153.200000 0.241998 32.130736 30.522654
 153.400000 0.232526 34.405217 30.522654
 153.600000 0.234469 33.978214 30.522654
 153.800000 0.250349 29.799542 30.522654
 154.000000 0.245996 31.056091 30.522654
 154.200000 0.248323 30.831241 30.522654
 154.400000 0.229961 35.163834 30.522654
 154.600000 0.225123 35.813464 30.522654
 154.800000 0.228623 35.377256 30.522654
 155.000000 0.242661 32.384650 31.528924
 155.200000 0.241377 33.122731 31.528924
 155.400000 0.248643 31.118820 31.528924
 155.600000 0.250802 30.435349 31.528924
 155.800000 0.267387 24.099688 31.528924
 156.000000 0.276512 21.132317 31.528924
 156.200000 0.255775 28.947483 31.528924
 156.400000 0.273861 22.556614 31.528924
 156.600000 0.277687 21.504976 31.528924
 156.800000 0.278631 21.262079 31.528924
 157.000000 0.291775 17.503626 31.528924
 157.200000 0.303371 12.513605 31.528924
 157.400000 0.294710 17.101118 31.528924
 157.600000 0.274704 22.732963 31.528924
 157.800000 0.279378 21.642842 31.528924
 158.000000 0.241197 33.210074 31.528924
 158.200000 0.235083 34.918846 31.528924
 158.400000 0.245383 32.536792 31.528924
 158.600000 0.257911 28.458580 31.528924
 158.800000 0.271450 23.662881 31.528924
 159.000000 0.293474 17.633785 31.528924
 159.200000 0.310444 8.771057 31.528924
 159.400000 0.302807 13.502101 31.528924
 159.600000 0.297846 16.357933 31.528924
 159.800000 0.300952 14.617675 31.528924
 160.000000 0.306706 11.070119 31.716461
 160.200000 0.313128 8.201159 31.716461
 160.400000 0.309404 10.449653 31.716461
 160.600000 0.320325 4.537517 31.716461
 160.800000 0.318669 5.277798 31.716461
 161.000000 0.307255 11.794520 31.716461
 161.200000 0.314074 8.592924 31.716461
 161.400000 0.316631 7.129439 31.716461
 161.600000 0.327520 2.520520 31.716461
 161.800000 0.304854 14.314457 31.716461
 162.000000 0.291400 20.461128 31.716461
 162.200000 0.276745 23.397505 31.716461
 162.400000 0.276789 23.391305 31.716461
 162.600000 0.283402 22.611738 31.716461
 162.800000 0.296326 19.434644 31.716461
 163.000000 0.301301 16.934363 31.716461
 163.200000 0.310569 11.730320 31.716461
 163.400000 0.318855 6.502858 31.716461
 163.600000 0.293834 21.132740 31.716461
 163.800000 0.270978 24.559121 31.716461
 164.000000 0.255495 29.416994 31.716461
 164.200000 0.277669 23.667419 31.716461
 164.400000 0.291202 21.900976 31.716461
 164.600000 0.269204 25.284797 31.716461
 164.800000 0.269787 25.130888 31.716461
 165.000000 0.271728 24.664368 31.811056
 165.200000 0.265177 27.028523 31.811056
 165.400000 0.282677 23.612577 31.811056
 165.600000 0.282622 23.618860 31.811056
 165.800000 0.294143 21.236887 31.811056
 166.000000 0.280996 23.802717 31.811056
 166.200000 0.261845 28.378065 31.811056
 166.400000 0.255757 30.275947 31.811056
 166.600000 0.253608 30.917600 31.811056
 166.800000 0.266309 27.055145 31.811056
 167.000000 0.255143 30.461587 31.811056
 167.200000 0.243004 33.940335 31.811056
 167.400000 0.245442 33.431418 31.811056
 167.600000 0.252195 31.766949 31.811056
 167.800000 0.263509 28.254299 31.811056
 168.000000 0.261079 29.033141 31.811056
 168.200000 0.270255 26.729809 31.811056
 168.400000 0.282102 24.550621 31.811056
 168.600000 0.255624 31.216091 31.811056
 168.800000 0.248839 32.988574 31.811056
 169.000000 0.274212 25.821879 31.811056
 169.200000 0.292961 22.398484 31.811056
 169.400000 0.278730 25.567879 31.811056
 169.600000 0.265021 28.706004 31.811056
 169.800000 0.286215 24.298305 31.811056
 170.000000 0.294612 21.737186 32.005652
 170.200000 0.327734 2.728421 32.005652
 170.400000 0.327342 2.856292 32.005652
 170.600000 0.322008 5.035973 32.005652
 170.800000 0.291233 23.648485 32.005652
 171.000000 0.284816 25.106597 32.005652
 171.200000 0.313042 10.564751 32.005652
 171.400000 0.306223 15.631395 32.005652
 171.600000 0.309905 12.867531 32.005652
 171.800000 0.328002 2.651454 32.005652
 172.000000 0.315423 8.913556 32.005652
 172.200000 0.294776 23.244576 32.005652
 172.400000 0.274711 27.034839 32.005652
 172.600000 0.268491 28.189133 32.005652
 172.800000 0.276396 26.806083 32.005652
 173.000000 0.278905 26.510795 32.005652
 173.200000 0.276909 27.274495 32.005652
 173.400000 0.271661 28.013722 32.005652
 173.600000 0.280339 26.889948 32.005652
 173.800000 0.291820 24.681929 32.005652
 174.000000 0.276649 27.305423 32.005652
 174.200000 0.280133 27.417558 32.005652
 174.400000 0.287218 26.301032 32.005652
 174.600000 0.329203 3.064072 32.005652
 174.800000 0.323183 5.542596 32.005652
 175.000000 0.305935 16.989564 32.033459
 175.200000 0.309840 14.914509 32.033459
 175.400000 0.309475 15.188330 32.033459
 175.600000 0.321976 6.620885 32.033459
 175.800000 0.320706 7.353101 32.033459
 176.000000 0.322027 6.592483 32.033459
 176.200000 0.319022 9.665359 32.033459
 176.400000 0.333657 2.944587 32.033459
 176.600000 0.323880 6.900167 32.033459
 176.800000 0.321267 8.327507 32.033459
 177.000000 0.315902 11.670023 32.033459
 177.200000 0.337246 2.395949 32.033459
 177.400000 0.331738 4.144108 32.033459
 177.600000 0.321635 9.084609 32.033459
 177.800000 0.312118 15.266181 32.033459
 178.000000 0.329314 5.126027 32.033459
 178.200000 0.339519 2.963406 32.033459
 178.400000 0.317097 12.921010 32.033459
 178.600000 0.305441 20.079248 32.033459
 178.800000 0.308801 18.051848 32.033459
 179.000000 0.295201 25.004696 32.033459
 179.200000 0.274538 28.428041 32.033459
 179.400000 0.268402 29.230283 32.033459
 179.600000 0.250485 33.014050 32.033459
 179.800000 0.259418 31.100262 32.033459
 180.000000 0.281417 27.960940 32.028897
 180.200000 0.298675 24.433707 32.028897
 180.400000 0.327118 7.571416 32.028897
 180.600000 0.346387 1.503730 32.028897
 180.800000 0.340667 2.674251 32.028897
 181.000000 0.339938 2.859286 32.028897
 181.200000 0.324948 9.582712 32.028897
 181.400000 0.335382 5.683496 32.028897
 181.600000 0.291938 26.963398 32.028897
 181.800000 0.299498 24.071593 32.028897
 182.000000 0.303217 22.088346 32.028897
 182.200000 0.307925 19.873870 32.028897
 182.400000 0.317186 14.000700 32.028897
 182.600000 0.325735 9.443047 32.028897
 182.800000 0.309913 18.597009 32.028897
 183.000000 0.291264 27.613585 32.028897
 183.200000 0.303068 23.202347 32.028897
 183.400000 0.324020 10.304443 32.028897
 183.600000 0.318494 13.325060 32.028897
 183.800000 0.293789 27.454806 32.028897
 184.000000 0.293777 27.458361 32.028897
 184.200000 0.277393 29.452733 32.028897
 184.400000 0.264497 30.444347 32.028897
 184.600000 0.265586 30.273906 32.028897
 184.800000 0.268971 29.838430 32.028897
 185.000000 0.287929 29.177126 32.051020
 185.200000 0.300409 25.486183 32.051020
 185.400000 0.323580 10.623270 32.051020
 185.600000 0.346350 2.924985 32.051020
 185.800000 0.326308 9.279882 32.051020
 186.000000 0.318731 13.370173 32.051020
 186.200000 0.306105 22.603785 32.051020
 186.400000 0.306226 22.525741 32.051020
 186.600000 0.330518 8.190476 32.051020
 186.800000 0.336795 5.794110 32.051020
 187.000000 0.325447 10.560393 32.051020
 187.200000 0.328401 10.201728 32.051020
 187.400000 0.320389 14.371957 32.051020
 187.600000 0.360865 0.875335 32.051020
 187.800000 0.360447 0.919121 32.051020
 188.000000 0.345334 3.791142 32.051020
 188.200000 0.334248 8.744459 32.051020
 188.400000 0.336427 7.994246 32.051020
 188.600000 0.336185 8.075847 32.051020
 188.800000 0.337704 7.572184 32.051020
 189.000000 0.346562 4.930190 32.051020
 189.200000 0.374171 0.615017 32.051020
 189.400000 0.380286 0.245000 32.051020
 189.600000 0.353532 4.439437 32.051020
 189.800000 0.336319 9.142779 32.051020
 190.000000 0.325912 12.599258 32.021177
 190.200000 0.341807 8.194730 32.021177
 190.400000 0.347009 6.583309 32.021177
 190.600000 0.345350 7.095123 32.021177
 190.800000 0.345020 7.197274 32.021177
 191.000000 0.358983 3.144807 32.021177
 191.200000 0.368366 2.531199 32.021177
 191.400000 0.353245 6.118204 32.021177
 191.600000 0.366704 2.870851 32.021177
 191.800000 0.358957 4.672653 32.021177
 192.000000 0.348990 7.194011 32.021177
 192.200000 0.367620 3.266912 32.021177
 192.400000 0.344548 9.515476 32.021177
 192.600000 0.337082 11.130641 32.021177
 192.800000 0.347050 8.937947 32.021177
 193.000000 0.367144 3.388214 32.021177
 193.200000 0.365484 5.321345 32.021177
 193.400000 0.370676 4.005788 32.021177
 193.600000 0.357366 7.374638 32.021177
 193.800000 0.352562 8.463556 32.021177
 194.000000 0.359790 6.779758 32.021177
 194.200000 0.335807 11.939795 32.021177
 194.400000 0.330644 12.950808 32.021177
 194.600000 0.326761 13.984249 32.021177
 194.800000 0.321825 15.697876 32.021177
 195.000000 0.346243 10.555976 31.985792
 195.200000 0.328216 14.095925 31.985792
 195.400000 0.328221 14.094673 31.985792
 195.600000 0.329926 13.726225 31.985792
 195.800000 0.327417 14.287184 31.985792
 196.000000 0.333209 13.152178 31.985792
 196.200000 0.332097 14.300214 31.985792
 196.400000 0.349769 11.661709 31.985792
 196.600000 0.352964 10.940739 31.985792
 196.800000 0.342184 12.925793 31.985792
 197.000000 0.333347 14.105503 31.985792
 197.200000 0.363634 7.852370 31.985792
 197.400000 0.363338 7.958051 31.985792
 197.600000 0.369828 5.658862 31.985792
 197.800000 0.383518 1.872164 31.985792
 198.000000 0.374366 4.175754 31.985792
 198.200000 0.368518 7.460027 31.985792
 198.400000 0.371700 6.457272 31.985792
 198.600000 0.384644 2.812319 31.985792
 198.800000 0.393275 1.230369 31.985792
 199.000000 0.378308 4.457304 31.985792
 199.200000 0.365121 9.496294 31.985792
 199.400000 0.380595 5.242079 31.985792
 199.600000 0.383121 4.537209 31.985792
 199.800000 0.373487 7.262201 31.985792
 200.000000 0.378644 5.796221 31.951711
 200.200000 0.395698 2.369699 31.951711
 200.400000 0.414676 0.189895 31.951711
 200.600000 0.396206 2.258492 31.951711
 200.800000 0.403545 1.009805 31.951711
 201.000000 0.402016 1.215074 31.951711
 201.200000 0.372818 8.949260 31.951711
 201.400000 0.357900 11.728292 31.951711
 201.600000 0.344003 13.771907 31.951711
 201.800000 0.343879 13.787586 31.951711
 202.000000 0.356290 11.992066 31.951711
 202.200000 0.338977 14.911124 31.951711
 202.400000 0.315755 19.537447 31.951711
 202.600000 0.328417 16.056206 31.951711
 202.800000 0.360972 12.186144 31.951711
 203.000000 0.336703 15.096981 31.951711
 203.200000 0.324557 17.440218 31.951711
 203.400000 0.327586 16.937623 31.951711
 203.600000 0.322519 17.866004 31.951711
 203.800000 0.332319 16.381416 31.951711
 204.000000 0.325101 17.338830 31.951711
 204.200000 0.327799 17.702736 31.951711
 204.400000 0.328038 17.667141 31.951711
 204.600000 0.327692 17.718875 31.951711
 204.800000 0.316046 20.441085 31.951711
 205.000000 0.331001 17.263916 31.920951
 205.200000 0.364706 11.666776 31.920951
 205.400000 0.335443 17.511476 31.920951
 205.600000 0.317365 20.553113 31.920951
 205.800000 0.328035 18.462831 31.920951
 206.000000 0.331933 17.957709 31.920951
 206.200000 0.338769 17.763342 31.920951
 206.400000 0.323710 19.809966 31.920951
 206.600000 0.326346 19.437835 31.920951
 206.800000 0.328517 19.163451 31.920951
 207.000000 0.329074 19.095036 31.920951
 207.200000 0.342322 17.628753 31.920951
 207.400000 0.359148 13.264705 31.920951
 207.600000 0.351024 15.456418 31.920951
 207.800000 0.366141 11.398307 31.920951
 208.000000 0.366238 11.372447 31.920951
 208.200000 0.352142 15.834081 31.920951
 208.400000 0.381515 7.846284 31.920951
 208.600000 0.380171 8.268157 31.920951
 208.800000 0.386529 6.335743 31.920951
 209.000000 0.372123 10.765746 31.920951
 209.200000 0.357094 15.349202 31.920951
 209.400000 0.347525 17.137587 31.920951
 209.600000 0.355005 15.743681 31.920951
 209.800000 0.361738 14.431616 31.920951
 210.000000 0.358385 15.101044 31.890683
 210.200000 0.360763 15.512852 31.890683
 210.400000 0.387494 6.837238 31.890683
 210.600000 0.388748 6.417578 31.890683
 210.800000 0.375206 11.364034 31.890683
 211.000000 0.367267 13.926553 31.890683
 211.200000 0.358465 16.770423 31.890683
 211.400000 0.348171 18.143567 31.890683
 211.600000 0.343454 18.684268 31.890683
 211.800000 0.354725 17.325830 31.890683
 212.000000 0.336055 19.454287 31.890683
 212.200000 0.335201 20.268996 31.890683
 212.400000 0.326186 20.928670 31.890683
 212.600000 0.344932 19.134958 31.890683
 212.800000 0.349121 18.534279 31.890683
 213.000000 0.348263 18.660608 31.890683
 213.200000 0.339282 20.489677 31.890683
 213.400000 0.350815 19.031522 31.890683
 213.600000 0.344727 19.904462 31.890683
 213.800000 0.347790 19.491291 31.890683
 214.000000 0.334644 20.822312 31.890683
 214.200000 0.345501 20.337793 31.890683
 214.400000 0.375467 12.263804 31.890683
 214.600000 0.358971 17.689865 31.890683
 214.800000 0.347047 20.087929 31.890683
 215.000000 0.327540 21.745338 31.863649
 215.200000 0.326296 22.435218 31.863649
 215.400000 0.332273 22.255388 31.863649
 215.600000 0.342836 21.121181 31.863649
 215.800000 0.336802 21.919808 31.863649
 216.000000 0.352621 19.232246 31.863649
 216.200000 0.363732 17.043574 31.863649
 216.400000 0.392639 5.478801 31.863649
 216.600000 0.408213 2.160476 31.863649
 216.800000 0.399029 3.773933 31.863649
 217.000000 0.391312 5.908389 31.863649
 217.200000 0.392063 7.005467 31.863649
 217.400000 0.370249 15.199781 31.863649
 217.600000 0.360495 18.180787 31.863649
 217.800000 0.364739 16.992678 31.863649
 218.000000 0.374098 13.792294 31.863649
 218.200000 0.367635 16.947770 31.863649
 218.400000 0.348756 21.003550 31.863649
 218.600000 0.337818 22.318004 31.863649
 218.800000 0.328179 22.598354 31.863649
 219.000000 0.342142 21.912872 31.863649
 219.200000 0.347797 21.766267 31.863649
 219.400000 0.341290 22.664517 31.863649
 219.600000 0.342761 22.500031 31.863649
 219.800000 0.352620 20.875970 31.863649
 220.000000 0.370655 16.085824 31.834011
 220.200000 0.397756 5.731557 31.834011
 220.400000 0.385033 10.784843 31.834011
 220.600000 0.379736 13.207142 31.834011
 220.800000 0.411891 2.265439 31.834011
 221.000000 0.418089 1.328222 31.834011
 221.200000 0.393616 7.611630 31.834011
 221.400000 0.391326 8.402357 31.834011
 221.600000 0.388618 9.433084 31.834011
 221.800000 0.390848 8.576980 31.834011
 222.000000 0.416665 3.158433 31.834011
 222.200000 0.415922 4.771735 31.834011
 222.400000 0.387599 10.075133 31.834011
 222.600000 0.386245 10.600972 31.834011
 222.800000 0.368493 17.679378 31.834011
 223.000000 0.376483 14.717529 31.834011
 223.200000 0.385062 11.848525 31.834011
 223.400000 0.389487 10.007252 31.834011
 223.600000 0.390768 9.523554 31.834011
 223.800000 0.396167 7.805199 31.834011
 224.000000 0.390456 9.638617 31.834011
 224.200000 0.401988 7.399541 31.834011
 224.400000 0.384896 12.984728 31.834011
 224.600000 0.398539 8.208668 31.834011
 224.800000 0.392458 10.056255 31.834011
 225.000000 0.409976 5.982642 31.801439
 225.200000 0.413638 6.722793 31.801439
 225.400000 0.399183 9.079398 31.801439
 225.600000 0.376383 16.506948 31.801439
 225.800000 0.378091 15.892558 31.801439
 226.000000 0.352040 21.665997 31.801439
 226.200000 0.321001 23.018467 31.801439
 226.400000 0.318282 23.119064 31.801439
 226.600000 0.327780 23.209645 31.801439
 226.800000 0.330496 23.344674 31.801439
 227.000000 0.318758 23.090891 31.801439
 227.200000 0.318143 23.753307 31.801439
 227.400000 0.326716 23.700137 31.801439
 227.600000 0.341994 23.512172 31.801439
 227.800000 0.350633 22.574775 31.801439
 228.000000 0.338945 23.710577 31.801439
 228.200000 0.322251 23.952198 31.801439
 228.400000 0.322565 23.959895 31.801439
 228.600000 0.318866 23.958602 31.801439
 228.800000 0.305956 26.117023 31.801439
 229.000000 0.326185 24.108678 31.801439
 229.200000 0.319531 24.484541 31.801439
 229.400000 0.310104 25.389153 31.801439
 229.600000 0.311955 25.060099 31.801439
 229.800000 0.321695 24.513233 31.801439
 230.000000 0.308297 25.775746 31.797160
 230.200000 0.306219 26.837976 31.797160
 230.400000 0.310768 25.810659 31.797160
 230.600000 0.314157 25.279891 31.797160
 230.800000 0.325695 24.964224 31.797160
 231.000000 0.326157 24.977809 31.797160
 231.200000 0.309040 26.463368 31.797160
 231.400000 0.293852 29.833434 31.797160
 231.600000 0.283603 30.246259 31.797160
 231.800000 0.279198 30.022524 31.797160
 232.000000 0.274557 29.870600 31.797160
 232.200000 0.256386 32.240251 31.797160
 232.400000 0.253544 32.727137 31.797160
 232.600000 0.275430 30.343856 31.797160
 232.800000 0.277773 30.407771 31.797160
 233.000000 0.282727 30.605754 31.797160
 233.200000 0.294185 30.314253 31.797160
 233.400000 0.292028 30.665007 31.797160
 233.600000 0.290607 30.839254 31.797160
 233.800000 0.292339 30.620610 31.797160
 234.000000 0.256316 32.346550 31.797160
 234.200000 0.237223 35.390432 31.797160
 234.400000 0.244397 34.504906 31.797160
 234.600000 0.259351 32.274710 31.797160
 234.800000 0.262486 31.800108 31.797160
 235.000000 0.267088 31.243886 32.054890
 235.200000 0.267824 31.611766 32.054890
 235.400000 0.278002 31.320947 32.054890
 235.600000 0.279548 31.347950 32.054890
 235.800000 0.274098 31.305012 32.054890
 236.000000 0.278092 31.322369 32.054890
 236.200000 0.288546 31.546179 32.054890
 236.400000 0.296992 29.983313 32.054890
 236.600000 0.282333 31.806812 32.054890
 236.800000 0.283571 31.799805 32.054890
 237.000000 0.276629 31.735009 32.054890
 237.200000 0.307240 27.129700 32.054890
 237.400000 0.311967 26.113269 32.054890
 237.600000 0.297172 30.101902 32.054890
 237.800000 0.300555 29.100305 32.054890
 238.000000 0.311361 26.217928 32.054890
 238.200000 0.300082 29.655036 32.054890
 238.400000 0.294138 31.164722 32.054890
 238.600000 0.282342 32.285560 32.054890
 238.800000 0.274244 32.167738 32.054890
 239.000000 0.291785 31.606542 32.054890
 239.200000 0.287637 32.517362 32.054890
 239.400000 0.277873 32.498965 32.054890
 239.600000 0.262198 32.830535 32.054890
 239.800000 0.263723 32.698343 32.054890
 240.000000 0.271083 32.356868 32.289833
 240.200000 0.252085 34.095047 32.289833
 240.400000 0.240284 35.199811 32.289833
 240.600000 0.254217 33.893796 32.289833
 240.800000 0.252639 34.042866 32.289833
 241.000000 0.256165 33.711303 32.289833
 241.200000 0.251207 34.546044 32.289833
 241.400000 0.260425 33.698448 32.289833
 241.600000 0.248188 34.792584 32.289833
 241.800000 0.267006 33.176711 32.289833
 242.000000 0.263455 33.430446 32.289833
 242.200000 0.257603 34.331204 32.289833
 242.400000 0.250939 34.847074 32.289833
 242.600000 0.240118 35.552821 32.289833
 242.800000 0.248991 34.976080 32.289833
 243.000000 0.255755 34.485239 32.289833
 243.200000 0.265279 33.989015 32.289833
 243.400000 0.300121 30.101251 32.289833
 243.600000 0.298240 30.676039 32.289833
 243.800000 0.288256 32.859093 32.289833
 244.000000 0.268222 33.752745 32.289833
 244.200000 0.280941 33.600010 32.289833
 244.400000 0.270858 33.972866 32.289833
 244.600000 0.275560 33.770072 32.289833
 244.800000 0.275432 33.774261 32.289833
 245.000000 0.290323 32.695377 32.830539
 245.200000 0.276478 34.007435 32.830539
 245.400000 0.291348 32.910411 32.830539
 245.600000 0.315096 26.469308 32.830539
 245.800000 0.313411 26.722009 32.830539
 246.000000 0.301300 30.076852 32.830539
 246.200000 0.292511 33.050023 32.830539
 246.400000 0.290929 33.352718 32.830539
 246.600000 0.306736 28.738866 32.830539
 246.800000 0.318091 26.407707 32.830539
 247.000000 0.305758 29.047598 32.830539
 247.200000 0.318657 26.689677 32.830539
 247.400000 0.334946 25.800469 32.830539
 247.600000 0.319722 26.590623 32.830539
 247.800000 0.302275 30.673390 32.830539
 248.000000 0.315526 27.094581 32.830539
 248.200000 0.324106 26.773831 32.830539
 248.400000 0.324705 26.739777 32.830539
 248.600000 0.322715 26.858992 32.830539
 248.800000 0.317684 27.314450 32.830539
 249.000000 0.310789 28.565792 32.830539
 249.200000 0.322354 27.246884 32.830539
 249.400000 0.332409 26.439771 32.830539
 249.600000 0.305627 30.452154 32.830539
 249.800000 0.305150 30.592474 32.830539
 250.000000 0.315967 28.011660 32.954069
 250.200000 0.327875 27.191782 32.954069
 250.400000 0.333045 26.636966 32.954069
 250.600000 0.319924 27.967444 32.954069
 250.800000 0.322325 27.708581 32.954069
 251.000000 0.318042 28.205035 32.954069
 251.200000 0.328523 27.520067 32.954069
 251.400000 0.318839 28.597455 32.954069
 251.600000 0.316983 28.853289 32.954069
 251.800000 0.330375 27.298674 32.954069
 252.000000 0.308910 30.394541 32.954069
 252.200000 0.305788 31.602986 32.954069
 252.400000 0.287191 34.592369 32.954069
 252.600000 0.295109 33.938861 32.954069
 252.800000 0.311129 30.346943 32.954069
 253.000000 0.296384 33.728485 32.954069
 253.200000 0.294333 34.439435 32.954069
 253.400000 0.304693 32.209608 32.954069
 253.600000 0.307149 31.568370 32.954069
 253.800000 0.316327 29.512098 32.954069
 254.000000 0.306761 31.668919 32.954069
 254.200000 0.285890 35.065416 32.954069
 254.400000 0.287571 35.101699 32.954069
 254.600000 0.281669 34.847305 32.954069
 254.800000 0.297814 34.206935 32.954069
 255.000000 0.295522 34.584688 33.203286
 255.200000 0.293292 35.227317 33.203286
 255.400000 0.313600 30.607223 33.203286
 255.600000 0.340967 25.633149 33.203286
 255.800000 0.344287 24.909095 33.203286
 256.000000 0.340837 25.660928 33.203286
 256.200000 0.348263 24.519236 33.203286
 256.400000 0.334586 27.423034 33.203286
 256.600000 0.316427 30.129847 33.203286
 256.800000 0.332925 27.694261 33.203286
 257.000000 0.369988 18.993470 33.203286
 257.200000 0.370276 19.652197 33.203286
 257.400000 0.344410 25.598467 33.203286
 257.600000 0.353222 23.740020 33.203286
 257.800000 0.367913 20.374510 33.203286
 258.000000 0.377392 17.021207 33.203286
 258.200000 0.380666 16.444418 33.203286
 258.400000 0.360822 22.593136 33.203286
 258.600000 0.352048 24.179714 33.203286
 258.800000 0.343676 25.816336 33.203286
 259.000000 0.343514 25.848511 33.203286
 259.200000 0.354325 24.188771 33.203286
 259.400000 0.356607 23.731980 33.203286
 259.600000 0.361629 22.706976 33.203286
 259.800000 0.373142 19.536401 33.203286
 260.000000 0.382075 15.840168 33.188026
 260.200000 0.372292 20.533161 33.188026
 260.400000 0.388063 14.001180 33.188026
 260.600000 0.375903 19.284573 33.188026
 260.800000 0.376032 19.235809 33.188026
 261.000000 0.406712 8.197220 33.188026
 261.200000 0.384660 15.943611 33.188026
 261.400000 0.391808 13.164923 33.188026
 261.600000 0.397786 11.349860 33.188026
 261.800000 0.398231 11.235530 33.188026
 262.000000 0.388197 14.508084 33.188026
 262.200000 0.382864 17.551659 33.188026
 262.400000 0.391752 14.076013 33.188026
 262.600000 0.412197 8.537586 33.188026
 262.800000 0.421039 6.124515 33.188026
 263.000000 0.424926 4.972453 33.188026
 263.200000 0.400543 11.707404 33.188026
 263.400000 0.403884 11.025221 33.188026
 263.600000 0.401780 11.442209 33.188026
 263.800000 0.400646 11.684761 33.188026
 264.000000 0.421016 7.486507 33.188026
 264.200000 0.428027 6.568259 33.188026
 264.400000 0.437285 3.531847 33.188026
 264.600000 0.438317 3.233160 33.188026
 264.800000 0.423395 8.060049 33.188026
 265.000000 0.421622 8.574216 33.158874
 265.200000 0.396458 13.341268 33.158874
 265.400000 0.392197 14.411012 33.158874
 265.600000 0.392397 14.353049 33.158874
 265.800000 0.397997 13.041773 33.158874
 266.000000 0.391420 14.642852 33.158874
 266.200000 0.394187 14.763819 33.158874
 266.400000 0.379853 19.449008 33.158874
 266.600000 0.365375 22.830595 33.158874
 266.800000 0.338065 27.418097 33.158874
 267.000000 0.319313 29.768866 33.158874
 267.200000 0.312721 31.400730 33.158874
 267.400000 0.345376 26.190484 33.158874
 267.600000 0.367088 22.560151 33.158874
 267.800000 0.369729 22.087021 33.158874
 268.000000 0.378512 19.874535 33.158874
 268.200000 0.365411 23.320907 33.158874
 268.400000 0.357779 24.213838 33.158874
 268.600000 0.364511 23.431378 33.158874
 268.800000 0.356949 24.319051 33.158874
 269.000000 0.360826 23.854112 33.158874
 269.200000 0.370897 22.970205 33.158874
 269.400000 0.382600 19.434495 33.158874
 269.600000 0.385634 18.272129 33.158874
 269.800000 0.379480 20.568265 33.158874
 270.000000 0.381507 19.841798 33.169278
 270.200000 0.376169 22.317891 33.169278
 270.400000 0.371271 23.463795 33.169278
 270.600000 0.392364 16.364481 33.169278
 270.800000 0.405419 13.075466 33.169278
 271.000000 0.396896 14.902981 33.169278
 271.200000 0.400829 14.792967 33.169278
 271.400000 0.388261 18.684774 33.169278
 271.600000 0.388675 18.533631 33.169278
 271.800000 0.392856 17.059012 33.169278
 272.000000 0.385181 19.812212 33.169278
 272.200000 0.407318 13.733380 33.169278
 272.400000 0.417535 11.424978 33.169278
 272.600000 0.389396 18.967136 33.169278
 272.800000 0.390133 18.691656 33.169278
 273.000000 0.404777 14.272184 33.169278
 273.200000 0.409978 14.059854 33.169278
 273.400000 0.418540 11.749053 33.169278
 273.600000 0.433176 5.934594 33.169278
 273.800000 0.438458 3.923937 33.169278
 274.000000 0.429940 7.288713 33.169278
 274.200000 0.406542 15.187687 33.169278
 274.400000 0.401390 16.176603 33.169278
 274.600000 0.412277 14.151007 33.169278
 274.800000 0.398839 16.757520 33.169278
 275.000000 0.394182 18.022463 33.142110
 275.200000 0.400349 17.125007 33.142110
 275.400000 0.391481 19.633759 33.142110
 275.600000 0.405242 16.018323 33.142110
 275.800000 0.424633 10.796039 33.142110
 276.000000 0.460940 0.336395 33.142110
 276.200000 0.442941 4.253496 33.142110
 276.400000 0.442582 4.344971 33.142110
 276.600000 0.452156 2.684529 33.142110
 276.800000 0.427411 9.812725 33.142110
 277.000000 0.418141 13.049758 33.142110
 277.200000 0.409659 15.932519 33.142110
 277.400000 0.414838 14.889776 33.142110
 277.600000 0.394866 18.896483 33.142110
 277.800000 0.389277 20.479382 33.142110
 278.000000 0.388113 20.824499 33.142110
 278.200000 0.369075 24.957389 33.142110
 278.400000 0.363554 25.117248 33.142110
 278.600000 0.351287 25.855411 33.142110
 278.800000 0.352369 25.734727 33.142110
 279.000000 0.365277 25.078513 33.142110
 279.200000 0.348327 26.540002 33.142110
 279.400000 0.349906 26.363297 33.142110
 279.600000 0.378106 24.402217 33.142110
 279.800000 0.387150 21.997363 33.142110
 280.000000 0.370086 25.451208 33.120579
 280.200000 0.355003 26.282673 33.120579
 280.400000 0.352708 26.389426 33.120579
 280.600000 0.357919 26.214463 33.120579
 280.800000 0.365276 26.186085 33.120579
 281.000000 0.343685 27.270577 33.120579
 281.200000 0.357386 26.564018 33.120579
 281.400000 0.344797 27.648926 33.120579
 281.600000 0.339113 28.374707 33.120579
 281.800000 0.328216 29.503438 33.120579
 282.000000 0.305580 33.082779 33.120579
 282.200000 0.304139 33.828165 33.120579
 282.400000 0.318105 30.832411 33.120579
 282.600000 0.349175 27.145793 33.120579
 282.800000 0.359768 26.492051 33.120579
 283.000000 0.348806 27.184905 33.120579
 283.200000 0.345542 28.076365 33.120579
 283.400000 0.343041 28.373751 33.120579
 283.600000 0.344032 28.255386 33.120579
 283.800000 0.345834 28.042120 33.120579
 284.000000 0.341566 28.548004 33.120579
 284.200000 0.372304 26.120168 33.120579
 284.400000 0.406895 16.763877 33.120579
 284.600000 0.430683 9.199094 33.120579
 284.800000 0.434318 7.610147 33.120579
 285.000000 0.433842 7.813532 33.193837
 285.200000 0.413910 15.774637 33.193837
 285.400000 0.393967 20.065932 33.193837
 285.600000 0.382896 23.711597 33.193837
 285.800000 0.375207 25.646256 33.193837
 286.000000 0.377429 25.185026 33.193837
 286.200000 0.370664 26.843687 33.193837
 286.400000 0.332026 29.929381 33.193837
 286.600000 0.288367 35.700691 33.193837
 286.800000 0.280547 35.115990 33.193837
 287.000000 0.291118 35.716642 33.193837
 287.200000 0.306439 33.526406 33.193837
 287.400000 0.338990 29.348737 33.193837
 287.600000 0.329017 30.130825 33.193837
 287.800000 0.333138 29.859319 33.193837
 288.000000 0.342664 28.945955 33.193837
 288.200000 0.339028 29.812898 33.193837
 288.400000 0.333456 30.235108 33.193837
 288.600000 0.324136 30.688922 33.193837
 288.800000 0.314880 31.716202 33.193837
 289.000000 0.320539 30.965900 33.193837
 289.200000 0.313541 32.352513 33.193837
 289.400000 0.307591 33.572520 33.193837
 289.600000 0.309333 33.187551 33.193837
 289.800000 0.332623 30.599372 33.193837
 290.000000 0.337766 30.154160 33.350862
 290.200000 0.343125 29.944035 33.350862
 290.400000 0.339964 30.363072 33.350862
 290.600000 0.340040 30.353788 33.350862
 290.800000 0.323213 31.467398 33.350862
 291.000000 0.321487 31.573224 33.350862
 291.200000 0.338778 30.722246 33.350862
 291.400000 0.333010 31.325079 33.350862
 291.600000 0.358353 27.965655 33.350862
 291.800000 0.365304 27.450696 33.350862
 292.000000 0.353432 28.504818 33.350862
 292.200000 0.349347 29.569087 33.350862
 292.400000 0.351958 29.194559 33.350862
 292.600000 0.354106 28.910057 33.350862
 292.800000 0.339123 30.988687 33.350862
 293.000000 0.325023 31.874453 33.350862
 293.200000 0.323566 32.360907 33.350862
 293.400000 0.338587 31.328377 33.350862
 293.600000 0.334232 31.788042 33.350862
 293.800000 0.318072 32.693586 33.350862
 294.000000 0.308658 33.938355 33.350862
 294.200000 0.336403 31.648888 33.350862
 294.400000 0.343617 30.634810 33.350862
 294.600000 0.364609 27.884165 33.350862
 294.800000 0.413278 15.927280 33.350862
 295.000000 0.437837 7.382268 33.511525
 295.200000 0.448362 5.047131 33.511525
 295.400000 0.435678 9.515314 33.511525
 295.600000 0.421625 14.559464 33.511525
 295.800000 0.416443 15.715640 33.511525
 296.000000 0.406246 17.346066 33.511525
 296.200000 0.400967 19.157658 33.511525
 296.400000 0.406585 18.096906 33.511525
 296.600000 0.415534 16.547502 33.511525
 296.800000 0.418798 15.808375 33.511525
 297.000000 0.395578 20.507937 33.511525
 297.200000 0.379711 25.891241 33.511525
 297.400000 0.389352 23.103575 33.511525
 297.600000 0.403147 19.330323 33.511525
 297.800000 0.412417 17.504411 33.511525
 298.000000 0.399892 20.070853 33.511525
 298.200000 0.379532 26.218095 33.511525
 298.400000 0.384026 25.147317 33.511525
 298.600000 0.392572 22.734742 33.511525
 298.800000 0.382786 25.465454 33.511525
 299.000000 0.389541 23.607873 33.511525
 299.200000 0.396581 22.175441 33.511525
 299.400000 0.393306 23.118861 33.511525
 299.600000 0.403462 20.356258 33.511525
 299.800000 0.444098 6.366476 33.511525
 300.000000 0.454579 3.667051 33.489116
 300.200000 0.422222 15.434420 33.489116
 300.400000 0.414742 17.641957 33.489116
 300.600000 0.427292 13.616010 33.489116
 300.800000 0.428703 13.075419 33.489116
 301.000000 0.438194 9.438221 33.489116
 301.200000 0.425309 15.148317 33.489116
 301.400000 0.428220 14.182702 33.489116
 301.600000 0.413389 18.276778 33.489116
 301.800000 0.394096 22.901355 33.489116
 302.000000 0.384079 25.705618 33.489116
 302.200000 0.403663 20.624467 33.489116
 302.400000 0.394498 23.223189 33.489116
 302.600000 0.394711 23.158033 33.489116
 302.800000 0.409425 19.253338 33.489116
 303.000000 0.428667 14.034046 33.489116
 303.200000 0.435017 12.596590 33.489116
 303.400000 0.422396 16.913460 33.489116
 303.600000 0.410509 19.457770 33.489116
 303.800000 0.404516 20.665410 33.489116
 304.000000 0.398113 22.253641 33.489116
 304.200000 0.391547 24.765279 33.489116
 304.400000 0.395253 23.706481 33.489116
 304.600000 0.410672 19.883870 33.489116
 304.800000 0.414937 18.962451 33.489116
 305.000000 0.413211 19.339621 33.468617
 305.200000 0.405692 21.634680 33.468617
 305.400000 0.398001 23.375737 33.468617
 305.600000 0.405668 21.639678 33.468617
 305.800000 0.433680 13.444967 33.468617
 306.000000 0.453148 6.384876 33.468617
 306.200000 0.439591 11.855315 33.468617
 306.400000 0.436711 12.892459 33.468617
 306.600000 0.432602 14.408991 33.468617
 306.800000 0.429650 15.482661 33.468617
 307.000000 0.443253 10.607819 33.468617
 307.200000 0.430386 15.972540 33.468617
 307.400000 0.425151 17.541193 33.468617
 307.600000 0.419680 18.925947 33.468617
 307.800000 0.395615 23.979453 33.468617
 308.000000 0.400693 22.749262 33.468617
 308.200000 0.393291 25.137757 33.468617
 308.400000 0.382813 27.364055 33.468617
 308.600000 0.389192 26.097234 33.468617
 308.800000 0.402066 23.075377 33.468617
 309.000000 0.407960 21.809691 33.468617
 309.200000 0.407857 22.493563 33.468617
 309.400000 0.376134 28.237998 33.468617
 309.600000 0.349303 29.758912 33.468617
 309.800000 0.352673 29.290006 33.468617
 310.000000 0.354141 29.115482 33.459813
 310.200000 0.365635 28.859040 33.459813
 310.400000 0.376848 28.339092 33.459813
 310.600000 0.349038 30.250289 33.459813
 310.800000 0.338062 31.721769 33.459813
 311.000000 0.350156 30.094925 33.459813
 311.200000 0.352231 30.274802 33.459813
 311.400000 0.360993 29.389352 33.459813
 311.600000 0.341682 31.679070 33.459813
 311.800000 0.330441 32.515828 33.459813
 312.000000 0.311005 33.948005 33.459813
 312.200000 0.319194 33.325504 33.459813
 312.400000 0.294207 36.583655 33.459813
 312.600000 0.334038 32.466378 33.459813
 312.800000 0.348679 30.772578 33.459813
 313.000000 0.325504 32.918641 33.459813
 313.200000 0.315464 34.031702 33.459813
 313.400000 0.301335 36.043844 33.459813
 313.600000 0.315961 33.980146 33.459813
 313.800000 0.313462 34.260461 33.459813
 314.000000 0.304276 35.619451 33.459813
 314.200000 0.284565 36.205322 33.459813
 314.400000 0.260192 34.969753 33.459813
 314.600000 0.275981 35.071958 33.459813
 314.800000 0.297097 36.807383 33.459813
 315.000000 0.311437 34.845648 33.804229
 315.200000 0.319873 34.170162 33.804229
 315.400000 0.320196 34.138974 33.804229
 315.600000 0.316445 34.539888 33.804229
 315.800000 0.328951 33.427999 33.804229
 316.000000 0.347462 31.108416 33.804229
 316.200000 0.353657 30.578355 33.804229
 316.400000 0.346851 31.643879 33.804229
 316.600000 0.333280 33.332932 33.804229
 316.800000 0.325517 33.840615 33.804229
 317.000000 0.333711 33.298077 33.804229
 317.200000 0.359467 29.943648 33.804229
 317.400000 0.352169 30.986224 33.804229
 317.600000 0.344928 32.245702 33.804229
 317.800000 0.331355 33.867937 33.804229
 318.000000 0.321382 34.408640 33.804229
 318.200000 0.329792 34.285717 33.804229
 318.400000 0.341156 33.001629 33.804229
 318.600000 0.351159 31.210299 33.804229
 318.800000 0.354715 30.608251 33.804229
 319.000000 0.350617 31.307960 33.804229
 319.200000 0.355015 30.977092 33.804229
 319.400000 0.344886 32.766233 33.804229
 319.600000 0.332375 34.293356 33.804229
 319.800000 0.361229 30.105892 33.804229
 320.000000 0.365646 29.653974 33.977488
 320.200000 0.358893 30.820493 33.977488
 320.400000 0.364055 30.268769 33.977488
 320.600000 0.365233 30.158634 33.977488
 320.800000 0.370052 29.722161 33.977488
 321.000000 0.365494 30.134787 33.977488
 321.200000 0.340835 33.639196 33.977488
 321.400000 0.332200 34.381573 33.977488
 321.600000 0.336466 34.080320 33.977488
 321.800000 0.306667 36.275955 33.977488
 322.000000 0.310607 35.785487 33.977488
 322.200000 0.319163 35.290484 33.977488
 322.400000 0.307598 36.505912 33.977488
 322.600000 0.305985 36.700844 33.977488
 322.800000 0.320695 35.180965 33.977488
 323.000000 0.338148 33.992173 33.977488
 323.200000 0.331817 34.885268 33.977488
 323.400000 0.328961 35.026042 33.977488
 323.600000 0.344618 33.536211 33.977488
 323.800000 0.339679 34.206043 33.977488
 324.000000 0.358656 31.413728 33.977488
 324.200000 0.370024 30.524862 33.977488
 324.400000 0.342780 34.050222 33.977488
 324.600000 0.316565 35.649486 33.977488
 324.800000 0.310612 36.212746 33.977488
 325.000000 0.315171 35.761743 34.274234
 325.200000 0.331864 35.160793 34.274234
 325.400000 0.360742 31.595151 34.274234
 325.600000 0.358480 31.872478 34.274234
 325.800000 0.331231 35.198349 34.274234
 326.000000 0.328239 35.354489 34.274234
 326.200000 0.346610 33.750821 34.274234
 326.400000 0.344296 34.114651 34.274234
 326.600000 0.339602 34.773155 34.274234
 326.800000 0.327005 35.773640 34.274234
 327.000000 0.327343 35.758590 34.274234
 327.200000 0.333036 35.761014 34.274234
 327.400000 0.343931 34.362879 34.274234
 327.600000 0.357295 32.128271 34.274234
 327.800000 0.373285 30.090863 34.274234
 328.000000 0.378127 29.279603 34.274234
 328.200000 0.389701 27.014189 34.274234
 328.400000 0.367623 31.203811 34.274234
 328.600000 0.341027 34.843162 34.274234
 328.800000 0.333991 35.683040 34.274234
 329.000000 0.319023 36.432820 34.274234
 329.200000 0.337669 35.451962 34.274234
 329.400000 0.368995 31.060957 34.274234
 329.600000 0.367305 31.237590 34.274234
 329.800000 0.355071 32.627703 34.274234
 330.000000 0.350972 33.270222 34.599269
 330.200000 0.377147 30.019880 34.599269
 330.400000 0.380921 29.242919 34.599269
 330.600000 0.394270 25.807316 34.599269
 330.800000 0.395903 25.382743 34.599269
 331.000000 0.391414 26.567134 34.599269
 331.200000 0.385714 28.580256 34.599269
 331.400000 0.367074 31.627023 34.599269
 331.600000 0.350886 33.695165 34.599269
 331.800000 0.350633 33.736741 34.599269
 332.000000 0.347771 34.213531 34.599269
 332.200000 0.364723 32.066036 34.599269
 332.400000 0.365712 31.950573 34.599269
 332.600000 0.359997 32.654410 34.599269
 332.800000 0.349025 34.383588 34.599269
 333.000000 0.354051 33.539888 34.599269
 333.200000 0.355942 33.630349 34.599269
 333.400000 0.352950 34.112437 34.599269
 333.600000 0.342314 35.737667 34.599269
 333.800000 0.337523 36.252587 34.599269
 334.000000 0.341976 35.779846 34.599269
 334.200000 0.354695 34.076552 34.599269
 334.400000 0.356351 33.790445 34.599269
 334.600000 0.337622 36.584735 34.599269
 334.800000 0.337742 36.574852 34.599269
 335.000000 0.344449 35.802559 34.836993
 335.200000 0.349916 35.252006 34.836993
 335.400000 0.351832 34.897407 34.836993
 335.600000 0.329124 37.169945 34.836993
 335.800000 0.327137 37.159598 34.836993
 336.000000 0.331118 37.161805 34.836993
 336.200000 0.313542 37.364409 34.836993
 336.400000 0.340758 36.895803 34.836993
 336.600000 0.346456 36.047776 34.836993
 336.800000 0.340448 36.932057 34.836993
 337.000000 0.352097 34.973036 34.836993
 337.200000 0.360491 33.676317 34.836993
 337.400000 0.355350 34.685480 34.836993
 337.600000 0.353209 35.117826 34.836993
 337.800000 0.367293 32.467394 34.836993
 338.000000 0.376788 30.756102 34.836993
 338.200000 0.381324 30.191879 34.836993
 338.400000 0.388106 28.377518 34.836993
 338.600000 0.397393 25.680511 34.836993
 338.800000 0.384307 29.431362 34.836993
 339.000000 0.373361 31.847144 34.836993
 339.200000 0.374590 32.048030 34.836993
 339.400000 0.345923 36.610103 34.836993
 339.600000 0.353669 35.338383 34.836993
 339.800000 0.379515 31.005633 34.836993
 340.000000 0.390910 27.776124 35.040848
