#! FIELDS time d metad.bias metad.rct
 0.000000 0.115248 0.000000 0.000000
 0.200000 0.110921 0.000000 0.000000
 0.400000 0.127358 0.000000 0.000000
 0.600000 0.155697 0.000000 0.000000
 0.800000 0.149070 0.000000 0.000000
 1.000000 0.133499 0.000000 0.000000
 1.200000 0.108592 0.438360 0.000000
 1.400000 0.095861 0.071893 0.000000
 1.600000 0.093087 0.043146 0.000000
 1.800000 0.103275 0.226888 0.000000
 2.000000 0.102338 0.199275 0.000000
 2.200000 0.080934 0.624863 0.000000
 2.400000 0.066012 0.089213 0.000000
 2.600000 0.090286 1.279337 0.000000
 2.800000 0.086313 0.987864 0.000000
 3.000000 0.112700 2.032720 0.000000
 3.200000 0.126934 3.057503 0.000000
 3.400000 0.136689 2.276402 0.000000
 3.600000 0.130879 2.769807 0.000000
 3.800000 0.122359 3.335826 0.000000
 4.000000 0.120398 3.433407 0.000000
 4.200000 0.105310 4.317158 0.000000
 4.400000 0.078581 0.637891 0.000000
 4.600000 0.074516 0.378520 0.000000
 4.800000 0.070950 0.225109 0.000000
 5.000000 0.073957 0.350260 1.267614
 5.200000 0.099209 3.855052 1.267614
 5.400000 0.122626 4.812356 1.267614
 5.600000 0.084098 2.535430 1.267614
 5.800000 0.093205 3.212288 1.267614
 6.000000 0.109058 4.818238 1.267614
 6.200000 0.076773 2.339740 1.267614
 6.400000 0.082834 2.775150 1.267614
 6.600000 0.082791 2.771450 1.267614
 6.800000 0.083442 2.827786 1.267614
 7.000000 0.082988 2.788248 1.267614
 7.200000 0.084566 4.468002 1.267614
 7.400000 0.070156 2.984527 1.267614
 7.600000 0.062410 1.939701 1.267614
 7.800000 0.055647 1.117670 1.267614
 8.000000 0.066564 2.504396 1.267614
 8.200000 0.063353 3.596372 1.267614
 8.400000 0.060625 3.152155 1.267614
 8.600000 0.082404 5.178587 1.267614
 8.800000 0.078273 5.061373 1.267614
 9.000000 0.097630 5.872943 1.267614
 9.200000 0.085657 6.233909 1.267614
 9.400000 0.084604 6.152336 1.267614
 9.600000 0.109075 7.601219 1.267614
 9.800000 0.097243 7.189981 1.267614
 10.000000 0.098480 7.284088 3.655072
 10.200000 0.107483 8.686196 3.655072
 10.400000 0.112537 8.240841 3.655072
 10.600000 0.137655 3.263433 3.655072
 10.800000 0.151025 1.156595 3.655072
 11.000000 0.140871 2.658795 3.655072
 11.200000 0.135636 5.129581 3.655072
 11.400000 0.118767 7.770076 3.655072
 11.600000 0.132738 5.614935 3.655072
 11.800000 0.133291 5.523594 3.655072
 12.000000 0.140652 4.252558 3.655072
 12.200000 0.123331 7.847844 3.655072
 12.400000 0.107656 8.934692 3.655072
 12.600000 0.108960 8.906884 3.655072
 12.800000 0.134678 6.629158 3.655072
 13.000000 0.129935 7.192265 3.655072
 13.200000 0.144838 5.659354 3.655072
 13.400000 0.134582 7.852504 3.655072
 13.600000 0.122304 9.060315 3.655072
 13.800000 0.129236 8.535150 3.655072
 14.000000 0.129487 8.509664 3.655072
 14.200000 0.130182 9.632380 3.655072
 14.400000 0.133364 9.193822 3.655072
 14.600000 0.126749 9.937888 3.655072
 14.800000 0.129637 9.691829 3.655072
 15.000000 0.129998 9.652990 5.917624
 15.200000 0.152588 4.322104 5.917624
 15.400000 0.181592 0.077523 5.917624
 15.600000 0.152543 4.337141 5.917624
 15.800000 0.131822 10.556145 5.917624
 16.000000 0.133943 10.196220 5.917624
 16.200000 0.127242 12.028308 5.917624
 16.400000 0.135584 10.958314 5.917624
 16.600000 0.108045 10.431675 5.917624
 16.800000 0.102418 9.651955 5.917624
 17.000000 0.108681 10.515452 5.917624
 17.200000 0.118925 12.563653 5.917624
 17.400000 0.123921 12.671866 5.917624
 17.600000 0.146093 7.463309 5.917624
 17.800000 0.139453 10.011448 5.917624
 18.000000 0.148492 6.474834 5.917624
 18.200000 0.140146 10.895071 5.917624
 18.400000 0.155149 5.108449 5.917624
 18.600000 0.171061 1.007027 5.917624
 18.800000 0.165121 2.054950 5.917624
 19.000000 0.140008 10.937726 5.917624
 19.200000 0.129863 13.739733 5.917624
 19.400000 0.117182 12.943549 5.917624
 19.600000 0.111733 12.220068 5.917624
 19.800000 0.117647 12.999679 5.917624
 20.000000 0.136758 12.871068 8.859415
 20.200000 0.122500 14.134696 8.859415
 20.400000 0.118297 13.537938 8.859415
 20.600000 0.108781 11.953784 8.859415
 20.800000 0.134052 14.334804 8.859415
 21.000000 0.154755 6.400335 8.859415
 21.200000 0.151190 9.390321 8.859415
 21.400000 0.162082 4.579941 8.859415
 21.600000 0.168692 2.485778 8.859415
 21.800000 0.155495 7.373348 8.859415
 22.000000 0.146909 11.329376 8.859415
 22.200000 0.138075 15.136109 8.859415
 22.400000 0.140945 14.499488 8.859415
 22.600000 0.165860 3.758831 8.859415
 22.800000 0.150827 10.580919 8.859415
 23.000000 0.159466 6.364622 8.859415
 23.200000 0.177132 1.716763 8.859415
 23.400000 0.171007 3.209849 8.859415
 23.600000 0.148473 12.700039 8.859415
 23.800000 0.146452 13.483513 8.859415
 24.000000 0.160941 7.013724 8.859415
 24.200000 0.173543 3.412710 8.859415
 24.400000 0.166932 5.743246 8.859415
 24.600000 0.176602 2.562734 8.859415
 24.800000 0.190601 0.447061 8.859415
 25.000000 0.173979 3.282340 10.482989
 25.200000 0.154158 11.957910 10.482989
 25.400000 0.169878 6.084028 10.482989
 25.600000 0.184139 2.300286 10.482989
 25.800000 0.179476 3.315039 10.482989
 26.000000 0.166488 7.254887 10.482989
 26.200000 0.165782 8.774440 10.482989
 26.400000 0.151225 13.788325 10.482989
 26.600000 0.145935 15.200110 10.482989
 26.800000 0.146798 14.999746 10.482989
 27.000000 0.174449 5.756265 10.482989
 27.200000 0.197836 1.095665 10.482989
 27.400000 0.177453 6.121420 10.482989
 27.600000 0.158929 12.019258 10.482989
 27.800000 0.149171 14.709712 10.482989
 28.000000 0.166751 9.614578 10.482989
 28.200000 0.168858 10.070276 10.482989
 28.400000 0.160514 12.589126 10.482989
 28.600000 0.146489 15.765734 10.482989
 28.800000 0.131376 16.185487 10.482989
 29.000000 0.128248 15.744573 10.482989
 29.200000 0.125322 16.080588 10.482989
 29.400000 0.113794 13.492906 10.482989
 29.600000 0.087605 7.859419 10.482989
 29.800000 0.103615 11.249546 10.482989
 30.000000 0.104285 11.396139 11.993975
 30.200000 0.089957 8.979126 11.993975
 30.400000 0.109265 13.481503 11.993975
 30.600000 0.093872 9.945145 11.993975
 30.800000 0.087731 8.454942 11.993975
 31.000000 0.071505 5.325009 11.993975
 31.200000 0.066915 5.799461 11.993975
 31.400000 0.084291 8.660079 11.993975
 31.600000 0.087517 9.185778 11.993975
 31.800000 0.097142 11.083857 11.993975
 32.000000 0.076955 7.584322 11.993975
 32.200000 0.092781 10.890078 11.993975
 32.400000 0.093138 10.944216 11.993975
 32.600000 0.090961 10.622967 11.993975
 32.800000 0.112242 14.166854 11.993975
 33.000000 0.120025 15.554068 11.993975
 33.200000 0.113739 15.228093 11.993975
 33.400000 0.105166 13.495141 11.993975
 33.600000 0.109002 14.280404 11.993975
 33.800000 0.120924 16.590590 11.993975
 34.000000 0.100955 12.625583 11.993975
 34.200000 0.089747 11.319793 11.993975
 34.400000 0.098426 13.095950 11.993975
 34.600000 0.095667 12.513238 11.993975
 34.800000 0.124404 17.458386 11.993975
 35.000000 0.116194 16.302984 13.353989
 35.200000 0.104669 14.989500 13.353989
 35.400000 0.118722 17.517638 13.353989
 35.600000 0.125563 18.288204 13.353989
 35.800000 0.117040 17.276902 13.353989
 36.000000 0.108363 15.771315 13.353989
 36.200000 0.100562 14.790020 13.353989
 36.400000 0.101691 15.087813 13.353989
 36.600000 0.111387 17.197192 13.353989
 36.800000 0.117364 18.048411 13.353989
 37.000000 0.123782 18.637198 13.353989
 37.200000 0.124914 19.464843 13.353989
 37.400000 0.117178 18.718674 13.353989
 37.600000 0.132091 19.422320 13.353989
 37.800000 0.146931 16.651608 13.353989
 38.000000 0.161451 12.459838 13.353989
 38.200000 0.168413 11.153114 13.353989
 38.400000 0.159046 14.167791 13.353989
 38.600000 0.155598 15.112935 13.353989
 38.800000 0.182288 5.630264 13.353989
 39.000000 0.198941 1.111041 13.353989
 39.200000 0.193574 3.655758 13.353989
 39.400000 0.198924 2.778973 13.353989
 39.600000 0.209440 1.526651 13.353989
 39.800000 0.216649 0.879566 13.353989
 40.000000 0.200860 2.512853 14.539410
 40.200000 0.196007 4.712324 14.539410
 40.400000 0.186583 6.248656 14.539410
 40.600000 0.160565 13.828088 14.539410
 40.800000 0.158783 14.312982 14.539410
 41.000000 0.155910 15.068250 14.539410
 41.200000 0.185020 6.723211 14.539410
 41.400000 0.201699 3.972893 14.539410
 41.600000 0.190812 5.526130 14.539410
 41.800000 0.183324 7.157367 14.539410
 42.000000 0.171381 11.085799 14.539410
 42.200000 0.164329 14.474782 14.539410
 42.400000 0.164390 14.456851 14.539410
 42.600000 0.169139 12.940514 14.539410
 42.800000 0.165069 14.254647 14.539410
 43.000000 0.161648 15.222206 14.539410
 43.200000 0.148458 18.646422 14.539410
 43.400000 0.141624 19.484681 14.539410
 43.600000 0.126352 19.775502 14.539410
 43.800000 0.118512 18.960657 14.539410
 44.000000 0.096830 13.921071 14.539410
 44.200000 0.106864 17.484585 14.539410
 44.400000 0.102702 16.502631 14.539410
 44.600000 0.100381 15.881831 14.539410
 44.800000 0.095487 14.465220 14.539410
 45.000000 0.114711 18.835012 15.810112
 45.200000 0.125503 20.448173 15.810112
 45.400000 0.119707 20.127565 15.810112
 45.600000 0.138121 20.020344 15.810112
 45.800000 0.126966 20.479528 15.810112
 46.000000 0.130857 20.460904 15.810112
 46.200000 0.136292 20.836698 15.810112
 46.400000 0.118490 20.521149 15.810112
 46.600000 0.114405 19.934180 15.810112
 46.800000 0.117767 20.430787 15.810112
 47.000000 0.122653 20.934707 15.810112
 47.200000 0.135285 21.408311 15.810112
 47.400000 0.149045 19.098130 15.810112
 47.600000 0.140204 20.732955 15.810112
 47.800000 0.114605 20.563605 15.810112
 48.000000 0.118986 21.248340 15.810112
 48.200000 0.123720 22.343579 15.810112
 48.400000 0.113508 20.987291 15.810112
 48.600000 0.097094 15.766830 15.810112
 48.800000 0.086593 12.184412 15.810112
 49.000000 0.093522 14.455706 15.810112
 49.200000 0.087689 13.363673 15.810112
 49.400000 0.084971 12.502854 15.810112
 49.600000 0.072640 8.955228 15.810112
 49.800000 0.077687 10.388852 15.810112
 50.000000 0.079831 10.992328 17.577845
 50.200000 0.093315 16.016091 17.577845
 50.400000 0.098941 17.792614 17.577845
 50.600000 0.092219 15.672849 17.577845
 50.800000 0.099200 17.873384 17.577845
 51.000000 0.104071 19.314889 17.577845
 51.200000 0.096160 17.560006 17.577845
 51.400000 0.100609 19.026465 17.577845
 51.600000 0.103983 20.030566 17.577845
 51.800000 0.113611 22.070706 17.577845
 52.000000 0.117863 22.545508 17.577845
 52.200000 0.104195 20.512096 17.577845
 52.400000 0.077737 11.638976 17.577845
 52.600000 0.102967 20.132120 17.577845
 52.800000 0.104927 20.729702 17.577845
 53.000000 0.115893 22.993072 17.577845
 53.200000 0.123882 23.925543 17.577845
 53.400000 0.141531 21.094380 17.577845
 53.600000 0.175146 11.377468 17.577845
 53.800000 0.187953 6.833149 17.577845
 54.000000 0.195934 5.087514 17.577845
 54.200000 0.167739 14.508584 17.577845
 54.400000 0.135713 22.395833 17.577845
 54.600000 0.121839 23.961414 17.577845
 54.800000 0.103683 20.806704 17.577845
 55.000000 0.095024 17.610687 19.117514
 55.200000 0.092706 17.514983 19.117514
 55.400000 0.088903 16.058707 19.117514
 55.600000 0.100130 20.307870 19.117514
 55.800000 0.099691 20.152446 19.117514
 56.000000 0.131784 23.159454 19.117514
 56.200000 0.157470 17.548668 19.117514
 56.400000 0.162617 16.151442 19.117514
 56.600000 0.185209 8.712266 19.117514
 56.800000 0.184998 8.767461 19.117514
 57.000000 0.196220 6.431800 19.117514
 57.200000 0.205977 5.632234 19.117514
 57.400000 0.184174 9.939807 19.117514
 57.600000 0.174680 12.552577 19.117514
 57.800000 0.169751 14.126062 19.117514
 58.000000 0.165216 15.517665 19.117514
 58.200000 0.173027 13.842709 19.117514
 58.400000 0.179416 11.695617 19.117514
 58.600000 0.189058 9.218077 19.117514
 58.800000 0.188844 9.262098 19.117514
 59.000000 0.199678 7.148650 19.117514
 59.200000 0.202438 7.781741 19.117514
 59.400000 0.201447 8.023173 19.117514
 59.600000 0.191348 9.856642 19.117514
 59.800000 0.185692 10.781843 19.117514
 60.000000 0.177553 12.724029 19.649931
 60.200000 0.163263 17.640932 19.649931
 60.400000 0.165000 17.242104 19.649931
 60.600000 0.167139 16.709693 19.649931
 60.800000 0.188108 11.135492 19.649931
 61.000000 0.197747 9.210419 19.649931
 61.200000 0.191541 11.535192 19.649931
 61.400000 0.169441 16.283070 19.649931
 61.600000 0.185430 12.523986 19.649931
 61.800000 0.184757 12.642975 19.649931
 62.000000 0.169221 16.338662 19.649931
 62.200000 0.158593 19.274646 19.649931
 62.400000 0.156116 19.625817 19.649931
 62.600000 0.164508 18.260244 19.649931
 62.800000 0.152818 20.084494 19.649931
 63.000000 0.151713 20.243779 19.649931
 63.200000 0.163627 18.951228 19.649931
 63.400000 0.176333 15.428606 19.649931
 63.600000 0.189308 12.262602 19.649931
 63.800000 0.187016 12.716405 19.649931
 64.000000 0.172827 16.485440 19.649931
 64.200000 0.193850 11.690935 19.649931
 64.400000 0.190653 12.417638 19.649931
 64.600000 0.187196 13.210038 19.649931
 64.800000 0.180940 14.850873 19.649931
 65.000000 0.192960 11.895946 20.000326
 65.200000 0.196039 12.173875 20.000326
 65.400000 0.188637 13.862421 20.000326
 65.600000 0.176211 16.834817 20.000326
 65.800000 0.181951 15.348747 20.000326
 66.000000 0.163553 19.809622 20.000326
 66.200000 0.176188 17.348556 20.000326
 66.400000 0.184213 15.098463 20.000326
 66.600000 0.184894 14.928252 20.000326
 66.800000 0.194612 12.619608 20.000326
 67.000000 0.193054 13.008024 20.000326
 67.200000 0.203105 10.728433 20.000326
 67.400000 0.206429 9.280934 20.000326
 67.600000 0.202139 11.119375 20.000326
 67.800000 0.210576 7.353786 20.000326
 68.000000 0.209088 8.050693 20.000326
 68.200000 0.211907 7.935714 20.000326
 68.400000 0.187939 15.577444 20.000326
 68.600000 0.176962 17.789825 20.000326
 68.800000 0.186122 15.887212 20.000326
 69.000000 0.192635 14.758282 20.000326
 69.200000 0.206684 10.956204 20.000326
 69.400000 0.229799 1.540243 20.000326
 69.600000 0.231010 1.313980 20.000326
 69.800000 0.230651 1.378249 20.000326
 70.000000 0.223709 3.136037 20.151380
 70.200000 0.237464 1.504478 20.151380
 70.400000 0.241401 1.012199 20.151380
 70.600000 0.228447 3.273707 20.151380
 70.800000 0.223466 4.738317 20.151380
 71.000000 0.215520 7.834311 20.151380
 71.200000 0.229626 3.774954 20.151380
 71.400000 0.233317 2.803168 20.151380
 71.600000 0.263308 0.049160 20.151380
 71.800000 0.253835 0.257004 20.151380
 72.000000 0.256624 0.166633 20.151380
 72.200000 0.229165 4.231903 20.151380
 72.400000 0.222052 6.466255 20.151380
 72.600000 0.231863 3.606272 20.151380
 72.800000 0.234866 3.054180 20.151380
 73.000000 0.232411 3.494274 20.151380
 73.200000 0.211491 11.406901 20.151380
 73.400000 0.180040 17.807084 20.151380
 73.600000 0.146409 22.346621 20.151380
 73.800000 0.146594 22.326165 20.151380
 74.000000 0.174444 18.867618 20.151380
 74.200000 0.191535 16.785187 20.151380
 74.400000 0.172628 19.987156 20.151380
 74.600000 0.146446 22.473570 20.151380
 74.800000 0.156459 21.878412 20.151380
 75.000000 0.168568 20.730535 20.355600
 75.200000 0.174717 20.206182 20.355600
 75.400000 0.177292 19.631331 20.355600
 75.600000 0.190796 17.118434 20.355600
 75.800000 0.181661 18.694096 20.355600
 76.000000 0.141763 23.143246 20.355600
 76.200000 0.139455 24.032544 20.355600
 76.400000 0.152430 22.932200 20.355600
 76.600000 0.166317 21.920456 20.355600
 76.800000 0.179363 19.200708 20.355600
 77.000000 0.183371 18.372735 20.355600
 77.200000 0.178430 20.140097 20.355600
 77.400000 0.178718 20.079960 20.355600
 77.600000 0.166846 22.260252 20.355600
 77.800000 0.145817 23.387730 20.355600
 78.000000 0.156040 22.928784 20.355600
 78.200000 0.183469 19.243492 20.355600
 78.400000 0.193850 17.239668 20.355600
 78.600000 0.211712 11.495169 20.355600
 78.800000 0.187699 18.423010 20.355600
 79.000000 0.204810 14.157241 20.355600
 79.200000 0.208086 13.838932 20.355600
 79.400000 0.200686 16.417693 20.355600
 79.600000 0.221498 8.355435 20.355600
 79.800000 0.211310 12.503426 20.355600
 80.000000 0.202744 15.792693 21.063216
 80.200000 0.219553 9.546951 21.063216
 80.400000 0.220918 8.983412 21.063216
 80.600000 0.221757 8.648560 21.063216
 80.800000 0.225399 7.307648 21.063216
 81.000000 0.227550 6.608556 21.063216
 81.200000 0.239387 4.892527 21.063216
 81.400000 0.235690 5.702163 21.063216
 81.600000 0.257290 2.441756 21.063216
 81.800000 0.242043 4.385425 21.063216
 82.000000 0.248025 3.459229 21.063216
 82.200000 0.245132 5.343854 21.063216
 82.400000 0.264338 2.605230 21.063216
 82.600000 0.270383 1.718089 21.063216
 82.800000 0.247285 5.057169 21.063216
 83.000000 0.220179 10.706161 21.063216
 83.200000 0.227105 9.591810 21.063216
 83.400000 0.223664 10.639664 21.063216
 83.600000 0.217624 12.685686 21.063216
 83.800000 0.217018 12.901814 21.063216
 84.000000 0.232875 8.058620 21.063216
 84.200000 0.232783 9.303129 21.063216
 84.400000 0.233906 9.031997 21.063216
 84.600000 0.229520 10.109310 21.063216
 84.800000 0.208515 16.222968 21.063216
 85.000000 0.229701 10.063735 21.036456
 85.200000 0.236373 9.459392 21.036456
 85.400000 0.245812 6.971840 21.036456
 85.600000 0.232404 10.494834 21.036456
 85.800000 0.230575 10.961024 21.036456
 86.000000 0.219495 13.734678 21.036456
 86.200000 0.198119 19.013860 21.036456
 86.400000 0.184029 20.025643 21.036456
 86.600000 0.181927 20.281705 21.036456
 86.800000 0.173789 21.669225 21.036456
 87.000000 0.187613 19.704930 21.036456
 87.200000 0.206549 18.096393 21.036456
 87.400000 0.201772 19.051111 21.036456
 87.600000 0.202278 18.963248 21.036456
 87.800000 0.211330 16.926888 21.036456
 88.000000 0.225107 13.239206 21.036456
 88.200000 0.216013 16.498289 21.036456
 88.400000 0.208236 18.216045 21.036456
 88.600000 0.211716 17.477528 21.036456
 88.800000 0.217022 16.260239 21.036456
 89.000000 0.216907 16.287626 21.036456
 89.200000 0.197814 20.178995 21.036456
 89.400000 0.171372 22.524961 21.036456
 89.600000 0.176821 21.691913 21.036456
 89.800000 0.189871 20.503007 21.036456
 90.000000 0.203568 19.638993 21.194817
 90.200000 0.205271 20.132704 21.194817
 90.400000 0.199500 20.761583 21.194817
 90.600000 0.183533 21.169010 21.194817
 90.800000 0.192314 20.970251 21.194817
 91.000000 0.187221 21.019608 21.194817
 91.200000 0.175265 22.549528 21.194817
 91.400000 0.168710 23.259425 21.194817
 91.600000 0.176759 22.385475 21.194817
 91.800000 0.201313 21.057175 21.194817
 92.000000 0.198670 21.325438 21.194817
 92.200000 0.164601 23.613848 21.194817
 92.400000 0.178387 22.489650 21.194817
 92.600000 0.200964 21.767400 21.194817
 92.800000 0.224752 15.490724 21.194817
 93.000000 0.223421 15.947060 21.194817
 93.200000 0.236504 11.691516 21.194817
 93.400000 0.235714 12.023889 21.194817
 93.600000 0.238929 10.677216 21.194817
 93.800000 0.234954 12.343639 21.194817
 94.000000 0.245232 8.187711 21.194817
 94.200000 0.273855 1.514840 21.194817
 94.400000 0.285220 0.379102 21.194817
 94.600000 0.259799 4.627666 21.194817
 94.800000 0.265354 3.181901 21.194817
 95.000000 0.244943 9.509850 21.412401
 95.200000 0.250128 8.736011 21.412401
 95.400000 0.235345 14.089982 21.412401
 95.600000 0.221424 18.142452 21.412401
 95.800000 0.226206 16.891909 21.412401
 96.000000 0.242610 11.515520 21.412401
 96.200000 0.268451 3.061176 21.412401
 96.400000 0.250752 9.410524 21.412401
 96.600000 0.251532 9.098496 21.412401
 96.800000 0.262261 4.986575 21.412401
 97.000000 0.264011 4.395185 21.412401
 97.200000 0.258351 7.753760 21.412401
 97.400000 0.243176 12.901588 21.412401
 97.600000 0.266341 5.084568 21.412401
 97.800000 0.280450 1.617130 21.412401
 98.000000 0.289505 0.552246 21.412401
 98.200000 0.286786 2.466407 21.412401
 98.400000 0.263866 6.275392 21.412401
 98.600000 0.276737 3.502614 21.412401
 98.800000 0.259515 7.580235 21.412401
 99.000000 0.270572 4.595180 21.412401
 99.200000 0.290706 2.747206 21.412401
 99.400000 0.287917 3.108967 21.412401
 99.600000 0.287898 3.111502 21.412401
 99.800000 0.282652 3.847407 21.412401
 100.000000 0.284474 3.581356 21.376978
 100.200000 0.299550 2.592442 21.376978
 100.400000 0.287924 4.560946 21.376978
 100.600000 0.277844 5.971650 21.376978
 100.800000 0.280129 5.669146 21.376978
 101.000000 0.287257 4.663281 21.376978
 101.200000 0.285982 6.270887 21.376978
 101.400000 0.289238 5.763459 21.376978
 101.600000 0.282056 6.748681 21.376978
 101.800000 0.281320 6.824155 21.376978
 102.000000 0.275804 7.305542 21.376978
 102.200000 0.279595 8.211746 21.376978
 102.400000 0.267685 9.152145 21.376978
 102.600000 0.267575 9.160587 21.376978
 102.800000 0.274545 8.667170 21.376978
 103.000000 0.289098 6.640202 21.376978
 103.200000 0.279930 9.253744 21.376978
 103.400000 0.269116 9.580982 21.376978
 103.600000 0.271170 9.540128 21.376978
 103.800000 0.278721 9.329077 21.376978
 104.000000 0.266581 9.659890 21.376978
 104.200000 0.257060 11.414519 21.376978
 104.400000 0.260273 11.137174 21.376978
 104.600000 0.268236 10.734998 21.376978
 104.800000 0.251954 12.046724 21.376978
 105.000000 0.266571 10.798300 21.336240
 105.200000 0.261473 12.075178 21.336240
 105.400000 0.274438 11.416043 21.336240
 105.600000 0.254428 12.488674 21.336240
 105.800000 0.260162 12.132548 21.336240
 106.000000 0.260885 12.100187 21.336240
 106.200000 0.264537 12.948391 21.336240
 106.400000 0.279378 11.307706 21.336240
 106.600000 0.285406 9.915956 21.336240
 106.800000 0.269520 12.613808 21.336240
 107.000000 0.265251 12.909226 21.336240
 107.200000 0.258705 14.109448 21.336240
 107.400000 0.270628 13.439513 21.336240
 107.600000 0.275335 12.757912 21.336240
 107.800000 0.301066 4.753262 21.336240
 108.000000 0.304650 3.580114 21.336240
 108.200000 0.300648 6.338282 21.336240
 108.400000 0.278953 12.377158 21.336240
 108.600000 0.268892 13.705231 21.336240
 108.800000 0.270543 13.559016 21.336240
 109.000000 0.261984 14.057234 21.336240
 109.200000 0.274829 13.697270 21.336240
 109.400000 0.277947 13.087865 21.336240
 109.600000 0.261015 15.013939 21.336240
 109.800000 0.248413 15.016961 21.336240
 110.000000 0.254845 15.008317 21.314299
 110.200000 0.238131 16.277284 21.314299
 110.400000 0.254132 15.896891 21.314299
 110.600000 0.257284 15.914700 21.314299
 110.800000 0.259946 15.874327 21.314299
 111.000000 0.276117 13.785154 21.314299
 111.200000 0.288806 10.977735 21.314299
 111.400000 0.281559 13.326769 21.314299
 111.600000 0.278825 14.078312 21.314299
 111.800000 0.274492 15.077445 21.314299
 112.000000 0.287949 11.277377 21.314299
 112.200000 0.278268 15.079734 21.314299
 112.400000 0.244917 15.997059 21.314299
 112.600000 0.243617 16.016725 21.314299
 112.800000 0.252025 16.184710 21.314299
 113.000000 0.228666 17.506617 21.314299
 113.200000 0.247012 16.384663 21.314299
 113.400000 0.270841 16.278027 21.314299
 113.600000 0.294465 9.871660 21.314299
 113.800000 0.291004 11.226116 21.314299
 114.000000 0.281905 14.202056 21.314299
 114.200000 0.280076 15.591020 21.314299
 114.400000 0.268608 17.108275 21.314299
 114.600000 0.258823 16.932921 21.314299
 114.800000 0.241640 16.659160 21.314299
 115.000000 0.239630 16.829372 21.353498
 115.200000 0.239674 17.652071 21.353498
 115.400000 0.259015 17.301623 21.353498
 115.600000 0.246149 17.207177 21.353498
 115.800000 0.247371 17.167304 21.353498
 116.000000 0.261632 17.352989 21.353498
 116.200000 0.256151 17.979754 21.353498
 116.400000 0.252561 17.815481 21.353498
 116.600000 0.255974 17.971622 21.353498
 116.800000 0.252892 17.829684 21.353498
 117.000000 0.264299 18.158242 21.353498
 117.200000 0.289059 13.124665 21.353498
 117.400000 0.302965 6.839775 21.353498
 117.600000 0.311789 3.579696 21.353498
 117.800000 0.286419 14.212759 21.353498
 118.000000 0.295855 10.055030 21.353498
 118.200000 0.300428 9.020710 21.353498
 118.400000 0.301524 8.506538 21.353498
 118.600000 0.309340 5.114350 21.353498
 118.800000 0.309795 4.939817 21.353498
 119.000000 0.310991 4.497262 21.353498
 119.200000 0.304159 8.587222 21.353498
 119.400000 0.298556 10.919374 21.353498
 119.600000 0.280131 17.235641 21.353498
 119.800000 0.290975 13.935670 21.353498
 120.000000 0.315412 4.438172 21.358420
 120.200000 0.313388 6.517150 21.358420
 120.400000 0.295243 12.860619 21.358420
 120.600000 0.294295 13.191641 21.358420
 120.800000 0.303088 10.052921 21.358420
 121.000000 0.298689 11.633992 21.358420
 121.200000 0.318916 5.235950 21.358420
 121.400000 0.317443 5.728127 21.358420
 121.600000 0.306681 9.683511 21.358420
 121.800000 0.272792 18.811073 21.358420
 122.000000 0.279576 17.904452 21.358420
 122.200000 0.264567 19.622409 21.358420
 122.400000 0.265772 19.666492 21.358420
 122.600000 0.256691 18.988061 21.358420
 122.800000 0.242314 18.077862 21.358420
 123.000000 0.242815 18.073202 21.358420
 123.200000 0.264347 19.890634 21.358420
 123.400000 0.289798 16.197794 21.358420
 123.600000 0.307808 9.385693 21.358420
 123.800000 0.292666 15.251608 21.358420
 124.000000 0.313680 7.112890 21.358420
 124.200000 0.316614 7.298983 21.358420
 124.400000 0.298211 13.958719 21.358420
 124.600000 0.264195 19.890518 21.358420
 124.800000 0.242632 18.856827 21.358420
 125.000000 0.242513 18.857824 21.429815
 125.200000 0.243832 19.606481 21.429815
 125.400000 0.251447 19.757976 21.429815
 125.600000 0.261517 20.132640 21.429815
 125.800000 0.255038 19.909799 21.429815
 126.000000 0.253627 19.847930 21.429815
 126.200000 0.264784 20.699997 21.429815
 126.400000 0.275159 19.757183 21.429815
 126.600000 0.285237 17.796546 21.429815
 126.800000 0.268677 20.480475 21.429815
 127.000000 0.258579 20.737123 21.429815
 127.200000 0.233934 20.322574 21.429815
 127.400000 0.249101 20.939166 21.429815
 127.600000 0.241569 20.511466 21.429815
 127.800000 0.248212 20.880650 21.429815
 128.000000 0.234893 20.332036 21.429815
 128.200000 0.244902 21.242279 21.429815
 128.400000 0.265444 21.387531 21.429815
 128.600000 0.274668 20.237337 21.429815
 128.800000 0.256071 21.613078 21.429815
 129.000000 0.232730 21.015626 21.429815
 129.200000 0.211811 21.749189 21.429815
 129.400000 0.211533 21.766095 21.429815
 129.600000 0.218042 21.514124 21.429815
 129.800000 0.240186 21.728426 21.429815
 130.000000 0.277522 19.716081 21.689415
 130.200000 0.269920 21.612832 21.689415
 130.400000 0.254106 22.028430 21.689415
 130.600000 0.277911 20.364895 21.689415
 130.800000 0.297313 14.594065 21.689415
 131.000000 0.306514 11.154350 21.689415
 131.200000 0.300280 14.478958 21.689415
 131.400000 0.298426 15.107484 21.689415
 131.600000 0.286182 18.729747 21.689415
 131.800000 0.301692 13.986844 21.689415
 132.000000 0.290059 17.693352 21.689415
 132.200000 0.279395 20.874158 21.689415
 132.400000 0.276658 21.289348 21.689415
 132.600000 0.295743 16.723176 21.689415
 132.800000 0.304157 13.611159 21.689415
 133.000000 0.315032 9.018724 21.689415
 133.200000 0.313550 10.826782 21.689415
 133.400000 0.295400 17.334240 21.689415
 133.600000 0.299950 15.937727 21.689415
 133.800000 0.285514 19.823593 21.689415
 134.000000 0.265565 22.203814 21.689415
 134.200000 0.297643 16.729306 21.689415
 134.400000 0.328142 4.631627 21.689415
 134.600000 0.330514 3.788350 21.689415
 134.800000 0.308861 12.758763 21.689415
 135.000000 0.316834 9.403654 21.791156
 135.200000 0.307921 14.091130 21.791156
 135.400000 0.317972 10.050368 21.791156
 135.600000 0.323880 7.362826 21.791156
 135.800000 0.329858 4.801563 21.791156
 136.000000 0.323825 7.387658 21.791156
 136.200000 0.304418 15.799949 21.791156
 136.400000 0.300190 16.887349 21.791156
 136.600000 0.305923 15.386256 21.791156
 136.800000 0.328687 6.466752 21.791156
 137.000000 0.312723 13.245851 21.791156
 137.200000 0.277637 21.775728 21.791156
 137.400000 0.293138 18.987310 21.791156
 137.600000 0.305343 16.406879 21.791156
 137.800000 0.271725 22.491344 21.791156
 138.000000 0.276023 22.001039 21.791156
 138.200000 0.297635 18.326189 21.791156
 138.400000 0.307517 15.912369 21.791156
 138.600000 0.293654 19.214460 21.791156
 138.800000 0.278217 22.340003 21.791156
 139.000000 0.275413 22.737069 21.791156
 139.200000 0.278862 22.856549 21.791156
 139.400000 0.293095 19.655610 21.791156
 139.600000 0.297273 18.626377 21.791156
 139.800000 0.286691 21.220939 21.791156
 140.000000 0.283774 21.887139 22.048539
 140.200000 0.287923 21.562530 22.048539
 140.400000 0.272989 24.145223 22.048539
 140.600000 0.242845 22.118207 22.048539
 140.800000 0.242114 22.082251 22.048539
 141.000000 0.248828 22.545958 22.048539
 141.200000 0.265792 24.550948 22.048539
 141.400000 0.289121 21.272400 22.048539
 141.600000 0.299374 18.496580 22.048539
 141.800000 0.305692 16.719381 22.048539
 142.000000 0.291368 20.674291 22.048539
 142.200000 0.302826 18.065003 22.048539
 142.400000 0.295231 20.298430 22.048539
 142.600000 0.291661 21.292123 22.048539
 142.800000 0.285231 22.890482 22.048539
 143.000000 0.288789 22.045447 22.048539
 143.200000 0.300619 19.211718 22.048539
 143.400000 0.317903 12.473400 22.048539
 143.600000 0.328846 6.993889 22.048539
 143.800000 0.322104 10.391735 22.048539
 144.000000 0.327480 7.664261 22.048539
 144.200000 0.322478 11.377915 22.048539
 144.400000 0.334413 5.636039 22.048539
 144.600000 0.333797 5.905523 22.048539
 144.800000 0.331976 6.732033 22.048539
 145.000000 0.320329 12.395708 22.340081
 145.200000 0.291771 22.138603 22.340081
 145.400000 0.287657 23.106658 22.340081
 145.600000 0.327450 9.822647 22.340081
 145.800000 0.325232 10.981366 22.340081
 146.000000 0.311238 16.953252 22.340081
 146.200000 0.305585 19.358878 22.340081
 146.400000 0.289498 22.974139 22.340081
 146.600000 0.284562 23.909081 22.340081
 146.800000 0.289985 22.872841 22.340081
 147.000000 0.278572 24.717286 22.340081
 147.200000 0.268547 25.509765 22.340081
 147.400000 0.255931 24.178466 22.340081
 147.600000 0.250446 23.478783 22.340081
 147.800000 0.253307 23.832363 22.340081
 148.000000 0.257365 24.368511 22.340081
 148.200000 0.279188 25.440258 22.340081
 148.400000 0.281028 25.181455 22.340081
 148.600000 0.262297 25.540602 22.340081
 148.800000 0.259781 25.264208 22.340081
 149.000000 0.246690 23.535620 22.340081
 149.200000 0.234554 22.873171 22.340081
 149.400000 0.243547 23.790276 22.340081
 149.600000 0.242416 23.666948 22.340081
 149.800000 0.260831 25.778277 22.340081
 150.000000 0.255459 25.218701 23.016365
 150.200000 0.253402 25.533887 23.016365
 150.400000 0.269355 26.540798 23.016365
 150.600000 0.269098 26.546893 23.016365
 150.800000 0.258346 26.098534 23.016365
 151.000000 0.281599 25.255212 23.016365
 151.200000 0.292775 23.138594 23.016365
 151.400000 0.289466 24.033427 23.016365
 151.600000 0.280481 26.018044 23.016365
 151.800000 0.294720 22.600796 23.016365
 152.000000 0.291048 23.610949 23.016365
 152.200000 0.306960 19.589073 23.016365
 152.400000 0.303888 20.526548 23.016365
 152.600000 0.296451 22.695262 23.016365
 152.800000 0.285222 25.645993 23.016365
 153.000000 0.277402 26.863297 23.016365
 153.200000 0.281113 26.913693 23.016365
 153.400000 0.280650 26.986740 23.016365
 153.600000 0.281514 26.847362 23.016365
 153.800000 0.272854 27.649036 23.016365
 154.000000 0.289237 25.087235 23.016365
 154.200000 0.297332 23.153266 23.016365
 154.400000 0.295387 23.785674 23.016365
 154.600000 0.274681 27.945230 23.016365
 154.800000 0.275983 27.897517 23.016365
 155.000000 0.298248 22.852945 23.882845
 155.200000 0.301613 22.362599 23.882845
 155.400000 0.289896 26.016014 23.882845
 155.600000 0.286210 26.893761 23.882845
 155.800000 0.272800 28.112537 23.882845
 156.000000 0.256705 26.384706 23.882845
 156.200000 0.266096 28.118499 23.882845
 156.400000 0.240246 24.110623 23.882845
 156.600000 0.245365 24.948297 23.882845
 156.800000 0.271738 28.407480 23.882845
 157.000000 0.302588 22.034249 23.882845
 157.200000 0.285416 27.480735 23.882845
 157.400000 0.263294 27.860972 23.882845
 157.600000 0.260376 27.486577 23.882845
 157.800000 0.273970 28.511920 23.882845
 158.000000 0.274901 28.503338 23.882845
 158.200000 0.270137 28.894902 23.882845
 158.400000 0.250355 25.955541 23.882845
 158.600000 0.239140 23.968186 23.882845
 158.800000 0.241210 24.300965 23.882845
 159.000000 0.238335 23.843315 23.882845
 159.200000 0.247069 25.841939 23.882845
 159.400000 0.251981 26.668998 23.882845
 159.600000 0.256971 27.491896 23.882845
 159.800000 0.247702 25.947475 23.882845
 160.000000 0.258864 27.781093 24.853410
 160.200000 0.288649 27.209233 24.853410
 160.400000 0.315614 17.352396 24.853410
 160.600000 0.311482 19.297645 24.853410
 160.800000 0.314853 17.729743 24.853410
 161.000000 0.310194 19.853453 24.853410
 161.200000 0.286988 27.837941 24.853410
 161.400000 0.281236 28.835899 24.853410
 161.600000 0.293507 26.209070 24.853410
 161.800000 0.290221 27.084314 24.853410
 162.000000 0.294576 25.906057 24.853410
 162.200000 0.319323 16.129239 24.853410
 162.400000 0.303641 23.522970 24.853410
 162.600000 0.291352 27.333278 24.853410
 162.800000 0.301062 24.425367 24.853410
 163.000000 0.303445 23.593745 24.853410
 163.200000 0.285885 28.839428 24.853410
 163.400000 0.262458 28.838460 24.853410
 163.600000 0.271052 29.601436 24.853410
 163.800000 0.287950 28.485587 24.853410
 164.000000 0.290001 28.075172 24.853410
 164.200000 0.283859 29.588490 24.853410
 164.400000 0.299429 25.969325 24.853410
 164.600000 0.322694 14.370678 24.853410
 164.800000 0.321927 14.875686 24.853410
 165.000000 0.304702 24.052287 25.572338
 165.200000 0.303968 24.938696 25.572338
 165.400000 0.294522 27.940505 25.572338
 165.600000 0.289930 28.960101 25.572338
 165.800000 0.295029 27.809674 25.572338
 166.000000 0.297088 27.243855 25.572338
 166.200000 0.275328 30.263700 25.572338
 166.400000 0.269750 29.871278 25.572338
 166.600000 0.261695 28.861445 25.572338
 166.800000 0.253928 27.527249 25.572338
 167.000000 0.243799 25.616843 25.572338
 167.200000 0.243698 26.157368 25.572338
 167.400000 0.238291 25.162205 25.572338
 167.600000 0.255614 28.248512 25.572338
 167.800000 0.271672 30.137555 25.572338
 168.000000 0.265791 29.623401 25.572338
 168.200000 0.271606 30.566882 25.572338
 168.400000 0.257589 28.958778 25.572338
 168.600000 0.262241 29.660359 25.572338
 168.800000 0.238787 25.345647 25.572338
 169.000000 0.237515 25.097050 25.572338
 169.200000 0.251327 28.194980 25.572338
 169.400000 0.269768 30.504198 25.572338
 169.600000 0.262990 29.893989 25.572338
 169.800000 0.245272 27.127784 25.572338
 170.000000 0.257148 29.127337 26.498126
 170.200000 0.263031 30.341328 26.498126
 170.400000 0.267239 30.697208 26.498126
 170.600000 0.279503 30.847531 26.498126
 170.800000 0.280778 30.773843 26.498126
 171.000000 0.298506 27.391686 26.498126
 171.200000 0.302896 26.344211 26.498126
 171.400000 0.310157 22.972285 26.498126
 171.600000 0.303436 26.128307 26.498126
 171.800000 0.300296 27.310819 26.498126
 172.000000 0.271903 31.024091 26.498126
 172.200000 0.258339 30.080728 26.498126
 172.400000 0.259177 30.211450 26.498126
 172.600000 0.248120 28.163243 26.498126
 172.800000 0.248147 28.168823 26.498126
 173.000000 0.245620 27.640583 26.498126
 173.200000 0.242893 27.565248 26.498126
 173.400000 0.239654 26.838633 26.498126
 173.600000 0.227623 24.058964 26.498126
 173.800000 0.227477 24.027433 26.498126
 174.000000 0.227214 23.970829 26.498126
 174.200000 0.228105 24.764658 26.498126
 174.400000 0.222372 23.622991 26.498126
 174.600000 0.223730 23.869009 26.498126
 174.800000 0.243803 28.089425 26.498126
 175.000000 0.259087 30.600704 27.430123
 175.200000 0.245329 28.673193 27.430123
 175.400000 0.244685 28.540144 27.430123
 175.600000 0.240929 27.738415 27.430123
 175.800000 0.257152 30.792256 27.430123
 176.000000 0.260370 31.200107 27.430123
 176.200000 0.249910 29.922766 27.430123
 176.400000 0.253118 30.547404 27.430123
 176.600000 0.249864 29.913403 27.430123
 176.800000 0.261183 31.723471 27.430123
 177.000000 0.264059 31.975836 27.430123
 177.200000 0.273099 32.547214 27.430123
 177.400000 0.289201 30.624454 27.430123
 177.600000 0.309168 23.517220 27.430123
 177.800000 0.298026 28.219229 27.430123
 178.000000 0.304511 25.741503 27.430123
 178.200000 0.317094 19.194676 27.430123
 178.400000 0.289779 30.841558 27.430123
 178.600000 0.272356 32.624683 27.430123
 178.800000 0.268269 32.615360 27.430123
 179.000000 0.271847 32.632850 27.430123
 179.200000 0.271187 33.048168 27.430123
 179.400000 0.275129 32.937137 27.430123
 179.600000 0.263622 32.728664 27.430123
 179.800000 0.265955 32.907964 27.430123
 180.000000 0.234233 26.397013 28.481954
 180.200000 0.231110 26.143549 28.481954
 180.400000 0.230935 26.099045 28.481954
 180.600000 0.229525 25.741062 28.481954
 180.800000 0.227304 25.185674 28.481954
 181.000000 0.235944 27.366347 28.481954
 181.200000 0.239656 28.784598 28.481954
 181.400000 0.240873 29.067337 28.481954
 181.600000 0.231508 26.740054 28.481954
 181.800000 0.234521 27.524422 28.481954
 182.000000 0.211240 22.838518 28.481954
 182.200000 0.245458 30.122931 28.481954
 182.400000 0.248183 30.669367 28.481954
 182.600000 0.238456 28.620469 28.481954
 182.800000 0.230621 26.778464 28.481954
 183.000000 0.232194 27.158908 28.481954
 183.200000 0.247829 30.902714 28.481954
 183.400000 0.223613 25.587929 28.481954
 183.600000 0.234795 28.291656 28.481954
 183.800000 0.245516 30.486249 28.481954
 184.000000 0.251523 31.526081 28.481954
 184.200000 0.252194 32.062623 28.481954
 184.400000 0.256299 32.643122 28.481954
 184.600000 0.225881 26.224374 28.481954
 184.800000 0.242057 30.184160 28.481954
 185.000000 0.238856 29.483817 29.044352
 185.200000 0.238926 29.970231 29.044352
 185.400000 0.256571 32.910173 29.044352
 185.600000 0.265112 33.424879 29.044352
 185.800000 0.234389 28.871875 29.044352
 186.000000 0.242876 30.808767 29.044352
 186.200000 0.234835 29.370089 29.044352
 186.400000 0.249175 32.337617 29.044352
 186.600000 0.237876 30.147830 29.044352
 186.800000 0.260972 33.480001 29.044352
 187.000000 0.272982 33.319678 29.044352
 187.200000 0.255302 33.285476 29.044352
 187.400000 0.274536 33.605439 29.044352
 187.600000 0.265422 33.921809 29.044352
 187.800000 0.244631 31.652946 29.044352
 188.000000 0.246832 32.057623 29.044352
 188.200000 0.240934 31.278641 29.044352
 188.400000 0.229004 27.915581 29.044352
 188.600000 0.223572 26.252902 29.044352
 188.800000 0.214405 24.212365 29.044352
 189.000000 0.225133 26.713700 29.044352
 189.200000 0.218963 25.548556 29.044352
 189.400000 0.225145 27.249679 29.044352
 189.600000 0.246149 32.553609 29.044352
 189.800000 0.255085 33.693160 29.044352
 190.000000 0.264208 34.131063 30.050531
 190.200000 0.261702 34.466522 30.050531
 190.400000 0.249157 33.239373 30.050531
 190.600000 0.231086 29.091304 30.050531
 190.800000 0.242166 31.965067 30.050531
 191.000000 0.252659 33.730710 30.050531
 191.200000 0.255908 34.473462 30.050531
 191.400000 0.238354 31.341602 30.050531
 191.600000 0.236001 30.702150 30.050531
 191.800000 0.237865 31.212518 30.050531
 192.000000 0.246571 33.171896 30.050531
 192.200000 0.250289 34.180705 30.050531
 192.400000 0.240130 32.155111 30.050531
 192.600000 0.229257 28.851970 30.050531
 192.800000 0.222505 26.644140 30.050531
 193.000000 0.242440 32.715624 30.050531
 193.200000 0.252232 34.766269 30.050531
 193.400000 0.256375 35.100884 30.050531
 193.600000 0.241333 32.860864 30.050531
 193.800000 0.246082 33.874990 30.050531
 194.000000 0.256569 35.111042 30.050531
 194.200000 0.270182 34.968277 30.050531
 194.400000 0.277936 33.878243 30.050531
 194.600000 0.272533 34.682345 30.050531
 194.800000 0.276268 34.146594 30.050531
 195.000000 0.275818 34.215984 31.219829
 195.200000 0.269530 35.388533 31.219829
 195.400000 0.279800 33.925927 31.219829
 195.600000 0.282313 33.437349 31.219829
 195.800000 0.268363 35.494406 31.219829
 196.000000 0.279751 33.935059 31.219829
 196.200000 0.283009 33.669968 31.219829
 196.400000 0.263095 35.988719 31.219829
 196.600000 0.257153 35.803679 31.219829
 196.800000 0.228336 28.866863 31.219829
 197.000000 0.225052 27.694527 31.219829
 197.200000 0.231519 30.479225 31.219829
 197.400000 0.232113 30.681391 31.219829
 197.600000 0.222618 27.378683 31.219829
 197.800000 0.230813 30.235752 31.219829
 198.000000 0.239489 32.929918 31.219829
 198.200000 0.257325 36.063629 31.219829
 198.400000 0.248465 35.195941 31.219829
 198.600000 0.249503 35.345431 31.219829
 198.800000 0.265126 36.056061 31.219829
 199.000000 0.261010 36.147260 31.219829
 199.200000 0.249757 35.643873 31.219829
 199.400000 0.242766 34.301538 31.219829
 199.600000 0.230107 30.362816 31.219829
 199.800000 0.236047 32.427247 31.219829
 200.000000 0.240233 33.661709 32.117025
 200.200000 0.244632 35.094056 32.117025
 200.400000 0.231871 31.340726 32.117025
 200.600000 0.243368 34.823671 32.117025
 200.800000 0.268057 36.259426 32.117025
 201.000000 0.255114 36.497444 32.117025
 201.200000 0.226935 29.497970 32.117025
 201.400000 0.225155 28.796620 32.117025
 201.600000 0.238969 33.893593 32.117025
 201.800000 0.231966 31.480422 32.117025
 202.000000 0.232973 31.860428 32.117025
 202.200000 0.211627 24.947752 32.117025
 202.400000 0.229956 31.114492 32.117025
 202.600000 0.211258 24.879855 32.117025
 202.800000 0.215040 25.703894 32.117025
 203.000000 0.194995 23.127813 32.117025
 203.200000 0.198287 24.034392 32.117025
 203.400000 0.208446 24.852452 32.117025
 203.600000 0.215204 25.997505 32.117025
 203.800000 0.207890 24.792084 32.117025
 204.000000 0.211870 25.325069 32.117025
 204.200000 0.214468 26.386930 32.117025
 204.400000 0.236265 33.606117 32.117025
 204.600000 0.218801 27.488874 32.117025
 204.800000 0.205362 25.075003 32.117025
 205.000000 0.216045 26.748944 32.565610
 205.200000 0.216216 27.322224 32.565610
 205.400000 0.217829 27.740259 32.565610
 205.600000 0.228428 31.234121 32.565610
 205.800000 0.231714 32.378824 32.565610
 206.000000 0.231429 32.281968 32.565610
 206.200000 0.218132 28.103517 32.565610
 206.400000 0.219293 28.453846 32.565610
 206.600000 0.202405 25.215882 32.565610
 206.800000 0.226953 31.105539 32.565610
 207.000000 0.218718 28.277740 32.565610
 207.200000 0.226182 31.263477 32.565610
 207.400000 0.230878 32.865812 32.565610
 207.600000 0.217899 28.531430 32.565610
 207.800000 0.216683 28.187116 32.565610
 208.000000 0.213764 27.443229 32.565610
 208.200000 0.214752 28.195446 32.565610
 208.400000 0.229525 32.713427 32.565610
 208.600000 0.244838 36.297663 32.565610
 208.800000 0.230504 33.019234 32.565610
 209.000000 0.235137 34.344565 32.565610
 209.200000 0.269746 36.359510 32.565610
 209.400000 0.287510 32.706628 32.565610
 209.600000 0.306073 25.799366 32.565610
 209.800000 0.294487 30.559435 32.565610
 210.000000 0.275906 35.364550 33.131892
 210.200000 0.248015 37.016696 33.131892
 210.400000 0.249639 37.162591 33.131892
 210.600000 0.270279 36.623017 33.131892
 210.800000 0.280699 34.737427 33.131892
 211.000000 0.281966 34.441483 33.131892
 211.200000 0.286192 33.711009 33.131892
 211.400000 0.268629 37.082863 33.131892
 211.600000 0.247142 36.951052 33.131892
 211.800000 0.237879 35.405755 33.131892
 212.000000 0.221661 30.411611 33.131892
 212.200000 0.221051 30.662253 33.131892
 212.400000 0.237580 35.594006 33.131892
 212.600000 0.243109 36.570972 33.131892
 212.800000 0.233680 34.664651 33.131892
 213.000000 0.244466 36.753528 33.131892
 213.200000 0.246285 37.305282 33.131892
 213.400000 0.242677 36.846493 33.131892
 213.600000 0.237117 35.795798 33.131892
 213.800000 0.225168 32.187521 33.131892
 214.000000 0.213137 28.365341 33.131892
 214.200000 0.216983 29.927357 33.131892
 214.400000 0.225550 32.671721 33.131892
 214.600000 0.225492 32.652528 33.131892
 214.800000 0.241612 36.760009 33.131892
 215.000000 0.237522 36.018566 33.779445
 215.200000 0.233292 35.357264 33.779445
 215.400000 0.236899 36.237277 33.779445
 215.600000 0.234607 35.699970 33.779445
 215.800000 0.218819 30.644555 33.779445
 216.000000 0.221518 31.542861 33.779445
 216.200000 0.217928 30.776617 33.779445
 216.400000 0.214541 29.726537 33.779445
 216.600000 0.210082 28.502727 33.779445
 216.800000 0.218448 30.945659 33.779445
 217.000000 0.215377 29.977095 33.779445
 217.200000 0.232988 35.825452 33.779445
 217.400000 0.234615 36.196830 33.779445
 217.600000 0.240172 37.185120 33.779445
 217.800000 0.229243 34.832856 33.779445
 218.000000 0.246090 37.793945 33.779445
 218.200000 0.255377 38.332085 33.779445
 218.400000 0.241947 37.724918 33.779445
 218.600000 0.253802 38.352374 33.779445
 218.800000 0.242621 37.804177 33.779445
 219.000000 0.224775 33.576903 33.779445
 219.200000 0.219666 32.228080 33.779445
 219.400000 0.217986 31.658471 33.779445
 219.600000 0.233193 36.433530 33.779445
 219.800000 0.224886 34.006076 33.779445
 220.000000 0.220994 32.683239 34.344783
 220.200000 0.221745 33.348432 34.344783
 220.400000 0.220648 32.972647 34.344783
 220.600000 0.213135 30.449319 34.344783
 220.800000 0.216517 31.560741 34.344783
 221.000000 0.223464 33.929999 34.344783
 221.200000 0.181577 23.172237 34.344783
 221.400000 0.197676 26.183403 34.344783
 221.600000 0.222681 34.051785 34.344783
 221.800000 0.219920 33.097504 34.344783
 222.000000 0.224736 34.736267 34.344783
 222.200000 0.218500 32.940991 34.344783
 222.400000 0.197251 26.137762 34.344783
 222.600000 0.204833 28.340085 34.344783
 222.800000 0.225150 35.242056 34.344783
 223.000000 0.243236 38.525161 34.344783
 223.200000 0.240642 38.671741 34.344783
 223.400000 0.225565 35.530966 34.344783
 223.600000 0.220270 33.673225 34.344783
 223.800000 0.237767 38.370043 34.344783
 224.000000 0.245662 38.920477 34.344783
 224.200000 0.244776 39.207217 34.344783
 224.400000 0.217616 32.748841 34.344783
 224.600000 0.216238 32.234142 34.344783
 224.800000 0.226490 35.965248 34.344783
 225.000000 0.234681 38.132257 35.217087
 225.200000 0.247279 39.473051 35.217087
 225.400000 0.260470 38.613417 35.217087
 225.600000 0.256864 38.970958 35.217087
 225.800000 0.248441 39.453964 35.217087
 226.000000 0.234870 38.488291 35.217087
 226.200000 0.226638 36.561647 35.217087
 226.400000 0.232514 38.301573 35.217087
 226.600000 0.242027 39.638055 35.217087
 226.800000 0.255765 39.182776 35.217087
 227.000000 0.269541 37.411254 35.217087
 227.200000 0.293380 31.494155 35.217087
 227.400000 0.303736 27.131882 35.217087
 227.600000 0.303749 27.125873 35.217087
 227.800000 0.312382 22.377958 35.217087
 228.000000 0.307958 24.964448 35.217087
 228.200000 0.294711 31.382664 35.217087
 228.400000 0.302045 28.459338 35.217087
 228.600000 0.340646 4.086297 35.217087
 228.800000 0.359775 0.286330 35.217087
 229.000000 0.353418 0.822710 35.217087
 229.200000 0.326840 12.770369 35.217087
 229.400000 0.336904 6.779468 35.217087
 229.600000 0.351036 2.829253 35.217087
 229.800000 0.351416 2.774473 35.217087
 230.000000 0.359411 1.863039 35.560199
 230.200000 0.357860 3.617799 35.560199
 230.400000 0.345319 4.931863 35.560199
 230.600000 0.355776 3.799110 35.560199
 230.800000 0.354374 3.916521 35.560199
 231.000000 0.356573 3.731189 35.560199
 231.200000 0.361471 4.669050 35.560199
 231.400000 0.377827 1.746261 35.560199
 231.600000 0.377280 1.836711 35.560199
 231.800000 0.378233 1.680525 35.560199
 232.000000 0.375062 2.225633 35.560199
 232.200000 0.385796 1.947594 35.560199
 232.400000 0.393242 1.000956 35.560199
 232.600000 0.386086 1.903865 35.560199
 232.800000 0.391506 1.187810 35.560199
 233.000000 0.388582 1.549679 35.560199
 233.200000 0.369803 5.464179 35.560199
 233.400000 0.359909 6.081249 35.560199
 233.600000 0.362880 5.976663 35.560199
 233.800000 0.382912 3.928087 35.560199
 234.000000 0.376751 4.696963 35.560199
 234.200000 0.365384 6.895913 35.560199
 234.400000 0.340836 6.992642 35.560199
 234.600000 0.351734 6.448163 35.560199
 234.800000 0.353034 6.507754 35.560199
 235.000000 0.333645 9.313696 35.528088
 235.200000 0.343527 7.523322 35.528088
 235.400000 0.368635 6.872838 35.528088
 235.600000 0.393007 3.376522 35.528088
 235.800000 0.386364 4.633750 35.528088
 236.000000 0.368194 6.897405 35.528088
 236.200000 0.351950 7.720009 35.528088
 236.400000 0.350077 7.643813 35.528088
 236.600000 0.338505 8.813046 35.528088
 236.800000 0.365779 8.274580 35.528088
 237.000000 0.357487 8.057478 35.528088
 237.200000 0.358171 9.318630 35.528088
 237.400000 0.359844 9.392424 35.528088
 237.600000 0.364134 9.398823 35.528088
 237.800000 0.389580 4.619279 35.528088
 238.000000 0.402314 1.851548 35.528088
 238.200000 0.387091 6.215041 35.528088
 238.400000 0.369851 9.097912 35.528088
 238.600000 0.366190 9.383173 35.528088
 238.800000 0.339596 9.132334 35.528088
 239.000000 0.344137 8.614113 35.528088
 239.200000 0.332654 12.207688 35.528088
 239.400000 0.350373 9.839401 35.528088
 239.600000 0.348038 9.769487 35.528088
 239.800000 0.334388 11.575777 35.528088
 240.000000 0.340883 10.081194 35.495959
 240.200000 0.350129 10.753414 35.495959
 240.400000 0.355030 10.746909 35.495959
 240.600000 0.378219 8.018804 35.495959
 240.800000 0.384169 6.822152 35.495959
 241.000000 0.387617 6.136779 35.495959
 241.200000 0.393579 6.231208 35.495959
 241.400000 0.390879 6.807317 35.495959
 241.600000 0.392819 6.395664 35.495959
 241.800000 0.384107 8.129832 35.495959
 242.000000 0.373607 9.762703 35.495959
 242.200000 0.373122 10.956527 35.495959
 242.400000 0.370907 11.201711 35.495959
 242.600000 0.352069 11.235978 35.495959
 242.800000 0.356308 11.458827 35.495959
 243.000000 0.353334 11.304402 35.495959
 243.200000 0.328989 14.950880 35.495959
 243.400000 0.335509 12.831318 35.495959
 243.600000 0.338098 12.354020 35.495959
 243.800000 0.332667 13.597083 35.495959
 244.000000 0.325893 16.368573 35.495959
 244.200000 0.338034 12.971123 35.495959
 244.400000 0.353441 12.522810 35.495959
 244.600000 0.346935 12.328024 35.495959
 244.800000 0.342666 12.422783 35.495959
 245.000000 0.331558 14.749775 35.466964
 245.200000 0.351172 12.824045 35.466964
 245.400000 0.332876 15.192836 35.466964
 245.600000 0.315287 23.331409 35.466964
 245.800000 0.332390 15.359426 35.466964
 246.000000 0.357644 12.818893 35.466964
 246.200000 0.352641 13.765835 35.466964
 246.400000 0.334806 14.898946 35.466964
 246.600000 0.332787 15.472033 35.466964
 246.800000 0.342590 13.716030 35.466964
 247.000000 0.347879 13.641729 35.466964
 247.200000 0.341293 14.673633 35.466964
 247.400000 0.319866 21.246847 35.466964
 247.600000 0.330812 16.632760 35.466964
 247.800000 0.326271 18.325771 35.466964
 248.000000 0.350129 14.636992 35.466964
 248.200000 0.336096 15.879553 35.466964
 248.400000 0.335101 16.038490 35.466964
 248.600000 0.344988 15.428841 35.466964
 248.800000 0.347887 15.496533 35.466964
 249.000000 0.331367 16.874292 35.466964
 249.200000 0.332309 17.451934 35.466964
 249.400000 0.326686 19.207437 35.466964
 249.600000 0.333769 17.108073 35.466964
 249.800000 0.335365 16.790154 35.466964
 250.000000 0.345498 15.967363 35.437175
 250.200000 0.342053 16.898780 35.437175
 250.400000 0.325391 20.043243 35.437175
 250.600000 0.340662 16.958987 35.437175
 250.800000 0.333337 17.822844 35.437175
 251.000000 0.309674 26.334307 35.437175
 251.200000 0.326980 19.778429 35.437175
 251.400000 0.328047 19.415727 35.437175
 251.600000 0.324818 20.573234 35.437175
 251.800000 0.338439 17.198119 35.437175
 252.000000 0.340022 17.064570 35.437175
 252.200000 0.333039 18.776337 35.437175
 252.400000 0.346799 17.573100 35.437175
 252.600000 0.355963 16.842733 35.437175
 252.800000 0.330766 19.274508 35.437175
 253.000000 0.334147 18.572297 35.437175
 253.200000 0.338271 18.764395 35.437175
 253.400000 0.350597 17.798311 35.437175
 253.600000 0.353906 17.416043 35.437175
 253.800000 0.340987 18.509055 35.437175
 254.000000 0.331178 19.926489 35.437175
 254.200000 0.330822 20.727576 35.437175
 254.400000 0.332775 20.306899 35.437175
 254.600000 0.342804 18.906733 35.437175
 254.800000 0.333671 20.132012 35.437175
 255.000000 0.322644 23.038879 35.423483
 255.200000 0.332492 20.869714 35.423483
 255.400000 0.317652 25.318121 35.423483
 255.600000 0.326707 22.395934 35.423483
 255.800000 0.334171 20.505826 35.423483
 256.000000 0.347188 18.651692 35.423483
 256.200000 0.345832 19.569294 35.423483
 256.400000 0.335441 20.816678 35.423483
 256.600000 0.337322 20.537845 35.423483
 256.800000 0.362256 16.379259 35.423483
 257.000000 0.369336 14.184608 35.423483
 257.200000 0.340413 20.294785 35.423483
 257.400000 0.319444 24.860842 35.423483
 257.600000 0.332056 21.468773 35.423483
 257.800000 0.322113 24.031365 35.423483
 258.000000 0.346100 19.818473 35.423483
 258.200000 0.353318 19.682559 35.423483
 258.400000 0.358412 18.643859 35.423483
 258.600000 0.365918 16.481469 35.423483
 258.800000 0.372748 14.136665 35.423483
 259.000000 0.390918 7.895061 35.423483
 259.200000 0.384408 11.162788 35.423483
 259.400000 0.385106 10.947876 35.423483
 259.600000 0.395688 7.590211 35.423483
 259.800000 0.379691 12.604516 35.423483
 260.000000 0.376653 13.530642 35.394559
 260.200000 0.368828 16.757142 35.394559
 260.400000 0.366876 17.279271 35.394559
 260.600000 0.357329 19.412007 35.394559
 260.800000 0.382873 12.512821 35.394559
 261.000000 0.379616 13.566782 35.394559
 261.200000 0.380470 14.249355 35.394559
 261.400000 0.379420 14.584999 35.394559
 261.600000 0.371070 16.946892 35.394559
 261.800000 0.361067 19.123952 35.394559
 262.000000 0.344293 20.840217 35.394559
 262.200000 0.354049 20.703866 35.394559
 262.400000 0.376501 15.538575 35.394559
 262.600000 0.391293 10.310174 35.394559
 262.800000 0.389725 10.927516 35.394559
 263.000000 0.383643 13.200168 35.394559
 263.200000 0.355319 20.685690 35.394559
 263.400000 0.338795 21.818759 35.394559
 263.600000 0.344644 21.545774 35.394559
 263.800000 0.354540 20.782943 35.394559
 264.000000 0.336470 21.977566 35.394559
 264.200000 0.325754 24.087685 35.394559
 264.400000 0.338006 22.521140 35.394559
 264.600000 0.351700 21.478266 35.394559
 264.800000 0.337968 22.523779 35.394559
 265.000000 0.320706 25.215183 35.371006
 265.200000 0.307653 29.048844 35.371006
 265.400000 0.293132 32.658542 35.371006
 265.600000 0.307669 29.044831 35.371006
 265.800000 0.332701 23.411352 35.371006
 266.000000 0.328192 24.140512 35.371006
 266.200000 0.329012 24.587366 35.371006
 266.400000 0.309808 28.799072 35.371006
 266.600000 0.322952 25.809125 35.371006
 266.800000 0.343782 22.687557 35.371006
 267.000000 0.348992 22.091428 35.371006
 267.200000 0.345711 23.120898 35.371006
 267.400000 0.328006 25.017342 35.371006
 267.600000 0.330553 24.627273 35.371006
 267.800000 0.340542 23.579164 35.371006
 268.000000 0.331238 24.532635 35.371006
 268.200000 0.328332 25.539972 35.371006
 268.400000 0.330166 25.267819 35.371006
 268.600000 0.329864 25.311091 35.371006
 268.800000 0.312769 28.440164 35.371006
 269.000000 0.318575 27.290949 35.371006
 269.200000 0.331295 25.473483 35.371006
 269.400000 0.341433 24.131971 35.371006
 269.600000 0.330203 25.646496 35.371006
 269.800000 0.330466 25.604155 35.371006
 270.000000 0.334572 24.993943 35.355064
 270.200000 0.339745 24.878102 35.355064
 270.400000 0.327891 26.556759 35.355064
 270.600000 0.355146 22.182208 35.355064
 270.800000 0.349924 23.288647 35.355064
 271.000000 0.342288 24.531164 35.355064
 271.200000 0.382207 14.748098 35.355064
 271.400000 0.380011 15.495603 35.355064
 271.600000 0.383695 14.214730 35.355064
 271.800000 0.370988 18.205337 35.355064
 272.000000 0.359753 21.357141 35.355064
 272.200000 0.345251 25.095685 35.355064
 272.400000 0.351578 24.027829 35.355064
 272.600000 0.355406 23.169726 35.355064
 272.800000 0.359369 22.138532 35.355064
 273.000000 0.361954 21.411577 35.355064
 273.200000 0.351021 24.656030 35.355064
 273.400000 0.333579 26.460285 35.355064
 273.600000 0.344288 25.558155 35.355064
 273.800000 0.349549 24.896066 35.355064
 274.000000 0.366010 20.871003 35.355064
 274.200000 0.367766 21.005895 35.355064
 274.400000 0.344031 25.818877 35.355064
 274.600000 0.357758 23.813456 35.355064
 274.800000 0.342985 25.894324 35.355064
 275.000000 0.339471 26.122927 35.331868
 275.200000 0.330347 27.266447 35.331868
 275.400000 0.328434 27.428256 35.331868
 275.600000 0.321091 28.218360 35.331868
 275.800000 0.334751 26.955616 35.331868
 276.000000 0.325392 27.725417 35.331868
 276.200000 0.327291 28.039293 35.331868
 276.400000 0.354230 24.963059 35.331868
 276.600000 0.360182 23.467464 35.331868
 276.800000 0.347597 26.141770 35.331868
 277.000000 0.321261 28.687501 35.331868
 277.200000 0.310351 30.348925 35.331868
 277.400000 0.311574 30.218938 35.331868
 277.600000 0.324065 28.854941 35.331868
 277.800000 0.318629 29.468226 35.331868
 278.000000 0.306884 30.739304 35.331868
 278.200000 0.288923 34.123089 35.331868
 278.400000 0.302747 31.708923 35.331868
 278.600000 0.309353 30.895982 35.331868
 278.800000 0.310740 30.737907 35.331868
 279.000000 0.309870 30.836910 35.331868
 279.200000 0.335183 27.836877 35.331868
 279.400000 0.329353 28.595459 35.331868
 279.600000 0.345490 26.585423 35.331868
 279.800000 0.362438 22.819423 35.331868
 280.000000 0.362279 22.867708 35.352080
 280.200000 0.358731 24.502552 35.352080
 280.400000 0.318506 30.194016 35.352080
 280.600000 0.321684 29.739976 35.352080
 280.800000 0.317567 30.323375 35.352080
 281.000000 0.325067 29.246520 35.352080
 281.200000 0.312598 31.298529 35.352080
 281.400000 0.300006 32.573787 35.352080
 281.600000 0.305590 31.970815 35.352080
 281.800000 0.313025 31.254749 35.352080
 282.000000 0.325926 29.598053 35.352080
 282.200000 0.313677 31.521768 35.352080
 282.400000 0.313070 31.574125 35.352080
 282.600000 0.291467 33.886597 35.352080
 282.800000 0.291567 33.869643 35.352080
 283.000000 0.294695 33.367349 35.352080
 283.200000 0.298932 33.180830 35.352080
 283.400000 0.315588 31.495142 35.352080
 283.600000 0.321898 30.701274 35.352080
 283.800000 0.314222 31.642591 35.352080
 284.000000 0.317544 31.269728 35.352080
 284.200000 0.312066 32.265891 35.352080
 284.400000 0.301836 33.093265 35.352080
 284.600000 0.308520 32.551185 35.352080
 284.800000 0.291142 34.418941 35.352080
 285.000000 0.300223 33.247095 35.442545
 285.200000 0.314371 32.306702 35.442545
 285.400000 0.318033 31.841200 35.442545
 285.600000 0.313652 32.388172 35.442545
 285.800000 0.321464 31.327421 35.442545
 286.000000 0.328791 30.067755 35.442545
 286.200000 0.338656 28.800199 35.442545
 286.400000 0.337317 29.028020 35.442545
 286.600000 0.346012 27.542754 35.442545
 286.800000 0.350620 26.649852 35.442545
 287.000000 0.350756 26.621171 35.442545
 287.200000 0.341338 28.786356 35.442545
 287.400000 0.338151 29.261088 35.442545
 287.600000 0.338248 29.246656 35.442545
 287.800000 0.334227 29.854231 35.442545
 288.000000 0.336338 29.532619 35.442545
 288.200000 0.339131 29.577182 35.442545
 288.400000 0.347563 28.133994 35.442545
 288.600000 0.352116 27.129668 35.442545
 288.800000 0.358510 25.340233 35.442545
 289.000000 0.371708 20.499838 35.442545
 289.200000 0.399935 7.672923 35.442545
 289.400000 0.390938 12.103544 35.442545
 289.600000 0.399980 7.652415 35.442545
 289.800000 0.402598 6.498005 35.442545
 290.000000 0.386839 14.198470 35.437319
 290.200000 0.379399 18.661414 35.437319
 290.400000 0.389331 13.844193 35.437319
 290.600000 0.410075 4.013129 35.437319
 290.800000 0.398604 8.973740 35.437319
 291.000000 0.386440 15.330158 35.437319
 291.200000 0.378302 19.900063 35.437319
 291.400000 0.379797 19.287169 35.437319
 291.600000 0.380972 18.785545 35.437319
 291.800000 0.398186 9.836212 35.437319
 292.000000 0.426564 0.686503 35.437319
 292.200000 0.404058 7.364547 35.437319
 292.400000 0.387612 15.670598 35.437319
 292.600000 0.380724 18.905739 35.437319
 292.800000 0.382952 17.921091 35.437319
 293.000000 0.391583 13.599405 35.437319
 293.200000 0.416123 3.991721 35.437319
 293.400000 0.394253 13.114884 35.437319
 293.600000 0.404427 7.871648 35.437319
 293.800000 0.412900 4.777842 35.437319
 294.000000 0.411336 5.233429 35.437319
 294.200000 0.387479 17.046669 35.437319
 294.400000 0.391214 15.312631 35.437319
 294.600000 0.408550 7.538356 35.437319
 294.800000 0.410949 6.739849 35.437319
 295.000000 0.405674 8.613327 35.409107
 295.200000 0.409740 8.280352 35.409107
 295.400000 0.417330 5.905529 35.409107
 295.600000 0.420625 5.049177 35.409107
 295.800000 0.406759 9.382020 35.409107
 296.000000 0.411293 7.744246 35.409107
 296.200000 0.406770 10.562093 35.409107
 296.400000 0.399798 13.192078 35.409107
 296.600000 0.424474 5.002848 35.409107
 296.800000 0.427423 4.244484 35.409107
 297.000000 0.421203 5.904421 35.409107
 297.200000 0.413961 9.302236 35.409107
 297.400000 0.424138 6.412349 35.409107
 297.600000 0.429802 4.815522 35.409107
 297.800000 0.401435 13.119861 35.409107
 298.000000 0.405382 11.838353 35.409107
 298.200000 0.397242 15.461812 35.409107
 298.400000 0.387442 18.588717 35.409107
 298.600000 0.408957 11.752259 35.409107
 298.800000 0.412285 10.708450 35.409107
 299.000000 0.405389 12.868948 35.409107
 299.200000 0.408325 12.917781 35.409107
 299.400000 0.398865 15.836370 35.409107
 299.600000 0.389187 18.596768 35.409107
 299.800000 0.369950 23.458414 35.409107
 300.000000 0.377600 21.588142 35.382257
 300.200000 0.377318 22.326463 35.382257
 300.400000 0.366564 24.800757 35.382257
 300.600000 0.369617 24.120445 35.382257
 300.800000 0.375747 22.705986 35.382257
 301.000000 0.379455 21.793935 35.382257
 301.200000 0.388350 19.897811 35.382257
 301.400000 0.399741 16.065946 35.382257
 301.600000 0.390090 19.336539 35.382257
 301.800000 0.345553 28.832772 35.382257
 302.000000 0.364473 25.662240 35.382257
 302.200000 0.372976 24.434882 35.382257
 302.400000 0.386076 20.802906 35.382257
 302.600000 0.385748 20.908802 35.382257
 302.800000 0.402130 15.268129 35.382257
 303.000000 0.407198 13.503411 35.382257
 303.200000 0.379197 23.032701 35.382257
 303.400000 0.372475 24.614322 35.382257
 303.600000 0.354973 27.850749 35.382257
 303.800000 0.330925 30.877771 35.382257
 304.000000 0.344767 29.174575 35.382257
 304.200000 0.355029 28.219844 35.382257
 304.400000 0.335354 30.682287 35.382257
 304.600000 0.333146 30.932359 35.382257
 304.800000 0.345604 29.554460 35.382257
 305.000000 0.356492 27.968831 35.368908
 305.200000 0.356166 28.529090 35.368908
 305.400000 0.353065 29.027860 35.368908
 305.600000 0.348046 29.682334 35.368908
 305.800000 0.369029 25.824013 35.368908
 306.000000 0.361608 27.488720 35.368908
 306.200000 0.354185 29.311422 35.368908
 306.400000 0.332454 31.227779 35.368908
 306.600000 0.345759 30.219542 35.368908
 306.800000 0.359803 28.364802 35.368908
 307.000000 0.365827 27.063293 35.368908
 307.200000 0.363080 28.204007 35.368908
 307.400000 0.335323 31.046540 35.368908
 307.600000 0.339266 30.792011 35.368908
 307.800000 0.362221 28.383311 35.368908
 308.000000 0.349584 30.164808 35.368908
 308.200000 0.339692 31.134632 35.368908
 308.400000 0.343243 30.991156 35.368908
 308.600000 0.342630 31.016281 35.368908
 308.800000 0.335981 31.302458 35.368908
 309.000000 0.311813 33.030473 35.368908
 309.200000 0.307463 33.648326 35.368908
 309.400000 0.315167 33.226801 35.368908
 309.600000 0.320337 32.812039 35.368908
 309.800000 0.335025 31.473597 35.368908
 310.000000 0.326764 32.180716 35.399906
 310.200000 0.321650 33.082638 35.399906
 310.400000 0.321162 33.124524 35.399906
 310.600000 0.309375 33.769149 35.399906
 310.800000 0.305033 33.912536 35.399906
 311.000000 0.314002 33.594060 35.399906
 311.200000 0.331246 32.364571 35.399906
 311.400000 0.339557 31.593232 35.399906
 311.600000 0.329453 32.563158 35.399906
 311.800000 0.335529 31.931589 35.399906
 312.000000 0.332190 32.263507 35.399906
 312.200000 0.312307 34.228530 35.399906
 312.400000 0.326944 33.241012 35.399906
 312.600000 0.320448 33.846828 35.399906
 312.800000 0.309277 34.274083 35.399906
 313.000000 0.309167 34.275281 35.399906
 313.200000 0.302271 34.714377 35.399906
 313.400000 0.310106 34.643929 35.399906
 313.600000 0.315090 34.499282 35.399906
 313.800000 0.314818 34.511799 35.399906
 314.000000 0.317329 34.374346 35.399906
 314.200000 0.311389 34.971840 35.399906
 314.400000 0.302730 34.943645 35.399906
 314.600000 0.302118 34.942615 35.399906
 314.800000 0.284983 35.967657 35.399906
 315.000000 0.280731 36.495645 35.595089
 315.200000 0.299329 35.119834 35.595089
 315.400000 0.293537 35.417592 35.595089
 315.600000 0.304973 35.048786 35.595089
 315.800000 0.314278 34.933159 35.595089
 316.000000 0.304584 35.049792 35.595089
 316.200000 0.291283 35.854670 35.595089
 316.400000 0.299066 35.470667 35.595089
 316.600000 0.306096 35.412450 35.595089
 316.800000 0.297733 35.505070 35.595089
 317.000000 0.281163 36.892063 35.595089
 317.200000 0.304374 35.519454 35.595089
 317.400000 0.301795 35.562553 35.595089
 317.600000 0.291161 36.134975 35.595089
 317.800000 0.294812 35.848391 35.595089
 318.000000 0.298759 35.647273 35.595089
 318.200000 0.320343 34.871603 35.595089
 318.400000 0.322870 34.533082 35.595089
 318.600000 0.300947 35.934982 35.595089
 318.800000 0.288631 36.665687 35.595089
 319.000000 0.292183 36.370365 35.595089
 319.200000 0.271985 38.478788 35.595089
 319.400000 0.289125 36.960703 35.595089
 319.600000 0.297320 36.389783 35.595089
 319.800000 0.306460 36.025358 35.595089
 320.000000 0.322052 34.694532 35.912378
 320.200000 0.322445 35.010593 35.912378
 320.400000 0.290737 36.870073 35.912378
 320.600000 0.275952 38.143585 35.912378
 320.800000 0.293384 36.689511 35.912378
 321.000000 0.327661 34.180280 35.912378
 321.200000 0.331432 33.923071 35.912378
 321.400000 0.345864 31.775889 35.912378
 321.600000 0.352860 30.736913 35.912378
 321.800000 0.324697 35.040072 35.912378
 322.000000 0.332938 33.668779 35.912378
 322.200000 0.335031 33.711196 35.912378
 322.400000 0.352211 31.014651 35.912378
 322.600000 0.360921 29.200273 35.912378
 322.800000 0.359256 29.589493 35.912378
 323.000000 0.370550 26.602830 35.912378
 323.200000 0.370810 27.060882 35.912378
 323.400000 0.351074 31.442979 35.912378
 323.600000 0.349939 31.611973 35.912378
 323.800000 0.365911 28.429593 35.912378
 324.000000 0.378337 24.652519 35.912378
 324.200000 0.373337 26.841519 35.912378
 324.400000 0.357643 30.541154 35.912378
 324.600000 0.336778 33.480434 35.912378
 324.800000 0.364379 29.198932 35.912378
 325.000000 0.367924 28.346107 35.958247
 325.200000 0.356636 31.086621 35.958247
 325.400000 0.337040 33.499366 35.958247
 325.600000 0.320706 35.879995 35.958247
 325.800000 0.330519 34.501561 35.958247
 326.000000 0.343890 32.625811 35.958247
 326.200000 0.338483 33.681133 35.958247
 326.400000 0.313863 36.418635 35.958247
 326.600000 0.308025 36.484997 35.958247
 326.800000 0.311863 36.463749 35.958247
 327.000000 0.297250 36.561061 35.958247
 327.200000 0.331457 34.667368 35.958247
 327.400000 0.325653 35.502681 35.958247
 327.600000 0.296631 36.924450 35.958247
 327.800000 0.307787 36.752857 35.958247
 328.000000 0.322391 35.918078 35.958247
 328.200000 0.328634 35.404705 35.958247
 328.400000 0.339686 33.717788 35.958247
 328.600000 0.327466 35.582882 35.958247
 328.800000 0.332754 34.755777 35.958247
 329.000000 0.350225 32.352907 35.958247
 329.200000 0.361121 30.880182 35.958247
 329.400000 0.382455 24.144185 35.958247
 329.600000 0.400029 17.249615 35.958247
 329.800000 0.376422 26.423493 35.958247
 330.000000 0.380442 24.928067 36.098473
 330.200000 0.387399 22.682081 36.098473
 330.400000 0.416393 11.064234 36.098473
 330.600000 0.420936 9.180027 36.098473
 330.800000 0.388298 22.304631 36.098473
 331.000000 0.378077 26.389974 36.098473
 331.200000 0.394118 20.173441 36.098473
 331.400000 0.398284 18.399735 36.098473
 331.600000 0.397595 18.687815 36.098473
 331.800000 0.399530 17.883893 36.098473
 332.000000 0.405481 15.488957 36.098473
 332.200000 0.409797 14.613647 36.098473
 332.400000 0.422328 9.076486 36.098473
 332.600000 0.430118 5.771374 36.098473
 332.800000 0.432083 5.033363 36.098473
 333.000000 0.398784 18.986590 36.098473
 333.200000 0.392929 22.005447 36.098473
 333.400000 0.398248 19.946748 36.098473
 333.600000 0.384141 25.315452 36.098473
 333.800000 0.380152 26.706678 36.098473
 334.000000 0.384526 25.175665 36.098473
 334.200000 0.389120 24.008184 36.098473
 334.400000 0.397530 20.617526 36.098473
 334.600000 0.393341 22.326481 36.098473
 334.800000 0.395542 21.432309 36.098473
 335.000000 0.360156 31.767376 36.092310
 335.200000 0.356531 32.673875 36.092310
 335.400000 0.356415 32.687803 36.092310
 335.600000 0.345596 33.715667 36.092310
 335.800000 0.351913 33.165790 36.092310
 336.000000 0.358888 32.370915 36.092310
 336.200000 0.355948 33.148902 36.092310
 336.400000 0.358797 32.796953 36.092310
 336.600000 0.385404 25.612707 36.092310
 336.800000 0.390313 23.639891 36.092310
 337.000000 0.402457 18.575073 36.092310
 337.200000 0.389104 24.647819 36.092310
 337.400000 0.373155 29.927232 36.092310
 337.600000 0.385869 25.844323 36.092310
 337.800000 0.403167 19.035266 36.092310
 338.000000 0.426545 7.581892 36.092310
 338.200000 0.416055 13.839949 36.092310
 338.400000 0.405291 18.557902 36.092310
 338.600000 0.389854 24.425421 36.092310
 338.800000 0.414011 14.790734 36.092310
 339.000000 0.410913 16.184840 36.092310
 339.200000 0.390092 24.661211 36.092310
 339.400000 0.386444 25.891074 36.092310
 339.600000 0.400528 21.096800 36.092310
 339.800000 0.399704 21.385611 36.092310
 340.000000 0.380428 27.854946 36.086921
 340.200000 0.373240 30.390203 36.086921
 340.400000 0.369968 31.151001 36.086921
 340.600000 0.378288 29.013700 36.086921
 340.800000 0.366278 31.882814 36.086921
 341.000000 0.365129 32.084440 36.086921
 341.200000 0.354217 33.763123 36.086921
 341.400000 0.361175 33.092788 36.086921
 341.600000 0.366536 32.253060 36.086921
 341.800000 0.356609 33.578444 36.086921
 342.000000 0.350244 33.992672 36.086921
 342.200000 0.343108 34.671351 36.086921
 342.400000 0.354644 34.102121 36.086921
 342.600000 0.363319 33.056756 36.086921
 342.800000 0.386727 26.426936 36.086921
 343.000000 0.366887 32.394722 36.086921
 343.200000 0.362900 33.524441 36.086921
 343.400000 0.359025 34.028898 36.086921
 343.600000 0.351755 34.544533 36.086921
 343.800000 0.370431 32.000689 36.086921
 344.000000 0.365648 33.052607 36.086921
 344.200000 0.374283 31.285365 36.086921
 344.400000 0.380091 29.305836 36.086921
 344.600000 0.372822 31.724525 36.086921
 344.800000 0.391377 24.911702 36.086921
 345.000000 0.408587 18.138179 36.129119
 345.200000 0.379504 29.638025 36.129119
 345.400000 0.356706 34.585304 36.129119
 345.600000 0.373262 31.642458 36.129119
 345.800000 0.411439 17.637918 36.129119
 346.000000 0.423946 11.109286 36.129119
 346.200000 0.427352 10.320448 36.129119
 346.400000 0.419674 14.464466 36.129119
 346.600000 0.432893 7.429713 36.129119
 346.800000 0.434713 6.553114 36.129119
 347.000000 0.429297 9.276564 36.129119
 347.200000 0.436504 6.768937 36.129119
 347.400000 0.439201 5.542640 36.129119
 347.600000 0.462755 0.313747 36.129119
 347.800000 0.439074 5.597918 36.129119
 348.000000 0.449414 2.092141 36.129119
 348.200000 0.452024 3.102270 36.129119
 348.400000 0.437258 7.562697 36.129119
 348.600000 0.449881 3.576147 36.129119
 348.800000 0.463658 1.282425 36.129119
 349.000000 0.451526 3.207849 36.129119
 349.200000 0.433437 9.911626 36.129119
 349.400000 0.448564 5.381444 36.129119
 349.600000 0.476905 0.665346 36.129119
 349.800000 0.480202 0.434218 36.129119
 350.000000 0.432394 10.317796 36.103400
 350.200000 0.407611 20.656256 36.103400
 350.400000 0.412923 18.990716 36.103400
 350.600000 0.405747 21.199821 36.103400
 350.800000 0.432831 11.251021 36.103400
 351.000000 0.439460 8.795517 36.103400
 351.200000 0.442019 9.107608 36.103400
 351.400000 0.428071 14.053980 36.103400
 351.600000 0.442615 8.908121 36.103400
 351.800000 0.455007 5.043296 36.103400
 352.000000 0.465460 2.433117 36.103400
 352.200000 0.476007 2.039958 36.103400
 352.400000 0.463454 4.421550 36.103400
 352.600000 0.440029 10.153380 36.103400
 352.800000 0.432753 12.494505 36.103400
 353.000000 0.451264 7.150543 36.103400
 353.200000 0.418534 17.560163 36.103400
 353.400000 0.419564 17.232138 36.103400
 353.600000 0.435000 12.448199 36.103400
 353.800000 0.434402 12.615876 36.103400
 354.000000 0.435816 12.222637 36.103400
 354.200000 0.449926 9.394378 36.103400
 354.400000 0.453032 8.519785 36.103400
 354.600000 0.460610 6.335000 36.103400
 354.800000 0.473324 2.960910 36.103400
 355.000000 0.473279 2.971079 36.078613
 355.200000 0.453164 9.104290 36.078613
 355.400000 0.436444 13.138302 36.078613
 355.600000 0.441652 11.814939 36.078613
 355.800000 0.458114 7.975572 36.078613
 356.000000 0.469449 5.377829 36.078613
 356.200000 0.443927 11.582392 36.078613
 356.400000 0.427271 15.654309 36.078613
 356.600000 0.428163 15.409255 36.078613
 356.800000 0.435949 13.379275 36.078613
 357.000000 0.429530 15.037904 36.078613
 357.200000 0.464475 7.883299 36.078613
 357.400000 0.483808 3.204864 36.078613
 357.600000 0.492909 1.420978 36.078613
 357.800000 0.474502 5.539650 36.078613
 358.000000 0.435473 14.324409 36.078613
 358.200000 0.423702 18.154788 36.078613
 358.400000 0.440591 13.846431 36.078613
 358.600000 0.448554 11.718449 36.078613
 358.800000 0.437790 14.617837 36.078613
 359.000000 0.417100 19.548540 36.078613
 359.200000 0.405476 22.417641 36.078613
 359.400000 0.414706 20.751515 36.078613
 359.600000 0.418114 20.072999 36.078613
 359.800000 0.399373 23.622182 36.078613
 360.000000 0.402082 23.058086 36.056345
