#! FIELDS time d metad.bias metad.rct
 0.000000 0.115248 0.000000 0.000000
 0.200000 0.107026 0.000000 0.000000
 0.400000 0.129331 0.000000 0.000000
 0.600000 0.132152 0.000000 0.000000
 0.800000 0.115362 0.000000 0.000000
 1.000000 0.116071 0.000000 0.000000
 1.200000 0.122261 1.606879 0.000000
 1.400000 0.119029 1.716225 0.000000
 1.600000 0.121443 1.641073 0.000000
 1.800000 0.117495 1.742113 0.000000
 2.000000 0.120301 1.681632 0.000000
 2.200000 0.115861 3.303774 0.000000
 2.400000 0.130610 2.374300 0.000000
 2.600000 0.140305 1.137479 0.000000
 2.800000 0.145941 0.612412 0.000000
 3.000000 0.147153 0.526085 0.000000
 3.200000 0.143740 2.458954 0.000000
 3.400000 0.137128 2.881849 0.000000
 3.600000 0.142624 2.530162 0.000000
 3.800000 0.134024 3.085126 0.000000
 4.000000 0.147811 2.190862 0.000000
 4.200000 0.161263 2.209134 0.000000
 4.400000 0.143847 3.984808 0.000000
 4.600000 0.135365 4.121255 0.000000
 4.800000 0.147601 3.792306 0.000000
 5.000000 0.147850 3.775464 1.415346
 5.200000 0.173969 1.010401 1.415346
 5.400000 0.159527 3.549572 1.415346
 5.600000 0.140118 5.375420 1.415346
 5.800000 0.137322 5.267130 1.415346
 6.000000 0.122243 4.357124 1.415346
 6.200000 0.112638 4.610994 1.415346
 6.400000 0.137980 6.127185 1.415346
 6.600000 0.151693 5.086391 1.415346
 6.800000 0.164991 2.475513 1.415346
 7.000000 0.161804 3.131912 1.415346
 7.200000 0.150862 6.375796 1.415346
 7.400000 0.147064 6.606492 1.415346
 7.600000 0.132163 6.351824 1.415346
 7.800000 0.142327 6.655382 1.415346
 8.000000 0.180415 1.130870 1.415346
 8.200000 0.180411 2.795443 1.415346
 8.400000 0.181094 2.712360 1.415346
 8.600000 0.180753 2.753744 1.415346
 8.800000 0.181488 2.664780 1.415346
 9.000000 0.158295 5.909176 1.415346
 9.200000 0.134650 6.841872 1.415346
 9.400000 0.149555 7.809666 1.415346
 9.600000 0.154497 7.639520 1.415346
 9.800000 0.138506 7.164612 1.415346
 10.000000 0.133328 6.738366 3.672860
 10.200000 0.134969 8.155998 3.672860
 10.400000 0.146553 8.617665 3.672860
 10.600000 0.171946 4.837517 3.672860
 10.800000 0.156933 7.790354 3.672860
 11.000000 0.152945 8.283704 3.672860
 11.200000 0.159244 8.523909 3.672860
 11.400000 0.186480 2.406691 3.672860
 11.600000 0.189628 1.940761 3.672860
 11.800000 0.181446 3.278876 3.672860
 12.000000 0.190752 1.787929 3.672860
 12.200000 0.159646 8.625892 3.672860
 12.400000 0.144336 9.647795 3.672860
 12.600000 0.147759 9.759918 3.672860
 12.800000 0.160513 8.462639 3.672860
 13.000000 0.162100 8.147497 3.672860
 13.200000 0.169206 7.739837 3.672860
 13.400000 0.166539 8.375244 3.672860
 13.600000 0.168514 7.905030 3.672860
 13.800000 0.159871 9.788068 3.672860
 14.000000 0.144436 10.260803 3.672860
 14.200000 0.144473 11.372603 3.672860
 14.400000 0.133304 9.576418 3.672860
 14.600000 0.118497 6.655896 3.672860
 14.800000 0.107788 4.054279 3.672860
 15.000000 0.100680 2.391792 6.013395
 15.200000 0.102427 4.332954 6.013395
 15.400000 0.102675 4.385461 6.013395
 15.600000 0.115022 6.849779 6.013395
 15.800000 0.107924 5.487855 6.013395
 16.000000 0.112415 6.375571 6.013395
 16.200000 0.101335 5.104699 6.013395
 16.400000 0.098395 4.344105 6.013395
 16.600000 0.103099 5.561140 6.013395
 16.800000 0.108799 6.945948 6.013395
 17.000000 0.094278 3.328292 6.013395
 17.200000 0.082985 2.376357 6.013395
 17.400000 0.079857 1.825750 6.013395
 17.600000 0.100565 6.286143 6.013395
 17.800000 0.115775 8.803579 6.013395
 18.000000 0.116396 8.864684 6.013395
 18.200000 0.130933 10.755443 6.013395
 18.400000 0.101879 7.309998 6.013395
 18.600000 0.089905 4.073179 6.013395
 18.800000 0.098801 6.481216 6.013395
 19.000000 0.100521 6.948881 6.013395
 19.200000 0.103973 9.094827 6.013395
 19.400000 0.104867 9.293405 6.013395
 19.600000 0.112054 10.455951 6.013395
 19.800000 0.110178 10.229953 6.013395
 20.000000 0.087980 4.497149 7.216068
 20.200000 0.093868 7.611101 7.216068
 20.400000 0.089901 6.491714 7.216068
 20.600000 0.084054 4.780822 7.216068
 20.800000 0.074897 2.421420 7.216068
 21.000000 0.068425 1.260329 7.216068
 21.200000 0.089104 6.897086 7.216068
 21.400000 0.111613 10.842907 7.216068
 21.600000 0.106057 10.299859 7.216068
 21.800000 0.086846 6.372499 7.216068
 22.000000 0.082125 5.322101 7.216068
 22.200000 0.080414 6.337370 7.216068
 22.400000 0.070103 4.159663 7.216068
 22.600000 0.069951 4.128731 7.216068
 22.800000 0.069981 4.134922 7.216068
 23.000000 0.073186 4.796359 7.216068
 23.200000 0.065208 4.433291 7.216068
 23.400000 0.070832 5.704264 7.216068
 23.600000 0.073103 6.192212 7.216068
 23.800000 0.092034 9.330158 7.216068
 24.000000 0.102645 10.530051 7.216068
 24.200000 0.107294 11.936388 7.216068
 24.400000 0.091388 10.071889 7.216068
 24.600000 0.087557 9.381204 7.216068
 24.800000 0.065472 4.542613 7.216068
 25.000000 0.068561 5.278919 8.018197
 25.200000 0.070767 7.170874 8.018197
 25.400000 0.077666 8.522209 8.018197
 25.600000 0.085640 9.737320 8.018197
 25.800000 0.077745 8.535764 8.018197
 26.000000 0.068830 6.726107 8.018197
 26.200000 0.067290 7.644061 8.018197
 26.400000 0.086208 10.477625 8.018197
 26.600000 0.081053 9.999442 8.018197
 26.800000 0.083299 10.218379 8.018197
 27.000000 0.089662 10.773502 8.018197
 27.200000 0.089422 11.835869 8.018197
 27.400000 0.077375 10.348278 8.018197
 27.600000 0.082569 11.117890 8.018197
 27.800000 0.076281 10.151965 8.018197
 28.000000 0.052997 3.489974 8.018197
 28.200000 0.066326 8.722393 8.018197
 28.400000 0.072407 9.990291 8.018197
 28.600000 0.068477 9.215269 8.018197
 28.800000 0.066714 8.814848 8.018197
 29.000000 0.071708 9.864456 8.018197
 29.200000 0.069996 10.654694 8.018197
 29.400000 0.070373 10.733019 8.018197
 29.600000 0.074497 11.445048 8.018197
 29.800000 0.072895 11.199326 8.018197
 30.000000 0.048864 4.192808 8.958371
 30.200000 0.054450 7.346187 8.958371
 30.400000 0.046955 5.080655 8.958371
 30.600000 0.066340 10.518644 8.958371
 30.800000 0.074007 11.728151 8.958371
 31.000000 0.082017 12.288874 8.958371
 31.200000 0.069868 11.899241 8.958371
 31.400000 0.071530 12.213234 8.958371
 31.600000 0.076845 12.945745 8.958371
 31.800000 0.060696 9.527803 8.958371
 32.000000 0.086527 13.403493 8.958371
 32.200000 0.070367 12.536058 8.958371
 32.400000 0.062949 10.472734 8.958371
 32.600000 0.064733 11.022979 8.958371
 32.800000 0.076413 13.668165 8.958371
 33.000000 0.073654 13.221209 8.958371
 33.200000 0.101541 13.892941 8.958371
 33.400000 0.079134 14.902212 8.958371
 33.600000 0.061272 10.624384 8.958371
 33.800000 0.066515 12.408843 8.958371
 34.000000 0.074057 14.264665 8.958371
 34.200000 0.049933 6.644854 8.958371
 34.400000 0.053008 7.858725 8.958371
 34.600000 0.055895 9.047165 8.958371
 34.800000 0.069189 14.060710 8.958371
 35.000000 0.066815 13.325767 11.264169
 35.200000 0.061604 12.311036 11.264169
 35.400000 0.057137 10.349729 11.264169
 35.600000 0.054198 9.022584 11.264169
 35.800000 0.050391 7.351073 11.264169
 36.000000 0.045699 5.474994 11.264169
 36.200000 0.049424 8.273631 11.264169
 36.400000 0.058180 11.787617 11.264169
 36.600000 0.060063 12.517083 11.264169
 36.800000 0.062238 13.320454 11.264169
 37.000000 0.060053 12.513484 11.264169
 37.200000 0.059704 13.382107 11.264169
 37.400000 0.034866 3.573278 11.264169
 37.600000 0.060512 13.688678 11.264169
 37.800000 0.090316 15.790821 11.264169
 38.000000 0.118098 12.130139 11.264169
 38.200000 0.123143 12.549254 11.264169
 38.400000 0.134996 11.761900 11.264169
 38.600000 0.121618 12.727500 11.264169
 38.800000 0.097035 15.149701 11.264169
 39.000000 0.084900 16.635374 11.264169
 39.200000 0.068666 16.605989 11.264169
 39.400000 0.056474 12.220225 11.264169
 39.600000 0.044134 6.862028 11.264169
 39.800000 0.049358 9.073281 11.264169
 40.000000 0.054852 11.509227 12.879931
 40.200000 0.056032 13.072278 12.879931
 40.400000 0.065518 16.528480 12.879931
 40.600000 0.060905 15.031383 12.879931
 40.800000 0.072664 17.916167 12.879931
 41.000000 0.067908 17.128636 12.879931
 41.200000 0.064362 16.986326 12.879931
 41.400000 0.056641 13.948459 12.879931
 41.600000 0.065098 17.211559 12.879931
 41.800000 0.097286 15.850788 12.879931
 42.000000 0.100482 15.369373 12.879931
 42.200000 0.092510 17.442929 12.879931
 42.400000 0.096813 16.783647 12.879931
 42.600000 0.093754 17.248859 12.879931
 42.800000 0.111678 14.680188 12.879931
 43.000000 0.111262 14.742039 12.879931
 43.200000 0.110737 15.726576 12.879931
 43.400000 0.123293 13.495923 12.879931
 43.600000 0.126988 12.868632 12.879931
 43.800000 0.126994 12.867781 12.879931
 44.000000 0.135644 12.058811 12.879931
 44.200000 0.109241 16.150899 12.879931
 44.400000 0.089088 18.279683 12.879931
 44.600000 0.072748 18.889685 12.879931
 44.800000 0.066455 17.665707 12.879931
 45.000000 0.080271 19.096345 14.684903
 45.200000 0.078281 19.896181 14.684903
 45.400000 0.078948 19.887876 14.684903
 45.600000 0.078233 19.896402 14.684903
 45.800000 0.085929 19.334781 14.684903
 46.000000 0.083538 19.602551 14.684903
 46.200000 0.078556 20.585460 14.684903
 46.400000 0.068010 19.024860 14.684903
 46.600000 0.062991 17.241969 14.684903
 46.800000 0.060328 16.086640 14.684903
 47.000000 0.051650 11.761808 14.684903
 47.200000 0.061612 17.490084 14.684903
 47.400000 0.061207 17.327149 14.684903
 47.600000 0.065227 18.795090 14.684903
 47.800000 0.078018 20.799121 14.684903
 48.000000 0.072900 20.515696 14.684903
 48.200000 0.062647 18.446855 14.684903
 48.400000 0.063707 18.861678 14.684903
 48.600000 0.065602 19.537335 14.684903
 48.800000 0.097442 18.374735 14.684903
 49.000000 0.126543 13.803556 14.684903
 49.200000 0.136482 13.816731 14.684903
 49.400000 0.145561 13.312886 14.684903
 49.600000 0.129720 14.377751 14.684903
 49.800000 0.107123 17.193710 14.684903
 50.000000 0.088454 20.185167 16.613766
 50.200000 0.109794 17.150433 16.613766
 50.400000 0.127462 14.658875 16.613766
 50.600000 0.125706 14.888613 16.613766
 50.800000 0.094898 19.610443 16.613766
 51.000000 0.124532 15.051001 16.613766
 51.200000 0.116391 17.009167 16.613766
 51.400000 0.104448 18.277299 16.613766
 51.600000 0.112443 17.435460 16.613766
 51.800000 0.125990 15.741120 16.613766
 52.000000 0.104210 18.305859 16.613766
 52.200000 0.106885 18.764236 16.613766
 52.400000 0.111679 18.196985 16.613766
 52.600000 0.124679 16.229620 16.613766
 52.800000 0.105392 18.938784 16.613766
 53.000000 0.088505 21.383098 16.613766
 53.200000 0.079634 22.770720 16.613766
 53.400000 0.069948 21.425763 16.613766
 53.600000 0.064670 19.630547 16.613766
 53.800000 0.077304 22.682353 16.613766
 54.000000 0.082453 22.702290 16.613766
 54.200000 0.089337 22.505374 16.613766
 54.400000 0.085686 23.049295 16.613766
 54.600000 0.117224 17.591598 16.613766
 54.800000 0.144734 13.750718 16.613766
 55.000000 0.136291 14.569226 18.109495
 55.200000 0.126428 16.707527 18.109495
 55.400000 0.109595 19.007625 18.109495
 55.600000 0.101507 20.225841 18.109495
 55.800000 0.114448 18.368892 18.109495
 56.000000 0.123733 17.087615 18.109495
 56.200000 0.125320 17.675834 18.109495
 56.400000 0.159367 11.358593 18.109495
 56.600000 0.177984 5.917388 18.109495
 56.800000 0.183461 4.830861 18.109495
 57.000000 0.175343 6.529982 18.109495
 57.200000 0.189235 4.700661 18.109495
 57.400000 0.160686 11.752450 18.109495
 57.600000 0.145243 14.926076 18.109495
 57.800000 0.156602 12.789749 18.109495
 58.000000 0.155027 13.155642 18.109495
 58.200000 0.144000 15.841476 18.109495
 58.400000 0.128620 17.397856 18.109495
 58.600000 0.138226 16.366534 18.109495
 58.800000 0.141582 16.068242 18.109495
 59.000000 0.137583 16.425139 18.109495
 59.200000 0.136366 17.378173 18.109495
 59.400000 0.132853 17.700874 18.109495
 59.600000 0.129208 18.045719 18.109495
 59.800000 0.143422 16.678307 18.109495
 60.000000 0.163656 11.954087 18.313023
 60.200000 0.169603 10.953286 18.313023
 60.400000 0.158443 14.571533 18.313023
 60.600000 0.143129 17.113751 18.313023
 60.800000 0.151698 16.092373 18.313023
 61.000000 0.144059 17.039072 18.313023
 61.200000 0.162970 13.574716 18.313023
 61.400000 0.163727 13.303882 18.313023
 61.600000 0.174863 9.273190 18.313023
 61.800000 0.167288 11.999021 18.313023
 62.000000 0.146544 17.612676 18.313023
 62.200000 0.132681 18.971508 18.313023
 62.400000 0.126006 19.101041 18.313023
 62.600000 0.126441 19.089356 18.313023
 62.800000 0.137914 18.900366 18.313023
 63.000000 0.133008 18.967221 18.313023
 63.200000 0.126822 19.769943 18.313023
 63.400000 0.127606 19.765411 18.313023
 63.600000 0.116644 19.840190 18.313023
 63.800000 0.112352 19.910376 18.313023
 64.000000 0.137768 19.617878 18.313023
 64.200000 0.136992 20.371149 18.313023
 64.400000 0.142943 20.012300 18.313023
 64.600000 0.106911 20.231114 18.313023
 64.800000 0.101318 20.704529 18.313023
 65.000000 0.106386 20.260410 19.011376
 65.200000 0.111215 20.767086 19.011376
 65.400000 0.109928 20.806822 19.011376
 65.600000 0.126570 20.610059 19.011376
 65.800000 0.159100 15.874349 19.011376
 66.000000 0.145199 19.760269 19.011376
 66.200000 0.108585 20.894201 19.011376
 66.400000 0.110258 20.842592 19.011376
 66.600000 0.097216 21.858852 19.011376
 66.800000 0.108337 20.903612 19.011376
 67.000000 0.100832 21.432773 19.011376
 67.200000 0.113526 21.262325 19.011376
 67.400000 0.107691 21.536915 19.011376
 67.600000 0.099005 22.304343 19.011376
 67.800000 0.125283 21.093177 19.011376
 68.000000 0.098921 22.313922 19.011376
 68.200000 0.096917 23.190897 19.011376
 68.400000 0.112198 21.748054 19.011376
 68.600000 0.118105 21.429982 19.011376
 68.800000 0.132990 21.194656 19.011376
 69.000000 0.119529 21.372862 19.011376
 69.200000 0.115508 22.205327 19.011376
 69.400000 0.109740 22.465636 19.011376
 69.600000 0.104615 22.770680 19.011376
 69.800000 0.087776 24.168653 19.011376
 70.000000 0.110194 22.442653 20.368976
 70.200000 0.125458 22.235900 20.368976
 70.400000 0.121234 22.477468 20.368976
 70.600000 0.121295 22.473889 20.368976
 70.800000 0.100718 23.595477 20.368976
 71.000000 0.097905 23.775644 20.368976
 71.200000 0.092564 24.702775 20.368976
 71.400000 0.112772 23.326766 20.368976
 71.600000 0.129403 22.094988 20.368976
 71.800000 0.132891 21.891849 20.368976
 72.000000 0.113358 23.281894 20.368976
 72.200000 0.095154 24.853532 20.368976
 72.400000 0.087042 24.998532 20.368976
 72.600000 0.099479 24.680317 20.368976
 72.800000 0.092144 24.950898 20.368976
 73.000000 0.091733 24.961438 20.368976
 73.200000 0.111180 24.308651 20.368976
 73.400000 0.103869 24.895275 20.368976
 73.600000 0.113968 24.045782 20.368976
 73.800000 0.126426 22.744074 20.368976
 74.000000 0.125136 22.872324 20.368976
 74.200000 0.124617 23.556421 20.368976
 74.400000 0.123203 23.698044 20.368976
 74.600000 0.105150 25.061455 20.368976
 74.800000 0.116894 24.290614 20.368976
 75.000000 0.121959 23.820261 21.898722
 75.200000 0.149979 19.924754 21.898722
 75.400000 0.161467 15.386013 21.898722
 75.600000 0.146857 20.801556 21.898722
 75.800000 0.134798 22.941791 21.898722
 76.000000 0.146904 20.789634 21.898722
 76.200000 0.140775 22.704097 21.898722
 76.400000 0.156885 17.952311 21.898722
 76.600000 0.141665 22.563753 21.898722
 76.800000 0.129838 23.920776 21.898722
 77.000000 0.101249 25.488179 21.898722
 77.200000 0.082569 25.574453 21.898722
 77.400000 0.080434 25.276022 21.898722
 77.600000 0.060780 18.299372 21.898722
 77.800000 0.067340 21.438133 21.898722
 78.000000 0.068177 21.788313 21.898722
 78.200000 0.075570 24.856514 21.898722
 78.400000 0.093774 26.294636 21.898722
 78.600000 0.091126 26.322327 21.898722
 78.800000 0.083602 26.081242 21.898722
 79.000000 0.071811 23.793466 21.898722
 79.200000 0.070149 23.820140 21.898722
 79.400000 0.064543 21.361926 21.898722
 79.600000 0.063235 20.689885 21.898722
 79.800000 0.063385 20.768231 21.898722
 80.000000 0.084757 26.579167 23.070493
 80.200000 0.099585 26.594603 23.070493
 80.400000 0.087222 27.159786 23.070493
 80.600000 0.079916 26.711274 23.070493
 80.800000 0.082024 26.945891 23.070493
 81.000000 0.061467 19.893142 23.070493
 81.200000 0.062768 21.343343 23.070493
 81.400000 0.058658 18.946648 23.070493
 81.600000 0.064322 22.170296 23.070493
 81.800000 0.043193 9.150488 23.070493
 82.000000 0.050370 13.621506 23.070493
 82.200000 0.057741 19.224347 23.070493
 82.400000 0.064539 22.891329 23.070493
 82.600000 0.061672 21.449131 23.070493
 82.800000 0.067397 24.145694 23.070493
 83.000000 0.070553 25.294385 23.070493
 83.200000 0.056486 18.831581 23.070493
 83.400000 0.057333 19.364277 23.070493
 83.600000 0.039392 7.841761 23.070493
 83.800000 0.050480 14.877639 23.070493
 84.000000 0.054022 17.236969 23.070493
 84.200000 0.046497 12.942090 23.070493
 84.400000 0.040726 9.158131 23.070493
 84.600000 0.037276 7.124397 23.070493
 84.800000 0.039287 8.283133 23.070493
 85.000000 0.050202 15.477721 23.755917
 85.200000 0.055070 19.565686 23.755917
 85.400000 0.052759 18.076427 23.755917
 85.600000 0.040729 9.879303 23.755917
 85.800000 0.046515 13.806406 23.755917
 86.000000 0.039637 9.177553 23.755917
 86.200000 0.052780 18.881567 23.755917
 86.400000 0.060096 22.944044 23.755917
 86.600000 0.041685 11.659504 23.755917
 86.800000 0.055035 20.228979 23.755917
 87.000000 0.062814 24.190820 23.755917
 87.200000 0.073516 27.850535 23.755917
 87.400000 0.103208 26.443306 23.755917
 87.600000 0.099367 26.767195 23.755917
 87.800000 0.096994 26.987052 23.755917
 88.000000 0.108941 26.006261 23.755917
 88.200000 0.081940 28.374791 23.755917
 88.400000 0.075086 28.088014 23.755917
 88.600000 0.060157 23.561571 23.755917
 88.800000 0.070364 27.287111 23.755917
 89.000000 0.079647 28.374190 23.755917
 89.200000 0.103666 27.060022 23.755917
 89.400000 0.105889 26.880288 23.755917
 89.600000 0.112505 26.306156 23.755917
 89.800000 0.100602 27.315293 23.755917
 90.000000 0.088152 28.494862 24.924959
 90.200000 0.081270 29.316895 24.924959
 90.400000 0.081290 29.316949 24.924959
 90.600000 0.088158 28.986100 24.924959
 90.800000 0.078645 29.242472 24.924959
 91.000000 0.096437 28.114274 24.924959
 91.200000 0.097059 28.545516 24.924959
 91.400000 0.105688 27.557828 24.924959
 91.600000 0.099721 28.245079 24.924959
 91.800000 0.101158 28.081153 24.924959
 92.000000 0.072694 28.627111 24.924959
 92.200000 0.074847 29.522716 24.924959
 92.400000 0.086370 29.849069 24.924959
 92.600000 0.085543 29.904498 24.924959
 92.800000 0.087588 29.752820 24.924959
 93.000000 0.096183 28.785278 24.924959
 93.200000 0.095344 29.374254 24.924959
 93.400000 0.099014 28.906407 24.924959
 93.600000 0.101538 28.569137 24.924959
 93.800000 0.094013 29.534082 24.924959
 94.000000 0.096153 29.274546 24.924959
 94.200000 0.102875 28.816756 24.924959
 94.400000 0.084993 30.663688 24.924959
 94.600000 0.086991 30.598273 24.924959
 94.800000 0.089811 30.417982 24.924959
 95.000000 0.096729 29.676726 26.532185
 95.200000 0.099012 29.834383 26.532185
 95.400000 0.093469 30.520965 26.532185
 95.600000 0.099569 29.754149 26.532185
 95.800000 0.089528 30.855819 26.532185
 96.000000 0.082098 30.938581 26.532185
 96.200000 0.099864 29.929349 26.532185
 96.400000 0.101045 29.731960 26.532185
 96.600000 0.079693 31.199365 26.532185
 96.800000 0.082944 31.413780 26.532185
 97.000000 0.091409 31.079475 26.532185
 97.200000 0.098741 30.499457 26.532185
 97.400000 0.090444 31.607735 26.532185
 97.600000 0.075863 30.891149 26.532185
 97.800000 0.063153 26.159856 26.532185
 98.000000 0.050830 18.438938 26.532185
 98.200000 0.045961 15.708694 26.532185
 98.400000 0.057114 23.360980 26.532185
 98.600000 0.051227 19.486024 26.532185
 98.800000 0.056404 22.922267 26.532185
 99.000000 0.039399 11.002237 26.532185
 99.200000 0.040318 12.711929 26.532185
 99.400000 0.034299 8.711650 26.532185
 99.600000 0.047773 17.941701 26.532185
 99.800000 0.052348 20.999010 26.532185
 100.000000 0.047657 17.861552 27.405959
 100.200000 0.051122 20.970840 27.405959
 100.400000 0.057980 25.004204 27.405959
 100.600000 0.057639 24.823122 27.405959
 100.800000 0.049446 19.868738 27.405959
 101.000000 0.046072 17.546056 27.405959
 101.200000 0.043077 16.189642 27.405959
 101.400000 0.037125 11.817783 27.405959
 101.600000 0.050311 21.212491 27.405959
 101.800000 0.052536 22.597899 27.405959
 102.000000 0.084123 31.972652 27.405959
 102.200000 0.078916 32.143445 27.405959
 102.400000 0.079210 32.172020 27.405959
 102.600000 0.067600 29.696133 27.405959
 102.800000 0.068423 29.959677 27.405959
 103.000000 0.036467 11.347996 27.405959
 103.200000 0.035949 12.034209 27.405959
 103.400000 0.055570 24.872466 27.405959
 103.600000 0.080359 32.279177 27.405959
 103.800000 0.063123 28.255750 27.405959
 104.000000 0.054723 24.432512 27.405959
 104.200000 0.064449 29.230027 27.405959
 104.400000 0.056305 25.830019 27.405959
 104.600000 0.048957 21.645438 27.405959
 104.800000 0.056501 25.926552 27.405959
 105.000000 0.053771 24.510883 28.091996
 105.200000 0.054531 25.506447 28.091996
 105.400000 0.065348 29.967056 28.091996
 105.600000 0.077701 32.373922 28.091996
 105.800000 0.086812 32.435333 28.091996
 106.000000 0.093325 31.712739 28.091996
 106.200000 0.100642 30.779477 28.091996
 106.400000 0.081600 32.883972 28.091996
 106.600000 0.102231 30.430442 28.091996
 106.800000 0.132234 24.068023 28.091996
 107.000000 0.147913 21.238407 28.091996
 107.200000 0.153263 20.093864 28.091996
 107.400000 0.151397 20.803068 28.091996
 107.600000 0.160731 16.644265 28.091996
 107.800000 0.164350 14.787777 28.091996
 108.000000 0.155808 19.013982 28.091996
 108.200000 0.159942 17.763647 28.091996
 108.400000 0.189098 5.163711 28.091996
 108.600000 0.182852 7.062591 28.091996
 108.800000 0.193042 4.134366 28.091996
 109.000000 0.184363 6.568351 28.091996
 109.200000 0.166285 15.017588 28.091996
 109.400000 0.169641 13.439016 28.091996
 109.600000 0.190393 6.017246 28.091996
 109.800000 0.189445 6.301561 28.091996
 110.000000 0.178488 9.849402 28.385516
 110.200000 0.181981 9.746883 28.385516
 110.400000 0.186693 8.113347 28.385516
 110.600000 0.182405 9.599101 28.385516
 110.800000 0.206593 2.107883 28.385516
 111.000000 0.211064 1.305573 28.385516
 111.200000 0.180637 10.425145 28.385516
 111.400000 0.166783 15.627757 28.385516
 111.600000 0.190829 7.354228 28.385516
 111.800000 0.191540 7.155627 28.385516
 112.000000 0.192040 7.017408 28.385516
 112.200000 0.187982 9.405851 28.385516
 112.400000 0.185120 10.175523 28.385516
 112.600000 0.167432 15.680040 28.385516
 112.800000 0.147878 22.798391 28.385516
 113.000000 0.169891 14.746330 28.385516
 113.200000 0.180448 12.143167 28.385516
 113.400000 0.192136 8.572094 28.385516
 113.600000 0.198706 6.604780 28.385516
 113.800000 0.168102 16.320283 28.385516
 114.000000 0.146166 23.409208 28.385516
 114.200000 0.139803 24.707603 28.385516
 114.400000 0.137800 24.825538 28.385516
 114.600000 0.119803 26.611168 28.385516
 114.800000 0.136157 24.910035 28.385516
 115.000000 0.158553 20.450180 28.369634
 115.200000 0.180692 12.346801 28.369634
 115.400000 0.183047 11.561439 28.369634
 115.600000 0.183348 11.462358 28.369634
 115.800000 0.175255 14.259535 28.369634
 116.000000 0.185041 10.907961 28.369634
 116.200000 0.200690 6.680993 28.369634
 116.400000 0.172994 15.895205 28.369634
 116.600000 0.175574 15.023573 28.369634
 116.800000 0.158940 21.235758 28.369634
 117.000000 0.161994 20.064291 28.369634
 117.200000 0.174773 15.787390 28.369634
 117.400000 0.189308 10.700084 28.369634
 117.600000 0.208125 4.510782 28.369634
 117.800000 0.199253 7.182625 28.369634
 118.000000 0.185016 12.212231 28.369634
 118.200000 0.178448 15.406399 28.369634
 118.400000 0.152282 24.051945 28.369634
 118.600000 0.144942 25.104109 28.369634
 118.800000 0.138116 25.298046 28.369634
 119.000000 0.165149 19.940735 28.369634
 119.200000 0.181207 14.918396 28.369634
 119.400000 0.162473 21.627128 28.369634
 119.600000 0.162695 21.548313 28.369634
 119.800000 0.184367 13.768675 28.369634
 120.000000 0.189772 11.686795 28.347906
 120.200000 0.198446 9.075698 28.347906
 120.400000 0.202169 7.530082 28.347906
 120.600000 0.208291 5.265231 28.347906
 120.800000 0.205995 6.063772 28.347906
 121.000000 0.193523 11.182690 28.347906
 121.200000 0.176505 17.831223 28.347906
 121.400000 0.174816 18.281509 28.347906
 121.600000 0.176415 17.854987 28.347906
 121.800000 0.178459 17.311450 28.347906
 122.000000 0.165351 21.042114 28.347906
 122.200000 0.150899 25.277622 28.347906
 122.400000 0.151451 25.205299 28.347906
 122.600000 0.155117 24.568232 28.347906
 122.800000 0.161340 22.960204 28.347906
 123.000000 0.176445 18.368251 28.347906
 123.200000 0.177727 18.763123 28.347906
 123.400000 0.198103 10.570225 28.347906
 123.600000 0.228367 1.138703 28.347906
 123.800000 0.217587 3.058724 28.347906
 124.000000 0.227430 1.254773 28.347906
 124.200000 0.240061 1.429776 28.347906
 124.400000 0.225642 3.143295 28.347906
 124.600000 0.252616 0.434204 28.347906
 124.800000 0.252543 0.437994 28.347906
 125.000000 0.246287 0.851022 28.322352
 125.200000 0.245540 2.594687 28.322352
 125.400000 0.238694 3.056230 28.322352
 125.600000 0.221544 4.154608 28.322352
 125.800000 0.210906 6.044414 28.322352
 126.000000 0.217973 4.601815 28.322352
 126.200000 0.226859 4.905438 28.322352
 126.400000 0.240049 3.456940 28.322352
 126.600000 0.246128 2.791150 28.322352
 126.800000 0.221582 5.535488 28.322352
 127.000000 0.211247 7.243752 28.322352
 127.200000 0.205272 10.006462 28.322352
 127.400000 0.217121 7.329658 28.322352
 127.600000 0.232107 4.801131 28.322352
 127.800000 0.242498 3.332077 28.322352
 128.000000 0.256839 1.623831 28.322352
 128.200000 0.254484 3.491927 28.322352
 128.400000 0.245399 4.180203 28.322352
 128.600000 0.245643 4.164953 28.322352
 128.800000 0.231083 5.330862 28.322352
 129.000000 0.223518 6.337315 28.322352
 129.200000 0.203333 11.103759 28.322352
 129.400000 0.208264 10.003741 28.322352
 129.600000 0.226275 7.237492 28.322352
 129.800000 0.240440 5.194289 28.322352
 130.000000 0.236749 5.666840 28.278797
 130.200000 0.233942 7.399584 28.278797
 130.400000 0.227118 8.212807 28.278797
 130.600000 0.236581 7.049295 28.278797
 130.800000 0.228099 8.105298 28.278797
 131.000000 0.229561 7.939011 28.278797
 131.200000 0.219964 9.903188 28.278797
 131.400000 0.222125 9.794138 28.278797
 131.600000 0.226728 9.461518 28.278797
 131.800000 0.225831 9.539714 28.278797
 132.000000 0.248689 5.820464 28.278797
 132.200000 0.246340 7.631917 28.278797
 132.400000 0.235138 9.286632 28.278797
 132.600000 0.219966 10.116804 28.278797
 132.800000 0.231949 9.588547 28.278797
 133.000000 0.208118 10.722985 28.278797
 133.200000 0.208176 11.801497 28.278797
 133.400000 0.213035 11.343021 28.278797
 133.600000 0.211617 11.455411 28.278797
 133.800000 0.215028 11.205112 28.278797
 134.000000 0.205549 12.155115 28.278797
 134.200000 0.195596 15.090452 28.278797
 134.400000 0.176544 19.506664 28.278797
 134.600000 0.185436 17.481227 28.278797
 134.800000 0.200338 14.077175 28.278797
 135.000000 0.193796 15.507421 28.239075
 135.200000 0.193012 16.567853 28.239075
 135.400000 0.206632 13.622269 28.239075
 135.600000 0.209218 13.188596 28.239075
 135.800000 0.203284 14.255773 28.239075
 136.000000 0.193885 16.363705 28.239075
 136.200000 0.166875 22.291261 28.239075
 136.400000 0.181910 19.541657 28.239075
 136.600000 0.156420 24.672434 28.239075
 136.800000 0.167548 22.137282 28.239075
 137.000000 0.171227 21.349713 28.239075
 137.200000 0.168891 22.506036 28.239075
 137.400000 0.160281 24.370671 28.239075
 137.600000 0.162111 23.985440 28.239075
 137.800000 0.174671 21.364776 28.239075
 138.000000 0.165421 23.258246 28.239075
 138.200000 0.178337 21.135280 28.239075
 138.400000 0.157815 25.393086 28.239075
 138.600000 0.164790 24.017904 28.239075
 138.800000 0.177509 21.301981 28.239075
 139.000000 0.172678 22.293110 28.239075
 139.200000 0.168144 23.895086 28.239075
 139.400000 0.171728 23.141554 28.239075
 139.600000 0.186806 19.737462 28.239075
 139.800000 0.204680 14.772468 28.239075
 140.000000 0.182157 20.883624 28.251264
 140.200000 0.158856 25.846561 28.251264
 140.400000 0.152679 26.388772 28.251264
 140.600000 0.162118 25.377915 28.251264
 140.800000 0.179000 22.269764 28.251264
 141.000000 0.167593 24.440479 28.251264
 141.200000 0.136434 25.792412 28.251264
 141.400000 0.120791 26.505820 28.251264
 141.600000 0.125808 25.881128 28.251264
 141.800000 0.124698 25.989329 28.251264
 142.000000 0.151418 26.761052 28.251264
 142.200000 0.173171 24.148550 28.251264
 142.400000 0.198607 16.838284 28.251264
 142.600000 0.192340 18.921203 28.251264
 142.800000 0.172289 24.341103 28.251264
 143.000000 0.167296 25.385915 28.251264
 143.200000 0.177197 23.692092 28.251264
 143.400000 0.180953 22.692706 28.251264
 143.600000 0.160186 27.141300 28.251264
 143.800000 0.134914 26.052310 28.251264
 144.000000 0.132503 25.910824 28.251264
 144.200000 0.124567 26.597763 28.251264
 144.400000 0.144844 27.541556 28.251264
 144.600000 0.132691 26.470513 28.251264
 144.800000 0.138875 26.942286 28.251264
 145.000000 0.132160 26.449504 28.420517
 145.200000 0.123393 27.150659 28.420517
 145.400000 0.130510 26.945534 28.420517
 145.600000 0.129858 26.937576 28.420517
 145.800000 0.119921 27.481158 28.420517
 146.000000 0.129576 26.935727 28.420517
 146.200000 0.133108 27.540024 28.420517
 146.400000 0.122359 27.703282 28.420517
 146.600000 0.119845 27.916954 28.420517
 146.800000 0.130786 27.475857 28.420517
 147.000000 0.164202 26.679815 28.420517
 147.200000 0.169320 26.099641 28.420517
 147.400000 0.143168 28.343501 28.420517
 147.600000 0.124537 27.586720 28.420517
 147.800000 0.123252 27.655375 28.420517
 148.000000 0.108822 29.470654 28.420517
 148.200000 0.124797 27.841718 28.420517
 148.400000 0.136608 27.898597 28.420517
 148.600000 0.136668 27.902373 28.420517
 148.800000 0.133824 27.753879 28.420517
 149.000000 0.146114 28.558966 28.420517
 149.200000 0.141710 28.738607 28.420517
 149.400000 0.159508 28.341050 28.420517
 149.600000 0.171698 25.636057 28.420517
 149.800000 0.189111 20.308369 28.420517
 150.000000 0.177173 24.134375 28.775776
 150.200000 0.163274 28.033912 28.775776
 150.400000 0.148682 29.232703 28.775776
 150.600000 0.137326 28.374498 28.775776
 150.800000 0.137955 28.429398 28.775776
 151.000000 0.142911 28.880683 28.775776
 151.200000 0.119363 28.577345 28.775776
 151.400000 0.120020 28.519560 28.775776
 151.600000 0.126872 28.225923 28.775776
 151.800000 0.114534 29.128684 28.775776
 152.000000 0.125212 28.242822 28.775776
 152.200000 0.141904 29.541347 28.775776
 152.400000 0.142286 29.568677 28.775776
 152.600000 0.128412 28.728741 28.775776
 152.800000 0.132324 28.852482 28.775776
 153.000000 0.143427 29.644817 28.775776
 153.200000 0.147016 30.259459 28.775776
 153.400000 0.136418 29.533191 28.775776
 153.600000 0.125598 28.962947 28.775776
 153.800000 0.100782 31.517997 28.775776
 154.000000 0.106465 30.646975 28.775776
 154.200000 0.113144 30.146843 28.775776
 154.400000 0.105858 31.184436 28.775776
 154.600000 0.108248 30.829166 28.775776
 154.800000 0.104674 31.361993 28.775776
 155.000000 0.118648 29.537088 29.343249
 155.200000 0.132147 29.611169 29.343249
 155.400000 0.120404 29.859792 29.343249
 155.600000 0.115800 30.287220 29.343249
 155.800000 0.113592 30.533194 29.343249
 156.000000 0.108488 31.167049 29.343249
 156.200000 0.107707 31.704565 29.343249
 156.400000 0.108850 31.556729 29.343249
 156.600000 0.104936 32.056137 29.343249
 156.800000 0.092683 33.246852 29.343249
 157.000000 0.115220 30.744319 29.343249
 157.200000 0.121906 30.448915 29.343249
 157.400000 0.123939 30.275437 29.343249
 157.600000 0.110869 31.720790 29.343249
 157.800000 0.107799 32.086325 29.343249
 158.000000 0.101256 32.782056 29.343249
 158.200000 0.109116 32.285688 29.343249
 158.400000 0.116291 31.306138 29.343249
 158.600000 0.115696 31.387162 29.343249
 158.800000 0.104287 32.875273 29.343249
 159.000000 0.102973 33.017163 29.343249
 159.200000 0.085674 33.899615 29.343249
 159.400000 0.091457 34.063748 29.343249
 159.600000 0.106492 33.009130 29.343249
 159.800000 0.130723 30.106166 29.343249
 160.000000 0.126034 30.359453 30.274262
 160.200000 0.125117 30.891056 30.274262
 160.400000 0.116914 31.858886 30.274262
 160.600000 0.107949 33.035460 30.274262
 160.800000 0.128905 30.618449 30.274262
 161.000000 0.122062 31.204678 30.274262
 161.200000 0.118365 32.087474 30.274262
 161.400000 0.119300 31.970923 30.274262
 161.600000 0.105718 33.526815 30.274262
 161.800000 0.111395 32.942132 30.274262
 162.000000 0.116429 32.330769 30.274262
 162.200000 0.095353 34.277331 30.274262
 162.400000 0.100495 34.150733 30.274262
 162.600000 0.100304 34.158561 30.274262
 162.800000 0.101109 34.123908 30.274262
 163.000000 0.112724 33.188368 30.274262
 163.200000 0.128862 31.531097 30.274262
 163.400000 0.115052 33.309612 30.274262
 163.600000 0.116144 33.169698 30.274262
 163.800000 0.104566 34.273146 30.274262
 164.000000 0.089471 34.312822 30.274262
 164.200000 0.082961 34.146861 30.274262
 164.400000 0.104762 34.487746 30.274262
 164.600000 0.098374 34.794988 30.274262
 164.800000 0.068547 31.217295 30.274262
 165.000000 0.076463 33.138315 31.213312
 165.200000 0.085245 34.725917 31.213312
 165.400000 0.068417 31.525188 31.213312
 165.600000 0.077547 33.739824 31.213312
 165.800000 0.065931 30.715798 31.213312
 166.000000 0.048196 21.778098 31.213312
 166.200000 0.042848 18.532724 31.213312
 166.400000 0.046206 21.047139 31.213312
 166.600000 0.053383 25.665001 31.213312
 166.800000 0.053114 25.513836 31.213312
 167.000000 0.041342 17.356467 31.213312
 167.200000 0.048377 23.287626 31.213312
 167.400000 0.057463 28.211499 31.213312
 167.600000 0.063201 30.398790 31.213312
 167.800000 0.086561 34.853243 31.213312
 168.000000 0.076587 33.721246 31.213312
 168.200000 0.059934 29.435725 31.213312
 168.400000 0.089990 35.259382 31.213312
 168.600000 0.075070 33.837684 31.213312
 168.800000 0.085672 35.120330 31.213312
 169.000000 0.129823 31.450022 31.213312
 169.200000 0.116837 33.465337 31.213312
 169.400000 0.116023 33.569323 31.213312
 169.600000 0.104372 34.756203 31.213312
 169.800000 0.099644 35.054176 31.213312
 170.000000 0.104276 34.763323 31.772690
 170.200000 0.106166 34.984234 31.772690
 170.400000 0.094038 35.548066 31.772690
 170.600000 0.090284 35.515009 31.772690
 170.800000 0.077371 34.314089 31.772690
 171.000000 0.077110 34.269650 31.772690
 171.200000 0.083559 35.468927 31.772690
 171.400000 0.089363 35.760503 31.772690
 171.600000 0.110921 34.532429 31.772690
 171.800000 0.090405 35.774428 31.772690
 172.000000 0.086610 35.670257 31.772690
 172.200000 0.099251 35.803386 31.772690
 172.400000 0.108821 34.892353 31.772690
 172.600000 0.115262 34.020297 31.772690
 172.800000 0.120227 33.262223 31.772690
 173.000000 0.104147 35.399104 31.772690
 173.200000 0.122416 33.101617 31.772690
 173.400000 0.103062 35.860772 31.772690
 173.600000 0.097169 36.256343 31.772690
 173.800000 0.074596 34.483217 31.772690
 174.000000 0.089226 36.329914 31.772690
 174.200000 0.089041 36.671001 31.772690
 174.400000 0.108629 35.411037 31.772690
 174.600000 0.080895 35.936516 31.772690
 174.800000 0.057852 28.823094 31.772690
 175.000000 0.070108 33.476736 32.803586
 175.200000 0.058940 29.623009 32.803586
 175.400000 0.058420 29.378133 32.803586
 175.600000 0.065090 32.185388 32.803586
 175.800000 0.072451 34.536359 32.803586
 176.000000 0.070445 33.971245 32.803586
 176.200000 0.059124 29.998095 32.803586
 176.400000 0.057528 29.212653 32.803586
 176.600000 0.061983 31.292284 32.803586
 176.800000 0.073793 35.257492 32.803586
 177.000000 0.074762 35.483717 32.803586
 177.200000 0.072001 35.151958 32.803586
 177.400000 0.053796 27.316695 32.803586
 177.600000 0.047567 23.197348 32.803586
 177.800000 0.063333 32.125050 32.803586
 178.000000 0.065236 32.896108 32.803586
 178.200000 0.056978 29.455945 32.803586
 178.400000 0.051841 26.382601 32.803586
 178.600000 0.056858 29.390402 32.803586
 178.800000 0.065862 33.540701 32.803586
 179.000000 0.056973 29.453455 32.803586
 179.200000 0.057735 30.332902 32.803586
 179.400000 0.073490 36.146389 32.803586
 179.600000 0.048720 24.645615 32.803586
 179.800000 0.041154 18.590967 32.803586
 180.000000 0.041125 18.566378 33.389939
 180.200000 0.046867 23.962296 33.389939
 180.400000 0.063343 33.215541 33.389939
 180.600000 0.073539 36.229675 33.389939
 180.800000 0.086129 37.463370 33.389939
 181.000000 0.060546 32.062023 33.389939
 181.200000 0.045771 23.383655 33.389939
 181.400000 0.069701 35.658980 33.389939
 181.600000 0.065094 34.265105 33.389939
 181.800000 0.088196 37.518684 33.389939
 182.000000 0.091113 37.384400 33.389939
 182.200000 0.102134 36.610894 33.389939
 182.400000 0.126177 32.559884 33.389939
 182.600000 0.116391 34.269704 33.389939
 182.800000 0.132217 31.823446 33.389939
 183.000000 0.159036 29.433034 33.389939
 183.200000 0.164991 28.537861 33.389939
 183.400000 0.172337 26.507658 33.389939
 183.600000 0.187612 21.387163 33.389939
 183.800000 0.190841 20.140503 33.389939
 184.000000 0.205883 14.830410 33.389939
 184.200000 0.191460 20.467405 33.389939
 184.400000 0.178768 24.694672 33.389939
 184.600000 0.202194 16.815301 33.389939
 184.800000 0.211088 14.406423 33.389939
 185.000000 0.218727 12.788606 33.739799
 185.200000 0.219125 13.701099 33.739799
 185.400000 0.216925 14.127005 33.739799
 185.600000 0.204062 16.866587 33.739799
 185.800000 0.198007 18.552647 33.739799
 186.000000 0.192373 20.353228 33.739799
 186.200000 0.168551 27.828963 33.739799
 186.400000 0.173396 26.603607 33.739799
 186.600000 0.177630 25.495592 33.739799
 186.800000 0.169548 27.580462 33.739799
 187.000000 0.171206 27.163048 33.739799
 187.200000 0.205001 17.168742 33.739799
 187.400000 0.196655 19.770648 33.739799
 187.600000 0.188646 22.539064 33.739799
 187.800000 0.169572 28.093239 33.739799
 188.000000 0.178753 25.653255 33.739799
 188.200000 0.161235 30.230530 33.739799
 188.400000 0.155523 31.028512 33.739799
 188.600000 0.147678 31.541271 33.739799
 188.800000 0.141745 31.610782 33.739799
 189.000000 0.147972 31.533089 33.739799
 189.200000 0.152479 31.716028 33.739799
 189.400000 0.153136 31.659052 33.739799
 189.600000 0.128540 32.485690 33.739799
 189.800000 0.133027 32.140140 33.739799
 190.000000 0.145376 32.008141 33.790940
 190.200000 0.163146 30.356636 33.790940
 190.400000 0.165297 29.867799 33.790940
 190.600000 0.169901 28.737594 33.790940
 190.800000 0.171934 28.209262 33.790940
 191.000000 0.160672 30.873853 33.790940
 191.200000 0.168566 29.460734 33.790940
 191.400000 0.166036 30.108691 33.790940
 191.600000 0.170932 28.821667 33.790940
 191.800000 0.140096 32.565564 33.790940
 192.000000 0.127016 32.886234 33.790940
 192.200000 0.136396 32.826420 33.790940
 192.400000 0.147728 32.844784 33.790940
 192.600000 0.160132 31.455768 33.790940
 192.800000 0.134438 32.853028 33.790940
 193.000000 0.124477 33.565719 33.790940
 193.200000 0.130171 33.400959 33.790940
 193.400000 0.146434 33.005692 33.790940
 193.600000 0.141971 33.062747 33.790940
 193.800000 0.130951 33.345722 33.790940
 194.000000 0.122302 34.229932 33.790940
 194.200000 0.119207 35.022796 33.790940
 194.400000 0.142447 33.214950 33.790940
 194.600000 0.146485 33.107572 33.790940
 194.800000 0.150217 32.894263 33.790940
 195.000000 0.177997 26.748528 34.084941
 195.200000 0.200180 18.999392 34.084941
 195.400000 0.217205 14.291602 34.084941
 195.600000 0.194456 21.178114 34.084941
 195.800000 0.177047 27.573162 34.084941
 196.000000 0.150440 32.974168 34.084941
 196.200000 0.149639 33.427518 34.084941
 196.400000 0.143479 33.593066 34.084941
 196.600000 0.130546 33.870380 34.084941
 196.800000 0.149958 33.408359 34.084941
 197.000000 0.171810 29.217722 34.084941
 197.200000 0.142341 33.663885 34.084941
 197.400000 0.136040 33.660647 34.084941
 197.600000 0.158906 32.641137 34.084941
 197.800000 0.179490 27.284310 34.084941
 198.000000 0.170333 30.102898 34.084941
 198.200000 0.176892 28.570424 34.084941
 198.400000 0.196514 20.593094 34.084941
 198.600000 0.213948 15.040438 34.084941
 198.800000 0.197252 20.290314 34.084941
 199.000000 0.185184 25.445813 34.084941
 199.200000 0.173048 30.194003 34.084941
 199.400000 0.174662 29.734530 34.084941
 199.600000 0.153506 33.632210 34.084941
 199.800000 0.140847 33.722900 34.084941
 200.000000 0.138937 33.696014 34.216435
 200.200000 0.144466 34.156762 34.216435
 200.400000 0.128307 34.359890 34.216435
 200.600000 0.152425 33.955471 34.216435
 200.800000 0.143694 34.149550 34.216435
 201.000000 0.136543 34.076009 34.216435
 201.200000 0.125246 34.892302 34.216435
 201.400000 0.115836 35.764370 34.216435
 201.600000 0.116080 35.740028 34.216435
 201.800000 0.137873 34.460121 34.216435
 202.000000 0.146699 34.462935 34.216435
 202.200000 0.142446 34.850547 34.216435
 202.400000 0.142694 34.853328 34.216435
 202.600000 0.117062 35.694736 34.216435
 202.800000 0.116691 35.729265 34.216435
 203.000000 0.124328 35.087762 34.216435
 203.200000 0.119016 35.860110 34.216435
 203.400000 0.127233 35.275425 34.216435
 203.600000 0.132200 35.077837 34.216435
 203.800000 0.138766 35.021962 34.216435
 204.000000 0.149831 34.804689 34.216435
 204.200000 0.144076 35.361315 34.216435
 204.400000 0.143921 35.361580 34.216435
 204.600000 0.142410 35.355488 34.216435
 204.800000 0.145587 35.347845 34.216435
 205.000000 0.136457 35.271662 34.610034
 205.200000 0.120950 35.975028 34.610034
 205.400000 0.125634 35.749385 34.610034
 205.600000 0.133410 35.612403 34.610034
 205.800000 0.142788 35.690935 34.610034
 206.000000 0.151149 35.299721 34.610034
 206.200000 0.146069 35.977739 34.610034
 206.400000 0.124784 35.860546 34.610034
 206.600000 0.145271 35.994627 34.610034
 206.800000 0.145686 35.986839 34.610034
 207.000000 0.128041 35.783680 34.610034
 207.200000 0.136541 36.164709 34.610034
 207.400000 0.135955 36.155908 34.610034
 207.600000 0.144900 36.188474 34.610034
 207.800000 0.128829 36.129577 34.610034
 208.000000 0.138044 36.187099 34.610034
 208.200000 0.145118 36.494862 34.610034
 208.400000 0.137913 36.534311 34.610034
 208.600000 0.128151 36.418389 34.610034
 208.800000 0.107571 37.023221 34.610034
 209.000000 0.100876 37.375238 34.610034
 209.200000 0.119800 36.703013 34.610034
 209.400000 0.121667 36.630282 34.610034
 209.600000 0.127001 36.493840 34.610034
 209.800000 0.135746 36.519528 34.610034
 210.000000 0.136965 36.537103 35.169446
 210.200000 0.131622 36.797495 35.169446
 210.400000 0.139367 36.903650 35.169446
 210.600000 0.124136 36.791035 35.169446
 210.800000 0.102857 37.618184 35.169446
 211.000000 0.097847 37.882702 35.169446
 211.200000 0.099511 38.118860 35.169446
 211.400000 0.110627 37.452008 35.169446
 211.600000 0.118508 37.044771 35.169446
 211.800000 0.117126 37.106882 35.169446
 212.000000 0.114823 37.220180 35.169446
 212.200000 0.113734 37.609904 35.169446
 212.400000 0.118426 37.372210 35.169446
 212.600000 0.123595 37.153422 35.169446
 212.800000 0.137415 37.002920 35.169446
 213.000000 0.139133 36.998442 35.169446
 213.200000 0.119515 37.463266 35.169446
 213.400000 0.112482 37.744108 35.169446
 213.600000 0.106682 38.008981 35.169446
 213.800000 0.093638 38.501895 35.169446
 214.000000 0.096971 38.418402 35.169446
 214.200000 0.129869 37.319672 35.169446
 214.400000 0.141266 37.311329 35.169446
 214.600000 0.144023 37.214559 35.169446
 214.800000 0.136585 37.343180 35.169446
 215.000000 0.147388 36.967193 35.836946
 215.200000 0.146373 37.395146 35.836946
 215.400000 0.156089 35.829237 35.836946
 215.600000 0.152725 36.541721 35.836946
 215.800000 0.137951 37.621610 35.836946
 216.000000 0.119045 37.642163 35.836946
 216.200000 0.104457 38.599386 35.836946
 216.400000 0.103403 38.641577 35.836946
 216.600000 0.105303 38.564288 35.836946
 216.800000 0.113752 38.191828 35.836946
 217.000000 0.126174 37.770733 35.836946
 217.200000 0.115629 38.364057 35.836946
 217.400000 0.118230 38.284096 35.836946
 217.600000 0.122907 38.158548 35.836946
 217.800000 0.132876 38.042171 35.836946
 218.000000 0.124665 38.121693 35.836946
 218.200000 0.123974 38.455356 35.836946
 218.400000 0.118209 38.576632 35.836946
 218.600000 0.134532 38.294061 35.836946
 218.800000 0.108084 38.775149 35.836946
 219.000000 0.130837 38.345514 35.836946
 219.200000 0.112721 38.840680 35.836946
 219.400000 0.145503 37.987998 35.836946
 219.600000 0.144273 38.115363 35.836946
 219.800000 0.112982 38.838916 35.836946
 220.000000 0.108535 38.871437 36.556751
 220.200000 0.114746 39.111107 36.556751
 220.400000 0.122741 38.951619 36.556751
 220.600000 0.115032 39.106820 36.556751
 220.800000 0.106419 39.196464 36.556751
 221.000000 0.088201 38.965293 36.556751
 221.200000 0.077219 37.959306 36.556751
 221.400000 0.061895 33.220081 36.556751
 221.600000 0.085226 39.062084 36.556751
 221.800000 0.073535 37.147930 36.556751
 222.000000 0.076826 37.882472 36.556751
 222.200000 0.101131 39.516984 36.556751
 222.400000 0.105081 39.422120 36.556751
 222.600000 0.084219 39.254783 36.556751
 222.800000 0.080573 38.838923 36.556751
 223.000000 0.091536 39.607090 36.556751
 223.200000 0.099350 39.816977 36.556751
 223.400000 0.107831 39.520922 36.556751
 223.600000 0.106645 39.564169 36.556751
 223.800000 0.079785 38.944194 36.556751
 224.000000 0.072708 37.385830 36.556751
 224.200000 0.076562 38.655219 36.556751
 224.400000 0.072250 37.588063 36.556751
 224.600000 0.077395 38.823775 36.556751
 224.800000 0.075037 38.315132 36.556751
 225.000000 0.079766 39.237390 37.162607
 225.200000 0.073075 38.093219 37.162607
 225.400000 0.097584 40.097264 37.162607
 225.600000 0.092764 40.260785 37.162607
 225.800000 0.091127 40.284882 37.162607
 226.000000 0.113019 39.370957 37.162607
 226.200000 0.111685 39.727008 37.162607
 226.400000 0.101721 40.123719 37.162607
 226.600000 0.125107 39.157498 37.162607
 226.800000 0.121389 39.318550 37.162607
 227.000000 0.107834 39.879315 37.162607
 227.200000 0.125909 39.266799 37.162607
 227.400000 0.105887 40.250530 37.162607
 227.600000 0.103075 40.351422 37.162607
 227.800000 0.120476 39.566362 37.162607
 228.000000 0.115349 39.840783 37.162607
 228.200000 0.114682 40.170058 37.162607
 228.400000 0.105524 40.503345 37.162607
 228.600000 0.128762 39.319651 37.162607
 228.800000 0.144755 38.172711 37.162607
 229.000000 0.118410 39.970953 37.162607
 229.200000 0.104090 40.726740 37.162607
 229.400000 0.093729 40.739771 37.162607
 229.600000 0.101570 40.752235 37.162607
 229.800000 0.105902 40.701346 37.162607
 230.000000 0.111588 40.571296 37.946815
 230.200000 0.099570 40.972832 37.946815
 230.400000 0.087028 40.562223 37.946815
 230.600000 0.092231 40.837265 37.946815
 230.800000 0.120323 40.390532 37.946815
 231.000000 0.112841 40.815106 37.946815
 231.200000 0.122655 40.439539 37.946815
 231.400000 0.152201 36.979561 37.946815
 231.600000 0.156671 35.876880 37.946815
 231.800000 0.139526 38.872255 37.946815
 232.000000 0.128985 39.841123 37.946815
 232.200000 0.125803 40.434770 37.946815
 232.400000 0.117998 41.046246 37.946815
 232.600000 0.108730 41.322536 37.946815
 232.800000 0.115836 41.159586 37.946815
 233.000000 0.128056 40.225760 37.946815
 233.200000 0.116776 41.333740 37.946815
 233.400000 0.108809 41.450008 37.946815
 233.600000 0.119440 41.201520 37.946815
 233.800000 0.106315 41.419028 37.946815
 234.000000 0.123204 40.941862 37.946815
 234.200000 0.137007 39.792998 37.946815
 234.400000 0.160695 34.794385 37.946815
 234.600000 0.154472 36.608775 37.946815
 234.800000 0.153097 36.967045 37.946815
 235.000000 0.126715 40.915999 38.665927
 235.200000 0.137902 39.897460 38.665927
 235.400000 0.118085 41.780815 38.665927
 235.600000 0.109215 41.778351 38.665927
 235.800000 0.109402 41.783589 38.665927
 236.000000 0.119036 41.744351 38.665927
 236.200000 0.157145 35.909591 38.665927
 236.400000 0.174683 30.171580 38.665927
 236.600000 0.199793 19.640132 38.665927
 236.800000 0.199371 19.811913 38.665927
 237.000000 0.193416 22.406371 38.665927
 237.200000 0.197082 21.402570 38.665927
 237.400000 0.196146 21.819056 38.665927
 237.600000 0.185536 26.505926 38.665927
 237.800000 0.171394 31.525408 38.665927
 238.000000 0.167193 32.850890 38.665927
 238.200000 0.144223 39.138508 38.665927
 238.400000 0.169236 32.609003 38.665927
 238.600000 0.166392 33.506860 38.665927
 238.800000 0.164064 34.228970 38.665927
 239.000000 0.159960 35.464587 38.665927
 239.200000 0.157748 36.455386 38.665927
 239.400000 0.181243 28.583372 38.665927
 239.600000 0.200813 19.845603 38.665927
 239.800000 0.200896 19.810679 38.665927
 240.000000 0.188168 25.605358 38.870696
 240.200000 0.228662 11.849552 38.870696
 240.400000 0.232879 10.888078 38.870696
 240.600000 0.228193 11.958251 38.870696
 240.800000 0.219594 14.013626 38.870696
 241.000000 0.234875 10.441286 38.870696
 241.200000 0.228898 12.810277 38.870696
 241.400000 0.230274 12.527436 38.870696
 241.600000 0.209529 17.130000 38.870696
 241.800000 0.215423 15.571515 38.870696
 242.000000 0.237342 10.978527 38.870696
 242.200000 0.247343 9.305813 38.870696
 242.400000 0.235321 12.503977 38.870696
 242.600000 0.249936 8.480453 38.870696
 242.800000 0.260987 4.853655 38.870696
 243.000000 0.245532 9.859155 38.870696
 243.200000 0.256648 7.109826 38.870696
 243.400000 0.238027 12.885429 38.870696
 243.600000 0.232674 13.824354 38.870696
 243.800000 0.225500 14.737154 38.870696
 244.000000 0.232559 13.841411 38.870696
 244.200000 0.233303 14.672516 38.870696
 244.400000 0.236442 14.109128 38.870696
 244.600000 0.231833 14.890020 38.870696
 244.800000 0.233454 14.648641 38.870696
 245.000000 0.233217 14.686085 38.840438
 245.200000 0.229213 16.094633 38.840438
 245.400000 0.243625 12.971445 38.840438
 245.600000 0.235565 15.179827 38.840438
 245.800000 0.247633 11.474349 38.840438
 246.000000 0.262564 5.222763 38.840438
 246.200000 0.284400 0.971008 38.840438
 246.400000 0.284121 1.005008 38.840438
 246.600000 0.295495 0.192438 38.840438
 246.800000 0.275252 2.593606 38.840438
 247.000000 0.235495 15.463747 38.840438
 247.200000 0.224197 17.165503 38.840438
 247.400000 0.238967 15.650578 38.840438
 247.600000 0.230311 16.943912 38.840438
 247.800000 0.217115 17.298921 38.840438
 248.000000 0.199994 20.943655 38.840438
 248.200000 0.229168 17.119411 38.840438
 248.400000 0.241592 14.982679 38.840438
 248.600000 0.263412 6.445102 38.840438
 248.800000 0.252536 10.988394 38.840438
 249.000000 0.223634 17.369895 38.840438
 249.200000 0.221314 18.243208 38.840438
 249.400000 0.226170 18.076619 38.840438
 249.600000 0.243131 14.865427 38.840438
 249.800000 0.262502 6.832176 38.840438
 250.000000 0.263165 6.565769 38.810421
 250.200000 0.263233 7.844842 38.810421
 250.400000 0.267119 6.332995 38.810421
 250.600000 0.261492 8.542959 38.810421
 250.800000 0.261403 8.578562 38.810421
 251.000000 0.275932 3.364828 38.810421
 251.200000 0.259382 10.213992 38.810421
 251.400000 0.259394 10.209698 38.810421
 251.600000 0.272462 5.899423 38.810421
 251.800000 0.284881 2.633471 38.810421
 252.000000 0.251006 13.090220 38.810421
 252.200000 0.257104 11.900124 38.810421
 252.400000 0.249322 14.618970 38.810421
 252.600000 0.266939 8.214123 38.810421
 252.800000 0.284818 2.721936 38.810421
 253.000000 0.276182 5.037468 38.810421
 253.200000 0.277787 5.940847 38.810421
 253.400000 0.285691 3.675391 38.810421
 253.600000 0.289076 2.842080 38.810421
 253.800000 0.278728 5.654730 38.810421
 254.000000 0.281173 4.927679 38.810421
 254.200000 0.282778 5.864600 38.810421
 254.400000 0.271125 9.152271 38.810421
 254.600000 0.250984 14.596482 38.810421
 254.800000 0.265930 10.531140 38.810421
 255.000000 0.254788 13.548559 38.779704
 255.200000 0.263688 11.926382 38.779704
 255.400000 0.267541 10.772042 38.779704
 255.600000 0.262392 12.311265 38.779704
 255.800000 0.257527 13.731735 38.779704
 256.000000 0.236986 18.142510 38.779704
 256.200000 0.230590 19.236958 38.779704
 256.400000 0.232453 19.210567 38.779704
 256.600000 0.222926 19.000582 38.779704
 256.800000 0.210199 19.281535 38.779704
 257.000000 0.214898 18.878014 38.779704
 257.200000 0.218100 19.581067 38.779704
 257.400000 0.239455 18.817527 38.779704
 257.600000 0.254792 14.909600 38.779704
 257.800000 0.240570 18.624356 38.779704
 258.000000 0.235533 19.344134 38.779704
 258.200000 0.221838 20.118483 38.779704
 258.400000 0.228841 20.380639 38.779704
 258.600000 0.252364 16.048990 38.779704
 258.800000 0.267498 10.957461 38.779704
 259.000000 0.285174 5.293203 38.779704
 259.200000 0.279399 8.400836 38.779704
 259.400000 0.265438 12.213639 38.779704
 259.600000 0.248745 17.280064 38.779704
 259.800000 0.234191 20.207196 38.779704
 260.000000 0.237062 19.907904 38.750752
 260.200000 0.215035 20.161904 38.750752
 260.400000 0.217802 20.263232 38.750752
 260.600000 0.216526 20.202996 38.750752
 260.800000 0.227769 20.960488 38.750752
 261.000000 0.224575 20.763680 38.750752
 261.200000 0.221332 21.186469 38.750752
 261.400000 0.215305 20.739756 38.750752
 261.600000 0.203248 21.757293 38.750752
 261.800000 0.207200 21.042867 38.750752
 262.000000 0.212721 20.684307 38.750752
 262.200000 0.220548 21.724601 38.750752
 262.400000 0.208229 21.586104 38.750752
 262.600000 0.204013 22.177586 38.750752
 262.800000 0.232914 21.860023 38.750752
 263.000000 0.227556 22.057623 38.750752
 263.200000 0.208955 21.827376 38.750752
 263.400000 0.211453 21.765494 38.750752
 263.600000 0.201354 22.894412 38.750752
 263.800000 0.194850 24.770522 38.750752
 264.000000 0.208595 21.847521 38.750752
 264.200000 0.212188 22.414042 38.750752
 264.400000 0.210711 22.424776 38.750752
 264.600000 0.200808 23.599330 38.750752
 264.800000 0.197207 24.506071 38.750752
 265.000000 0.206158 22.715216 38.722237
 265.200000 0.214248 23.002966 38.722237
 265.400000 0.199412 24.498878 38.722237
 265.600000 0.198705 24.664302 38.722237
 265.800000 0.202110 23.944244 38.722237
 266.000000 0.194777 25.703788 38.722237
 266.200000 0.198133 25.346552 38.722237
 266.400000 0.216527 23.247291 38.722237
 266.600000 0.228940 23.212196 38.722237
 266.800000 0.227901 23.272568 38.722237
 267.000000 0.215327 23.238856 38.722237
 267.200000 0.212883 23.877667 38.722237
 267.400000 0.202049 24.870116 38.722237
 267.600000 0.203750 24.594928 38.722237
 267.800000 0.189376 27.998412 38.722237
 268.000000 0.201334 24.998923 38.722237
 268.200000 0.226209 23.957108 38.722237
 268.400000 0.212698 24.312081 38.722237
 268.600000 0.195291 26.898377 38.722237
 268.800000 0.214739 24.245374 38.722237
 269.000000 0.223585 24.083748 38.722237
 269.200000 0.230289 24.113366 38.722237
 269.400000 0.215358 24.746080 38.722237
 269.600000 0.204936 25.264204 38.722237
 269.800000 0.216784 24.746630 38.722237
 270.000000 0.195012 27.063715 38.698602
 270.200000 0.192750 28.128105 38.698602
 270.400000 0.195833 27.396580 38.698602
 270.600000 0.212064 25.059617 38.698602
 270.800000 0.217085 24.924104 38.698602
 271.000000 0.205674 25.589977 38.698602
 271.200000 0.191222 28.850588 38.698602
 271.400000 0.192316 28.609349 38.698602
 271.600000 0.223534 25.044159 38.698602
 271.800000 0.209583 25.746272 38.698602
 272.000000 0.214237 25.456892 38.698602
 272.200000 0.204184 26.796254 38.698602
 272.400000 0.203141 26.926888 38.698602
 272.600000 0.203424 26.890367 38.698602
 272.800000 0.211636 26.151680 38.698602
 273.000000 0.239920 21.991329 38.698602
 273.200000 0.245998 20.278791 38.698602
 273.400000 0.249856 18.622988 38.698602
 273.600000 0.257614 15.350247 38.698602
 273.800000 0.257086 15.561111 38.698602
 274.000000 0.251846 17.759570 38.698602
 274.200000 0.245414 21.246817 38.698602
 274.400000 0.247909 20.231961 38.698602
 274.600000 0.242699 22.278460 38.698602
 274.800000 0.242360 22.400420 38.698602
 275.000000 0.256573 16.523359 38.671653
 275.200000 0.240243 23.585426 38.671653
 275.400000 0.214471 26.212955 38.671653
 275.600000 0.223756 26.067498 38.671653
 275.800000 0.245771 21.751157 38.671653
 276.000000 0.247032 21.278771 38.671653
 276.200000 0.248676 21.314129 38.671653
 276.400000 0.283225 7.579204 38.671653
 276.600000 0.290763 5.050888 38.671653
 276.800000 0.296073 3.459908 38.671653
 277.000000 0.277334 9.627901 38.671653
 277.200000 0.263775 15.533565 38.671653
 277.400000 0.276348 11.112918 38.671653
 277.600000 0.263301 15.711248 38.671653
 277.800000 0.278874 10.222102 38.671653
 278.000000 0.295336 4.219904 38.671653
 278.200000 0.283150 9.703914 38.671653
 278.400000 0.282275 9.978388 38.671653
 278.600000 0.277929 11.296074 38.671653
 278.800000 0.268909 13.988781 38.671653
 279.000000 0.284780 9.183783 38.671653
 279.200000 0.301891 4.271846 38.671653
 279.400000 0.285404 10.143096 38.671653
 279.600000 0.276931 12.604255 38.671653
 279.800000 0.273477 13.481191 38.671653
 280.000000 0.276822 12.632466 38.643101
 280.200000 0.263750 16.813286 38.643101
 280.400000 0.249411 21.483244 38.643101
 280.600000 0.250321 21.166254 38.643101
 280.800000 0.264443 16.627908 38.643101
 281.000000 0.258350 18.412423 38.643101
 281.200000 0.257172 19.564821 38.643101
 281.400000 0.270095 15.808177 38.643101
 281.600000 0.262564 17.881618 38.643101
 281.800000 0.265785 16.962016 38.643101
 282.000000 0.244379 23.644002 38.643101
 282.200000 0.260751 18.764432 38.643101
 282.400000 0.267886 16.569778 38.643101
 282.600000 0.269532 16.104992 38.643101
 282.800000 0.294587 7.389925 38.643101
 283.000000 0.284925 11.334648 38.643101
 283.200000 0.298969 6.291308 38.643101
 283.400000 0.300656 5.580586 38.643101
 283.600000 0.301545 5.220610 38.643101
 283.800000 0.318196 0.916529 38.643101
 284.000000 0.307114 3.241460 38.643101
 284.200000 0.296975 8.372643 38.643101
 284.400000 0.311589 3.498799 38.643101
 284.600000 0.307490 4.641157 38.643101
 284.800000 0.310865 3.685804 38.643101
 285.000000 0.298478 7.787119 38.615022
 285.200000 0.305496 6.376572 38.615022
 285.400000 0.311869 4.257602 38.615022
 285.600000 0.311917 4.243194 38.615022
 285.800000 0.331599 0.602835 38.615022
 286.000000 0.329399 0.797722 38.615022
 286.200000 0.326318 2.804723 38.615022
 286.400000 0.332146 2.221479 38.615022
 286.600000 0.335329 1.920441 38.615022
 286.800000 0.337345 1.731526 38.615022
 287.000000 0.335273 1.925644 38.615022
 287.200000 0.331362 3.848562 38.615022
 287.400000 0.307951 6.424381 38.615022
 287.600000 0.329541 3.965383 38.615022
 287.800000 0.326969 4.112733 38.615022
 288.000000 0.330169 3.926748 38.615022
 288.200000 0.354015 1.592812 38.615022
 288.400000 0.354912 1.456181 38.615022
 288.600000 0.342823 3.680061 38.615022
 288.800000 0.345628 3.128995 38.615022
 289.000000 0.350713 2.150951 38.615022
 289.200000 0.360748 2.016495 38.615022
 289.400000 0.354231 3.106133 38.615022
 289.600000 0.350197 3.834247 38.615022
 289.800000 0.348580 4.123531 38.615022
 290.000000 0.360071 2.120499 38.586847
 290.200000 0.358160 4.007025 38.586847
 290.400000 0.350522 5.075186 38.586847
 290.600000 0.337737 6.189122 38.586847
 290.800000 0.317924 5.954292 38.586847
 291.000000 0.324601 6.054814 38.586847
 291.200000 0.331653 7.456256 38.586847
 291.400000 0.317632 7.158920 38.586847
 291.600000 0.341524 6.689170 38.586847
 291.800000 0.360435 3.730642 38.586847
 292.000000 0.345865 6.094366 38.586847
 292.200000 0.320695 7.569307 38.586847
 292.400000 0.311054 7.414322 38.586847
 292.600000 0.312636 7.338163 38.586847
 292.800000 0.308474 7.646573 38.586847
 293.000000 0.295003 10.796446 38.586847
 293.200000 0.321890 7.875012 38.586847
 293.400000 0.336616 8.319247 38.586847
 293.600000 0.355559 5.631421 38.586847
 293.800000 0.352928 6.177424 38.586847
 294.000000 0.347298 7.206979 38.586847
 294.200000 0.344074 8.920032 38.586847
 294.400000 0.315414 7.872489 38.586847
 294.600000 0.322862 8.263056 38.586847
 294.800000 0.321799 8.167686 38.586847
 295.000000 0.314936 7.877277 38.559335
 295.200000 0.320189 9.200643 38.559335
 295.400000 0.318348 9.135669 38.559335
 295.600000 0.315736 9.102162 38.559335
 295.800000 0.323749 9.384482 38.559335
 296.000000 0.322229 9.299762 38.559335
 296.200000 0.322088 10.448684 38.559335
 296.400000 0.330754 10.715506 38.559335
 296.600000 0.318522 10.262158 38.559335
 296.800000 0.311161 10.153654 38.559335
 297.000000 0.307958 10.332841 38.559335
 297.200000 0.321294 11.148972 38.559335
 297.400000 0.321314 11.149172 38.559335
 297.600000 0.316942 11.117112 38.559335
 297.800000 0.331017 11.050885 38.559335
 298.000000 0.336132 10.690236 38.559335
 298.200000 0.322254 11.865875 38.559335
 298.400000 0.324511 11.975921 38.559335
 298.600000 0.325059 11.998886 38.559335
 298.800000 0.333907 11.956412 38.559335
 299.000000 0.309587 11.543798 38.559335
 299.200000 0.298626 13.536430 38.559335
 299.400000 0.293272 14.297800 38.559335
 299.600000 0.311369 12.539608 38.559335
 299.800000 0.295357 13.991084 38.559335
 300.000000 0.295961 13.903767 38.532093
 300.200000 0.303713 13.790904 38.532093
 300.400000 0.316375 12.889325 38.532093
 300.600000 0.313600 12.981614 38.532093
 300.800000 0.308095 13.333736 38.532093
 301.000000 0.314433 12.948625 38.532093
 301.200000 0.313334 13.973491 38.532093
 301.400000 0.321825 13.674697 38.532093
 301.600000 0.317341 13.832519 38.532093
 301.800000 0.297591 15.133604 38.532093
 302.000000 0.304384 14.496873 38.532093
 302.200000 0.326758 13.713028 38.532093
 302.400000 0.321128 14.193426 38.532093
 302.600000 0.305570 15.319666 38.532093
 302.800000 0.313554 14.725620 38.532093
 303.000000 0.331577 13.159739 38.532093
 303.200000 0.345114 11.124859 38.532093
 303.400000 0.353163 8.460772 38.532093
 303.600000 0.376487 1.676644 38.532093
 303.800000 0.379344 1.230897 38.532093
 304.000000 0.354881 7.858561 38.532093
 304.200000 0.371059 3.487703 38.532093
 304.400000 0.382324 1.092897 38.532093
 304.600000 0.380339 1.387939 38.532093
 304.800000 0.370876 3.540821 38.532093
 305.000000 0.365978 5.102122 38.505282
 305.200000 0.382356 1.855435 38.505282
 305.400000 0.375947 3.347919 38.505282
 305.600000 0.365306 6.726763 38.505282
 305.800000 0.365136 6.785102 38.505282
 306.000000 0.378130 2.781171 38.505282
 306.200000 0.384113 2.967911 38.505282
 306.400000 0.364438 8.042780 38.505282
 306.600000 0.355571 10.440065 38.505282
 306.800000 0.364791 7.943556 38.505282
 307.000000 0.358916 9.564642 38.505282
 307.200000 0.353394 12.049502 38.505282
 307.400000 0.357953 10.962007 38.505282
 307.600000 0.354550 11.792594 38.505282
 307.800000 0.353043 12.124867 38.505282
 308.000000 0.346852 13.269050 38.505282
 308.200000 0.323774 15.366849 38.505282
 308.400000 0.302160 15.744735 38.505282
 308.600000 0.306227 15.526919 38.505282
 308.800000 0.301414 15.789955 38.505282
 309.000000 0.324100 15.370923 38.505282
 309.200000 0.348841 14.123347 38.505282
 309.400000 0.360824 10.849970 38.505282
 309.600000 0.363627 9.901269 38.505282
 309.800000 0.374626 6.056284 38.505282
 310.000000 0.374621 6.057941 38.478729
 310.200000 0.367755 9.648612 38.478729
 310.400000 0.371013 8.591135 38.478729
 310.600000 0.359995 11.950995 38.478729
 310.800000 0.358368 12.379604 38.478729
 311.000000 0.342261 15.388562 38.478729
 311.200000 0.338370 16.641808 38.478729
 311.400000 0.347760 15.433058 38.478729
 311.600000 0.345756 15.780085 38.478729
 311.800000 0.344652 15.950883 38.478729
 312.000000 0.320964 16.515282 38.478729
 312.200000 0.301747 16.448630 38.478729
 312.400000 0.315839 17.033030 38.478729
 312.600000 0.336164 17.276126 38.478729
 312.800000 0.346459 15.860227 38.478729
 313.000000 0.356180 13.545491 38.478729
 313.200000 0.347373 16.485862 38.478729
 313.400000 0.335568 17.694153 38.478729
 313.600000 0.313669 16.907305 38.478729
 313.800000 0.273578 17.204462 38.478729
 314.000000 0.291928 16.616758 38.478729
 314.200000 0.304610 17.067627 38.478729
 314.400000 0.302166 17.111773 38.478729
 314.600000 0.311753 17.132887 38.478729
 314.800000 0.312208 17.146843 38.478729
 315.000000 0.313981 17.210464 38.453114
 315.200000 0.310117 17.877531 38.453114
 315.400000 0.306119 17.764487 38.453114
 315.600000 0.285527 17.687101 38.453114
 315.800000 0.294367 17.717678 38.453114
 316.000000 0.289760 17.723733 38.453114
 316.200000 0.286646 18.479027 38.453114
 316.400000 0.285836 18.459179 38.453114
 316.600000 0.300185 18.322311 38.453114
 316.800000 0.323307 18.378414 38.453114
 317.000000 0.341635 17.413110 38.453114
 317.200000 0.344181 17.865819 38.453114
 317.400000 0.333228 18.836047 38.453114
 317.600000 0.325058 18.814519 38.453114
 317.800000 0.311787 18.317471 38.453114
 318.000000 0.314093 18.387993 38.453114
 318.200000 0.337800 18.816703 38.453114
 318.400000 0.355318 15.304848 38.453114
 318.600000 0.389167 3.115427 38.453114
 318.800000 0.386308 3.906417 38.453114
 319.000000 0.371776 9.128641 38.453114
 319.200000 0.359771 14.659133 38.453114
 319.400000 0.356540 15.611864 38.453114
 319.600000 0.344202 18.177553 38.453114
 319.800000 0.359482 14.748856 38.453114
 320.000000 0.388061 4.055010 38.427155
 320.200000 0.369117 12.002414 38.427155
 320.400000 0.361494 14.408633 38.427155
 320.600000 0.348340 17.541752 38.427155
 320.800000 0.340991 18.595909 38.427155
 321.000000 0.334500 19.146662 38.427155
 321.200000 0.357242 15.824378 38.427155
 321.400000 0.357836 15.654226 38.427155
 321.600000 0.366819 12.830068 38.427155
 321.800000 0.370589 11.547192 38.427155
 322.000000 0.341209 19.246178 38.427155
 322.200000 0.308624 19.216631 38.427155
 322.400000 0.321923 20.231968 38.427155
 322.600000 0.326454 20.510495 38.427155
 322.800000 0.323886 20.367845 38.427155
 323.000000 0.318531 19.963726 38.427155
 323.200000 0.319462 20.757938 38.427155
 323.400000 0.328771 21.164112 38.427155
 323.600000 0.352051 17.824650 38.427155
 323.800000 0.341056 20.240839 38.427155
 324.000000 0.336380 20.818421 38.427155
 324.200000 0.325302 21.628040 38.427155
 324.400000 0.321742 21.350873 38.427155
 324.600000 0.321922 21.367410 38.427155
 324.800000 0.315180 20.640871 38.427155
 325.000000 0.323717 21.518666 38.402866
 325.200000 0.299427 19.426577 38.402866
 325.400000 0.311378 20.685268 38.402866
 325.600000 0.306127 20.026312 38.402866
 325.800000 0.289346 18.878825 38.402866
 326.000000 0.278762 18.258309 38.402866
 326.200000 0.293582 19.569126 38.402866
 326.400000 0.313421 21.019632 38.402866
 326.600000 0.319196 21.755639 38.402866
 326.800000 0.297603 19.661166 38.402866
 327.000000 0.303485 19.953552 38.402866
 327.200000 0.309506 21.192453 38.402866
 327.400000 0.305201 20.803907 38.402866
 327.600000 0.295806 20.245428 38.402866
 327.800000 0.321511 22.353794 38.402866
 328.000000 0.345259 20.314199 38.402866
 328.200000 0.342871 21.587024 38.402866
 328.400000 0.356711 17.298547 38.402866
 328.600000 0.367637 13.030935 38.402866
 328.800000 0.379177 8.625581 38.402866
 329.000000 0.373945 10.586060 38.402866
 329.200000 0.372812 12.108784 38.402866
 329.400000 0.363095 15.662605 38.402866
 329.600000 0.368871 13.578765 38.402866
 329.800000 0.365567 14.780392 38.402866
 330.000000 0.355383 18.300598 38.377786
 330.200000 0.331286 23.188818 38.377786
 330.400000 0.319697 22.422654 38.377786
 330.600000 0.320134 22.470336 38.377786
 330.800000 0.352827 19.878264 38.377786
 331.000000 0.362198 16.677386 38.377786
 331.200000 0.349403 21.421079 38.377786
 331.400000 0.330946 23.279902 38.377786
 331.600000 0.339365 23.017350 38.377786
 331.800000 0.369405 14.623556 38.377786
 332.000000 0.393567 4.455001 38.377786
 332.200000 0.400369 3.795342 38.377786
 332.400000 0.386821 8.289373 38.377786
 332.600000 0.369400 15.015626 38.377786
 332.800000 0.371297 14.286818 38.377786
 333.000000 0.376988 12.068819 38.377786
 333.200000 0.379498 12.097995 38.377786
 333.400000 0.383621 10.423760 38.377786
 333.600000 0.381342 11.353555 38.377786
 333.800000 0.394202 6.205979 38.377786
 334.000000 0.405343 2.725819 38.377786
 334.200000 0.404330 4.525213 38.377786
 334.400000 0.409954 3.226565 38.377786
 334.600000 0.396202 6.766486 38.377786
 334.800000 0.374087 14.379944 38.377786
 335.000000 0.394662 7.237954 38.351816
 335.200000 0.419710 1.829664 38.351816
 335.400000 0.414024 2.975683 38.351816
 335.600000 0.373555 15.036745 38.351816
 335.800000 0.364279 17.834747 38.351816
 336.000000 0.374457 14.759568 38.351816
 336.200000 0.373353 16.003135 38.351816
 336.400000 0.383713 12.652071 38.351816
 336.600000 0.386233 11.789005 38.351816
 336.800000 0.372290 16.322185 38.351816
 337.000000 0.385856 11.918900 38.351816
 337.200000 0.400422 7.569691 38.351816
 337.400000 0.403478 6.459481 38.351816
 337.600000 0.411793 3.777273 38.351816
 337.800000 0.398625 8.239742 38.351816
 338.000000 0.383746 13.659629 38.351816
 338.200000 0.375471 16.979156 38.351816
 338.400000 0.375013 17.090224 38.351816
 338.600000 0.378154 16.290320 38.351816
 338.800000 0.388285 13.003817 38.351816
 339.000000 0.382675 14.960007 38.351816
 339.200000 0.393222 11.760482 38.351816
 339.400000 0.390798 12.810722 38.351816
 339.600000 0.395617 10.690146 38.351816
 339.800000 0.397321 9.920142 38.351816
 340.000000 0.391408 12.550701 38.327184
 340.200000 0.394593 12.128360 38.327184
 340.400000 0.376054 18.241986 38.327184
 340.600000 0.386938 15.322974 38.327184
 340.800000 0.372238 18.873584 38.327184
 341.000000 0.372888 18.775248 38.327184
 341.200000 0.408005 5.982104 38.327184
 341.400000 0.398012 10.701013 38.327184
 341.600000 0.394174 12.597663 38.327184
 341.800000 0.409297 5.450356 38.327184
 342.000000 0.415479 3.283924 38.327184
 342.200000 0.419568 3.669324 38.327184
 342.400000 0.420000 3.560798 38.327184
 342.600000 0.426347 2.184559 38.327184
 342.800000 0.408093 7.283690 38.327184
 343.000000 0.377878 18.663709 38.327184
 343.200000 0.386238 16.956988 38.327184
 343.400000 0.414981 4.979560 38.327184
 343.600000 0.420883 3.355725 38.327184
 343.800000 0.412484 5.786021 38.327184
 344.000000 0.409860 6.713331 38.327184
 344.200000 0.423982 3.486701 38.327184
 344.400000 0.452970 0.089189 38.327184
 344.600000 0.436298 1.092837 38.327184
 344.800000 0.416260 5.778983 38.327184
 345.000000 0.404433 10.094934 38.302178
 345.200000 0.435614 1.308484 38.302178
 345.400000 0.436513 1.177409 38.302178
 345.600000 0.429722 2.426723 38.302178
 345.800000 0.424179 3.903233 38.302178
 346.000000 0.439097 0.854553 38.302178
 346.200000 0.460731 0.608016 38.302178
 346.400000 0.456484 0.902033 38.302178
 346.600000 0.434867 3.043991 38.302178
 346.800000 0.425740 4.579375 38.302178
 347.000000 0.439132 2.535293 38.302178
 347.200000 0.440585 3.934121 38.302178
 347.400000 0.445798 3.267593 38.302178
 347.600000 0.442721 3.676154 38.302178
 347.800000 0.414767 8.020985 38.302178
 348.000000 0.421170 6.445156 38.302178
 348.200000 0.440642 4.491552 38.302178
 348.400000 0.440213 4.562353 38.302178
 348.600000 0.432038 5.846735 38.302178
 348.800000 0.428933 6.338621 38.302178
 349.000000 0.425621 6.902462 38.302178
 349.200000 0.454872 2.223384 38.302178
 349.400000 0.464960 0.789735 38.302178
 349.600000 0.447687 3.706033 38.302178
 349.800000 0.433660 6.710447 38.302178
 350.000000 0.417695 9.635806 38.276974
 350.200000 0.402452 13.825637 38.276974
 350.400000 0.405613 13.120083 38.276974
 350.600000 0.418071 10.703151 38.276974
 350.800000 0.434529 7.146346 38.276974
 351.000000 0.448019 3.778769 38.276974
 351.200000 0.434026 8.224071 38.276974
 351.400000 0.404298 13.424430 38.276974
 351.600000 0.376773 20.007359 38.276974
 351.800000 0.373061 20.456889 38.276974
 352.000000 0.393292 16.207032 38.276974
 352.200000 0.431821 8.646105 38.276974
 352.400000 0.456949 3.127439 38.276974
 352.600000 0.440900 6.881532 38.276974
 352.800000 0.420814 10.609398 38.276974
 353.000000 0.416445 11.427949 38.276974
 353.200000 0.414453 12.860322 38.276974
 353.400000 0.427686 10.173530 38.276974
 353.600000 0.427589 10.194372 38.276974
 353.800000 0.425627 10.615451 38.276974
 354.000000 0.386331 18.991134 38.276974
 354.200000 0.348247 22.567827 38.276974
 354.400000 0.324950 22.963004 38.276974
 354.600000 0.317210 22.145151 38.276974
 354.800000 0.314276 21.789881 38.276974
 355.000000 0.297904 20.345213 38.252958
 355.200000 0.281801 19.844755 38.252958
 355.400000 0.267561 19.064005 38.252958
 355.600000 0.275244 19.215518 38.252958
 355.800000 0.288847 20.506453 38.252958
 356.000000 0.283470 20.017324 38.252958
 356.200000 0.292335 21.354046 38.252958
 356.400000 0.311122 22.027126 38.252958
 356.600000 0.308123 21.839819 38.252958
 356.800000 0.323488 23.015899 38.252958
 357.000000 0.333944 23.407988 38.252958
 357.200000 0.313473 22.443428 38.252958
 357.400000 0.294899 21.455527 38.252958
 357.600000 0.286250 20.994916 38.252958
 357.800000 0.302258 21.668366 38.252958
 358.000000 0.319516 23.091763 38.252958
 358.200000 0.311242 22.768078 38.252958
 358.400000 0.307855 22.422525 38.252958
 358.600000 0.302666 22.016275 38.252958
 358.800000 0.317324 23.471170 38.252958
 359.000000 0.324153 24.157120 38.252958
 359.200000 0.325325 24.837075 38.252958
 359.400000 0.334846 24.848661 38.252958
 359.600000 0.333278 24.931489 38.252958
 359.800000 0.324164 24.754573 38.252958
 360.000000 0.345919 23.567387 38.230261
 360.200000 0.367032 21.751847 38.230261
 360.400000 0.350363 23.502078 38.230261
 360.600000 0.343904 24.466702 38.230261
 360.800000 0.347777 23.899658 38.230261
 361.000000 0.346567 24.083468 38.230261
 361.200000 0.342657 25.210097 38.230261
 361.400000 0.341394 25.349786 38.230261
 361.600000 0.350570 24.047859 38.230261
 361.800000 0.352331 23.760517 38.230261
 362.000000 0.334320 25.762567 38.230261
 362.200000 0.335759 26.287061 38.230261
 362.400000 0.317580 24.533323 38.230261
 362.600000 0.303419 22.378782 38.230261
 362.800000 0.315225 24.111985 38.230261
 363.000000 0.320554 25.048919 38.230261
 363.200000 0.331304 26.712970 38.230261
 363.400000 0.330959 26.705013 38.230261
 363.600000 0.335877 26.622804 38.230261
 363.800000 0.341540 26.043989 38.230261
 364.000000 0.325815 26.357082 38.230261
 364.200000 0.319296 25.898472 38.230261
 364.400000 0.332128 27.218582 38.230261
 364.600000 0.342622 26.172367 38.230261
 364.800000 0.358394 23.074212 38.230261
 365.000000 0.345652 25.599474 38.208962
 365.200000 0.339631 27.160622 38.208962
 365.400000 0.357842 23.566044 38.208962
 365.600000 0.359004 23.354239 38.208962
 365.800000 0.338373 27.303783 38.208962
 366.000000 0.325950 27.147990 38.208962
 366.200000 0.307859 23.851492 38.208962
 366.400000 0.301265 22.707156 38.208962
 366.600000 0.297177 22.209307 38.208962
 366.800000 0.289000 21.425736 38.208962
 367.000000 0.293398 21.837999 38.208962
 367.200000 0.295564 22.699427 38.208962
 367.400000 0.274648 20.090786 38.208962
 367.600000 0.266872 19.629760 38.208962
 367.800000 0.274448 20.066711 38.208962
 368.000000 0.280157 20.869213 38.208962
 368.200000 0.275788 20.897593 38.208962
 368.400000 0.275236 20.818521 38.208962
 368.600000 0.268795 20.152369 38.208962
 368.800000 0.262108 20.324712 38.208962
 369.000000 0.274262 20.683965 38.208962
 369.200000 0.258343 21.276638 38.208962
 369.400000 0.262994 20.766004 38.208962
 369.600000 0.248935 23.375163 38.208962
 369.800000 0.257536 21.411249 38.208962
 370.000000 0.269552 20.858859 38.186242
 370.200000 0.272955 21.884530 38.186242
 370.400000 0.244008 24.752937 38.186242
 370.600000 0.232809 26.403339 38.186242
 370.800000 0.232783 26.405092 38.186242
 371.000000 0.255007 22.336530 38.186242
 371.200000 0.267415 21.874250 38.186242
 371.400000 0.270332 21.998696 38.186242
 371.600000 0.264792 21.879380 38.186242
 371.800000 0.263631 21.921493 38.186242
 372.000000 0.255057 22.974322 38.186242
 372.200000 0.263247 22.482578 38.186242
 372.400000 0.274797 22.637058 38.186242
 372.600000 0.265234 22.369360 38.186242
 372.800000 0.252355 24.128902 38.186242
 373.000000 0.264968 22.380551 38.186242
 373.200000 0.259399 23.494613 38.186242
 373.400000 0.268757 22.955657 38.186242
 373.600000 0.262239 23.200992 38.186242
 373.800000 0.265972 22.988857 38.186242
 374.000000 0.289880 23.638656 38.186242
 374.200000 0.290738 24.244917 38.186242
 374.400000 0.281691 24.032807 38.186242
 374.600000 0.300561 24.225013 38.186242
 374.800000 0.304842 24.462972 38.186242
 375.000000 0.315984 26.130452 38.163928
 375.200000 0.309486 25.496822 38.163928
 375.400000 0.303173 24.721016 38.163928
 375.600000 0.298913 24.476327 38.163928
 375.800000 0.305839 24.988048 38.163928
 376.000000 0.315347 26.555220 38.163928
 376.200000 0.305345 25.360802 38.163928
 376.400000 0.298200 24.732590 38.163928
 376.600000 0.299525 24.806147 38.163928
 376.800000 0.299734 24.819394 38.163928
 377.000000 0.316663 27.340093 38.163928
 377.200000 0.314770 27.494427 38.163928
 377.400000 0.306200 25.882004 38.163928
 377.600000 0.279248 23.947948 38.163928
 377.800000 0.287132 24.485001 38.163928
 378.000000 0.296679 24.880416 38.163928
 378.200000 0.306740 26.430235 38.163928
 378.400000 0.284997 24.799127 38.163928
 378.600000 0.262005 23.367471 38.163928
 378.800000 0.270233 23.367879 38.163928
 379.000000 0.291114 25.183950 38.163928
 379.200000 0.312355 27.557223 38.163928
 379.400000 0.309525 27.130186 38.163928
 379.600000 0.294740 25.910544 38.163928
 379.800000 0.305829 26.655004 38.163928
 380.000000 0.301168 26.233102 38.143622
 380.200000 0.322980 29.184934 38.143622
 380.400000 0.305617 27.151848 38.143622
 380.600000 0.300818 26.753142 38.143622
 380.800000 0.298697 26.620901 38.143622
 381.000000 0.311257 27.821393 38.143622
 381.200000 0.308425 27.958421 38.143622
 381.400000 0.299733 27.060024 38.143622
 381.600000 0.319691 29.334334 38.143622
 381.800000 0.326942 29.618455 38.143622
 382.000000 0.304873 27.542228 38.143622
 382.200000 0.299762 27.546466 38.143622
 382.400000 0.299842 27.553869 38.143622
 382.600000 0.319330 29.623911 38.143622
 382.800000 0.336906 28.670518 38.143622
 383.000000 0.338882 28.278737 38.143622
 383.200000 0.345212 27.226467 38.143622
 383.400000 0.349764 25.957905 38.143622
 383.600000 0.369635 22.076631 38.143622
 383.800000 0.355900 24.326627 38.143622
 384.000000 0.328218 30.120432 38.143622
 384.200000 0.328794 30.553627 38.143622
 384.400000 0.347246 26.869109 38.143622
 384.600000 0.371453 21.908074 38.143622
 384.800000 0.354302 24.826935 38.143622
 385.000000 0.327293 30.603489 38.127239
 385.200000 0.318116 30.454850 38.127239
 385.400000 0.301942 27.981129 38.127239
 385.600000 0.308074 28.857047 38.127239
 385.800000 0.326344 31.059595 38.127239
 386.000000 0.323360 30.970888 38.127239
 386.200000 0.317804 30.823915 38.127239
 386.400000 0.326068 31.491890 38.127239
 386.600000 0.348464 26.779107 38.127239
 386.800000 0.351664 25.756450 38.127239
 387.000000 0.361353 23.262355 38.127239
 387.200000 0.362368 23.694428 38.127239
 387.400000 0.372840 22.242080 38.127239
 387.600000 0.393886 17.956520 38.127239
 387.800000 0.399405 16.441294 38.127239
 388.000000 0.380233 21.198325 38.127239
 388.200000 0.367989 23.323541 38.127239
 388.400000 0.359903 24.445064 38.127239
 388.600000 0.361632 24.144998 38.127239
 388.800000 0.352859 26.047322 38.127239
 389.000000 0.337842 30.175744 38.127239
 389.200000 0.334109 31.342804 38.127239
 389.400000 0.347345 27.978837 38.127239
 389.600000 0.353927 26.025549 38.127239
 389.800000 0.361459 24.304860 38.127239
 390.000000 0.330851 31.728807 38.112020
 390.200000 0.322408 31.999657 38.112020
 390.400000 0.331054 32.137479 38.112020
 390.600000 0.314274 30.612759 38.112020
 390.800000 0.311168 29.955785 38.112020
 391.000000 0.302061 28.248835 38.112020
 391.200000 0.305713 29.347478 38.112020
 391.400000 0.319222 31.813738 38.112020
 391.600000 0.327075 32.414415 38.112020
 391.800000 0.329337 32.345225 38.112020
 392.000000 0.321658 32.121826 38.112020
 392.200000 0.324155 32.744358 38.112020
 392.400000 0.340250 30.609605 38.112020
 392.600000 0.350300 27.326501 38.112020
 392.800000 0.352403 26.655890 38.112020
 393.000000 0.348796 27.823682 38.112020
 393.200000 0.351868 27.318994 38.112020
 393.400000 0.363976 24.242416 38.112020
 393.600000 0.359941 25.055508 38.112020
 393.800000 0.371205 23.221580 38.112020
 394.000000 0.361932 24.626445 38.112020
 394.200000 0.371066 23.723776 38.112020
 394.400000 0.359257 25.790779 38.112020
 394.600000 0.367434 24.250181 38.112020
 394.800000 0.382131 21.809039 38.112020
 395.000000 0.370938 23.741993 38.097457
 395.200000 0.364580 25.269942 38.097457
 395.400000 0.388003 20.592309 38.097457
 395.600000 0.401752 16.164143 38.097457
 395.800000 0.408955 14.278770 38.097457
 396.000000 0.401708 16.177114 38.097457
 396.200000 0.391073 20.259726 38.097457
 396.400000 0.404188 16.321810 38.097457
 396.600000 0.395663 18.850781 38.097457
 396.800000 0.378934 23.270849 38.097457
 397.000000 0.376368 23.701375 38.097457
 397.200000 0.359914 26.453314 38.097457
 397.400000 0.363191 25.940824 38.097457
 397.600000 0.356549 27.104457 38.097457
 397.800000 0.338569 31.740730 38.097457
 398.000000 0.363318 25.923199 38.097457
 398.200000 0.353475 28.255902 38.097457
 398.400000 0.343376 30.774347 38.097457
 398.600000 0.364529 26.311217 38.097457
 398.800000 0.365591 26.173880 38.097457
 399.000000 0.381165 23.687130 38.097457
 399.200000 0.385138 23.211761 38.097457
 399.400000 0.369714 26.117764 38.097457
 399.600000 0.364144 26.681686 38.097457
 399.800000 0.378457 24.889341 38.097457
 400.000000 0.363126 26.796462 38.078000
 400.200000 0.354228 28.653370 38.078000
 400.400000 0.373107 26.161506 38.078000
 400.600000 0.374557 25.940110 38.078000
 400.800000 0.355929 28.346965 38.078000
 401.000000 0.386313 23.006571 38.078000
 401.200000 0.393523 20.960427 38.078000
 401.400000 0.368767 27.022964 38.078000
 401.600000 0.344065 30.875474 38.078000
 401.800000 0.341880 31.359572 38.078000
 402.000000 0.360435 27.801985 38.078000
 402.200000 0.364392 27.888174 38.078000
 402.400000 0.365958 27.735509 38.078000
 402.600000 0.368116 27.523500 38.078000
 402.800000 0.365449 27.785034 38.078000
 403.000000 0.380205 25.587904 38.078000
 403.200000 0.377662 26.716983 38.078000
 403.400000 0.357661 28.841336 38.078000
 403.600000 0.357988 28.802892 38.078000
 403.800000 0.371199 27.656441 38.078000
 404.000000 0.378327 26.580501 38.078000
 404.200000 0.397965 19.744795 38.078000
 404.400000 0.426614 10.668438 38.078000
 404.600000 0.432791 9.158231 38.078000
 404.800000 0.427762 10.383178 38.078000
 405.000000 0.435572 8.487215 38.059289
 405.200000 0.440010 8.552746 38.059289
 405.400000 0.439663 8.645863 38.059289
 405.600000 0.459995 2.805251 38.059289
 405.800000 0.455108 4.098691 38.059289
 406.000000 0.432336 10.439471 38.059289
 406.200000 0.418976 14.028445 38.059289
 406.400000 0.408532 16.248851 38.059289
 406.600000 0.406441 16.841357 38.059289
 406.800000 0.412636 15.253537 38.059289
 407.000000 0.435467 10.787126 38.059289
 407.200000 0.419169 14.593494 38.059289
 407.400000 0.416749 14.925156 38.059289
 407.600000 0.411984 15.714875 38.059289
 407.800000 0.398253 19.801841 38.059289
 408.000000 0.420046 14.479190 38.059289
 408.200000 0.407234 17.428550 38.059289
 408.400000 0.405679 17.801306 38.059289
 408.600000 0.409576 16.937543 38.059289
 408.800000 0.397138 20.538671 38.059289
 409.000000 0.399360 19.720517 38.059289
 409.200000 0.412296 16.959344 38.059289
 409.400000 0.408884 17.668379 38.059289
 409.600000 0.401991 19.559656 38.059289
 409.800000 0.403156 19.194010 38.059289
 410.000000 0.395052 22.050795 38.037827
 410.200000 0.412961 17.155859 38.037827
 410.400000 0.408631 18.160891 38.037827
 410.600000 0.396816 22.029237 38.037827
 410.800000 0.393813 23.183729 38.037827
 411.000000 0.413604 17.023310 38.037827
 411.200000 0.425010 15.568902 38.037827
 411.400000 0.448754 7.532979 38.037827
 411.600000 0.449329 7.292141 38.037827
 411.800000 0.419662 16.661920 38.037827
 412.000000 0.413795 17.804475 38.037827
 412.200000 0.396553 22.966806 38.037827
 412.400000 0.403888 20.825224 38.037827
 412.600000 0.396753 22.903136 38.037827
 412.800000 0.400536 21.748809 38.037827
 413.000000 0.402228 21.270385 38.037827
 413.200000 0.388213 26.059469 38.037827
 413.400000 0.367275 28.644217 38.037827
 413.600000 0.384000 27.088106 38.037827
 413.800000 0.407183 20.655232 38.037827
 414.000000 0.398473 23.022775 38.037827
 414.200000 0.393177 25.213745 38.037827
 414.400000 0.399128 23.456761 38.037827
 414.600000 0.400786 22.972092 38.037827
 414.800000 0.401870 22.659425 38.037827
 415.000000 0.405929 21.524302 38.016821
 415.200000 0.414398 19.890732 38.016821
 415.400000 0.413501 20.136957 38.016821
 415.600000 0.395142 25.156354 38.016821
 415.800000 0.387885 26.960852 38.016821
 416.000000 0.374624 28.636040 38.016821
 416.200000 0.390627 26.603797 38.016821
 416.400000 0.410414 21.005400 38.016821
 416.600000 0.415696 19.542923 38.016821
 416.800000 0.403347 22.977626 38.016821
 417.000000 0.412873 20.326501 38.016821
 417.200000 0.404428 23.275195 38.016821
 417.400000 0.395462 25.615336 38.016821
 417.600000 0.399603 24.530129 38.016821
 417.800000 0.410888 21.576076 38.016821
 418.000000 0.405949 22.879927 38.016821
 418.200000 0.400858 24.799113 38.016821
 418.400000 0.385995 28.117815 38.016821
 418.600000 0.384067 28.428709 38.016821
 418.800000 0.378746 29.026712 38.016821
 419.000000 0.361287 29.208725 38.016821
 419.200000 0.369132 29.640179 38.016821
 419.400000 0.365287 29.639097 38.016821
 419.600000 0.348272 30.853283 38.016821
 419.800000 0.351403 30.417943 38.016821
 420.000000 0.355152 30.019231 38.001645
 420.200000 0.358515 30.237276 38.001645
 420.400000 0.350524 30.970227 38.001645
 420.600000 0.360403 30.142626 38.001645
 420.800000 0.361265 30.108517 38.001645
 421.000000 0.362621 30.064805 38.001645
 421.200000 0.358527 30.678334 38.001645
 421.400000 0.378259 29.717529 38.001645
 421.600000 0.392903 26.835884 38.001645
 421.800000 0.354253 30.952523 38.001645
 422.000000 0.356399 30.798113 38.001645
 422.200000 0.363645 30.890780 38.001645
 422.400000 0.379178 29.742133 38.001645
 422.600000 0.374684 30.277778 38.001645
 422.800000 0.347329 32.041495 38.001645
 423.000000 0.353436 31.455301 38.001645
 423.200000 0.392027 27.091801 38.001645
 423.400000 0.404430 23.921749 38.001645
 423.600000 0.377842 30.039513 38.001645
 423.800000 0.353136 31.910458 38.001645
 424.000000 0.353513 31.880160 38.001645
 424.200000 0.349845 32.607787 38.001645
 424.400000 0.347343 32.825313 38.001645
 424.600000 0.338595 33.521959 38.001645
 424.800000 0.325930 33.417563 38.001645
 425.000000 0.317113 32.038706 37.998637
 425.200000 0.306502 30.080181 37.998637
 425.400000 0.292060 27.511643 37.998637
 425.600000 0.300958 28.977123 37.998637
 425.800000 0.320374 33.069357 37.998637
 426.000000 0.321278 33.215097 37.998637
 426.200000 0.302189 29.382087 37.998637
 426.400000 0.292278 27.607246 37.998637
 426.600000 0.300974 29.138998 37.998637
 426.800000 0.306181 30.251299 37.998637
 427.000000 0.312908 31.875977 37.998637
 427.200000 0.303013 29.893184 37.998637
 427.400000 0.303536 30.011754 37.998637
 427.600000 0.306305 30.663768 37.998637
 427.800000 0.320563 33.870136 37.998637
 428.000000 0.322859 34.177588 37.998637
 428.200000 0.317636 33.713238 37.998637
 428.400000 0.314289 32.951841 37.998637
 428.600000 0.324647 34.730858 37.998637
 428.800000 0.299179 29.184509 37.998637
 429.000000 0.297673 28.869183 37.998637
 429.200000 0.287103 27.206979 37.998637
 429.400000 0.310947 32.420308 37.998637
 429.600000 0.325666 34.883893 37.998637
 429.800000 0.349118 32.887729 37.998637
 430.000000 0.364082 31.555613 38.002091
 430.200000 0.369333 31.549406 38.002091
 430.400000 0.358637 32.368629 38.002091
 430.600000 0.328137 34.967404 38.002091
 430.800000 0.318308 34.038706 38.002091
 431.000000 0.307653 31.608463 38.002091
 431.200000 0.307257 31.939557 38.002091
 431.400000 0.298158 29.802949 38.002091
 431.600000 0.299667 30.140292 38.002091
 431.800000 0.301789 30.626258 38.002091
 432.000000 0.290173 28.062943 38.002091
 432.200000 0.291488 28.851752 38.002091
 432.400000 0.298721 30.354103 38.002091
 432.600000 0.306459 32.022271 38.002091
 432.800000 0.308844 32.558421 38.002091
 433.000000 0.298562 30.321123 38.002091
 433.200000 0.300579 31.190532 38.002091
 433.400000 0.281397 26.699779 38.002091
 433.600000 0.270363 24.164713 38.002091
 433.800000 0.275608 25.207972 38.002091
 434.000000 0.279225 26.120119 38.002091
 434.200000 0.290263 29.389777 38.002091
 434.400000 0.308871 32.998929 38.002091
 434.600000 0.303100 31.866291 38.002091
 434.800000 0.309532 33.130206 38.002091
 435.000000 0.312778 33.760236 38.001909
 435.200000 0.334010 35.006752 38.001909
 435.400000 0.337474 34.599464 38.001909
 435.600000 0.315326 34.596777 38.001909
 435.800000 0.295500 30.639619 38.001909
 436.000000 0.292781 30.070493 38.001909
 436.200000 0.279314 27.027896 38.001909
 436.400000 0.295481 31.086866 38.001909
 436.600000 0.307533 33.381739 38.001909
 436.800000 0.296487 31.285645 38.001909
 437.000000 0.295952 31.180557 38.001909
 437.200000 0.312870 34.583548 38.001909
 437.400000 0.297401 31.897341 38.001909
 437.600000 0.298518 32.107265 38.001909
 437.800000 0.299730 32.330413 38.001909
 438.000000 0.276110 26.309612 38.001909
 438.200000 0.249803 25.283058 38.001909
 438.400000 0.247660 25.580968 38.001909
 438.600000 0.265947 24.643555 38.001909
 438.800000 0.257576 24.431768 38.001909
 439.000000 0.266775 24.750552 38.001909
 439.200000 0.279039 28.127113 38.001909
 439.400000 0.281504 28.798419 38.001909
 439.600000 0.267875 25.495379 38.001909
 439.800000 0.259596 24.863392 38.001909
 440.000000 0.242646 26.393206 37.992045
 440.200000 0.245274 26.644608 37.992045
 440.400000 0.260781 25.128132 37.992045
 440.600000 0.274551 26.978505 37.992045
 440.800000 0.269301 25.852810 37.992045
 441.000000 0.261855 25.134231 37.992045
 441.200000 0.260046 25.704402 37.992045
 441.400000 0.243146 27.144229 37.992045
 441.600000 0.262110 25.710381 37.992045
 441.800000 0.263756 25.772063 37.992045
 442.000000 0.261642 25.702263 37.992045
 442.200000 0.267670 26.640005 37.992045
 442.400000 0.263197 26.299303 37.992045
 442.600000 0.261604 26.258720 37.992045
 442.800000 0.252726 26.642659 37.992045
 443.000000 0.256558 26.376524 37.992045
 443.200000 0.233765 27.752597 37.992045
 443.400000 0.263904 26.810019 37.992045
 443.600000 0.271047 27.450219 37.992045
 443.800000 0.222752 26.987422 37.992045
 444.000000 0.218734 26.701594 37.992045
 444.200000 0.227729 27.827208 37.992045
 444.400000 0.227702 27.825607 37.992045
 444.600000 0.229933 27.943017 37.992045
 444.800000 0.232786 28.050291 37.992045
 445.000000 0.246395 27.701587 37.974438
 445.200000 0.249416 27.971663 37.974438
 445.400000 0.226995 28.003791 37.974438
 445.600000 0.215639 27.126802 37.974438
 445.800000 0.218010 27.274505 37.974438
 446.000000 0.232187 28.356858 37.974438
 446.200000 0.214163 27.297187 37.974438
 446.400000 0.212743 27.223008 37.974438
 446.600000 0.211167 27.166626 37.974438
 446.800000 0.218447 27.630564 37.974438
 447.000000 0.220833 27.860573 37.974438
 447.200000 0.219139 28.197953 37.974438
 447.400000 0.223470 28.624210 37.974438
 447.600000 0.223381 28.615679 37.974438
 447.800000 0.205270 27.539764 37.974438
 448.000000 0.225622 28.821366 37.974438
 448.200000 0.217981 28.510582 37.974438
 448.400000 0.229785 29.589661 37.974438
 448.600000 0.235108 29.682357 37.974438
 448.800000 0.217051 28.408859 37.974438
 449.000000 0.204400 27.751437 37.974438
 449.200000 0.213935 28.511679 37.974438
 449.400000 0.213343 28.470171 37.974438
 449.600000 0.212728 28.429649 37.974438
 449.800000 0.213252 28.463999 37.974438
 450.000000 0.216979 28.758420 37.959530
 450.200000 0.214570 29.038665 37.959530
 450.400000 0.210895 28.775328 37.959530
 450.600000 0.244604 29.140508 37.959530
 450.800000 0.262544 27.167095 37.959530
 451.000000 0.252872 28.020593 37.959530
 451.200000 0.253284 28.468210 37.959530
 451.400000 0.249605 28.960503 37.959530
 451.600000 0.226959 30.079575 37.959530
 451.800000 0.215277 29.118121 37.959530
 452.000000 0.207476 28.632537 37.959530
 452.200000 0.211266 29.280976 37.959530
 452.400000 0.217660 29.723427 37.959530
 452.600000 0.218632 29.796382 37.959530
 452.800000 0.218467 29.784008 37.959530
 453.000000 0.222610 30.070520 37.959530
 453.200000 0.216135 30.026066 37.959530
 453.400000 0.204964 29.311253 37.959530
 453.600000 0.226446 30.713331 37.959530
 453.800000 0.219830 30.334833 37.959530
 454.000000 0.218805 30.253127 37.959530
 454.200000 0.219550 30.767182 37.959530
 454.400000 0.227638 31.127872 37.959530
 454.600000 0.226353 31.110836 37.959530
 454.800000 0.238044 30.645169 37.959530
 455.000000 0.229862 31.116932 37.947833
 455.200000 0.204648 29.701859 37.947833
 455.400000 0.203247 29.645171 37.947833
 455.600000 0.215034 30.639406 37.947833
 455.800000 0.215152 30.652519 37.947833
 456.000000 0.225688 31.516246 37.947833
 456.200000 0.234645 31.696970 37.947833
 456.400000 0.244814 30.279145 37.947833
 456.600000 0.251450 29.084943 37.947833
 456.800000 0.270502 27.805908 37.947833
 457.000000 0.293582 31.677119 37.947833
 457.200000 0.275760 28.701739 37.947833
 457.400000 0.262928 27.686092 37.947833
 457.600000 0.242885 30.609732 37.947833
 457.800000 0.269578 27.847235 37.947833
 458.000000 0.267521 27.706310 37.947833
 458.200000 0.256415 28.682350 37.947833
 458.400000 0.261945 28.208985 37.947833
 458.600000 0.263249 28.163483 37.947833
 458.800000 0.250035 29.602224 37.947833
 459.000000 0.232705 31.876721 37.947833
 459.200000 0.231303 32.366009 37.947833
 459.400000 0.249337 29.942638 37.947833
 459.600000 0.259150 28.485711 37.947833
 459.800000 0.255274 28.961118 37.947833
 460.000000 0.267892 28.261109 37.941440
 460.200000 0.289697 31.805703 37.941440
 460.400000 0.297952 32.868816 37.941440
 460.600000 0.283308 30.808418 37.941440
 460.800000 0.271607 29.048993 37.941440
 461.000000 0.270124 28.909048 37.941440
 461.200000 0.270388 29.414369 37.941440
 461.400000 0.279224 30.526217 37.941440
 461.600000 0.279908 30.628494 37.941440
 461.800000 0.276535 30.135077 37.941440
 462.000000 0.285703 31.481769 37.941440
 462.200000 0.297460 33.216796 37.941440
 462.400000 0.301850 33.639043 37.941440
 462.600000 0.297326 33.204247 37.941440
 462.800000 0.282103 31.375521 37.941440
 463.000000 0.279217 30.917167 37.941440
 463.200000 0.273189 30.413626 37.941440
 463.400000 0.287132 32.491139 37.941440
 463.600000 0.300014 33.626654 37.941440
 463.800000 0.282182 31.820781 37.941440
 464.000000 0.285838 32.331655 37.941440
 464.200000 0.282696 32.302805 37.941440
 464.400000 0.271405 30.428222 37.941440
 464.600000 0.267456 29.937256 37.941440
 464.800000 0.262988 29.637961 37.941440
 465.000000 0.279883 31.848043 37.941143
 465.200000 0.265424 30.030151 37.941143
 465.400000 0.258528 29.800320 37.941143
 465.600000 0.273634 31.164603 37.941143
 465.800000 0.266172 30.099808 37.941143
 466.000000 0.248742 30.584637 37.941143
 466.200000 0.265352 30.266143 37.941143
 466.400000 0.276802 31.806700 37.941143
 466.600000 0.275902 31.654103 37.941143
 466.800000 0.267944 30.492763 37.941143
 467.000000 0.253797 30.476219 37.941143
 467.200000 0.254046 30.903657 37.941143
 467.400000 0.263829 30.539314 37.941143
 467.600000 0.295134 33.855287 37.941143
 467.800000 0.293788 33.793186 37.941143
 468.000000 0.284080 33.000473 37.941143
 468.200000 0.262125 30.648977 37.941143
 468.400000 0.271323 31.426845 37.941143
 468.600000 0.270262 31.280611 37.941143
 468.800000 0.273836 31.812366 37.941143
 469.000000 0.271276 31.420078 37.941143
 469.200000 0.263609 31.070180 37.941143
 469.400000 0.270725 31.774449 37.941143
 469.600000 0.270475 31.740180 37.941143
 469.800000 0.262619 31.024685 37.941143
 470.000000 0.265249 31.176082 37.942161
 470.200000 0.267339 31.795379 37.942161
 470.400000 0.259792 31.381033 37.942161
 470.600000 0.276045 32.923114 37.942161
 470.800000 0.298017 34.365023 37.942161
 471.000000 0.308078 34.741771 37.942161
 471.200000 0.302170 34.788003 37.942161
 471.400000 0.305321 34.939584 37.942161
 471.600000 0.314687 35.615924 37.942161
 471.800000 0.300397 34.726038 37.942161
 472.000000 0.325017 35.889972 37.942161
 472.200000 0.319776 36.223642 37.942161
 472.400000 0.316965 36.070783 37.942161
 472.600000 0.323450 36.278255 37.942161
 472.800000 0.324141 36.267443 37.942161
 473.000000 0.350853 33.090758 37.942161
 473.200000 0.353429 33.230196 37.942161
 473.400000 0.331956 35.870788 37.942161
 473.600000 0.314644 35.912242 37.942161
 473.800000 0.299491 34.782551 37.942161
 474.000000 0.305028 35.071419 37.942161
 474.200000 0.303834 35.359377 37.942161
 474.400000 0.311322 35.939884 37.942161
 474.600000 0.312422 36.033264 37.942161
 474.800000 0.318047 36.426879 37.942161
 475.000000 0.313084 36.087983 37.986632
 475.200000 0.318463 36.775090 37.986632
 475.400000 0.306001 35.820673 37.986632
 475.600000 0.300984 35.450111 37.986632
 475.800000 0.309122 36.090452 37.986632
 476.000000 0.326173 36.673224 37.986632
 476.200000 0.337752 35.530798 37.986632
 476.400000 0.333529 36.196644 37.986632
 476.600000 0.332064 36.404465 37.986632
 476.800000 0.304756 35.843117 37.986632
 477.000000 0.293031 35.019337 37.986632
 477.200000 0.303272 36.004668 37.986632
 477.400000 0.316002 37.036450 37.986632
 477.600000 0.312760 36.795190 37.986632
 477.800000 0.307587 36.342534 37.986632
 478.000000 0.304533 36.096910 37.986632
 478.200000 0.316394 37.316700 37.986632
 478.400000 0.316332 37.313829 37.986632
 478.600000 0.317687 37.367340 37.986632
 478.800000 0.327616 37.037528 37.986632
 479.000000 0.316668 37.328908 37.986632
 479.200000 0.304605 36.692845 37.986632
 479.400000 0.303330 36.581418 37.986632
 479.600000 0.298351 36.175891 37.986632
 479.800000 0.303819 36.623825 37.986632
 480.000000 0.302116 36.478253 38.062205
