#! FIELDS time d metad.bias metad.rct
 0.000000 0.115248 0.000000 0.000000
 0.200000 0.111867 0.000000 0.000000
 0.400000 0.128956 0.000000 0.000000
 0.600000 0.135890 0.000000 0.000000
 0.800000 0.141507 0.000000 0.000000
 1.000000 0.157900 0.000000 0.000000
 1.200000 0.126376 0.189271 0.000000
 1.400000 0.104946 0.000065 0.000000
 1.600000 0.115273 0.027532 0.000000
 1.800000 0.124941 0.153457 0.000000
 2.000000 0.125381 0.163838 0.000000
 2.200000 0.144493 1.942255 0.000000
 2.400000 0.134744 1.958363 0.000000
 2.600000 0.112161 1.190426 0.000000
 2.800000 0.099347 0.382625 0.000000
 3.000000 0.106710 0.800568 0.000000
 3.200000 0.095510 1.513358 0.000000
 3.400000 0.108528 2.603310 0.000000
 3.600000 0.101634 2.088344 0.000000
 3.800000 0.103187 2.221731 0.000000
 4.000000 0.093977 1.368032 0.000000
 4.200000 0.088495 2.427392 0.000000
 4.400000 0.073285 0.772750 0.000000
 4.600000 0.089727 2.569562 0.000000
 4.800000 0.093980 3.014820 0.000000
 5.000000 0.111087 3.587838 1.248455
 5.200000 0.135153 2.678001 1.248455
 5.400000 0.121219 4.313458 1.248455
 5.600000 0.105036 4.997436 1.248455
 5.800000 0.120942 4.345141 1.248455
 6.000000 0.129317 3.311299 1.248455
 6.200000 0.112027 5.827219 1.248455
 6.400000 0.104608 5.361084 1.248455
 6.600000 0.079300 1.504831 1.248455
 6.800000 0.082984 2.033163 1.248455
 7.000000 0.095897 4.199008 1.248455
 7.200000 0.089475 4.432850 1.248455
 7.400000 0.087387 3.985415 1.248455
 7.600000 0.078171 2.080095 1.248455
 7.800000 0.090025 4.548271 1.248455
 8.000000 0.103049 6.491483 1.248455
 8.200000 0.111791 7.753284 1.248455
 8.400000 0.111901 7.744992 1.248455
 8.600000 0.109176 7.899599 1.248455
 8.800000 0.117189 7.182856 1.248455
 9.000000 0.138004 3.832193 1.248455
 9.200000 0.150502 3.642401 1.248455
 9.400000 0.155185 3.086688 1.248455
 9.600000 0.135429 5.663801 1.248455
 9.800000 0.111587 8.078813 1.248455
 10.000000 0.098169 7.270408 3.794563
 10.200000 0.095007 7.897241 3.794563
 10.400000 0.095409 7.989332 3.794563
 10.600000 0.120576 7.856864 3.794563
 10.800000 0.129263 6.620283 3.794563
 11.000000 0.135755 5.671518 3.794563
 11.200000 0.123560 8.414722 3.794563
 11.400000 0.132132 7.522721 3.794563
 11.600000 0.148423 4.853284 3.794563
 11.800000 0.140921 6.201994 3.794563
 12.000000 0.146373 5.225955 3.794563
 12.200000 0.150120 5.892044 3.794563
 12.400000 0.155038 4.870274 3.794563
 12.600000 0.133664 8.291961 3.794563
 12.800000 0.140342 7.579754 3.794563
 13.000000 0.132405 8.386237 3.794563
 13.200000 0.141714 8.378390 3.794563
 13.400000 0.152906 5.791759 3.794563
 13.600000 0.140026 8.680522 3.794563
 13.800000 0.111436 9.844020 3.794563
 14.000000 0.110369 9.827639 3.794563
 14.200000 0.119650 10.798730 3.794563
 14.400000 0.127478 10.400409 3.794563
 14.600000 0.127826 10.376291 3.794563
 14.800000 0.122499 10.678364 3.794563
 15.000000 0.117719 10.867537 6.671176
 15.200000 0.131029 10.839911 6.671176
 15.400000 0.129864 10.994768 6.671176
 15.600000 0.130739 10.879640 6.671176
 15.800000 0.140056 9.187455 6.671176
 16.000000 0.154431 5.472129 6.671176
 16.200000 0.165054 4.003652 6.671176
 16.400000 0.162714 4.614920 6.671176
 16.600000 0.140379 9.997449 6.671176
 16.800000 0.113136 12.026659 6.671176
 17.000000 0.122997 11.818820 6.671176
 17.200000 0.152271 7.556199 6.671176
 17.400000 0.150383 8.070152 6.671176
 17.600000 0.130901 12.155879 6.671176
 17.800000 0.123646 12.817983 6.671176
 18.000000 0.156434 6.394211 6.671176
 18.200000 0.165595 4.974070 6.671176
 18.400000 0.155494 7.972347 6.671176
 18.600000 0.144844 10.474342 6.671176
 18.800000 0.151044 9.125215 6.671176
 19.000000 0.136374 11.851676 6.671176
 19.200000 0.137125 12.781546 6.671176
 19.400000 0.158360 7.508445 6.671176
 19.600000 0.158752 7.379636 6.671176
 19.800000 0.174259 2.635212 6.671176
 20.000000 0.147259 10.776642 8.972457
 20.200000 0.146722 11.991868 8.972457
 20.400000 0.165679 5.608449 8.972457
 20.600000 0.161314 7.230601 8.972457
 20.800000 0.164073 6.198025 8.972457
 21.000000 0.170443 3.971373 8.972457
 21.200000 0.144238 12.867534 8.972457
 21.400000 0.131924 14.045892 8.972457
 21.600000 0.107586 12.526141 8.972457
 21.800000 0.093607 8.682164 8.972457
 22.000000 0.071555 1.520753 8.972457
 22.200000 0.085822 6.725588 8.972457
 22.400000 0.079647 4.938066 8.972457
 22.600000 0.092369 8.840935 8.972457
 22.800000 0.086348 6.891449 8.972457
 23.000000 0.098283 10.625863 8.972457
 23.200000 0.087878 8.238016 8.972457
 23.400000 0.082193 6.246301 8.972457
 23.600000 0.073305 3.759108 8.972457
 23.800000 0.089726 8.908552 8.972457
 24.000000 0.078660 5.147744 8.972457
 24.200000 0.056392 1.605495 8.972457
 24.400000 0.058878 1.989393 8.972457
 24.600000 0.063849 2.895056 8.972457
 24.800000 0.088212 9.495009 8.972457
 25.000000 0.079923 6.911010 9.775102
 25.200000 0.056255 1.954415 9.775102
 25.400000 0.065647 4.081211 9.775102
 25.600000 0.075532 6.888689 9.775102
 25.800000 0.075167 6.780556 9.775102
 26.000000 0.066547 4.320462 9.775102
 26.200000 0.049093 1.643923 9.775102
 26.400000 0.063537 4.955175 9.775102
 26.600000 0.073778 7.655216 9.775102
 26.800000 0.058716 3.694099 9.775102
 27.000000 0.067999 6.152732 9.775102
 27.200000 0.067400 7.322280 9.775102
 27.400000 0.052451 3.038855 9.775102
 27.600000 0.045878 1.609784 9.775102
 27.800000 0.048470 2.110954 9.775102
 28.000000 0.061171 5.525960 9.775102
 28.200000 0.064151 7.748525 9.775102
 28.400000 0.061092 6.870629 9.775102
 28.600000 0.056855 5.558486 9.775102
 28.800000 0.066342 8.320603 9.775102
 29.000000 0.063056 7.443868 9.775102
 29.200000 0.059793 7.702542 9.775102
 29.400000 0.062725 8.605483 9.775102
 29.600000 0.071771 10.557145 9.775102
 29.800000 0.078974 11.344661 9.775102
 30.000000 0.081796 11.588834 10.356424
 30.200000 0.075822 12.014259 10.356424
 30.400000 0.086552 13.030102 10.356424
 30.600000 0.100804 14.085214 10.356424
 30.800000 0.089323 13.258793 10.356424
 31.000000 0.081669 12.622106 10.356424
 31.200000 0.096248 14.428285 10.356424
 31.400000 0.101172 14.530037 10.356424
 31.600000 0.096950 14.449255 10.356424
 31.800000 0.101293 14.531157 10.356424
 32.000000 0.089660 14.151759 10.356424
 32.200000 0.109170 14.887325 10.356424
 32.400000 0.105010 15.087114 10.356424
 32.600000 0.118620 14.483167 10.356424
 32.800000 0.109018 14.895090 10.356424
 33.000000 0.104510 15.108290 10.356424
 33.200000 0.114901 15.315372 10.356424
 33.400000 0.098401 16.093550 10.356424
 33.600000 0.115724 15.255144 10.356424
 33.800000 0.130610 14.401860 10.356424
 34.000000 0.127373 14.579528 10.356424
 34.200000 0.123176 15.670817 10.356424
 34.400000 0.119672 15.790772 10.356424
 34.600000 0.121835 15.717855 10.356424
 34.800000 0.134252 14.972118 10.356424
 35.000000 0.113190 16.027355 12.622640
 35.200000 0.097531 16.698796 12.622640
 35.400000 0.100331 16.873648 12.622640
 35.600000 0.102592 16.966178 12.622640
 35.800000 0.103453 16.989866 12.622640
 36.000000 0.102421 16.960728 12.622640
 36.200000 0.122340 16.751186 12.622640
 36.400000 0.142153 13.960726 12.622640
 36.600000 0.145052 13.310211 12.622640
 36.800000 0.134428 15.349789 12.622640
 37.000000 0.147318 12.753347 12.622640
 37.200000 0.156951 10.767944 12.622640
 37.400000 0.160776 9.364331 12.622640
 37.600000 0.158596 10.173910 12.622640
 37.800000 0.169866 5.956669 12.622640
 38.000000 0.185470 1.700137 12.622640
 38.200000 0.202826 0.998960 12.622640
 38.400000 0.184519 3.490625 12.622640
 38.600000 0.167105 7.733012 12.622640
 38.800000 0.169960 6.872536 12.622640
 39.000000 0.190848 2.457574 12.622640
 39.200000 0.192461 3.783663 12.622640
 39.400000 0.204570 1.876305 12.622640
 39.600000 0.203245 2.074423 12.622640
 39.800000 0.209190 1.254819 12.622640
 40.000000 0.208976 1.280804 13.328083
 40.200000 0.203578 3.573181 13.328083
 40.400000 0.209402 2.881700 13.328083
 40.600000 0.209801 2.833048 13.328083
 40.800000 0.202260 3.720824 13.328083
 41.000000 0.185408 5.280587 13.328083
 41.200000 0.179896 7.129091 13.328083
 41.400000 0.171930 8.018460 13.328083
 41.600000 0.167157 8.854527 13.328083
 41.800000 0.189523 6.263416 13.328083
 42.000000 0.196532 5.363408 13.328083
 42.200000 0.190479 7.428111 13.328083
 42.400000 0.185879 7.692059 13.328083
 42.600000 0.194739 6.989264 13.328083
 42.800000 0.186681 7.658608 13.328083
 43.000000 0.183713 7.765268 13.328083
 43.200000 0.171935 9.284180 13.328083
 43.400000 0.185926 8.915026 13.328083
 43.600000 0.199660 6.930163 13.328083
 43.800000 0.184834 8.964858 13.328083
 44.000000 0.169588 9.461822 13.328083
 44.200000 0.166352 10.955455 13.328083
 44.400000 0.153010 13.241686 13.328083
 44.600000 0.165611 11.048548 13.328083
 44.800000 0.176543 10.145417 13.328083
 45.000000 0.165263 11.093980 13.470687
 45.200000 0.177695 10.844979 13.470687
 45.400000 0.182069 10.422182 13.470687
 45.600000 0.202214 6.478159 13.470687
 45.800000 0.221326 1.942871 13.470687
 46.000000 0.229014 0.912835 13.470687
 46.200000 0.222392 3.292087 13.470687
 46.400000 0.208842 5.369463 13.470687
 46.600000 0.197591 7.871142 13.470687
 46.800000 0.204817 6.226257 13.470687
 47.000000 0.202653 6.715641 13.470687
 47.200000 0.200295 8.537995 13.470687
 47.400000 0.201134 8.354740 13.470687
 47.600000 0.217889 4.624805 13.470687
 47.800000 0.205501 7.348978 13.470687
 48.000000 0.210745 6.121879 13.470687
 48.200000 0.215545 6.350478 13.470687
 48.400000 0.217923 5.806325 13.470687
 48.600000 0.222864 4.721195 13.470687
 48.800000 0.214871 6.505851 13.470687
 49.000000 0.203691 8.966386 13.470687
 49.200000 0.194750 11.349805 13.470687
 49.400000 0.173632 11.631994 13.470687
 49.600000 0.165906 12.199345 13.470687
 49.800000 0.173717 11.628776 13.470687
 50.000000 0.169600 11.859979 13.575898
 50.200000 0.188087 12.078734 13.575898
 50.400000 0.196998 11.341005 13.575898
 50.600000 0.196551 11.397370 13.575898
 50.800000 0.191571 11.876696 13.575898
 51.000000 0.177001 12.463935 13.575898
 51.200000 0.157771 14.476785 13.575898
 51.400000 0.160814 14.266813 13.575898
 51.600000 0.163533 14.096945 13.575898
 51.800000 0.149556 15.135055 13.575898
 52.000000 0.179527 13.361421 13.575898
 52.200000 0.226977 4.244882 13.575898
 52.400000 0.230226 3.525016 13.575898
 52.600000 0.203978 10.608381 13.575898
 52.800000 0.190395 13.370098 13.575898
 53.000000 0.182488 14.164953 13.575898
 53.200000 0.160803 15.035625 13.575898
 53.400000 0.157131 15.061010 13.575898
 53.600000 0.172806 15.269167 13.575898
 53.800000 0.152600 15.198280 13.575898
 54.000000 0.126498 16.785246 13.575898
 54.200000 0.134244 17.068556 13.575898
 54.400000 0.164110 15.104393 13.575898
 54.600000 0.171728 15.255858 13.575898
 54.800000 0.188457 14.479123 13.575898
 55.000000 0.181675 15.145233 14.388112
 55.200000 0.148671 15.751652 14.388112
 55.400000 0.153035 15.495165 14.388112
 55.600000 0.166501 15.676449 14.388112
 55.800000 0.136509 16.875540 14.388112
 56.000000 0.121855 17.843219 14.388112
 56.200000 0.144004 16.417870 14.388112
 56.400000 0.153108 15.580957 14.388112
 56.600000 0.153530 15.559090 14.388112
 56.800000 0.150599 15.745184 14.388112
 57.000000 0.153699 15.550773 14.388112
 57.200000 0.142685 17.248410 14.388112
 57.400000 0.137777 17.704598 14.388112
 57.600000 0.151532 16.543548 14.388112
 57.800000 0.149935 16.646525 14.388112
 58.000000 0.156716 16.307786 14.388112
 58.200000 0.162783 17.021604 14.388112
 58.400000 0.155992 17.176191 14.388112
 58.600000 0.165694 16.984461 14.388112
 58.800000 0.158068 17.116448 14.388112
 59.000000 0.152036 17.320021 14.388112
 59.200000 0.160292 17.760765 14.388112
 59.400000 0.170129 17.324427 14.388112
 59.600000 0.165429 17.529920 14.388112
 59.800000 0.167308 17.448575 14.388112
 60.000000 0.183755 16.252736 15.668314
 60.200000 0.188056 16.363089 15.668314
 60.400000 0.178511 17.621532 15.668314
 60.600000 0.159844 18.018128 15.668314
 60.800000 0.159049 18.034822 15.668314
 61.000000 0.150125 18.271591 15.668314
 61.200000 0.136425 19.148784 15.668314
 61.400000 0.152393 18.975015 15.668314
 61.600000 0.129287 19.082141 15.668314
 61.800000 0.130775 19.095412 15.668314
 62.000000 0.134385 19.130434 15.668314
 62.200000 0.138016 19.883863 15.668314
 62.400000 0.149435 19.516399 15.668314
 62.600000 0.138531 19.880115 15.668314
 62.800000 0.146419 19.669017 15.668314
 63.000000 0.160335 18.789181 15.668314
 63.200000 0.176121 18.368003 15.668314
 63.400000 0.149315 20.101327 15.668314
 63.600000 0.131790 19.962510 15.668314
 63.800000 0.106060 18.768386 15.668314
 64.000000 0.122012 19.574578 15.668314
 64.200000 0.148753 20.264302 15.668314
 64.400000 0.132778 20.560720 15.668314
 64.600000 0.128886 20.517761 15.668314
 64.800000 0.152886 20.061648 15.668314
 65.000000 0.168426 18.985476 17.233533
 65.200000 0.179132 18.631198 17.233533
 65.400000 0.177761 18.821912 17.233533
 65.600000 0.160401 20.219724 17.233533
 65.800000 0.172521 19.401947 17.233533
 66.000000 0.191061 16.024814 17.233533
 66.200000 0.207449 10.839352 17.233533
 66.400000 0.244577 1.233369 17.233533
 66.600000 0.259258 0.224662 17.233533
 66.800000 0.233962 2.806367 17.233533
 67.000000 0.226185 4.519923 17.233533
 67.200000 0.243216 2.141197 17.233533
 67.400000 0.246542 1.594652 17.233533
 67.600000 0.251259 0.979086 17.233533
 67.800000 0.256595 0.505743 17.233533
 68.000000 0.263382 0.182556 17.233533
 68.200000 0.239543 3.330140 17.233533
 68.400000 0.219384 7.784675 17.233533
 68.600000 0.224942 6.331367 17.233533
 68.800000 0.246995 2.481579 17.233533
 69.000000 0.247184 2.467109 17.233533
 69.200000 0.232211 5.615856 17.233533
 69.400000 0.226759 6.508599 17.233533
 69.600000 0.232338 5.597432 17.233533
 69.800000 0.223145 7.214512 17.233533
 70.000000 0.223629 7.114155 17.320653
 70.200000 0.215224 10.233421 17.320653
 70.400000 0.212282 10.953114 17.320653
 70.600000 0.220197 9.111796 17.320653
 70.800000 0.206697 12.463498 17.320653
 71.000000 0.191636 16.939509 17.320653
 71.200000 0.214563 10.645687 17.320653
 71.400000 0.223158 8.574912 17.320653
 71.600000 0.242677 4.972895 17.320653
 71.800000 0.215728 10.340233 17.320653
 72.000000 0.218094 9.745736 17.320653
 72.200000 0.235590 6.667526 17.320653
 72.400000 0.276409 1.432738 17.320653
 72.600000 0.296597 0.150347 17.320653
 72.800000 0.290206 0.370809 17.320653
 73.000000 0.291161 0.327991 17.320653
 73.200000 0.276148 2.503694 17.320653
 73.400000 0.264646 3.066022 17.320653
 73.600000 0.240500 5.660929 17.320653
 73.800000 0.247710 4.527455 17.320653
 74.000000 0.249999 4.252474 17.320653
 74.200000 0.254782 5.156694 17.320653
 74.400000 0.239709 6.954745 17.320653
 74.600000 0.249480 5.758616 17.320653
 74.800000 0.255097 5.119953 17.320653
 75.000000 0.252667 5.400021 17.438883
 75.200000 0.259516 5.831113 17.438883
 75.400000 0.251286 6.926143 17.438883
 75.600000 0.245975 7.403402 17.438883
 75.800000 0.251820 6.869602 17.438883
 76.000000 0.268499 4.305309 17.438883
 76.200000 0.282153 3.625438 17.438883
 76.400000 0.279939 3.924730 17.438883
 76.600000 0.295684 2.129443 17.438883
 76.800000 0.301819 1.525628 17.438883
 77.000000 0.321094 0.233032 17.438883
 77.200000 0.328371 1.615565 17.438883
 77.400000 0.340926 0.724418 17.438883
 77.600000 0.304554 2.213464 17.438883
 77.800000 0.280620 3.872463 17.438883
 78.000000 0.279448 4.027528 17.438883
 78.200000 0.293637 3.592218 17.438883
 78.400000 0.306847 2.447428 17.438883
 78.600000 0.322363 1.942616 17.438883
 78.800000 0.336555 1.031200 17.438883
 79.000000 0.355604 0.119662 17.438883
 79.200000 0.332641 1.858300 17.438883
 79.400000 0.298659 3.038854 17.438883
 79.600000 0.287083 4.445328 17.438883
 79.800000 0.295798 3.339561 17.438883
 80.000000 0.292419 3.742454 17.390239
 80.200000 0.301144 4.065676 17.390239
 80.400000 0.310100 3.067966 17.390239
 80.600000 0.327112 2.081928 17.390239
 80.800000 0.326227 2.117858 17.390239
 81.000000 0.315141 2.682967 17.390239
 81.200000 0.311226 4.472163 17.390239
 81.400000 0.317286 4.088425 17.390239
 81.600000 0.331355 2.796360 17.390239
 81.800000 0.325333 3.387574 17.390239
 82.000000 0.320524 3.833485 17.390239
 82.200000 0.336261 3.250810 17.390239
 82.400000 0.325964 4.706239 17.390239
 82.600000 0.300269 5.720804 17.390239
 82.800000 0.281647 6.508167 17.390239
 83.000000 0.284901 6.335964 17.390239
 83.200000 0.292275 7.142848 17.390239
 83.400000 0.313328 5.881086 17.390239
 83.600000 0.327820 4.469462 17.390239
 83.800000 0.330542 4.062878 17.390239
 84.000000 0.330277 4.102829 17.390239
 84.200000 0.336078 4.627878 17.390239
 84.400000 0.338582 4.226425 17.390239
 84.600000 0.327666 5.927786 17.390239
 84.800000 0.320959 6.543142 17.390239
 85.000000 0.300719 6.676296 17.345454
 85.200000 0.296610 8.147777 17.345454
 85.400000 0.289659 8.374199 17.345454
 85.600000 0.263018 8.119404 17.345454
 85.800000 0.261703 8.116715 17.345454
 86.000000 0.278883 8.328429 17.345454
 86.200000 0.257304 8.532128 17.345454
 86.400000 0.273079 9.329172 17.345454
 86.600000 0.317734 7.372205 17.345454
 86.800000 0.345879 3.247724 17.345454
 87.000000 0.371466 1.029214 17.345454
 87.200000 0.375784 2.317627 17.345454
 87.400000 0.345984 3.628035 17.345454
 87.600000 0.331806 5.520850 17.345454
 87.800000 0.327168 6.286372 17.345454
 88.000000 0.335618 4.880774 17.345454
 88.200000 0.352307 4.107320 17.345454
 88.400000 0.351758 4.151816 17.345454
 88.600000 0.340918 5.438806 17.345454
 88.800000 0.337604 5.965231 17.345454
 89.000000 0.339122 5.720289 17.345454
 89.200000 0.339451 7.023905 17.345454
 89.400000 0.345789 5.988748 17.345454
 89.600000 0.343766 6.316196 17.345454
 89.800000 0.349365 5.440587 17.345454
 90.000000 0.343637 6.337529 17.304176
 90.200000 0.339241 8.321688 17.304176
 90.400000 0.313423 8.592507 17.304176
 90.600000 0.306421 8.390261 17.304176
 90.800000 0.296425 8.835225 17.304176
 91.000000 0.288536 9.383888 17.304176
 91.200000 0.288508 10.537470 17.304176
 91.400000 0.303033 9.171627 17.304176
 91.600000 0.313598 8.885451 17.304176
 91.800000 0.294943 9.998266 17.304176
 92.000000 0.295497 9.939148 17.304176
 92.200000 0.304691 9.982445 17.304176
 92.400000 0.321866 9.407272 17.304176
 92.600000 0.303927 10.062876 17.304176
 92.800000 0.304679 9.983612 17.304176
 93.000000 0.320378 9.401543 17.304176
 93.200000 0.339142 8.875979 17.304176
 93.400000 0.331595 10.012586 17.304176
 93.600000 0.346638 7.396265 17.304176
 93.800000 0.327263 10.387023 17.304176
 94.000000 0.300110 10.974295 17.304176
 94.200000 0.267857 9.813990 17.304176
 94.400000 0.261405 9.069685 17.304176
 94.600000 0.258309 8.798471 17.304176
 94.800000 0.272049 10.426801 17.304176
 95.000000 0.274315 10.783908 17.289816
 95.200000 0.253890 8.916276 17.289816
 95.400000 0.255051 9.035028 17.289816
 95.600000 0.254392 8.966629 17.289816
 95.800000 0.276531 12.205775 17.289816
 96.000000 0.275423 12.039643 17.289816
 96.200000 0.283434 13.873926 17.289816
 96.400000 0.301762 12.328768 17.289816
 96.600000 0.308357 11.590637 17.289816
 96.800000 0.296868 13.008210 17.289816
 97.000000 0.271474 12.389964 17.289816
 97.200000 0.262404 11.498298 17.289816
 97.400000 0.283332 14.606583 17.289816
 97.600000 0.286679 14.511296 17.289816
 97.800000 0.283983 14.604092 17.289816
 98.000000 0.273242 13.706993 17.289816
 98.200000 0.252736 9.963756 17.289816
 98.400000 0.255603 10.570739 17.289816
 98.600000 0.253155 10.047383 17.289816
 98.800000 0.262801 12.330651 17.289816
 99.000000 0.237229 8.556632 17.289816
 99.200000 0.224522 10.751457 17.289816
 99.400000 0.255296 11.079698 17.289816
 99.600000 0.263388 12.739166 17.289816
 99.800000 0.240861 9.719602 17.289816
 100.000000 0.261034 12.220901 17.322099
 100.200000 0.265316 14.142782 17.322099
 100.400000 0.273190 15.444553 17.322099
 100.600000 0.253054 11.592467 17.322099
 100.800000 0.226438 10.600874 17.322099
 101.000000 0.237509 10.039984 17.322099
 101.200000 0.257875 13.000256 17.322099
 101.400000 0.231719 11.229295 17.322099
 101.600000 0.236986 11.156777 17.322099
 101.800000 0.248375 11.691862 17.322099
 102.000000 0.241046 11.226531 17.322099
 102.200000 0.222015 12.232460 17.322099
 102.400000 0.257594 13.528694 17.322099
 102.600000 0.269138 15.160891 17.322099
 102.800000 0.240305 12.264815 17.322099
 103.000000 0.234480 12.135273 17.322099
 103.200000 0.228932 13.046554 17.322099
 103.400000 0.234992 13.161741 17.322099
 103.600000 0.262931 14.440972 17.322099
 103.800000 0.245503 13.245686 17.322099
 104.000000 0.247776 13.282568 17.322099
 104.200000 0.244621 14.183368 17.322099
 104.400000 0.247313 14.241160 17.322099
 104.600000 0.254139 14.440793 17.322099
 104.800000 0.264878 15.196230 17.322099
 105.000000 0.271665 15.779227 17.389085
 105.200000 0.254243 14.885756 17.389085
 105.400000 0.246128 14.418500 17.389085
 105.600000 0.241105 14.198477 17.389085
 105.800000 0.251860 14.718446 17.389085
 106.000000 0.253420 14.824471 17.389085
 106.200000 0.264667 16.636172 17.389085
 106.400000 0.231115 13.934138 17.389085
 106.600000 0.224841 13.419800 17.389085
 106.800000 0.244159 15.079632 17.389085
 107.000000 0.252612 15.670805 17.389085
 107.200000 0.230908 14.219362 17.389085
 107.400000 0.234220 14.637839 17.389085
 107.600000 0.243030 15.704605 17.389085
 107.800000 0.222010 13.382109 17.389085
 108.000000 0.231063 14.238383 17.389085
 108.200000 0.244755 16.493484 17.389085
 108.400000 0.257655 17.065945 17.389085
 108.600000 0.233455 15.456082 17.389085
 108.800000 0.226772 14.643702 17.389085
 109.000000 0.226205 14.578002 17.389085
 109.200000 0.244466 16.910114 17.389085
 109.400000 0.256277 17.133032 17.389085
 109.600000 0.250065 17.023008 17.389085
 109.800000 0.256077 17.128609 17.389085
 110.000000 0.281104 16.959329 17.591143
 110.200000 0.279349 17.961421 17.591143
 110.400000 0.285106 17.170509 17.591143
 110.600000 0.303046 12.797171 17.591143
 110.800000 0.286506 16.895157 17.591143
 111.000000 0.287306 16.725100 17.591143
 111.200000 0.291088 16.625095 17.591143
 111.400000 0.307865 12.290623 17.591143
 111.600000 0.271917 18.663887 17.591143
 111.800000 0.251146 17.194674 17.591143
 112.000000 0.279952 18.642237 17.591143
 112.200000 0.287067 18.289027 17.591143
 112.400000 0.311822 11.822311 17.591143
 112.600000 0.312108 11.787900 17.591143
 112.800000 0.289398 17.690576 17.591143
 113.000000 0.288099 18.035934 17.591143
 113.200000 0.281046 20.011783 17.591143
 113.400000 0.249835 17.275772 17.591143
 113.600000 0.250280 17.300281 17.591143
 113.800000 0.251519 17.372981 17.591143
 114.000000 0.260081 18.149307 17.591143
 114.200000 0.274525 20.492380 17.591143
 114.400000 0.263429 19.353801 17.591143
 114.600000 0.268912 20.037702 17.591143
 114.800000 0.280291 20.376578 17.591143
 115.000000 0.301824 14.371606 18.026984
 115.200000 0.292445 18.374178 18.026984
 115.400000 0.315131 12.260318 18.026984
 115.600000 0.329718 10.549548 18.026984
 115.800000 0.358652 5.105414 18.026984
 116.000000 0.366464 3.866874 18.026984
 116.200000 0.370165 4.757847 18.026984
 116.400000 0.371604 4.514190 18.026984
 116.600000 0.353038 7.108177 18.026984
 116.800000 0.343204 8.567597 18.026984
 117.000000 0.365585 5.468904 18.026984
 117.200000 0.362806 7.203580 18.026984
 117.400000 0.367686 6.513061 18.026984
 117.600000 0.360378 7.463777 18.026984
 117.800000 0.376456 4.694123 18.026984
 118.000000 0.382649 3.211720 18.026984
 118.200000 0.383104 4.622435 18.026984
 118.400000 0.382395 4.787630 18.026984
 118.600000 0.371488 6.952633 18.026984
 118.800000 0.341824 9.215593 18.026984
 119.000000 0.332957 10.314060 18.026984
 119.200000 0.314786 12.841451 18.026984
 119.400000 0.332534 11.470381 18.026984
 119.600000 0.339547 10.490997 18.026984
 119.800000 0.312365 13.118633 18.026984
 120.000000 0.328135 11.920879 18.005316
 120.200000 0.356793 8.596262 18.005316
 120.400000 0.365614 7.775687 18.005316
 120.600000 0.362450 8.086967 18.005316
 120.800000 0.345894 10.061431 18.005316
 121.000000 0.333996 12.242146 18.005316
 121.200000 0.333017 13.400191 18.005316
 121.400000 0.311324 14.135499 18.005316
 121.600000 0.296707 17.204979 18.005316
 121.800000 0.300318 16.144355 18.005316
 122.000000 0.307562 14.554729 18.005316
 122.200000 0.310786 15.072538 18.005316
 122.400000 0.327989 14.259218 18.005316
 122.600000 0.335943 13.080623 18.005316
 122.800000 0.344104 11.240460 18.005316
 123.000000 0.346863 10.622683 18.005316
 123.200000 0.307507 15.510892 18.005316
 123.400000 0.312108 15.028710 18.005316
 123.600000 0.314600 14.908190 18.005316
 123.800000 0.312494 15.003986 18.005316
 124.000000 0.316018 14.874731 18.005316
 124.200000 0.298432 17.903850 18.005316
 124.400000 0.313782 15.830145 18.005316
 124.600000 0.320666 15.723940 18.005316
 124.800000 0.317890 15.753123 18.005316
 125.000000 0.316205 15.773888 18.152450
 125.200000 0.326192 16.232633 18.152450
 125.400000 0.342211 13.106991 18.152450
 125.600000 0.339621 13.769389 18.152450
 125.800000 0.341287 13.344776 18.152450
 126.000000 0.353985 10.351326 18.152450
 126.200000 0.363702 9.592727 18.152450
 126.400000 0.349936 12.265573 18.152450
 126.600000 0.338270 14.741342 18.152450
 126.800000 0.331973 15.828657 18.152450
 127.000000 0.328166 16.271904 18.152450
 127.200000 0.310301 17.246449 18.152450
 127.400000 0.311843 17.233044 18.152450
 127.600000 0.328949 17.042289 18.152450
 127.800000 0.348867 12.813752 18.152450
 128.000000 0.331413 16.733260 18.152450
 128.200000 0.304514 17.742736 18.152450
 128.400000 0.294076 19.309106 18.152450
 128.600000 0.300747 18.163911 18.152450
 128.800000 0.315481 17.755158 18.152450
 129.000000 0.306832 17.601241 18.152450
 129.200000 0.300745 18.899859 18.152450
 129.400000 0.298672 19.171614 18.152450
 129.600000 0.321123 18.558705 18.152450
 129.800000 0.286549 20.868088 18.152450
 130.000000 0.304689 18.519634 18.458684
 130.200000 0.314838 19.021464 18.458684
 130.400000 0.302627 19.453147 18.458684
 130.600000 0.294960 20.348970 18.458684
 130.800000 0.287243 21.188222 18.458684
 131.000000 0.279216 21.316114 18.458684
 131.200000 0.259807 19.220221 18.458684
 131.400000 0.236710 16.798283 18.458684
 131.600000 0.232649 16.349418 18.458684
 131.800000 0.259965 19.244540 18.458684
 132.000000 0.298730 20.161887 18.458684
 132.200000 0.322916 19.111920 18.458684
 132.400000 0.353128 12.131558 18.458684
 132.600000 0.362575 9.969637 18.458684
 132.800000 0.358851 10.787146 18.458684
 133.000000 0.357065 11.190379 18.458684
 133.200000 0.345059 15.121993 18.458684
 133.400000 0.363184 10.814404 18.458684
 133.600000 0.381934 5.432129 18.458684
 133.800000 0.388491 3.591457 18.458684
 134.000000 0.393016 2.526888 18.458684
 134.200000 0.401748 2.396996 18.458684
 134.400000 0.392920 4.110915 18.458684
 134.600000 0.389228 4.919420 18.458684
 134.800000 0.397724 3.132919 18.458684
 135.000000 0.398970 2.895696 18.823240
 135.200000 0.405339 3.224706 18.823240
 135.400000 0.410021 2.369219 18.823240
 135.600000 0.387721 6.421083 18.823240
 135.800000 0.378702 8.021340 18.823240
 136.000000 0.384446 6.983789 18.823240
 136.200000 0.404419 3.926141 18.823240
 136.400000 0.384477 8.260523 18.823240
 136.600000 0.373744 9.972506 18.823240
 136.800000 0.364035 11.448779 18.823240
 137.000000 0.341936 15.935835 18.823240
 137.200000 0.323307 19.562358 18.823240
 137.400000 0.330993 18.966042 18.823240
 137.600000 0.336857 17.965894 18.823240
 137.800000 0.331541 18.891936 18.823240
 138.000000 0.333084 18.662224 18.823240
 138.200000 0.346137 16.255333 18.823240
 138.400000 0.333648 19.331552 18.823240
 138.600000 0.332842 19.462337 18.823240
 138.800000 0.346798 16.066967 18.823240
 139.000000 0.366698 11.316197 18.823240
 139.200000 0.363779 12.915748 18.823240
 139.400000 0.361616 13.318239 18.823240
 139.600000 0.355414 14.531624 18.823240
 139.800000 0.366086 12.487499 18.823240
 140.000000 0.378713 10.024308 18.929736
 140.200000 0.377396 11.410476 18.929736
 140.400000 0.380027 10.865956 18.929736
 140.600000 0.375728 11.730317 18.929736
 140.800000 0.348246 16.290738 18.929736
 141.000000 0.337104 18.820204 18.929736
 141.200000 0.325006 20.720326 18.929736
 141.400000 0.329716 20.586410 18.929736
 141.600000 0.346600 17.283092 18.929736
 141.800000 0.344583 17.803362 18.929736
 142.000000 0.349573 16.535106 18.929736
 142.200000 0.358750 15.284498 18.929736
 142.400000 0.337815 20.047322 18.929736
 142.600000 0.312348 20.206326 18.929736
 142.800000 0.311134 20.178037 18.929736
 143.000000 0.306406 20.247101 18.929736
 143.200000 0.304683 21.054125 18.929736
 143.400000 0.312449 20.864112 18.929736
 143.600000 0.309452 20.864042 18.929736
 143.800000 0.302419 21.226522 18.929736
 144.000000 0.291247 22.371560 18.929736
 144.200000 0.288017 23.223701 18.929736
 144.400000 0.306992 21.303499 18.929736
 144.600000 0.317776 21.170941 18.929736
 144.800000 0.304556 21.497843 18.929736
 145.000000 0.303073 21.644721 19.696841
 145.200000 0.310651 21.720107 19.696841
 145.400000 0.314696 21.600467 19.696841
 145.600000 0.323483 21.573402 19.696841
 145.800000 0.307955 21.877208 19.696841
 146.000000 0.298715 22.803631 19.696841
 146.200000 0.321531 21.785270 19.696841
 146.400000 0.320561 21.806039 19.696841
 146.600000 0.311544 22.121127 19.696841
 146.800000 0.303024 22.925221 19.696841
 147.000000 0.306949 22.496556 19.696841
 147.200000 0.325502 21.957700 19.696841
 147.400000 0.318513 22.325391 19.696841
 147.600000 0.299820 23.881787 19.696841
 147.800000 0.304785 23.359419 19.696841
 148.000000 0.318341 22.333373 19.696841
 148.200000 0.299144 24.233253 19.696841
 148.400000 0.282008 23.934716 19.696841
 148.600000 0.262742 19.906787 19.696841
 148.800000 0.267679 20.983731 19.696841
 149.000000 0.272806 22.178808 19.696841
 149.200000 0.263867 20.684297 19.696841
 149.400000 0.259905 19.818816 19.696841
 149.600000 0.271762 22.587859 19.696841
 149.800000 0.276529 23.619420 19.696841
 150.000000 0.276187 23.552678 20.858280
 150.200000 0.259321 20.026618 20.858280
 150.400000 0.250016 18.364446 20.858280
 150.600000 0.239470 17.155558 20.858280
 150.800000 0.249464 18.289818 20.858280
 151.000000 0.249171 18.251049 20.858280
 151.200000 0.260287 20.835477 20.858280
 151.400000 0.236303 17.341790 20.858280
 151.600000 0.234773 17.117655 20.858280
 151.800000 0.245355 18.542385 20.858280
 152.000000 0.236595 17.383918 20.858280
 152.200000 0.207502 15.087221 20.858280
 152.400000 0.209887 14.916418 20.858280
 152.600000 0.213003 14.871062 20.858280
 152.800000 0.219280 15.333245 20.858280
 153.000000 0.233965 17.791250 20.858280
 153.200000 0.235868 18.870351 20.858280
 153.400000 0.229662 17.816372 20.858280
 153.600000 0.218847 15.756927 20.858280
 153.800000 0.213436 15.189885 20.858280
 154.000000 0.202128 15.939924 20.858280
 154.200000 0.230229 18.072734 20.858280
 154.400000 0.269456 23.016217 20.858280
 154.600000 0.249382 20.086368 20.858280
 154.800000 0.233778 18.644822 20.858280
 155.000000 0.235859 18.936147 21.025832
 155.200000 0.219045 16.642688 21.025832
 155.400000 0.209470 16.067677 21.025832
 155.600000 0.226507 18.032799 21.025832
 155.800000 0.218439 16.555390 21.025832
 156.000000 0.200789 17.087021 21.025832
 156.200000 0.203450 17.457693 21.025832
 156.400000 0.213104 16.651400 21.025832
 156.600000 0.216949 16.823215 21.025832
 156.800000 0.231223 19.061539 21.025832
 157.000000 0.234290 19.534653 21.025832
 157.200000 0.226603 18.879876 21.025832
 157.400000 0.232956 20.069733 21.025832
 157.600000 0.216383 17.138825 21.025832
 157.800000 0.202609 17.670634 21.025832
 158.000000 0.231570 19.840335 21.025832
 158.200000 0.238759 21.397091 21.025832
 158.400000 0.239093 21.415224 21.025832
 158.600000 0.223603 18.897718 21.025832
 158.800000 0.206720 17.325091 21.025832
 159.000000 0.213094 17.258479 21.025832
 159.200000 0.219059 18.730258 21.025832
 159.400000 0.207677 18.019806 21.025832
 159.600000 0.208294 17.998181 21.025832
 159.800000 0.223731 19.556444 21.025832
 160.000000 0.208822 17.984928 21.200593
 160.200000 0.212156 18.787821 21.200593
 160.400000 0.222619 19.859931 21.200593
 160.600000 0.222037 19.770626 21.200593
 160.800000 0.204200 19.004650 21.200593
 161.000000 0.226149 20.421437 21.200593
 161.200000 0.235499 22.130187 21.200593
 161.400000 0.227261 21.297909 21.200593
 161.600000 0.220302 20.170657 21.200593
 161.800000 0.208002 19.130112 21.200593
 162.000000 0.198676 19.660903 21.200593
 162.200000 0.208544 19.716587 21.200593
 162.400000 0.212062 19.726846 21.200593
 162.600000 0.209291 19.703567 21.200593
 162.800000 0.217437 20.089088 21.200593
 163.000000 0.222552 20.738499 21.200593
 163.200000 0.225622 21.866342 21.200593
 163.400000 0.223245 21.533099 21.200593
 163.600000 0.213868 20.390600 21.200593
 163.800000 0.232652 22.559301 21.200593
 164.000000 0.260299 21.795838 21.200593
 164.200000 0.244377 22.594230 21.200593
 164.400000 0.225633 21.912425 21.200593
 164.600000 0.240601 22.778877 21.200593
 164.800000 0.218334 20.865843 21.200593
 165.000000 0.222798 21.496634 21.604977
 165.200000 0.218958 21.597308 21.604977
 165.400000 0.211228 20.730230 21.604977
 165.600000 0.223992 22.343992 21.604977
 165.800000 0.223908 22.331825 21.604977
 166.000000 0.225047 22.493045 21.604977
 166.200000 0.204212 20.808995 21.604977
 166.400000 0.201092 20.835399 21.604977
 166.600000 0.212846 21.320573 21.604977
 166.800000 0.205098 20.818107 21.604977
 167.000000 0.218378 22.096481 21.604977
 167.200000 0.226477 23.886014 21.604977
 167.400000 0.227886 24.013802 21.604977
 167.600000 0.208696 21.483078 21.604977
 167.800000 0.207134 21.366680 21.604977
 168.000000 0.224471 23.656746 21.604977
 168.200000 0.235228 24.608413 21.604977
 168.400000 0.245992 23.278284 21.604977
 168.600000 0.245270 23.380131 21.604977
 168.800000 0.248711 22.924385 21.604977
 169.000000 0.254388 22.469135 21.604977
 169.200000 0.241402 24.376841 21.604977
 169.400000 0.236639 24.815055 21.604977
 169.600000 0.230285 24.899387 21.604977
 169.800000 0.236291 24.836787 21.604977
 170.000000 0.260290 23.166916 22.256891
 170.200000 0.277183 25.435747 22.256891
 170.400000 0.252471 23.751034 22.256891
 170.600000 0.226024 24.597037 22.256891
 170.800000 0.223543 24.249365 22.256891
 171.000000 0.213584 22.516597 22.256891
 171.200000 0.182794 21.232916 22.256891
 171.400000 0.183851 21.285876 22.256891
 171.600000 0.189232 21.493099 22.256891
 171.800000 0.220566 24.328122 22.256891
 172.000000 0.213712 23.179344 22.256891
 172.200000 0.192028 21.780190 22.256891
 172.400000 0.205429 22.636041 22.256891
 172.600000 0.207344 22.859397 22.256891
 172.800000 0.214352 23.907395 22.256891
 173.000000 0.233104 25.612604 22.256891
 173.200000 0.251172 24.139772 22.256891
 173.400000 0.246624 24.647796 22.256891
 173.600000 0.251586 24.104238 22.256891
 173.800000 0.255299 23.886991 22.256891
 174.000000 0.257780 23.853068 22.256891
 174.200000 0.256052 24.467972 22.256891
 174.400000 0.262570 24.596698 22.256891
 174.600000 0.252018 24.631055 22.256891
 174.800000 0.262386 24.587119 22.256891
 175.000000 0.264786 24.733997 23.042231
 175.200000 0.246604 25.386667 23.042231
 175.400000 0.234606 26.349561 23.042231
 175.600000 0.244836 25.544255 23.042231
 175.800000 0.268556 25.595879 23.042231
 176.000000 0.271463 25.811966 23.042231
 176.200000 0.285346 26.416813 23.042231
 176.400000 0.283135 26.549187 23.042231
 176.600000 0.285363 26.415587 23.042231
 176.800000 0.264363 25.781673 23.042231
 177.000000 0.211870 23.715356 23.042231
 177.200000 0.192663 22.087889 23.042231
 177.400000 0.174317 20.802968 23.042231
 177.600000 0.175581 20.880742 23.042231
 177.800000 0.172616 20.709902 23.042231
 178.000000 0.217190 25.279406 23.042231
 178.200000 0.222651 26.652312 23.042231
 178.400000 0.202820 23.318532 23.042231
 178.600000 0.182174 21.389086 23.042231
 178.800000 0.195802 22.511731 23.042231
 179.000000 0.191933 22.175568 23.042231
 179.200000 0.187388 22.431557 23.042231
 179.400000 0.200599 23.576316 23.042231
 179.600000 0.202674 23.802127 23.042231
 179.800000 0.194670 23.049246 23.042231
 180.000000 0.195982 23.156939 23.662688
 180.200000 0.197149 23.877348 23.662688
 180.400000 0.214136 25.804938 23.662688
 180.600000 0.240602 26.279733 23.662688
 180.800000 0.242533 26.061917 23.662688
 181.000000 0.232271 27.044002 23.662688
 181.200000 0.226282 27.575853 23.662688
 181.400000 0.222219 27.238463 23.662688
 181.600000 0.220365 27.011196 23.662688
 181.800000 0.230052 27.643828 23.662688
 182.000000 0.241989 26.547898 23.662688
 182.200000 0.233818 27.932093 23.662688
 182.400000 0.241809 27.107838 23.662688
 182.600000 0.236618 27.713928 23.662688
 182.800000 0.246005 26.565613 23.662688
 183.000000 0.263140 25.946086 23.662688
 183.200000 0.253008 26.353373 23.662688
 183.400000 0.243372 27.132936 23.662688
 183.600000 0.228332 28.034025 23.662688
 183.800000 0.213327 26.011348 23.662688
 184.000000 0.214861 26.281168 23.662688
 184.200000 0.196842 24.151250 23.662688
 184.400000 0.195037 23.953855 23.662688
 184.600000 0.203203 24.917641 23.662688
 184.800000 0.207747 25.588420 23.662688
 185.000000 0.203666 24.980644 24.567555
 185.200000 0.194259 24.341219 24.567555
 185.400000 0.176827 21.780925 24.567555
 185.600000 0.171559 21.151920 24.567555
 185.800000 0.149237 20.619686 24.567555
 186.000000 0.135461 20.630529 24.567555
 186.200000 0.139521 21.317912 24.567555
 186.400000 0.166246 20.847496 24.567555
 186.600000 0.178639 22.050076 24.567555
 186.800000 0.170093 21.066470 24.567555
 187.000000 0.178213 21.988597 24.567555
 187.200000 0.188305 24.044735 24.567555
 187.400000 0.178069 22.625124 24.567555
 187.600000 0.167949 21.446512 24.567555
 187.800000 0.170610 21.684963 24.567555
 188.000000 0.163776 21.194788 24.567555
 188.200000 0.182857 23.619026 24.567555
 188.400000 0.190035 24.398120 24.567555
 188.600000 0.199118 25.245388 24.567555
 188.800000 0.180733 23.369151 24.567555
 189.000000 0.181662 23.478716 24.567555
 189.200000 0.186579 24.622400 24.567555
 189.400000 0.206376 26.218972 24.567555
 189.600000 0.185078 24.472971 24.567555
 189.800000 0.165040 22.265214 24.567555
 190.000000 0.148971 21.657024 24.704338
 190.200000 0.151767 22.363559 24.704338
 190.400000 0.159119 22.457069 24.704338
 190.600000 0.162374 22.536949 24.704338
 190.800000 0.160410 22.483590 24.704338
 191.000000 0.157993 22.438235 24.704338
 191.200000 0.169130 23.375154 24.704338
 191.400000 0.164245 23.195643 24.704338
 191.600000 0.179843 24.175862 24.704338
 191.800000 0.179538 24.148367 24.704338
 192.000000 0.157686 23.077677 24.704338
 192.200000 0.148651 23.371121 24.704338
 192.400000 0.138236 22.568380 24.704338
 192.600000 0.146080 23.204836 24.704338
 192.800000 0.143442 23.008191 24.704338
 193.000000 0.166172 23.786031 24.704338
 193.200000 0.167285 24.408722 24.704338
 193.400000 0.150099 23.793240 24.704338
 193.600000 0.157138 24.200578 24.704338
 193.800000 0.155253 24.119671 24.704338
 194.000000 0.137777 22.627535 24.704338
 194.200000 0.119925 21.096695 24.704338
 194.400000 0.108396 19.665552 24.704338
 194.600000 0.095313 17.710737 24.704338
 194.800000 0.104422 19.139843 24.704338
 195.000000 0.115143 20.494668 24.851769
 195.200000 0.107234 20.127658 24.851769
 195.400000 0.105954 19.930269 24.851769
 195.600000 0.091303 17.190439 24.851769
 195.800000 0.089390 16.799640 24.851769
 196.000000 0.094619 17.863553 24.851769
 196.200000 0.106927 20.644556 24.851769
 196.400000 0.102471 20.043053 24.851769
 196.600000 0.097338 19.181025 24.851769
 196.800000 0.088417 17.326037 24.851769
 197.000000 0.083150 16.118078 24.851769
 197.200000 0.069617 12.977263 24.851769
 197.400000 0.084983 17.391523 24.851769
 197.600000 0.094539 19.276499 24.851769
 197.800000 0.082658 16.855533 24.851769
 198.000000 0.110376 21.197488 24.851769
 198.200000 0.114048 22.162995 24.851769
 198.400000 0.100328 20.691888 24.851769
 198.600000 0.087902 18.242822 24.851769
 198.800000 0.074466 14.669686 24.851769
 199.000000 0.093610 19.480446 24.851769
 199.200000 0.105925 21.963757 24.851769
 199.400000 0.113764 22.439828 24.851769
 199.600000 0.095205 20.526430 24.851769
 199.800000 0.073486 14.650140 24.851769
 200.000000 0.078563 16.335686 24.867559
 200.200000 0.078645 17.206293 24.867559
 200.400000 0.072537 15.087533 24.867559
 200.600000 0.073852 15.584225 24.867559
 200.800000 0.074399 15.784223 24.867559
 201.000000 0.057408 8.130346 24.867559
 201.200000 0.064228 12.558482 24.867559
 201.400000 0.083037 18.735703 24.867559
 201.600000 0.090915 20.339216 24.867559
 201.800000 0.111034 22.386475 24.867559
 202.000000 0.121875 22.805188 24.867559
 202.200000 0.117109 23.216253 24.867559
 202.400000 0.107960 22.655923 24.867559
 202.600000 0.081278 18.336125 24.867559
 202.800000 0.060205 10.696632 24.867559
 203.000000 0.050884 6.275115 24.867559
 203.200000 0.082427 18.756165 24.867559
 203.400000 0.090715 20.412193 24.867559
 203.600000 0.091418 20.538698 24.867559
 203.800000 0.093710 20.932874 24.867559
 204.000000 0.107349 22.607242 24.867559
 204.200000 0.114553 23.652775 24.867559
 204.400000 0.095966 21.772021 24.867559
 204.600000 0.089801 20.566068 24.867559
 204.800000 0.072764 16.395758 24.867559
 205.000000 0.064172 13.435524 24.901087
 205.200000 0.072544 17.153085 24.901087
 205.400000 0.065908 15.058581 24.901087
 205.600000 0.061496 13.289151 24.901087
 205.800000 0.061025 13.083373 24.901087
 206.000000 0.066624 15.317077 24.901087
 206.200000 0.058586 12.743631 24.901087
 206.400000 0.053741 10.254017 24.901087
 206.600000 0.060873 13.838114 24.901087
 206.800000 0.058612 12.756252 24.901087
 207.000000 0.053656 10.209538 24.901087
 207.200000 0.063790 15.998181 24.901087
 207.400000 0.101012 22.677262 24.901087
 207.600000 0.103131 22.908412 24.901087
 207.800000 0.075861 19.083828 24.901087
 208.000000 0.079242 19.606074 24.901087
 208.200000 0.097291 22.558083 24.901087
 208.400000 0.107171 23.395094 24.901087
 208.600000 0.100369 22.871468 24.901087
 208.800000 0.085358 21.138964 24.901087
 209.000000 0.070029 18.513670 24.901087
 209.200000 0.060788 15.767191 24.901087
 209.400000 0.049340 9.423119 24.901087
 209.600000 0.048364 8.871790 24.901087
 209.800000 0.049899 9.742322 24.901087
 210.000000 0.039671 4.558715 24.896332
 210.200000 0.052414 12.188793 24.896332
 210.400000 0.057529 14.788333 24.896332
 210.600000 0.053881 12.951833 24.896332
 210.800000 0.065495 18.135009 24.896332
 211.000000 0.069926 19.437312 24.896332
 211.200000 0.060736 16.882807 24.896332
 211.400000 0.060843 16.932047 24.896332
 211.600000 0.058392 15.750009 24.896332
 211.800000 0.069406 20.041755 24.896332
 212.000000 0.090852 22.381803 24.896332
 212.200000 0.092124 23.111450 24.896332
 212.400000 0.090557 23.007817 24.896332
 212.600000 0.089219 22.917098 24.896332
 212.800000 0.076015 21.678144 24.896332
 213.000000 0.072452 21.028264 24.896332
 213.200000 0.088264 23.243994 24.896332
 213.400000 0.094378 23.490776 24.896332
 213.600000 0.078007 22.593261 24.896332
 213.800000 0.070112 21.144227 24.896332
 214.000000 0.067119 20.213003 24.896332
 214.200000 0.067193 20.949887 24.896332
 214.400000 0.085728 23.460978 24.896332
 214.600000 0.078988 23.213053 24.896332
 214.800000 0.088592 23.512111 24.896332
 215.000000 0.099256 23.744447 24.977178
 215.200000 0.083859 23.778135 24.977178
 215.400000 0.097405 24.302884 24.977178
 215.600000 0.112078 24.335339 24.977178
 215.800000 0.109851 24.378487 24.977178
 216.000000 0.111214 24.353247 24.977178
 216.200000 0.120641 24.628471 24.977178
 216.400000 0.122761 24.546438 24.977178
 216.600000 0.140743 24.252281 24.977178
 216.800000 0.140190 24.245140 24.977178
 217.000000 0.151425 24.477161 24.977178
 217.200000 0.161959 24.984956 24.977178
 217.400000 0.165940 24.873933 24.977178
 217.600000 0.144133 24.835104 24.977178
 217.800000 0.130876 24.516321 24.977178
 218.000000 0.133294 24.527453 24.977178
 218.200000 0.130949 25.095919 24.977178
 218.400000 0.125095 25.090227 24.977178
 218.600000 0.136159 25.150758 24.977178
 218.800000 0.152122 25.343980 24.977178
 219.000000 0.135124 25.136265 24.977178
 219.200000 0.116591 25.403008 24.977178
 219.400000 0.111995 25.331858 24.977178
 219.600000 0.131517 25.653779 24.977178
 219.800000 0.151604 25.658586 24.977178
 220.000000 0.143874 25.764086 25.260605
 220.200000 0.135897 26.199429 25.260605
 220.400000 0.129091 25.957887 25.260605
 220.600000 0.135029 26.172739 25.260605
 220.800000 0.136529 26.217340 25.260605
 221.000000 0.151854 26.133634 25.260605
 221.200000 0.171640 25.152871 25.260605
 221.400000 0.161537 25.935873 25.260605
 221.600000 0.154210 26.550702 25.260605
 221.800000 0.131590 26.270440 25.260605
 222.000000 0.099914 24.902630 25.260605
 222.200000 0.071169 22.315118 25.260605
 222.400000 0.066823 20.932767 25.260605
 222.600000 0.059145 17.300909 25.260605
 222.800000 0.062838 19.221638 25.260605
 223.000000 0.064830 20.128354 25.260605
 223.200000 0.059754 18.310409 25.260605
 223.400000 0.069789 22.605515 25.260605
 223.600000 0.075857 23.840344 25.260605
 223.800000 0.071854 23.128096 25.260605
 224.000000 0.050083 12.330377 25.260605
 224.200000 0.049634 13.057113 25.260605
 224.400000 0.050377 13.527177 25.260605
 224.600000 0.065188 21.602120 25.260605
 224.800000 0.071878 23.483763 25.260605
 225.000000 0.071408 23.391620 25.429421
 225.200000 0.074501 24.509874 25.429421
 225.400000 0.096335 25.479060 25.429421
 225.600000 0.070030 23.703647 25.429421
 225.800000 0.080477 24.952891 25.429421
 226.000000 0.086699 25.120246 25.429421
 226.200000 0.103920 26.044559 25.429421
 226.400000 0.095339 25.918964 25.429421
 226.600000 0.110658 25.993816 25.429421
 226.800000 0.105330 26.043266 25.429421
 227.000000 0.102585 26.041034 25.429421
 227.200000 0.108865 26.518931 25.429421
 227.400000 0.095423 26.410519 25.429421
 227.600000 0.103119 26.591385 25.429421
 227.800000 0.088847 26.107597 25.429421
 228.000000 0.103052 26.591259 25.429421
 228.200000 0.090494 26.563015 25.429421
 228.400000 0.101436 27.112062 25.429421
 228.600000 0.102525 27.124310 25.429421
 228.800000 0.094798 26.844064 25.429421
 229.000000 0.084436 26.139650 25.429421
 229.200000 0.082872 26.568895 25.429421
 229.400000 0.094150 27.247060 25.429421
 229.600000 0.070867 24.695379 25.429421
 229.800000 0.054506 16.575869 25.429421
 230.000000 0.058095 18.864449 25.727057
 230.200000 0.079400 26.525213 25.727057
 230.400000 0.082267 26.725363 25.727057
 230.600000 0.073883 25.851501 25.727057
 230.800000 0.065331 23.391207 25.727057
 231.000000 0.076844 26.274571 25.727057
 231.200000 0.074445 26.481085 25.727057
 231.400000 0.057812 19.687287 25.727057
 231.600000 0.059980 21.024242 25.727057
 231.800000 0.072743 26.162498 25.727057
 232.000000 0.083085 27.270743 25.727057
 232.200000 0.101250 27.803144 25.727057
 232.400000 0.093190 27.964503 25.727057
 232.600000 0.088650 27.936785 25.727057
 232.800000 0.095233 27.954315 25.727057
 233.000000 0.080296 27.634029 25.727057
 233.200000 0.084684 28.338714 25.727057
 233.400000 0.077559 27.883799 25.727057
 233.600000 0.065723 24.547825 25.727057
 233.800000 0.057698 19.901652 25.727057
 234.000000 0.055674 18.512336 25.727057
 234.200000 0.035249 5.787294 25.727057
 234.400000 0.039360 7.967229 25.727057
 234.600000 0.061482 23.011803 25.727057
 234.800000 0.051069 15.948547 25.727057
 235.000000 0.036090 6.199157 26.019060
 235.200000 0.051238 16.869658 26.019060
 235.400000 0.048355 14.908992 26.019060
 235.600000 0.038830 8.968938 26.019060
 235.800000 0.039204 9.176705 26.019060
 236.000000 0.047102 14.067374 26.019060
 236.200000 0.057502 21.743532 26.019060
 236.400000 0.068058 26.577890 26.019060
 236.600000 0.048261 15.777750 26.019060
 236.800000 0.045764 14.113022 26.019060
 237.000000 0.050995 17.607946 26.019060
 237.200000 0.060587 24.111519 26.019060
 237.400000 0.051651 18.842127 26.019060
 237.600000 0.048007 16.390369 26.019060
 237.800000 0.037429 9.503246 26.019060
 238.000000 0.044928 14.299652 26.019060
 238.200000 0.048249 17.457951 26.019060
 238.400000 0.065950 26.694507 26.019060
 238.600000 0.044464 14.912438 26.019060
 238.800000 0.064009 26.047296 26.019060
 239.000000 0.091955 28.412803 26.019060
 239.200000 0.081264 28.998597 26.019060
 239.400000 0.098690 28.594403 26.019060
 239.600000 0.110981 27.450772 26.019060
 239.800000 0.102390 28.315249 26.019060
 240.000000 0.099999 28.504840 26.359321
 240.200000 0.103060 28.737674 26.359321
 240.400000 0.138783 26.741710 26.359321
 240.600000 0.156420 26.391283 26.359321
 240.800000 0.146287 26.831208 26.359321
 241.000000 0.133045 26.603184 26.359321
 241.200000 0.113562 27.741967 26.359321
 241.400000 0.115940 27.523463 26.359321
 241.600000 0.113651 27.733205 26.359321
 241.800000 0.135012 27.177404 26.359321
 242.000000 0.126959 27.073953 26.359321
 242.200000 0.123244 27.629126 26.359321
 242.400000 0.102837 28.971540 26.359321
 242.600000 0.097442 29.260633 26.359321
 242.800000 0.111660 28.246564 26.359321
 243.000000 0.098950 29.198055 26.359321
 243.200000 0.128326 27.667547 26.359321
 243.400000 0.130199 27.658040 26.359321
 243.600000 0.123655 27.744470 26.359321
 243.800000 0.112619 28.482051 26.359321
 244.000000 0.121825 27.808002 26.359321
 244.200000 0.123358 28.257722 26.359321
 244.400000 0.131378 28.069179 26.359321
 244.600000 0.136379 27.969818 26.359321
 244.800000 0.129471 28.105893 26.359321
 245.000000 0.160069 26.241757 26.846323
 245.200000 0.182049 25.248723 26.846323
 245.400000 0.176693 25.322053 26.846323
 245.600000 0.173401 25.466368 26.846323
 245.800000 0.159218 26.883165 26.846323
 246.000000 0.155792 27.250333 26.846323
 246.200000 0.132475 28.302906 26.846323
 246.400000 0.132980 28.308529 26.846323
 246.600000 0.129092 28.282778 26.846323
 246.800000 0.144802 28.365996 26.846323
 247.000000 0.127124 28.285595 26.846323
 247.200000 0.138830 28.740015 26.846323
 247.400000 0.149149 28.411336 26.846323
 247.600000 0.141911 28.692255 26.846323
 247.800000 0.128722 28.776001 26.846323
 248.000000 0.102129 29.822330 26.846323
 248.200000 0.094675 30.351144 26.846323
 248.400000 0.115056 29.403767 26.846323
 248.600000 0.114510 29.443029 26.846323
 248.800000 0.116182 29.326165 26.846323
 249.000000 0.127555 28.889683 26.846323
 249.200000 0.109821 30.043645 26.846323
 249.400000 0.110595 29.997861 26.846323
 249.600000 0.142624 28.978588 26.846323
 249.800000 0.131591 29.302125 26.846323
 250.000000 0.116647 29.666512 27.474214
 250.200000 0.104691 30.649990 27.474214
 250.400000 0.096799 30.630937 27.474214
 250.600000 0.101121 30.696088 27.474214
 250.800000 0.136914 29.371760 27.474214
 251.000000 0.155992 27.920670 27.474214
 251.200000 0.157369 28.248310 27.474214
 251.400000 0.155950 28.430407 27.474214
 251.600000 0.145681 29.288990 27.474214
 251.800000 0.121809 29.961939 27.474214
 252.000000 0.095782 30.597093 27.474214
 252.200000 0.087762 30.553306 27.474214
 252.400000 0.077101 29.481880 27.474214
 252.600000 0.066783 27.245216 27.474214
 252.800000 0.082222 30.063516 27.474214
 253.000000 0.096278 31.062004 27.474214
 253.200000 0.080835 30.181365 27.474214
 253.400000 0.092589 31.317139 27.474214
 253.600000 0.120958 30.209715 27.474214
 253.800000 0.112874 30.794978 27.474214
 254.000000 0.101233 31.530466 27.474214
 254.200000 0.097421 31.946761 27.474214
 254.400000 0.096733 31.924937 27.474214
 254.600000 0.104858 31.808827 27.474214
 254.800000 0.134464 29.723027 27.474214
 255.000000 0.142784 29.428449 28.184372
 255.200000 0.153215 29.108650 28.184372
 255.400000 0.143833 29.854216 28.184372
 255.600000 0.139533 30.011841 28.184372
 255.800000 0.130305 30.211706 28.184372
 256.000000 0.118030 30.742366 28.184372
 256.200000 0.101539 32.205787 28.184372
 256.400000 0.105934 32.082211 28.184372
 256.600000 0.117196 31.248882 28.184372
 256.800000 0.116774 31.281090 28.184372
 257.000000 0.104655 32.137291 28.184372
 257.200000 0.121478 31.180542 28.184372
 257.400000 0.145413 29.866742 28.184372
 257.600000 0.140895 30.130948 28.184372
 257.800000 0.116647 31.594415 28.184372
 258.000000 0.126887 30.814794 28.184372
 258.200000 0.110538 32.414035 28.184372
 258.400000 0.113793 32.170541 28.184372
 258.600000 0.116244 31.977052 28.184372
 258.800000 0.143475 30.229541 28.184372
 259.000000 0.155097 28.965180 28.184372
 259.200000 0.133689 31.036747 28.184372
 259.400000 0.133901 31.028136 28.184372
 259.600000 0.125893 31.388710 28.184372
 259.800000 0.136711 30.912675 28.184372
 260.000000 0.124191 31.477221 28.974849
 260.200000 0.119070 32.196033 28.974849
 260.400000 0.107780 32.822580 28.974849
 260.600000 0.094419 32.372886 28.974849
 260.800000 0.120189 32.130892 28.974849
 261.000000 0.130988 31.538540 28.974849
 261.200000 0.127126 32.165965 28.974849
 261.400000 0.120198 32.461754 28.974849
 261.600000 0.110617 32.869440 28.974849
 261.800000 0.120347 32.455584 28.974849
 262.000000 0.133753 31.807633 28.974849
 262.200000 0.141445 31.627529 28.974849
 262.400000 0.149229 30.715505 28.974849
 262.600000 0.157767 29.258004 28.974849
 262.800000 0.157932 29.225031 28.974849
 263.000000 0.159529 28.900721 28.974849
 263.200000 0.155141 30.223316 28.974849
 263.400000 0.119312 32.777797 28.974849
 263.600000 0.118849 32.788424 28.974849
 263.800000 0.129409 32.523535 28.974849
 264.000000 0.132032 32.419528 28.974849
 264.200000 0.164627 28.328899 28.974849
 264.400000 0.179344 25.926457 28.974849
 264.600000 0.174873 26.411162 28.974849
 264.800000 0.175118 26.378563 28.974849
 265.000000 0.162214 28.868612 29.617230
 265.200000 0.158997 30.046537 29.617230
 265.400000 0.168414 27.963082 29.617230
 265.600000 0.157492 30.348587 29.617230
 265.800000 0.139632 32.512271 29.617230
 266.000000 0.152165 31.255211 29.617230
 266.200000 0.166500 28.658938 29.617230
 266.400000 0.180283 26.161127 29.617230
 266.600000 0.172240 27.371941 29.617230
 266.800000 0.163374 29.419468 29.617230
 267.000000 0.163334 29.429361 29.617230
 267.200000 0.160712 30.517375 29.617230
 267.400000 0.172974 27.612116 29.617230
 267.600000 0.179385 26.522637 29.617230
 267.800000 0.177520 26.788510 29.617230
 268.000000 0.165168 29.450231 29.617230
 268.200000 0.148504 32.692771 29.617230
 268.400000 0.134042 33.151225 29.617230
 268.600000 0.114045 33.133356 29.617230
 268.800000 0.121528 33.132012 29.617230
 269.000000 0.126718 33.166817 29.617230
 269.200000 0.128398 33.569338 29.617230
 269.400000 0.118838 33.467214 29.617230
 269.600000 0.109283 33.365625 29.617230
 269.800000 0.141861 33.244851 29.617230
 270.000000 0.119007 33.469661 30.283959
 270.200000 0.121797 33.899461 30.283959
 270.400000 0.119027 33.863985 30.283959
 270.600000 0.125617 33.916101 30.283959
 270.800000 0.149945 32.748822 30.283959
 271.000000 0.148258 32.909820 30.283959
 271.200000 0.154073 32.615830 30.283959
 271.400000 0.164598 30.303982 30.283959
 271.600000 0.175596 27.554149 30.283959
 271.800000 0.159021 31.680323 30.283959
 272.000000 0.163246 30.658953 30.283959
 272.200000 0.148246 33.585410 30.283959
 272.400000 0.134227 34.065567 30.283959
 272.600000 0.124277 34.041844 30.283959
 272.800000 0.125778 34.065522 30.283959
 273.000000 0.129564 34.093018 30.283959
 273.200000 0.117879 34.184499 30.283959
 273.400000 0.104831 33.618402 30.283959
 273.600000 0.142129 34.158315 30.283959
 273.800000 0.154953 32.947070 30.283959
 274.000000 0.147970 33.784769 30.283959
 274.200000 0.135346 34.678955 30.283959
 274.400000 0.119538 34.310989 30.283959
 274.600000 0.114857 34.103947 30.283959
 274.800000 0.122450 34.440215 30.283959
 275.000000 0.117774 34.231042 31.090836
 275.200000 0.118514 34.644962 31.090836
 275.400000 0.115135 34.490789 31.090836
 275.600000 0.093734 32.599712 31.090836
 275.800000 0.097242 33.095388 31.090836
 276.000000 0.106994 34.044976 31.090836
 276.200000 0.098907 33.635784 31.090836
 276.400000 0.102484 34.051374 31.090836
 276.600000 0.103190 34.120349 31.090836
 276.800000 0.097846 33.491887 31.090836
 277.000000 0.102186 34.021064 31.090836
 277.200000 0.103614 34.542590 31.090836
 277.400000 0.084691 31.479765 31.090836
 277.600000 0.082061 30.986690 31.090836
 277.800000 0.067825 27.736220 31.090836
 278.000000 0.059048 24.048093 31.090836
 278.200000 0.069789 28.796066 31.090836
 278.400000 0.062969 26.490752 31.090836
 278.600000 0.035919 9.585282 31.090836
 278.800000 0.055311 22.552357 31.090836
 279.000000 0.056719 23.377332 31.090836
 279.200000 0.040948 13.211823 31.090836
 279.400000 0.044718 15.914546 31.090836
 279.600000 0.031667 7.290069 31.090836
 279.800000 0.041839 13.843025 31.090836
 280.000000 0.042436 14.269179 31.435748
 280.200000 0.036908 11.324164 31.435748
 280.400000 0.069706 29.374698 31.435748
 280.600000 0.083876 31.615242 31.435748
 280.800000 0.083448 31.550146 31.435748
 281.000000 0.092380 33.029653 31.435748
 281.200000 0.074620 30.473213 31.435748
 281.400000 0.077496 30.944460 31.435748
 281.600000 0.097048 34.161936 31.435748
 281.800000 0.077506 30.946037 31.435748
 282.000000 0.067192 28.862468 31.435748
 282.200000 0.080372 31.722692 31.435748
 282.400000 0.102653 34.811033 31.435748
 282.600000 0.116959 35.224481 31.435748
 282.800000 0.101910 34.751587 31.435748
 283.000000 0.092508 33.568877 31.435748
 283.200000 0.081299 32.147241 31.435748
 283.400000 0.091139 33.743463 31.435748
 283.600000 0.095611 34.416642 31.435748
 283.800000 0.111792 35.353586 31.435748
 284.000000 0.103804 35.188025 31.435748
 284.200000 0.088636 33.549839 31.435748
 284.400000 0.062718 27.905842 31.435748
 284.600000 0.054249 23.555970 31.435748
 284.800000 0.080454 32.126109 31.435748
 285.000000 0.083145 32.575036 31.997784
 285.200000 0.083587 33.060416 31.997784
 285.400000 0.059135 26.402068 31.997784
 285.600000 0.057818 25.707198 31.997784
 285.800000 0.044037 16.505659 31.997784
 286.000000 0.046490 18.301616 31.997784
 286.200000 0.041820 15.618015 31.997784
 286.400000 0.033360 9.590379 31.997784
 286.600000 0.053257 23.690302 31.997784
 286.800000 0.041936 15.703945 31.997784
 287.000000 0.043028 16.518237 31.997784
 287.200000 0.048044 20.987275 31.997784
 287.400000 0.066575 30.053514 31.997784
 287.600000 0.064034 29.299350 31.997784
 287.800000 0.055822 25.795702 31.997784
 288.000000 0.054759 25.217503 31.997784
 288.200000 0.041006 16.216590 31.997784
 288.400000 0.039431 14.999010 31.997784
 288.600000 0.043262 17.955230 31.997784
 288.800000 0.031950 9.501926 31.997784
 289.000000 0.032437 9.833924 31.997784
 289.200000 0.046670 21.231923 31.997784
 289.400000 0.077179 32.319874 31.997784
 289.600000 0.075972 32.158903 31.997784
 289.800000 0.046338 21.003676 31.997784
 290.000000 0.045288 20.271750 32.022560
 290.200000 0.044532 20.445670 32.022560
 290.400000 0.057885 28.157265 32.022560
 290.600000 0.066476 30.790672 32.022560
 290.800000 0.053081 25.871392 32.022560
 291.000000 0.050838 24.600669 32.022560
 291.200000 0.048607 23.799228 32.022560
 291.400000 0.038946 16.728247 32.022560
 291.600000 0.038174 16.125810 32.022560
 291.800000 0.028924 9.248974 32.022560
 292.000000 0.032073 11.462271 32.022560
 292.200000 0.028134 9.740543 32.022560
 292.400000 0.038236 17.139705 32.022560
 292.600000 0.057067 28.608171 32.022560
 292.800000 0.062342 30.311594 32.022560
 293.000000 0.062496 30.350968 32.022560
 293.200000 0.064447 31.256587 32.022560
 293.400000 0.061685 30.588521 32.022560
 293.600000 0.067511 31.806367 32.022560
 293.800000 0.081458 33.212864 32.022560
 294.000000 0.076623 32.758408 32.022560
 294.200000 0.064242 31.502138 32.022560
 294.400000 0.075356 33.055298 32.022560
 294.600000 0.074892 33.014229 32.022560
 294.800000 0.076188 33.127701 32.022560
 295.000000 0.096669 35.369898 32.322979
 295.200000 0.094647 35.518908 32.322979
 295.400000 0.088944 34.779212 32.322979
 295.600000 0.084776 34.215129 32.322979
 295.800000 0.074272 33.076623 32.322979
 296.000000 0.076850 33.335534 32.322979
 296.200000 0.100071 36.112596 32.322979
 296.400000 0.115814 35.823686 32.322979
 296.600000 0.113250 35.940770 32.322979
 296.800000 0.131841 35.188954 32.322979
 297.000000 0.129837 35.275775 32.322979
 297.200000 0.123865 35.841499 32.322979
 297.400000 0.085874 34.694211 32.322979
 297.600000 0.093864 35.655079 32.322979
 297.800000 0.099742 36.145227 32.322979
 298.000000 0.115048 36.081956 32.322979
 298.200000 0.127983 35.954430 32.322979
 298.400000 0.123477 36.151533 32.322979
 298.600000 0.097903 36.208739 32.322979
 298.800000 0.090913 35.411812 32.322979
 299.000000 0.084450 34.568233 32.322979
 299.200000 0.087937 35.381560 32.322979
 299.400000 0.100749 36.625277 32.322979
 299.600000 0.121485 36.241263 32.322979
 299.800000 0.144018 34.837630 32.322979
 300.000000 0.151245 34.029240 32.986328
 300.200000 0.169190 29.841547 32.986328
 300.400000 0.175129 28.165420 32.986328
 300.600000 0.173813 28.504724 32.986328
 300.800000 0.179563 27.195665 32.986328
 301.000000 0.174353 28.362875 32.986328
 301.200000 0.157614 33.474500 32.986328
 301.400000 0.154764 34.033282 32.986328
 301.600000 0.138914 35.556414 32.986328
 301.800000 0.126727 36.124495 32.986328
 302.000000 0.122735 36.256134 32.986328
 302.200000 0.125812 36.497270 32.986328
 302.400000 0.125110 36.523739 32.986328
 302.600000 0.118704 36.714936 32.986328
 302.800000 0.109104 36.909413 32.986328
 303.000000 0.104156 36.877043 32.986328
 303.200000 0.117718 36.964176 32.986328
 303.400000 0.121917 36.796460 32.986328
 303.600000 0.114529 37.082790 32.986328
 303.800000 0.123717 36.716798 32.986328
 304.000000 0.131180 36.305578 32.986328
 304.200000 0.100443 37.097168 32.986328
 304.400000 0.104540 37.295433 32.986328
 304.600000 0.119496 37.151274 32.986328
 304.800000 0.103592 37.263987 32.986328
 305.000000 0.092342 36.226770 33.686910
 305.200000 0.093633 36.746010 33.686910
 305.400000 0.094093 36.804051 33.686910
 305.600000 0.088678 36.043581 33.686910
 305.800000 0.083925 35.326779 33.686910
 306.000000 0.090268 36.280571 33.686910
 306.200000 0.087846 36.260826 33.686910
 306.400000 0.083555 35.587127 33.686910
 306.600000 0.061583 31.284369 33.686910
 306.800000 0.066739 32.760373 33.686910
 307.000000 0.092336 36.918835 33.686910
 307.200000 0.094561 37.529255 33.686910
 307.400000 0.085240 36.152629 33.686910
 307.600000 0.085093 36.128159 33.686910
 307.800000 0.065696 32.572870 33.686910
 308.000000 0.048877 25.013982 33.686910
 308.200000 0.043255 21.643147 33.686910
 308.400000 0.055733 29.417634 33.686910
 308.600000 0.051359 27.112341 33.686910
 308.800000 0.058174 30.484733 33.686910
 309.000000 0.064471 32.569788 33.686910
 309.200000 0.052905 28.289132 33.686910
 309.400000 0.042114 20.911161 33.686910
 309.600000 0.046007 23.841789 33.686910
 309.800000 0.059552 31.409205 33.686910
 310.000000 0.037578 17.296542 34.056406
 310.200000 0.035882 16.735682 34.056406
 310.400000 0.030788 12.675588 34.056406
 310.600000 0.033346 14.691306 34.056406
 310.800000 0.042293 21.821636 34.056406
 311.000000 0.040338 20.307438 34.056406
 311.200000 0.050927 28.226416 34.056406
 311.400000 0.063457 33.099205 34.056406
 311.600000 0.078482 35.432047 34.056406
 311.800000 0.092897 37.404279 34.056406
 312.000000 0.095177 37.649097 34.056406
 312.200000 0.071398 34.627655 34.056406
 312.400000 0.080107 35.837529 34.056406
 312.600000 0.074966 35.126721 34.056406
 312.800000 0.076799 35.375950 34.056406
 313.000000 0.057194 31.171540 34.056406
 313.200000 0.040615 21.469717 34.056406
 313.400000 0.045624 25.255796 34.056406
 313.600000 0.052583 29.526761 34.056406
 313.800000 0.054829 30.615983 34.056406
 314.000000 0.042087 22.630139 34.056406
 314.200000 0.049701 28.478471 34.056406
 314.400000 0.057618 32.142687 34.056406
 314.600000 0.078381 35.787287 34.056406
 314.800000 0.073379 35.224313 34.056406
 315.000000 0.080502 36.047252 34.402059
 315.200000 0.080281 36.370548 34.402059
 315.400000 0.075487 35.789218 34.402059
 315.600000 0.057906 32.354717 34.402059
 315.800000 0.072782 35.465438 34.402059
 316.000000 0.062630 33.753661 34.402059
 316.200000 0.067256 35.060713 34.402059
 316.400000 0.073967 35.900944 34.402059
 316.600000 0.079464 36.475065 34.402059
 316.800000 0.075611 36.071261 34.402059
 317.000000 0.085809 37.226242 34.402059
 317.200000 0.077630 36.567115 34.402059
 317.400000 0.045205 25.810616 34.402059
 317.600000 0.043563 24.587939 34.402059
 317.800000 0.037312 19.472625 34.402059
 318.000000 0.058648 33.049438 34.402059
 318.200000 0.051622 30.273076 34.402059
 318.400000 0.039438 21.451780 34.402059
 318.600000 0.038347 20.515733 34.402059
 318.800000 0.064228 34.997178 34.402059
 319.000000 0.080062 36.994721 34.402059
 319.200000 0.065032 35.365321 34.402059
 319.400000 0.070362 36.260304 34.402059
 319.600000 0.080166 37.342355 34.402059
 319.800000 0.084693 37.828019 34.402059
 320.000000 0.081102 37.440959 34.943361
 320.200000 0.081116 37.772539 34.943361
 320.400000 0.059598 34.020195 34.943361
 320.600000 0.060688 34.382344 34.943361
 320.800000 0.050902 29.955172 34.943361
 321.000000 0.059660 34.041541 34.943361
 321.200000 0.061139 34.906098 34.943361
 321.400000 0.041527 23.405152 34.943361
 321.600000 0.047785 28.246983 34.943361
 321.800000 0.044385 25.727130 34.943361
 322.000000 0.058735 34.095027 34.943361
 322.200000 0.064245 36.093598 34.943361
 322.400000 0.045709 27.005253 34.943361
 322.600000 0.054341 32.551636 34.943361
 322.800000 0.056070 33.382512 34.943361
 323.000000 0.050391 30.293564 34.943361
 323.200000 0.059584 35.158178 34.943361
 323.400000 0.085899 38.456296 34.943361
 323.600000 0.097212 39.027635 34.943361
 323.800000 0.078136 37.881775 34.943361
 324.000000 0.063171 36.156777 34.943361
 324.200000 0.066747 37.174104 34.943361
 324.400000 0.060432 35.770953 34.943361
 324.600000 0.062223 36.276144 34.943361
 324.800000 0.070824 37.635635 34.943361
 325.000000 0.086508 38.607986 35.360765
 325.200000 0.070461 37.780503 35.360765
 325.400000 0.060938 35.996094 35.360765
 325.600000 0.082798 38.667266 35.360765
 325.800000 0.075235 38.171482 35.360765
 326.000000 0.067408 37.406220 35.360765
 326.200000 0.079624 38.694830 35.360765
 326.400000 0.057293 34.954279 35.360765
 326.600000 0.059445 35.799183 35.360765
 326.800000 0.067218 37.708621 35.360765
 327.000000 0.077817 38.601416 35.360765
 327.200000 0.076432 38.839859 35.360765
 327.400000 0.074064 38.691994 35.360765
 327.600000 0.071640 38.499001 35.360765
 327.800000 0.076623 38.850574 35.360765
 328.000000 0.072173 38.546318 35.360765
 328.200000 0.096411 39.584629 35.360765
 328.400000 0.087341 39.557559 35.360765
 328.600000 0.060301 36.481035 35.360765
 328.800000 0.071353 38.786019 35.360765
 329.000000 0.073073 38.933309 35.360765
 329.200000 0.096186 39.685646 35.360765
 329.400000 0.097895 39.602616 35.360765
 329.600000 0.080501 39.591285 35.360765
 329.800000 0.088115 39.765769 35.360765
 330.000000 0.093225 39.768556 36.093519
 330.200000 0.084316 39.939980 36.093519
 330.400000 0.064179 37.935120 36.093519
 330.600000 0.080593 39.802597 36.093519
 330.800000 0.095512 40.005154 36.093519
 331.000000 0.081008 39.819349 36.093519
 331.200000 0.088425 40.315351 36.093519
 331.400000 0.084858 40.245021 36.093519
 331.600000 0.083326 40.199563 36.093519
 331.800000 0.093363 40.275241 36.093519
 332.000000 0.109351 38.720744 36.093519
 332.200000 0.104866 39.610759 36.093519
 332.400000 0.117296 38.062009 36.093519
 332.600000 0.118695 37.919161 36.093519
 332.800000 0.113012 38.558116 36.093519
 333.000000 0.103870 39.728886 36.093519
 333.200000 0.120972 37.859213 36.093519
 333.400000 0.113316 38.764974 36.093519
 333.600000 0.101102 40.316335 36.093519
 333.800000 0.107916 39.510022 36.093519
 334.000000 0.143999 35.652180 36.093519
 334.200000 0.151755 35.006114 36.093519
 334.400000 0.150036 35.274345 36.093519
 334.600000 0.144237 35.985072 36.093519
 334.800000 0.147619 35.601369 36.093519
 335.000000 0.165029 31.708871 36.630752
 335.200000 0.171764 30.019109 36.630752
 335.400000 0.175371 28.978406 36.630752
 335.600000 0.185229 26.917231 36.630752
 335.800000 0.197094 25.972708 36.630752
 336.000000 0.191952 26.194877 36.630752
 336.200000 0.190023 26.890658 36.630752
 336.400000 0.172239 30.104746 36.630752
 336.600000 0.164293 32.460542 36.630752
 336.800000 0.161562 33.236812 36.630752
 337.000000 0.162660 32.931997 36.630752
 337.200000 0.150629 35.757589 36.630752
 337.400000 0.147358 36.091305 36.630752
 337.600000 0.140751 36.578436 36.630752
 337.800000 0.139322 36.671048 36.630752
 338.000000 0.128301 37.412493 36.630752
 338.200000 0.158517 34.446344 36.630752
 338.400000 0.173641 30.031590 36.630752
 338.600000 0.186304 27.390288 36.630752
 338.800000 0.187639 27.222028 36.630752
 339.000000 0.183156 27.864328 36.630752
 339.200000 0.185502 27.999962 36.630752
 339.400000 0.176614 29.696773 36.630752
 339.600000 0.182897 28.414157 36.630752
 339.800000 0.200058 26.735048 36.630752
 340.000000 0.198548 26.778626 36.720291
 340.200000 0.201892 27.235686 36.720291
 340.400000 0.194455 27.522056 36.720291
 340.600000 0.172274 30.929412 36.720291
 340.800000 0.205237 27.263887 36.720291
 341.000000 0.199406 27.280728 36.720291
 341.200000 0.176610 30.041933 36.720291
 341.400000 0.155563 35.186121 36.720291
 341.600000 0.147331 36.270228 36.720291
 341.800000 0.130174 37.607650 36.720291
 342.000000 0.141962 36.726858 36.720291
 342.200000 0.165932 32.828026 36.720291
 342.400000 0.186805 28.574157 36.720291
 342.600000 0.194213 28.027170 36.720291
 342.800000 0.186095 28.643985 36.720291
 343.000000 0.157731 34.964499 36.720291
 343.200000 0.142213 37.263471 36.720291
 343.400000 0.163984 33.716019 36.720291
 343.600000 0.176170 30.329873 36.720291
 343.800000 0.193084 28.116198 36.720291
 344.000000 0.168831 32.284506 36.720291
 344.200000 0.177234 30.451580 36.720291
 344.400000 0.160846 34.942270 36.720291
 344.600000 0.178257 30.226831 36.720291
 344.800000 0.185230 29.030581 36.720291
 345.000000 0.181046 29.679935 36.812930
 345.200000 0.173294 31.837431 36.812930
 345.400000 0.176706 31.019714 36.812930
 345.600000 0.196133 28.300197 36.812930
 345.800000 0.195427 28.357004 36.812930
 346.000000 0.197028 28.232521 36.812930
 346.200000 0.195160 28.872943 36.812930
 346.400000 0.187236 29.611799 36.812930
 346.600000 0.173369 31.960993 36.812930
 346.800000 0.177673 31.024315 36.812930
 347.000000 0.190877 29.244751 36.812930
 347.200000 0.176060 31.644281 36.812930
 347.400000 0.159573 35.488280 36.812930
 347.600000 0.166698 33.816689 36.812930
 347.800000 0.178828 31.150377 36.812930
 348.000000 0.190226 29.781407 36.812930
 348.200000 0.185243 30.725215 36.812930
 348.400000 0.160878 35.280332 36.812930
 348.600000 0.159237 35.610388 36.812930
 348.800000 0.164271 34.524820 36.812930
 349.000000 0.150039 36.873648 36.812930
 349.200000 0.167724 33.876828 36.812930
 349.400000 0.171331 33.001223 36.812930
 349.600000 0.179365 31.470398 36.812930
 349.800000 0.168236 33.748757 36.812930
 350.000000 0.155423 36.575164 36.895417
 350.200000 0.144363 37.832179 36.895417
 350.400000 0.157563 36.554411 36.895417
 350.600000 0.153601 37.174193 36.895417
 350.800000 0.158377 36.398213 36.895417
 351.000000 0.162131 35.566110 36.895417
 351.200000 0.177888 32.017775 36.895417
 351.400000 0.204490 28.957993 36.895417
 351.600000 0.202737 29.086428 36.895417
 351.800000 0.186108 30.798243 36.895417
 352.000000 0.186237 30.783037 36.895417
 352.200000 0.168285 34.520424 36.895417
 352.400000 0.165346 35.267441 36.895417
 352.600000 0.165369 35.261751 36.895417
 352.800000 0.187445 31.086338 36.895417
 353.000000 0.178147 32.353079 36.895417
 353.200000 0.188649 31.271828 36.895417
 353.400000 0.184949 31.754509 36.895417
 353.600000 0.170376 34.358056 36.895417
 353.800000 0.172728 33.825799 36.895417
 354.000000 0.172203 33.941455 36.895417
 354.200000 0.173133 34.123035 36.895417
 354.400000 0.201553 29.625456 36.895417
 354.600000 0.212340 28.832342 36.895417
 354.800000 0.205167 29.229103 36.895417
 355.000000 0.207385 29.046100 36.967850
 355.200000 0.222925 29.195341 36.967850
 355.400000 0.251186 26.473361 36.967850
 355.600000 0.264497 26.570258 36.967850
 355.800000 0.251703 26.442515 36.967850
 356.000000 0.269354 26.835990 36.967850
 356.200000 0.281295 27.285409 36.967850
 356.400000 0.293080 25.829546 36.967850
 356.600000 0.292572 25.909183 36.967850
 356.800000 0.299596 24.798024 36.967850
 357.000000 0.298741 24.930114 36.967850
 357.200000 0.314970 23.501535 36.967850
 357.400000 0.321713 22.993073 36.967850
 357.600000 0.304636 24.627141 36.967850
 357.800000 0.310529 23.910644 36.967850
 358.000000 0.314812 23.514268 36.967850
 358.200000 0.306530 24.902176 36.967850
 358.400000 0.317798 23.887529 36.967850
 358.600000 0.312205 24.347742 36.967850
 358.800000 0.320647 23.644776 36.967850
 359.000000 0.309280 24.619467 36.967850
 359.200000 0.299923 26.178375 36.967850
 359.400000 0.287831 27.372958 36.967850
 359.600000 0.303542 25.786468 36.967850
 359.800000 0.333399 21.959343 36.967850
 360.000000 0.340270 20.169735 36.946564
 360.200000 0.356881 16.103395 36.946564
 360.400000 0.366449 13.932792 36.946564
 360.600000 0.354136 16.819988 36.946564
 360.800000 0.347621 18.697174 36.946564
 361.000000 0.352412 17.295299 36.946564
 361.200000 0.357813 16.629694 36.946564
 361.400000 0.358438 16.464841 36.946564
 361.600000 0.367025 14.315289 36.946564
 361.800000 0.359527 16.180928 36.946564
 362.000000 0.346495 19.785570 36.946564
 362.200000 0.356858 17.454784 36.946564
 362.400000 0.359231 16.762756 36.946564
 362.600000 0.371871 13.324822 36.946564
 362.800000 0.354196 18.243070 36.946564
 363.000000 0.343468 21.337243 36.946564
 363.200000 0.325659 24.646619 36.946564
 363.400000 0.321583 24.812683 36.946564
 363.600000 0.329065 24.434570 36.946564
 363.800000 0.320365 24.854081 36.946564
 364.000000 0.315605 25.025842 36.946564
 364.200000 0.344319 21.877428 36.946564
 364.400000 0.354673 18.630886 36.946564
 364.600000 0.367524 14.651449 36.946564
 364.800000 0.365463 15.251097 36.946564
 365.000000 0.363133 15.947642 36.923931
 365.200000 0.368964 15.039500 36.923931
 365.400000 0.368971 15.037246 36.923931
 365.600000 0.346828 21.616295 36.923931
 365.800000 0.358571 18.190431 36.923931
 366.000000 0.397176 6.393101 36.923931
 366.200000 0.398872 7.179780 36.923931
 366.400000 0.387400 10.503007 36.923931
 366.600000 0.386389 10.766824 36.923931
 366.800000 0.400290 6.730580 36.923931
 367.000000 0.403575 5.682418 36.923931
 367.200000 0.412052 4.327290 36.923931
 367.400000 0.418217 2.618381 36.923931
 367.600000 0.407699 5.707862 36.923931
 367.800000 0.400179 8.089990 36.923931
 368.000000 0.383742 12.009868 36.923931
 368.200000 0.392364 11.039651 36.923931
 368.400000 0.400271 8.620340 36.923931
 368.600000 0.402673 7.787243 36.923931
 368.800000 0.399444 8.898643 36.923931
 369.000000 0.404170 7.255434 36.923931
 369.200000 0.404214 8.506412 36.923931
 369.400000 0.402542 9.092598 36.923931
 369.600000 0.388968 12.652183 36.923931
 369.800000 0.361983 17.643037 36.923931
 370.000000 0.367626 16.343160 36.900122
 370.200000 0.401256 9.592442 36.900122
 370.400000 0.416122 4.175867 36.900122
 370.600000 0.419406 3.154126 36.900122
 370.800000 0.417976 3.581050 36.900122
 371.000000 0.429296 1.059607 36.900122
 371.200000 0.404697 8.803788 36.900122
 371.400000 0.398036 10.820501 36.900122
 371.600000 0.409361 7.305910 36.900122
 371.800000 0.413640 6.000503 36.900122
 372.000000 0.374744 15.729317 36.900122
 372.200000 0.343317 22.861517 36.900122
 372.400000 0.338027 23.825687 36.900122
 372.600000 0.356231 20.164920 36.900122
 372.800000 0.331212 24.720397 36.900122
 373.000000 0.312931 25.718171 36.900122
 373.200000 0.330767 25.038512 36.900122
 373.400000 0.334092 24.600262 36.900122
 373.600000 0.322519 25.777405 36.900122
 373.800000 0.320795 25.884347 36.900122
 374.000000 0.342950 23.008413 36.900122
 374.200000 0.358297 20.127098 36.900122
 374.400000 0.340414 24.136238 36.900122
 374.600000 0.337607 24.625566 36.900122
 374.800000 0.345753 23.032189 36.900122
 375.000000 0.356840 20.457163 36.877844
 375.200000 0.380375 15.693282 36.877844
 375.400000 0.372700 17.484513 36.877844
 375.600000 0.367987 18.584011 36.877844
 375.800000 0.361037 20.197477 36.877844
 376.000000 0.351740 22.307002 36.877844
 376.200000 0.313227 26.379884 36.877844
 376.400000 0.324308 26.128185 36.877844
 376.600000 0.323008 26.160062 36.877844
 376.800000 0.331970 25.817729 36.877844
 377.000000 0.337865 25.320942 36.877844
 377.200000 0.368591 18.855826 36.877844
 377.400000 0.390587 13.233492 36.877844
 377.600000 0.381481 15.530837 36.877844
 377.800000 0.381287 15.579058 36.877844
 378.000000 0.373075 17.666596 36.877844
 378.200000 0.351313 23.704471 36.877844
 378.400000 0.338054 25.917011 36.877844
 378.600000 0.336587 26.059184 36.877844
 378.800000 0.342297 25.378178 36.877844
 379.000000 0.365183 20.471458 36.877844
 379.200000 0.401623 10.114417 36.877844
 379.400000 0.396814 11.773936 36.877844
 379.600000 0.413267 6.163018 36.877844
 379.800000 0.405510 8.742437 36.877844
 380.000000 0.388114 14.574870 36.856098
 380.200000 0.380902 17.589527 36.856098
 380.400000 0.405623 9.164632 36.856098
 380.600000 0.404498 9.602072 36.856098
 380.800000 0.385823 16.183807 36.856098
 381.000000 0.371582 19.991276 36.856098
 381.200000 0.365012 22.147264 36.856098
 381.400000 0.364532 22.241895 36.856098
 381.600000 0.359686 23.132948 36.856098
 381.800000 0.366914 21.758780 36.856098
 382.000000 0.382396 17.727408 36.856098
 382.200000 0.373333 20.939139 36.856098
 382.400000 0.357816 23.659416 36.856098
 382.600000 0.338606 26.077498 36.856098
 382.800000 0.330399 26.481186 36.856098
 383.000000 0.317402 26.504918 36.856098
 383.200000 0.327899 26.938359 36.856098
 383.400000 0.337162 26.411380 36.856098
 383.600000 0.356845 23.816105 36.856098
 383.800000 0.334959 26.590005 36.856098
 384.000000 0.310588 27.054623 36.856098
 384.200000 0.308904 27.587497 36.856098
 384.400000 0.292527 27.753908 36.856098
 384.600000 0.296040 27.687426 36.856098
 384.800000 0.311226 27.575074 36.856098
 385.000000 0.314769 27.546431 36.836752
 385.200000 0.317799 28.011850 36.836752
 385.400000 0.325377 27.715331 36.836752
 385.600000 0.315652 28.049586 36.836752
 385.800000 0.314274 28.063649 36.836752
 386.000000 0.306221 28.031926 36.836752
 386.200000 0.303270 28.481797 36.836752
 386.400000 0.291363 28.236383 36.836752
 386.600000 0.295122 28.301729 36.836752
 386.800000 0.301358 28.440259 36.836752
 387.000000 0.282614 28.126867 36.836752
 387.200000 0.275601 28.361617 36.836752
 387.400000 0.283425 28.638857 36.836752
 387.600000 0.281011 28.592970 36.836752
 387.800000 0.285923 28.659270 36.836752
 388.000000 0.282620 28.626891 36.836752
 388.200000 0.271879 28.468045 36.836752
 388.400000 0.275928 28.823582 36.836752
 388.600000 0.288652 29.113135 36.836752
 388.800000 0.288876 29.110113 36.836752
 389.000000 0.289108 29.106826 36.836752
 389.200000 0.300779 29.254396 36.836752
 389.400000 0.304034 29.144291 36.836752
 389.600000 0.296544 29.396570 36.836752
 389.800000 0.261350 27.356484 36.836752
 390.000000 0.261311 27.352197 36.822298
 390.200000 0.275353 29.428558 36.822298
 390.400000 0.289626 29.663630 36.822298
 390.600000 0.308405 28.990491 36.822298
 390.800000 0.305431 29.102134 36.822298
 391.000000 0.290761 29.630675 36.822298
 391.200000 0.276996 29.846221 36.822298
 391.400000 0.278300 29.941616 36.822298
 391.600000 0.280984 30.087689 36.822298
 391.800000 0.293023 30.019084 36.822298
 392.000000 0.319967 28.452232 36.822298
 392.200000 0.333145 27.569297 36.822298
 392.400000 0.333720 27.492872 36.822298
 392.600000 0.362533 22.967784 36.822298
 392.800000 0.373516 20.897722 36.822298
 393.000000 0.367711 22.083769 36.822298
 393.200000 0.353913 24.736325 36.822298
 393.400000 0.346081 25.812460 36.822298
 393.600000 0.332973 27.635570 36.822298
 393.800000 0.334099 27.493661 36.822298
 394.000000 0.336737 27.145278 36.822298
 394.200000 0.359438 24.179344 36.822298
 394.400000 0.348247 25.894379 36.822298
 394.600000 0.320771 29.181678 36.822298
 394.800000 0.308026 29.687490 36.822298
 395.000000 0.284278 30.202344 36.808680
 395.200000 0.286546 30.671328 36.808680
 395.400000 0.277812 30.331637 36.808680
 395.600000 0.281602 30.577887 36.808680
 395.800000 0.298623 30.244025 36.808680
 396.000000 0.299093 30.220592 36.808680
 396.200000 0.299954 30.632448 36.808680
 396.400000 0.316802 29.651267 36.808680
 396.600000 0.323844 29.115283 36.808680
 396.800000 0.331090 28.399129 36.808680
 397.000000 0.330536 28.461633 36.808680
 397.200000 0.327483 29.264252 36.808680
 397.400000 0.324997 29.474404 36.808680
 397.600000 0.311439 30.214492 36.808680
 397.800000 0.314640 30.074286 36.808680
 398.000000 0.316018 30.011937 36.808680
 398.200000 0.341582 27.447283 36.808680
 398.400000 0.326158 29.746134 36.808680
 398.600000 0.318959 30.316017 36.808680
 398.800000 0.310073 30.697424 36.808680
 399.000000 0.310315 30.689871 36.808680
 399.200000 0.295447 31.323897 36.808680
 399.400000 0.304431 31.257757 36.808680
 399.600000 0.320346 30.584847 36.808680
 399.800000 0.334390 28.816223 36.808680
 400.000000 0.343901 27.043952 36.800107
 400.200000 0.351169 26.125693 36.800107
 400.400000 0.364448 23.631815 36.800107
 400.600000 0.383699 18.500828 36.800107
 400.800000 0.370352 22.385398 36.800107
 401.000000 0.351045 26.150025 36.800107
 401.200000 0.318350 30.909643 36.800107
 401.400000 0.308884 31.219456 36.800107
 401.600000 0.324406 30.535958 36.800107
 401.800000 0.326900 30.335538 36.800107
 402.000000 0.335904 29.339133 36.800107
 402.200000 0.348344 27.559031 36.800107
 402.400000 0.342621 28.712009 36.800107
 402.600000 0.334444 30.003945 36.800107
 402.800000 0.311997 31.280459 36.800107
 403.000000 0.316493 31.198669 36.800107
 403.200000 0.310654 31.700843 36.800107
 403.400000 0.312510 31.693878 36.800107
 403.600000 0.325583 31.181305 36.800107
 403.800000 0.324083 31.290395 36.800107
 404.000000 0.327672 31.004904 36.800107
 404.200000 0.340518 29.517469 36.800107
 404.400000 0.336220 30.325792 36.800107
 404.600000 0.340992 29.419920 36.800107
 404.800000 0.317873 31.951377 36.800107
 405.000000 0.286468 31.255802 36.795408
 405.200000 0.288452 31.772034 36.795408
 405.400000 0.316062 32.031646 36.795408
 405.600000 0.324217 31.726987 36.795408
 405.800000 0.320453 31.920690 36.795408
 406.000000 0.331136 31.075682 36.795408
 406.200000 0.331460 31.473035 36.795408
 406.400000 0.325618 32.037532 36.795408
 406.600000 0.309699 32.201285 36.795408
 406.800000 0.296921 31.950588 36.795408
 407.000000 0.298469 31.970742 36.795408
 407.200000 0.303266 32.451044 36.795408
 407.400000 0.294637 32.327562 36.795408
 407.600000 0.317582 32.483397 36.795408
 407.800000 0.335757 30.841151 36.795408
 408.000000 0.334395 31.074295 36.795408
 408.200000 0.358180 25.717619 36.795408
 408.400000 0.352558 27.155304 36.795408
 408.600000 0.358586 25.617071 36.795408
 408.800000 0.363503 24.421440 36.795408
 409.000000 0.368699 23.131035 36.795408
 409.200000 0.372802 22.634884 36.795408
 409.400000 0.369855 23.454242 36.795408
 409.600000 0.398324 12.753758 36.795408
 409.800000 0.426932 3.113326 36.795408
 410.000000 0.420715 4.333257 36.789735
 410.200000 0.404521 10.793371 36.789735
 410.400000 0.403329 11.248963 36.789735
 410.600000 0.398331 13.222733 36.789735
 410.800000 0.401788 11.848428 36.789735
 411.000000 0.395776 14.251725 36.789735
 411.200000 0.394727 15.600349 36.789735
 411.400000 0.407114 10.530109 36.789735
 411.600000 0.406744 10.677184 36.789735
 411.800000 0.404555 11.561626 36.789735
 412.000000 0.403088 12.165460 36.789735
 412.200000 0.415400 8.271877 36.789735
 412.400000 0.427340 4.729920 36.789735
 412.600000 0.413563 8.946219 36.789735
 412.800000 0.405217 12.299239 36.789735
 413.000000 0.416039 8.044786 36.789735
 413.200000 0.425129 6.300218 36.789735
 413.400000 0.433750 3.927848 36.789735
 413.600000 0.448478 1.149081 36.789735
 413.800000 0.433469 3.997741 36.789735
 414.000000 0.416141 9.231940 36.789735
 414.200000 0.405537 14.025878 36.789735
 414.400000 0.399032 16.074603 36.789735
 414.600000 0.393925 17.560233 36.789735
 414.800000 0.412664 11.608583 36.789735
 415.000000 0.442651 2.264719 36.767351
 415.200000 0.446870 3.019768 36.767351
 415.400000 0.421841 9.000317 36.767351
 415.600000 0.398006 16.397117 36.767351
 415.800000 0.389712 18.725348 36.767351
 416.000000 0.374085 22.785561 36.767351
 416.200000 0.373250 23.617643 36.767351
 416.400000 0.379587 22.005695 36.767351
 416.600000 0.407723 13.452191 36.767351
 416.800000 0.403663 14.775253 36.767351
 417.000000 0.399733 16.032116 36.767351
 417.200000 0.394781 18.379694 36.767351
 417.400000 0.415655 11.372943 36.767351
 417.600000 0.420794 9.629116 36.767351
 417.800000 0.435710 5.415780 36.767351
 418.000000 0.439622 4.511241 36.767351
 418.200000 0.426738 8.784831 36.767351
 418.400000 0.426336 8.879178 36.767351
 418.600000 0.428732 8.327590 36.767351
 418.800000 0.433854 7.202176 36.767351
 419.000000 0.452771 2.991736 36.767351
 419.200000 0.457096 3.610912 36.767351
 419.400000 0.450845 4.923826 36.767351
 419.600000 0.432506 8.107919 36.767351
 419.800000 0.415261 11.956463 36.767351
 420.000000 0.411376 13.165233 36.746093
 420.200000 0.420870 11.211472 36.746093
 420.400000 0.418753 11.824267 36.746093
 420.600000 0.426580 9.734781 36.746093
 420.800000 0.406984 15.531661 36.746093
 421.000000 0.383613 21.531759 36.746093
 421.200000 0.376084 23.823974 36.746093
 421.400000 0.394594 19.478884 36.746093
 421.600000 0.400852 17.687889 36.746093
 421.800000 0.403068 17.000875 36.746093
 422.000000 0.388476 21.046174 36.746093
 422.200000 0.407276 15.944875 36.746093
 422.400000 0.428844 9.245504 36.746093
 422.600000 0.437821 7.476526 36.746093
 422.800000 0.420307 11.474381 36.746093
 423.000000 0.414977 13.204396 36.746093
 423.200000 0.402861 18.199244 36.746093
 423.400000 0.400196 18.987596 36.746093
 423.600000 0.389606 21.681384 36.746093
 423.800000 0.379932 23.670157 36.746093
 424.000000 0.382410 23.198604 36.746093
 424.200000 0.403881 18.107757 36.746093
 424.400000 0.407120 17.007157 36.746093
 424.600000 0.405124 17.690883 36.746093
 424.800000 0.402353 18.609812 36.746093
 425.000000 0.412545 15.095724 36.725726
 425.200000 0.431453 9.624909 36.725726
 425.400000 0.439905 7.508308 36.725726
 425.600000 0.412724 15.925339 36.725726
 425.800000 0.436546 8.300591 36.725726
 426.000000 0.435389 8.586341 36.725726
 426.200000 0.431103 10.868508 36.725726
 426.400000 0.421325 13.602175 36.725726
 426.600000 0.431586 10.743725 36.725726
 426.800000 0.430380 11.056685 36.725726
 427.000000 0.416628 15.061899 36.725726
 427.200000 0.401516 20.189528 36.725726
 427.400000 0.390244 22.573960 36.725726
 427.600000 0.412995 17.087722 36.725726
 427.800000 0.418814 15.258177 36.725726
 428.000000 0.396880 21.228349 36.725726
 428.200000 0.386236 23.856552 36.725726
 428.400000 0.391222 23.016908 36.725726
 428.600000 0.369751 25.874804 36.725726
 428.800000 0.359432 26.906914 36.725726
 429.000000 0.372375 25.627177 36.725726
 429.200000 0.386725 24.132097 36.725726
 429.400000 0.388637 23.775768 36.725726
 429.600000 0.385631 24.329177 36.725726
 429.800000 0.386632 24.149082 36.725726
 430.000000 0.388305 23.838813 36.706074
 430.200000 0.391022 23.905422 36.706074
 430.400000 0.435452 10.197271 36.706074
 430.600000 0.433899 10.651257 36.706074
 430.800000 0.420054 15.131683 36.706074
 431.000000 0.412220 17.908505 36.706074
 431.200000 0.419132 16.165393 36.706074
 431.400000 0.416354 17.204892 36.706074
 431.600000 0.423199 14.643383 36.706074
 431.800000 0.428346 12.786254 36.706074
 432.000000 0.447048 6.943506 36.706074
 432.200000 0.451832 6.768443 36.706074
 432.400000 0.428663 13.280660 36.706074
 432.600000 0.420623 15.875710 36.706074
 432.800000 0.412960 18.531601 36.706074
 433.000000 0.398187 22.747953 36.706074
 433.200000 0.385315 25.574032 36.706074
 433.400000 0.395092 24.035227 36.706074
 433.600000 0.396019 23.849664 36.706074
 433.800000 0.367768 26.912119 36.706074
 434.000000 0.349272 28.788325 36.706074
 434.200000 0.370734 26.951375 36.706074
 434.400000 0.402444 22.324782 36.706074
 434.600000 0.395471 23.963512 36.706074
 434.800000 0.394701 24.115110 36.706074
 435.000000 0.379345 26.274495 36.689570
 435.200000 0.360068 27.966110 36.689570
 435.400000 0.344050 30.306156 36.689570
 435.600000 0.362749 27.784868 36.689570
 435.800000 0.365615 27.637634 36.689570
 436.000000 0.352431 28.831160 36.689570
 436.200000 0.342214 31.033465 36.689570
 436.400000 0.346598 30.277514 36.689570
 436.600000 0.365533 27.971980 36.689570
 436.800000 0.367436 27.849297 36.689570
 437.000000 0.363479 28.112916 36.689570
 437.200000 0.377786 27.393226 36.689570
 437.400000 0.368329 28.267758 36.689570
 437.600000 0.368031 28.289371 36.689570
 437.800000 0.358733 28.996933 36.689570
 438.000000 0.367966 28.294115 36.689570
 438.200000 0.384280 26.759311 36.689570
 438.400000 0.402117 22.638417 36.689570
 438.600000 0.395696 24.362090 36.689570
 438.800000 0.388970 25.860764 36.689570
 439.000000 0.408612 20.543395 36.689570
 439.200000 0.419352 17.105254 36.689570
 439.400000 0.416514 18.241283 36.689570
 439.600000 0.410851 20.439938 36.689570
 439.800000 0.394821 25.031743 36.689570
 440.000000 0.362616 29.147280 36.678942
 440.200000 0.368404 29.219631 36.678942
 440.400000 0.379824 27.855929 36.678942
 440.600000 0.377760 28.166975 36.678942
 440.800000 0.386851 26.653531 36.678942
 441.000000 0.402857 23.080834 36.678942
 441.200000 0.408010 22.045898 36.678942
 441.400000 0.382434 27.677923 36.678942
 441.600000 0.376877 28.430779 36.678942
 441.800000 0.365594 29.459210 36.678942
 442.000000 0.349376 30.676137 36.678942
 442.200000 0.364307 29.811252 36.678942
 442.400000 0.392858 25.999546 36.678942
 442.600000 0.379895 28.093445 36.678942
 442.800000 0.375291 28.718139 36.678942
 443.000000 0.400093 24.449958 36.678942
 443.200000 0.397653 25.610269 36.678942
 443.400000 0.426154 14.830705 36.678942
 443.600000 0.428998 13.763012 36.678942
 443.800000 0.439010 10.606928 36.678942
 444.000000 0.442654 9.561954 36.678942
 444.200000 0.437750 12.053444 36.678942
 444.400000 0.441618 11.000136 36.678942
 444.600000 0.432194 13.563290 36.678942
 444.800000 0.428251 14.754652 36.678942
 445.000000 0.414714 19.981218 36.664617
 445.200000 0.428401 15.180152 36.664617
 445.400000 0.428048 15.303779 36.664617
 445.600000 0.422570 17.390622 36.664617
 445.800000 0.429690 14.738939 36.664617
 446.000000 0.416902 19.774061 36.664617
 446.200000 0.415693 21.010706 36.664617
 446.400000 0.394323 26.790013 36.664617
 446.600000 0.366764 29.662042 36.664617
 446.800000 0.347859 31.289883 36.664617
 447.000000 0.343489 31.777183 36.664617
 447.200000 0.345910 31.926662 36.664617
 447.400000 0.351166 31.306051 36.664617
 447.600000 0.370462 29.444128 36.664617
 447.800000 0.394322 26.790694 36.664617
 448.000000 0.403173 25.236361 36.664617
 448.200000 0.383707 28.245944 36.664617
 448.400000 0.376481 28.932617 36.664617
 448.600000 0.379716 28.619700 36.664617
 448.800000 0.370271 29.512855 36.664617
 449.000000 0.371243 29.425702 36.664617
 449.200000 0.361195 30.670369 36.664617
 449.400000 0.375056 29.526370 36.664617
 449.600000 0.382878 28.670349 36.664617
 449.800000 0.365530 30.361695 36.664617
 450.000000 0.372085 29.819842 36.657638
 450.200000 0.346702 32.067048 36.657638
 450.400000 0.360891 31.042726 36.657638
 450.600000 0.388544 28.315924 36.657638
 450.800000 0.395860 27.340623 36.657638
 451.000000 0.398847 26.840580 36.657638
 451.200000 0.366709 30.760362 36.657638
 451.400000 0.338521 32.765187 36.657638
 451.600000 0.344988 32.224403 36.657638
 451.800000 0.355020 31.394604 36.657638
 452.000000 0.346352 32.099350 36.657638
 452.200000 0.335036 33.284242 36.657638
 452.400000 0.360179 31.372676 36.657638
 452.600000 0.361812 31.263102 36.657638
 452.800000 0.359367 31.428017 36.657638
 453.000000 0.367917 30.835177 36.657638
 453.200000 0.376338 30.442534 36.657638
 453.400000 0.377600 30.289098 36.657638
 453.600000 0.384762 29.380254 36.657638
 453.800000 0.380159 29.966031 36.657638
 454.000000 0.380147 29.967531 36.657638
 454.200000 0.371919 31.324818 36.657638
 454.400000 0.369885 31.482056 36.657638
 454.600000 0.362842 31.848866 36.657638
 454.800000 0.357589 32.051959 36.657638
 455.000000 0.372038 31.314714 36.658857
 455.200000 0.384472 30.165760 36.658857
 455.400000 0.387859 29.648714 36.658857
 455.600000 0.378339 31.051389 36.658857
 455.800000 0.375161 31.440897 36.658857
 456.000000 0.376388 31.298685 36.658857
 456.200000 0.378735 31.427079 36.658857
 456.400000 0.365723 32.459777 36.658857
 456.600000 0.363918 32.487291 36.658857
 456.800000 0.371142 32.229604 36.658857
 457.000000 0.382543 30.853473 36.658857
 457.200000 0.379868 31.700474 36.658857
 457.400000 0.366350 32.692201 36.658857
 457.600000 0.374391 32.336098 36.658857
 457.800000 0.376056 32.175359 36.658857
 458.000000 0.393021 29.408921 36.658857
 458.200000 0.378304 32.203328 36.658857
 458.400000 0.353463 32.663281 36.658857
 458.600000 0.360970 32.710315 36.658857
 458.800000 0.359140 32.678787 36.658857
 459.000000 0.363427 32.754713 36.658857
 459.200000 0.349088 33.033631 36.658857
 459.400000 0.384501 31.527974 36.658857
 459.600000 0.381427 32.017923 36.658857
 459.800000 0.368958 33.156020 36.658857
 460.000000 0.387616 30.984572 36.665342
