#! FIELDS time d metad.bias metad.rct
 0.000000 0.307293 0.000000 0.000000
 0.200000 0.297053 0.000000 0.000000
 0.400000 0.309731 0.000000 0.000000
 0.600000 0.300153 0.000000 0.000000
 0.800000 0.281152 0.000000 0.000000
 1.000000 0.289310 0.000000 0.000000
 1.200000 0.305617 0.967670 0.000000
 1.400000 0.315053 0.398695 0.000000
 1.600000 0.295017 1.627592 0.000000
 1.800000 0.299459 1.391280 0.000000
 2.000000 0.316554 0.333549 0.000000
 2.200000 0.330523 1.153231 0.000000
 2.400000 0.325258 1.552361 0.000000
 2.600000 0.322146 1.764521 0.000000
 2.800000 0.314014 2.147943 0.000000
 3.000000 0.308968 2.256318 0.000000
 3.200000 0.309116 3.836837 0.000000
 3.400000 0.316410 3.462594 0.000000
 3.600000 0.307091 3.847821 0.000000
 3.800000 0.322988 2.731513 0.000000
 4.000000 0.331176 1.630117 0.000000
 4.200000 0.336357 2.558157 0.000000
 4.400000 0.325362 3.923905 0.000000
 4.600000 0.311458 4.458482 0.000000
 4.800000 0.326365 3.823041 0.000000
 5.000000 0.313792 4.487294 1.500817
 5.200000 0.328132 4.535892 1.500817
 5.400000 0.340521 2.281300 1.500817
 5.600000 0.349983 0.990694 1.500817
 5.800000 0.361321 0.237280 1.500817
 6.000000 0.365972 0.112338 1.500817
 6.200000 0.330226 4.261761 1.500817
 6.400000 0.332811 3.830755 1.500817
 6.600000 0.351947 1.925696 1.500817
 6.800000 0.327733 4.668636 1.500817
 7.000000 0.336850 3.189452 1.500817
 7.200000 0.333251 5.233031 1.500817
 7.400000 0.326177 6.087056 1.500817
 7.600000 0.310208 6.128948 1.500817
 7.800000 0.302389 5.169325 1.500817
 8.000000 0.307944 5.898709 1.500817
 8.200000 0.321841 7.272710 1.500817
 8.400000 0.343870 3.774917 1.500817
 8.600000 0.347777 3.268856 1.500817
 8.800000 0.315639 7.638322 1.500817
 9.000000 0.289361 3.791562 1.500817
 9.200000 0.271307 1.733298 1.500817
 9.400000 0.278868 3.104999 1.500817
 9.600000 0.271362 1.741924 1.500817
 9.800000 0.265356 0.943399 1.500817
 10.000000 0.257142 0.319872 3.114106
 10.200000 0.280558 3.956583 3.114106
 10.400000 0.293807 6.205673 3.114106
 10.600000 0.292085 5.912961 3.114106
 10.800000 0.287129 5.046903 3.114106
 11.000000 0.288533 5.292915 3.114106
 11.200000 0.296596 7.853729 3.114106
 11.400000 0.299634 8.155139 3.114106
 11.600000 0.288743 6.712219 3.114106
 11.800000 0.295815 7.762848 3.114106
 12.000000 0.314542 8.305625 3.114106
 12.200000 0.314915 9.487334 3.114106
 12.400000 0.274658 4.103912 3.114106
 12.600000 0.278268 4.778993 3.114106
 12.800000 0.282872 5.737645 3.114106
 13.000000 0.262910 2.626767 3.114106
 13.200000 0.267282 4.542090 3.114106
 13.400000 0.274236 5.201048 3.114106
 13.600000 0.287885 7.194746 3.114106
 13.800000 0.287239 7.087756 3.114106
 14.000000 0.289078 7.392190 3.114106
 14.200000 0.274307 5.983318 3.114106
 14.400000 0.282522 7.467339 3.114106
 14.600000 0.286187 8.149689 3.114106
 14.800000 0.273425 5.841650 3.114106
 15.000000 0.275711 6.217826 5.390421
 15.200000 0.275502 7.508651 5.390421
 15.400000 0.282950 8.728877 5.390421
 15.600000 0.260837 5.026517 5.390421
 15.800000 0.254964 3.999005 5.390421
 16.000000 0.276556 7.688516 5.390421
 16.200000 0.272328 8.159253 5.390421
 16.400000 0.252477 3.891995 5.390421
 16.600000 0.252846 3.972343 5.390421
 16.800000 0.257118 4.917616 5.390421
 17.000000 0.265664 6.793872 5.390421
 17.200000 0.240880 1.993456 5.390421
 17.400000 0.241679 2.149145 5.390421
 17.600000 0.244568 2.765727 5.390421
 17.800000 0.236600 1.278175 5.390421
 18.000000 0.231800 0.716729 5.390421
 18.200000 0.242504 3.630030 5.390421
 18.400000 0.255744 6.121734 5.390421
 18.600000 0.260026 7.054533 5.390421
 18.800000 0.248031 4.542716 5.390421
 19.000000 0.236321 2.858361 5.390421
 19.200000 0.255451 6.739523 5.390421
 19.400000 0.254187 6.541734 5.390421
 19.600000 0.259504 7.406539 5.390421
 19.800000 0.264775 8.294293 5.390421
 20.000000 0.254531 6.594913 6.536323
 20.200000 0.264292 9.268904 6.536323
 20.400000 0.255283 8.015840 6.536323
 20.600000 0.258314 8.470955 6.536323
 20.800000 0.247422 6.768088 6.536323
 21.000000 0.253320 7.710105 6.536323
 21.200000 0.258955 9.719883 6.536323
 21.400000 0.261037 9.939285 6.536323
 21.600000 0.259251 9.753215 6.536323
 21.800000 0.253681 9.007781 6.536323
 22.000000 0.242501 6.946289 6.536323
 22.200000 0.234587 6.432692 6.536323
 22.400000 0.236472 6.889962 6.536323
 22.600000 0.230170 5.315121 6.536323
 22.800000 0.236134 6.808825 6.536323
 23.000000 0.222108 3.291849 6.536323
 23.200000 0.223530 5.135670 6.536323
 23.400000 0.221958 4.767981 6.536323
 23.600000 0.214477 3.059163 6.536323
 23.800000 0.221793 4.729281 6.536323
 24.000000 0.234893 7.558057 6.536323
 24.200000 0.224275 6.281573 6.536323
 24.400000 0.207945 2.055952 6.536323
 24.600000 0.226050 6.767767 6.536323
 24.800000 0.235068 8.840003 6.536323
 25.000000 0.226947 7.006412 7.551035
 25.200000 0.224059 7.478396 7.551035
 25.400000 0.234235 9.821626 7.551035
 25.600000 0.257275 10.973210 7.551035
 25.800000 0.251409 10.953630 7.551035
 26.000000 0.232452 9.520452 7.551035
 26.200000 0.252796 11.421289 7.551035
 26.400000 0.259340 11.191928 7.551035
 26.600000 0.268000 10.969676 7.551035
 26.800000 0.256629 11.285393 7.551035
 27.000000 0.227757 9.586498 7.551035
 27.200000 0.228291 10.871839 7.551035
 27.400000 0.232640 11.782170 7.551035
 27.600000 0.221594 8.656875 7.551035
 27.800000 0.222291 8.921903 7.551035
 28.000000 0.200659 1.552501 7.551035
 28.200000 0.219269 8.492268 7.551035
 28.400000 0.216321 7.479343 7.551035
 28.600000 0.226148 10.639533 7.551035
 28.800000 0.239912 12.374123 7.551035
 29.000000 0.231123 11.722948 7.551035
 29.200000 0.241486 13.169509 7.551035
 29.400000 0.235492 13.228555 7.551035
 29.600000 0.235696 13.238537 7.551035
 29.800000 0.249994 12.363815 7.551035
 30.000000 0.239416 13.264867 9.179932
 30.200000 0.230705 13.508382 9.179932
 30.400000 0.224772 11.806598 9.179932
 30.600000 0.191452 1.804837 9.179932
 30.800000 0.203298 3.957406 9.179932
 31.000000 0.214508 7.668157 9.179932
 31.200000 0.205767 5.665452 9.179932
 31.400000 0.214179 8.779447 9.179932
 31.600000 0.218668 10.589017 9.179932
 31.800000 0.222798 12.139010 9.179932
 32.000000 0.203739 5.028865 9.179932
 32.200000 0.206871 7.401729 9.179932
 32.400000 0.215805 10.448278 9.179932
 32.600000 0.219073 11.577461 9.179932
 32.800000 0.214553 10.008177 9.179932
 33.000000 0.215804 10.447941 9.179932
 33.200000 0.215155 11.317614 9.179932
 33.400000 0.212607 10.400326 9.179932
 33.600000 0.198192 5.401597 9.179932
 33.800000 0.211240 9.902610 9.179932
 34.000000 0.211135 9.864469 9.179932
 34.200000 0.214162 12.067665 9.179932
 34.400000 0.217174 13.060783 9.179932
 34.600000 0.244108 14.384389 9.179932
 34.800000 0.274696 11.002812 9.179932
 35.000000 0.252733 12.850608 10.809629
 35.200000 0.244192 15.208734 10.809629
 35.400000 0.247309 14.729075 10.809629
 35.600000 0.231531 16.012952 10.809629
 35.800000 0.221851 14.479128 10.809629
 36.000000 0.226424 15.451846 10.809629
 36.200000 0.266308 11.978140 10.809629
 36.400000 0.272978 11.433345 10.809629
 36.600000 0.264303 12.206209 10.809629
 36.800000 0.259010 12.944663 10.809629
 37.000000 0.270136 11.625897 10.809629
 37.200000 0.273090 12.449460 10.809629
 37.400000 0.262869 13.314482 10.809629
 37.600000 0.265232 13.085166 10.809629
 37.800000 0.265823 13.030974 10.809629
 38.000000 0.272209 12.512642 10.809629
 38.200000 0.271233 13.584890 10.809629
 38.400000 0.243236 16.173240 10.809629
 38.600000 0.228959 16.706298 10.809629
 38.800000 0.213258 12.379765 10.809629
 39.000000 0.207198 9.921380 10.809629
 39.200000 0.212354 13.082702 10.809629
 39.400000 0.185160 2.709444 10.809629
 39.600000 0.186516 3.079190 10.809629
 39.800000 0.189937 4.135655 10.809629
 40.000000 0.198524 7.402465 12.242637
 40.200000 0.187965 4.487138 12.242637
 40.400000 0.172370 0.852420 12.242637
 40.600000 0.180326 2.229027 12.242637
 40.800000 0.203196 10.566772 12.242637
 41.000000 0.204734 11.172738 12.242637
 41.200000 0.190559 6.118511 12.242637
 41.400000 0.193057 7.201226 12.242637
 41.600000 0.197220 9.058768 12.242637
 41.800000 0.195409 8.248783 12.242637
 42.000000 0.196259 8.629350 12.242637
 42.200000 0.174459 1.673873 12.242637
 42.400000 0.178893 2.757083 12.242637
 42.600000 0.194753 9.140902 12.242637
 42.800000 0.202626 12.480830 12.242637
 43.000000 0.217955 16.665903 12.242637
 43.200000 0.216752 17.282002 12.242637
 43.400000 0.215557 17.042889 12.242637
 43.600000 0.217924 17.493527 12.242637
 43.800000 0.200705 12.154652 12.242637
 44.000000 0.204945 13.897346 12.242637
 44.200000 0.216215 17.887532 12.242637
 44.400000 0.195709 10.629258 12.242637
 44.600000 0.194022 9.761790 12.242637
 44.800000 0.193555 9.520123 12.242637
 45.000000 0.187523 6.472343 13.609075
 45.200000 0.190148 9.059816 13.609075
 45.400000 0.210191 16.982896 13.609075
 45.600000 0.186045 7.085449 13.609075
 45.800000 0.194746 11.303110 13.609075
 46.000000 0.198105 12.851619 13.609075
 46.200000 0.197359 13.505049 13.609075
 46.400000 0.231396 18.457057 13.609075
 46.600000 0.261949 14.212049 13.609075
 46.800000 0.246196 16.014435 13.609075
 47.000000 0.229932 18.607927 13.609075
 47.200000 0.235691 18.574114 13.609075
 47.400000 0.239316 17.873924 13.609075
 47.600000 0.244511 16.781539 13.609075
 47.800000 0.232963 19.013376 13.609075
 48.000000 0.211258 18.246147 13.609075
 48.200000 0.189429 9.828742 13.609075
 48.400000 0.199385 15.050590 13.609075
 48.600000 0.194643 12.681421 13.609075
 48.800000 0.186017 7.981640 13.609075
 49.000000 0.183743 6.815083 13.609075
 49.200000 0.192445 12.583951 13.609075
 49.400000 0.186980 9.756075 13.609075
 49.600000 0.177050 5.067077 13.609075
 49.800000 0.182137 7.321328 13.609075
 50.000000 0.192616 12.670592 15.251188
 50.200000 0.190080 12.350608 15.251188
 50.400000 0.177156 5.693731 15.251188
 50.600000 0.191161 12.919004 15.251188
 50.800000 0.183420 8.770696 15.251188
 51.000000 0.202571 17.802559 15.251188
 51.200000 0.224152 20.576725 15.251188
 51.400000 0.242041 17.420895 15.251188
 51.600000 0.252970 15.280623 15.251188
 51.800000 0.243097 17.179140 15.251188
 52.000000 0.254939 15.008936 15.251188
 52.200000 0.233045 19.706077 15.251188
 52.400000 0.246821 17.142985 15.251188
 52.600000 0.259612 15.350266 15.251188
 52.800000 0.220463 20.818754 15.251188
 53.000000 0.207608 19.849472 15.251188
 53.200000 0.218359 21.381882 15.251188
 53.400000 0.236755 19.167777 15.251188
 53.600000 0.257019 15.650021 15.251188
 53.800000 0.251866 16.334895 15.251188
 54.000000 0.242099 18.078872 15.251188
 54.200000 0.259972 15.694074 15.251188
 54.400000 0.263856 15.161630 15.251188
 54.600000 0.268942 14.503188 15.251188
 54.800000 0.262817 15.300961 15.251188
 55.000000 0.263307 15.234993 16.749434
 55.200000 0.272045 14.861663 16.749434
 55.400000 0.272779 14.748043 16.749434
 55.600000 0.259069 16.676473 16.749434
 55.800000 0.255106 17.188445 16.749434
 56.000000 0.263259 16.129117 16.749434
 56.200000 0.257811 17.636107 16.749434
 56.400000 0.248223 18.687309 16.749434
 56.600000 0.255642 17.867793 16.749434
 56.800000 0.255350 17.898504 16.749434
 57.000000 0.265779 16.626251 16.749434
 57.200000 0.247759 19.148810 16.749434
 57.400000 0.241870 19.766682 16.749434
 57.600000 0.256524 18.463902 16.749434
 57.800000 0.268298 17.053677 16.749434
 58.000000 0.261271 18.034733 16.749434
 58.200000 0.267939 17.825260 16.749434
 58.400000 0.270005 17.406210 16.749434
 58.600000 0.269290 17.556578 16.749434
 58.800000 0.270079 17.390315 16.749434
 59.000000 0.255249 19.283922 16.749434
 59.200000 0.249841 20.250202 16.749434
 59.400000 0.252547 20.151697 16.749434
 59.600000 0.236613 20.951579 16.749434
 59.800000 0.250570 20.224715 16.749434
 60.000000 0.236286 20.975130 17.889399
 60.200000 0.224557 22.145455 17.889399
 60.400000 0.229180 22.063050 17.889399
 60.600000 0.247057 20.882645 17.889399
 60.800000 0.264269 19.180445 17.889399
 61.000000 0.261190 19.684628 17.889399
 61.200000 0.257194 20.863369 17.889399
 61.400000 0.263047 20.118346 17.889399
 61.600000 0.267782 19.113134 17.889399
 61.800000 0.288128 13.271350 17.889399
 62.000000 0.295751 11.857054 17.889399
 62.200000 0.303815 11.879136 17.889399
 62.400000 0.300216 12.307048 17.889399
 62.600000 0.291278 13.590775 17.889399
 62.800000 0.275141 17.398696 17.889399
 63.000000 0.272942 17.998998 17.889399
 63.200000 0.260439 21.132715 17.889399
 63.400000 0.259626 21.201390 17.889399
 63.600000 0.295729 13.138639 17.889399
 63.800000 0.296075 13.081398 17.889399
 64.000000 0.284242 15.610697 17.889399
 64.200000 0.301629 12.707183 17.889399
 64.400000 0.290834 14.845695 17.889399
 64.600000 0.282928 16.832504 17.889399
 64.800000 0.272136 19.628346 17.889399
 65.000000 0.295786 13.777946 18.445603
 65.200000 0.304498 13.032635 18.445603
 65.400000 0.272166 19.894373 18.445603
 65.600000 0.282303 17.631666 18.445603
 65.800000 0.297553 14.375839 18.445603
 66.000000 0.299741 13.949229 18.445603
 66.200000 0.290804 16.535907 18.445603
 66.400000 0.277476 19.055001 18.445603
 66.600000 0.293341 16.078805 18.445603
 66.800000 0.295859 15.619705 18.445603
 67.000000 0.293641 16.024429 18.445603
 67.200000 0.281235 18.924229 18.445603
 67.400000 0.275889 19.790795 18.445603
 67.600000 0.277809 19.479491 18.445603
 67.800000 0.268522 20.873526 18.445603
 68.000000 0.264485 21.293486 18.445603
 68.200000 0.257937 22.219618 18.445603
 68.400000 0.266296 21.798847 18.445603
 68.600000 0.265305 21.898924 18.445603
 68.800000 0.253725 22.136192 18.445603
 69.000000 0.245002 21.885801 18.445603
 69.200000 0.244901 22.544904 18.445603
 69.400000 0.239630 22.535460 18.445603
 69.600000 0.241591 22.529221 18.445603
 69.800000 0.250781 22.646114 18.445603
 70.000000 0.266114 22.062639 19.477510
 70.200000 0.276170 20.843593 19.477510
 70.400000 0.266387 22.682069 19.477510
 70.600000 0.262673 23.065302 19.477510
 70.800000 0.252166 23.096474 19.477510
 71.000000 0.248317 22.920264 19.477510
 71.200000 0.253306 23.739655 19.477510
 71.400000 0.250201 23.632491 19.477510
 71.600000 0.253934 23.753771 19.477510
 71.800000 0.257214 23.766045 19.477510
 72.000000 0.255595 23.774299 19.477510
 72.200000 0.265297 23.640914 19.477510
 72.400000 0.260382 24.223751 19.477510
 72.600000 0.249625 24.168780 19.477510
 72.800000 0.246649 23.983447 19.477510
 73.000000 0.251111 24.249103 19.477510
 73.200000 0.274157 21.888780 19.477510
 73.400000 0.292693 17.349593 19.477510
 73.600000 0.278232 20.777073 19.477510
 73.800000 0.282225 19.738371 19.477510
 74.000000 0.280647 20.139543 19.477510
 74.200000 0.299113 16.260106 19.477510
 74.400000 0.297772 16.602998 19.477510
 74.600000 0.296127 17.017339 19.477510
 74.800000 0.286386 19.405320 19.477510
 75.000000 0.271671 23.152447 21.100561
 75.200000 0.284436 20.322445 21.100561
 75.400000 0.296523 17.075328 21.100561
 75.600000 0.291293 18.472161 21.100561
 75.800000 0.286161 19.851518 21.100561
 76.000000 0.285126 20.133271 21.100561
 76.200000 0.304243 15.273651 21.100561
 76.400000 0.293911 18.375264 21.100561
 76.600000 0.282591 21.536759 21.100561
 76.800000 0.292981 18.644562 21.100561
 77.000000 0.307573 14.239595 21.100561
 77.200000 0.289605 20.057352 21.100561
 77.400000 0.270801 24.475501 21.100561
 77.600000 0.286621 20.785617 21.100561
 77.800000 0.309803 14.459583 21.100561
 78.000000 0.314685 12.824226 21.100561
 78.200000 0.313511 14.211913 21.100561
 78.400000 0.308290 15.845130 21.100561
 78.600000 0.293442 19.467525 21.100561
 78.800000 0.317043 12.979868 21.100561
 79.000000 0.329653 8.258082 21.100561
 79.200000 0.337449 6.782030 21.100561
 79.400000 0.317124 13.804513 21.100561
 79.600000 0.320204 12.805842 21.100561
 79.800000 0.327880 10.107994 21.100561
 80.000000 0.314534 14.592674 21.309265
 80.200000 0.311587 16.323598 21.309265
 80.400000 0.316241 14.986399 21.309265
 80.600000 0.298007 19.083734 21.309265
 80.800000 0.292810 19.980838 21.309265
 81.000000 0.276596 23.288826 21.309265
 81.200000 0.276707 23.884407 21.309265
 81.400000 0.290637 20.770477 21.309265
 81.600000 0.299519 19.014920 21.309265
 81.800000 0.312141 16.214044 21.309265
 82.000000 0.323343 12.500172 21.309265
 82.200000 0.353230 3.353600 21.309265
 82.400000 0.339553 6.912708 21.309265
 82.600000 0.333500 9.312760 21.309265
 82.800000 0.321335 14.247642 21.309265
 83.000000 0.322398 13.859377 21.309265
 83.200000 0.339427 7.453886 21.309265
 83.400000 0.330294 11.486790 21.309265
 83.600000 0.324532 13.976041 21.309265
 83.800000 0.328017 12.503535 21.309265
 84.000000 0.313515 17.429594 21.309265
 84.200000 0.290800 21.185905 21.309265
 84.400000 0.277162 23.838935 21.309265
 84.600000 0.285255 22.147776 21.309265
 84.800000 0.280188 23.188303 21.309265
 85.000000 0.279041 23.434647 21.883503
 85.200000 0.282129 23.380954 21.883503
 85.400000 0.298643 20.462692 21.883503
 85.600000 0.311230 18.752140 21.883503
 85.800000 0.285416 22.679706 21.883503
 86.000000 0.278721 24.119601 21.883503
 86.200000 0.271552 26.034644 21.883503
 86.400000 0.284486 23.429263 21.883503
 86.600000 0.308353 19.320239 21.883503
 86.800000 0.326173 13.868480 21.883503
 87.000000 0.349140 4.337644 21.883503
 87.200000 0.345309 6.818864 21.883503
 87.400000 0.315699 17.880840 21.883503
 87.600000 0.314281 18.226828 21.883503
 87.800000 0.298004 20.806853 21.883503
 88.000000 0.288163 22.617360 21.883503
 88.200000 0.296262 21.631041 21.883503
 88.400000 0.295553 21.761355 21.883503
 88.600000 0.292351 22.382513 21.883503
 88.800000 0.298140 21.298229 21.883503
 89.000000 0.297186 21.465180 21.883503
 89.200000 0.308856 20.016868 21.883503
 89.400000 0.305338 20.702179 21.883503
 89.600000 0.305623 20.649651 21.883503
 89.800000 0.319665 17.018836 21.883503
 90.000000 0.325636 14.669308 22.506353
 90.200000 0.311019 20.108022 22.506353
 90.400000 0.317029 18.676534 22.506353
 90.600000 0.309876 20.322977 22.506353
 90.800000 0.312827 19.734362 22.506353
 91.000000 0.302394 21.501437 22.506353
 91.200000 0.304023 21.929625 22.506353
 91.400000 0.296724 22.985590 22.506353
 91.600000 0.304761 21.815611 22.506353
 91.800000 0.303043 22.077167 22.506353
 92.000000 0.297656 22.851983 22.506353
 92.200000 0.330042 13.805609 22.506353
 92.400000 0.355660 4.549521 22.506353
 92.600000 0.331155 13.268831 22.506353
 92.800000 0.326415 15.531190 22.506353
 93.000000 0.335154 11.362189 22.506353
 93.200000 0.347469 7.284305 22.506353
 93.400000 0.358309 4.395597 22.506353
 93.600000 0.351934 5.902776 22.506353
 93.800000 0.344492 8.365998 22.506353
 94.000000 0.361323 3.832609 22.506353
 94.200000 0.340242 10.656497 22.506353
 94.400000 0.337607 11.704670 22.506353
 94.600000 0.339960 10.765278 22.506353
 94.800000 0.338328 11.410749 22.506353
 95.000000 0.325925 16.719047 22.786633
 95.200000 0.341610 10.624447 22.786633
 95.400000 0.352836 7.079871 22.786633
 95.600000 0.347154 8.640438 22.786633
 95.800000 0.327010 17.096995 22.786633
 96.000000 0.327958 16.689738 22.786633
 96.200000 0.327432 17.748524 22.786633
 96.400000 0.338029 12.795561 22.786633
 96.600000 0.346720 9.158689 22.786633
 96.800000 0.358950 5.895179 22.786633
 97.000000 0.355119 6.726103 22.786633
 97.200000 0.367720 5.135360 22.786633
 97.400000 0.342276 11.787151 22.786633
 97.600000 0.324611 19.052033 22.786633
 97.800000 0.344865 10.870354 22.786633
 98.000000 0.375056 3.399640 22.786633
 98.200000 0.362025 7.488718 22.786633
 98.400000 0.355352 8.601779 22.786633
 98.600000 0.346989 10.441955 22.786633
 98.800000 0.347580 10.281014 22.786633
 99.000000 0.343157 11.619883 22.786633
 99.200000 0.355947 9.222048 22.786633
 99.400000 0.389397 1.853696 22.786633
 99.600000 0.374086 5.247672 22.786633
 99.800000 0.370087 6.202282 22.786633
 100.000000 0.365882 7.146659 22.787725
 100.200000 0.374323 6.275983 22.787725
 100.400000 0.344430 12.698370 22.787725
 100.600000 0.354190 10.546189 22.787725
 100.800000 0.364758 8.657997 22.787725
 101.000000 0.358739 9.772315 22.787725
 101.200000 0.345080 13.266602 22.787725
 101.400000 0.375058 6.690828 22.787725
 101.600000 0.396511 1.081730 22.787725
 101.800000 0.391622 1.888732 22.787725
 102.000000 0.364701 9.715962 22.787725
 102.200000 0.356059 12.300495 22.787725
 102.400000 0.377769 6.557813 22.787725
 102.600000 0.400152 0.739721 22.787725
 102.800000 0.394216 1.583115 22.787725
 103.000000 0.349150 13.109709 22.787725
 103.200000 0.358485 12.793038 22.787725
 103.400000 0.360804 12.353548 22.787725
 103.600000 0.346861 14.407716 22.787725
 103.800000 0.354933 13.337156 22.787725
 104.000000 0.393808 1.669340 22.787725
 104.200000 0.397900 2.572218 22.787725
 104.400000 0.373794 8.970387 22.787725
 104.600000 0.373524 9.060760 22.787725
 104.800000 0.381543 6.400550 22.787725
 105.000000 0.391588 3.744079 22.752519
 105.200000 0.399296 3.651479 22.752519
 105.400000 0.395817 4.346512 22.752519
 105.600000 0.381750 7.529903 22.752519
 105.800000 0.384241 6.900260 22.752519
 106.000000 0.395384 4.434824 22.752519
 106.200000 0.406515 3.401802 22.752519
 106.400000 0.394194 6.110743 22.752519
 106.600000 0.382942 8.241627 22.752519
 106.800000 0.395277 5.892829 22.752519
 107.000000 0.414523 1.774171 22.752519
 107.200000 0.414547 3.386966 22.752519
 107.400000 0.403208 5.371965 22.752519
 107.600000 0.384840 8.100864 22.752519
 107.800000 0.374051 10.190920 22.752519
 108.000000 0.369974 11.084434 22.752519
 108.200000 0.376004 10.750924 22.752519
 108.400000 0.379038 10.027846 22.752519
 108.600000 0.390570 7.672269 22.752519
 108.800000 0.378419 10.173519 22.752519
 109.000000 0.355508 14.105225 22.752519
 109.200000 0.343811 15.839042 22.752519
 109.400000 0.350292 15.330042 22.752519
 109.600000 0.334890 17.420416 22.752519
 109.800000 0.330480 18.527219 22.752519
 110.000000 0.334561 17.498262 22.743858
 110.200000 0.331314 19.093577 22.743858
 110.400000 0.331726 18.991485 22.743858
 110.600000 0.326342 20.304512 22.743858
 110.800000 0.302344 23.417788 22.743858
 111.000000 0.290715 24.561566 22.743858
 111.200000 0.299536 24.144209 22.743858
 111.400000 0.297731 24.339609 22.743858
 111.600000 0.303093 23.775961 22.743858
 111.800000 0.321636 21.376888 22.743858
 112.000000 0.307109 23.378062 22.743858
 112.200000 0.302350 24.438090 22.743858
 112.400000 0.318030 22.505916 22.743858
 112.600000 0.340696 17.049630 22.743858
 112.800000 0.362566 14.421913 22.743858
 113.000000 0.349163 15.904503 22.743858
 113.200000 0.346351 17.046499 22.743858
 113.400000 0.349931 16.694082 22.743858
 113.600000 0.363156 14.874538 22.743858
 113.800000 0.359830 15.515485 22.743858
 114.000000 0.362409 15.031834 22.743858
 114.200000 0.357896 16.674990 22.743858
 114.400000 0.340628 18.106201 22.743858
 114.600000 0.337228 18.621271 22.743858
 114.800000 0.340538 18.118050 22.743858
 115.000000 0.349340 17.361839 23.104669
 115.200000 0.356114 17.606536 23.104669
 115.400000 0.362202 16.528381 23.104669
 115.600000 0.327881 20.866208 23.104669
 115.800000 0.338134 19.080920 23.104669
 116.000000 0.320157 22.351811 23.104669
 116.200000 0.324665 22.126847 23.104669
 116.400000 0.335573 19.830707 23.104669
 116.600000 0.339992 19.125661 23.104669
 116.800000 0.334500 20.032274 23.104669
 117.000000 0.320610 22.918773 23.104669
 117.200000 0.324822 22.700038 23.104669
 117.400000 0.350177 18.294821 23.104669
 117.600000 0.345086 18.748750 23.104669
 117.800000 0.330218 21.432305 23.104669
 118.000000 0.330268 21.420376 23.104669
 118.200000 0.330458 22.049015 23.104669
 118.400000 0.315103 24.738051 23.104669
 118.600000 0.325403 23.209202 23.104669
 118.800000 0.328296 22.561671 23.104669
 119.000000 0.322731 23.738524 23.104669
 119.200000 0.346660 19.137149 23.104669
 119.400000 0.358716 17.419251 23.104669
 119.600000 0.363583 16.275672 23.104669
 119.800000 0.341275 20.002294 23.104669
 120.000000 0.329579 22.806484 23.531563
 120.200000 0.342181 20.279158 23.531563
 120.400000 0.352211 18.634697 23.531563
 120.600000 0.361272 16.932859 23.531563
 120.800000 0.361909 16.772830 23.531563
 121.000000 0.367529 15.100073 23.531563
 121.200000 0.352105 19.176126 23.531563
 121.400000 0.332744 22.666579 23.531563
 121.600000 0.342651 20.409252 23.531563
 121.800000 0.337312 21.518724 23.531563
 122.000000 0.333025 22.593781 23.531563
 122.200000 0.327608 24.549109 23.531563
 122.400000 0.318770 25.841927 23.531563
 122.600000 0.325070 25.055522 23.531563
 122.800000 0.335606 22.565393 23.531563
 123.000000 0.362254 17.617879 23.531563
 123.200000 0.375682 13.503109 23.531563
 123.400000 0.390787 8.268985 23.531563
 123.600000 0.373790 14.300256 23.531563
 123.800000 0.364160 17.893829 23.531563
 124.000000 0.343624 21.113087 23.531563
 124.200000 0.341580 22.131192 23.531563
 124.400000 0.349455 21.008028 23.531563
 124.600000 0.328988 24.728098 23.531563
 124.800000 0.334576 23.545001 23.531563
 125.000000 0.344040 21.732940 23.754302
 125.200000 0.333449 24.309138 23.754302
 125.400000 0.351423 21.352819 23.754302
 125.600000 0.355130 20.756948 23.754302
 125.800000 0.376074 13.469853 23.754302
 126.000000 0.357992 20.179032 23.754302
 126.200000 0.339644 23.461006 23.754302
 126.400000 0.327896 25.402071 23.754302
 126.600000 0.318250 26.216993 23.754302
 126.800000 0.314373 26.193424 23.754302
 127.000000 0.327809 25.414699 23.754302
 127.200000 0.341212 23.607596 23.754302
 127.400000 0.317750 26.674199 23.754302
 127.600000 0.304699 25.911916 23.754302
 127.800000 0.313579 26.529036 23.754302
 128.000000 0.310650 26.338303 23.754302
 128.200000 0.313032 27.031994 23.754302
 128.400000 0.303405 26.318655 23.754302
 128.600000 0.307798 26.657161 23.754302
 128.800000 0.313887 27.074727 23.754302
 129.000000 0.329265 26.006603 23.754302
 129.200000 0.334700 25.448465 23.754302
 129.400000 0.347141 23.039927 23.754302
 129.600000 0.333650 25.675591 23.754302
 129.800000 0.312076 27.260827 23.754302
 130.000000 0.307504 26.824670 24.510570
 130.200000 0.294291 26.375153 24.510570
 130.400000 0.276005 26.895819 24.510570
 130.600000 0.289409 26.336082 24.510570
 130.800000 0.289855 26.332165 24.510570
 131.000000 0.297786 26.521692 24.510570
 131.200000 0.305377 27.614643 24.510570
 131.400000 0.314400 28.199489 24.510570
 131.600000 0.299913 27.191928 24.510570
 131.800000 0.288824 26.792353 24.510570
 132.000000 0.294638 26.910155 24.510570
 132.200000 0.288034 27.270126 24.510570
 132.400000 0.295111 27.455715 24.510570
 132.600000 0.304851 27.989406 24.510570
 132.800000 0.292867 27.377755 24.510570
 133.000000 0.292586 27.369143 24.510570
 133.200000 0.309524 28.540477 24.510570
 133.400000 0.299913 28.146767 24.510570
 133.600000 0.304401 28.339699 24.510570
 133.800000 0.305604 28.391703 24.510570
 134.000000 0.296031 27.996866 24.510570
 134.200000 0.284425 28.060787 24.510570
 134.400000 0.283804 28.038323 24.510570
 134.600000 0.283623 28.031872 24.510570
 134.800000 0.278044 27.861507 24.510570
 135.000000 0.279159 27.890796 25.663909
 135.200000 0.302721 28.867605 25.663909
 135.400000 0.305861 28.910959 25.663909
 135.600000 0.300906 28.840894 25.663909
 135.800000 0.298444 28.804330 25.663909
 136.000000 0.293994 28.737286 25.663909
 136.200000 0.292600 29.198708 25.663909
 136.400000 0.282923 28.867384 25.663909
 136.600000 0.286798 29.029043 25.663909
 136.800000 0.302372 29.278448 25.663909
 137.000000 0.309223 29.229376 25.663909
 137.200000 0.330321 26.863939 25.663909
 137.400000 0.324167 28.265657 25.663909
 137.600000 0.318618 29.133633 25.663909
 137.800000 0.295616 29.560184 25.663909
 138.000000 0.280747 28.846302 25.663909
 138.200000 0.293358 29.824605 25.663909
 138.400000 0.277690 29.150033 25.663909
 138.600000 0.274562 28.946131 25.663909
 138.800000 0.282995 29.451805 25.663909
 139.000000 0.275605 29.016589 25.663909
 139.200000 0.265947 28.576260 25.663909
 139.400000 0.260861 27.807533 25.663909
 139.600000 0.265013 28.450530 25.663909
 139.800000 0.264189 28.333440 25.663909
 140.000000 0.289142 30.036527 26.891525
 140.200000 0.280345 30.151121 26.891525
 140.400000 0.278236 30.008816 26.891525
 140.600000 0.293452 30.503089 26.891525
 140.800000 0.298253 30.412024 26.891525
 141.000000 0.287470 30.464709 26.891525
 141.200000 0.295170 30.873928 26.891525
 141.400000 0.281602 30.643158 26.891525
 141.600000 0.255160 26.831764 26.891525
 141.800000 0.239763 24.214686 26.891525
 142.000000 0.252006 26.190233 26.891525
 142.200000 0.268428 29.550797 26.891525
 142.400000 0.255269 27.386492 26.891525
 142.600000 0.231811 23.663849 26.891525
 142.800000 0.230807 23.560406 26.891525
 143.000000 0.245516 25.502194 26.891525
 143.200000 0.243167 25.664720 26.891525
 143.400000 0.223989 23.099663 26.891525
 143.600000 0.232347 24.101888 26.891525
 143.800000 0.241993 25.474015 26.891525
 144.000000 0.243784 25.767380 26.891525
 144.200000 0.233040 24.620465 26.891525
 144.400000 0.206879 20.674134 26.891525
 144.600000 0.202360 19.319363 26.891525
 144.800000 0.203716 19.776694 26.891525
 145.000000 0.222914 23.189946 27.413375
 145.200000 0.227788 24.443672 27.413375
 145.400000 0.210163 21.819640 27.413375
 145.600000 0.226828 24.320144 27.413375
 145.800000 0.228781 24.571511 27.413375
 146.000000 0.208373 21.411053 27.413375
 146.200000 0.199062 18.747042 27.413375
 146.400000 0.197836 18.143052 27.413375
 146.600000 0.191890 14.776296 27.413375
 146.800000 0.186625 11.480311 27.413375
 147.000000 0.214771 23.285348 27.413375
 147.200000 0.234817 25.737285 27.413375
 147.400000 0.243999 26.720907 27.413375
 147.600000 0.227267 25.118990 27.413375
 147.800000 0.228985 25.254753 27.413375
 148.000000 0.246627 27.072156 27.413375
 148.200000 0.214510 23.919743 27.413375
 148.400000 0.200157 19.643999 27.413375
 148.600000 0.209890 23.044848 27.413375
 148.800000 0.234955 26.136256 27.413375
 149.000000 0.256012 28.870931 27.413375
 149.200000 0.262014 29.979496 27.413375
 149.400000 0.248468 28.279183 27.413375
 149.600000 0.238762 26.821565 27.413375
 149.800000 0.202205 20.564908 27.413375
 150.000000 0.206797 22.227538 27.675824
 150.200000 0.234363 26.361632 27.675824
 150.400000 0.251593 28.758282 27.675824
 150.600000 0.264228 30.149261 27.675824
 150.800000 0.273681 30.631398 27.675824
 151.000000 0.273654 30.630317 27.675824
 151.200000 0.257415 29.772565 27.675824
 151.400000 0.257505 29.784485 27.675824
 151.600000 0.244179 27.707176 27.675824
 151.800000 0.237713 26.778241 27.675824
 152.000000 0.240121 27.103112 27.675824
 152.200000 0.262486 30.528561 27.675824
 152.400000 0.268822 30.925148 27.675824
 152.600000 0.257728 30.076072 27.675824
 152.800000 0.247120 28.648639 27.675824
 153.000000 0.228343 26.159006 27.675824
 153.200000 0.249005 29.137856 27.675824
 153.400000 0.267713 30.886204 27.675824
 153.600000 0.256259 30.003214 27.675824
 153.800000 0.266398 30.818797 27.675824
 154.000000 0.253923 29.742102 27.675824
 154.200000 0.244216 28.905460 27.675824
 154.400000 0.250028 29.717326 27.675824
 154.600000 0.237521 27.976831 27.675824
 154.800000 0.251943 29.967234 27.675824
 155.000000 0.255704 30.405052 28.367717
 155.200000 0.261850 31.339931 28.367717
 155.400000 0.244940 29.357279 28.367717
 155.600000 0.260520 31.263647 28.367717
 155.800000 0.276788 31.529136 28.367717
 156.000000 0.269522 31.535203 28.367717
 156.200000 0.284440 31.731058 28.367717
 156.400000 0.280899 31.829497 28.367717
 156.600000 0.295296 31.172905 28.367717
 156.800000 0.324148 28.329247 28.367717
 157.000000 0.320487 29.002126 28.367717
 157.200000 0.311178 30.455451 28.367717
 157.400000 0.295332 31.287558 28.367717
 157.600000 0.313675 30.279428 28.367717
 157.800000 0.314777 30.186177 28.367717
 158.000000 0.310015 30.523827 28.367717
 158.200000 0.297930 31.469922 28.367717
 158.400000 0.316507 30.424350 28.367717
 158.600000 0.310075 30.969756 28.367717
 158.800000 0.297069 31.501615 28.367717
 159.000000 0.296285 31.530425 28.367717
 159.200000 0.306071 31.506669 28.367717
 159.400000 0.317338 30.479796 28.367717
 159.600000 0.293189 32.062611 28.367717
 159.800000 0.295548 31.986607 28.367717
 160.000000 0.305602 31.532742 29.233996
 160.200000 0.275607 32.188234 29.233996
 160.400000 0.298740 32.250610 29.233996
 160.600000 0.283743 32.322941 29.233996
 160.800000 0.272808 32.147114 29.233996
 161.000000 0.286881 32.366809 29.233996
 161.200000 0.306207 32.108203 29.233996
 161.400000 0.286433 32.775528 29.233996
 161.600000 0.291964 32.768887 29.233996
 161.800000 0.314395 31.295033 29.233996
 162.000000 0.328982 28.004075 29.233996
 162.200000 0.314544 31.590809 29.233996
 162.400000 0.316217 31.380137 29.233996
 162.600000 0.332921 27.277966 29.233996
 162.800000 0.328448 28.667294 29.233996
 163.000000 0.319834 30.799535 29.233996
 163.200000 0.319606 31.285318 29.233996
 163.400000 0.324180 30.272112 29.233996
 163.600000 0.316437 31.782437 29.233996
 163.800000 0.309528 32.403851 29.233996
 164.000000 0.291409 32.870442 29.233996
 164.200000 0.289776 33.266732 29.233996
 164.400000 0.301497 33.037461 29.233996
 164.600000 0.308497 32.669226 29.233996
 164.800000 0.303408 32.952343 29.233996
 165.000000 0.305900 32.825173 30.108975
 165.200000 0.314980 32.414958 30.108975
 165.400000 0.297789 33.522057 30.108975
 165.600000 0.292361 33.542713 30.108975
 165.800000 0.312791 32.686519 30.108975
 166.000000 0.309588 32.987627 30.108975
 166.200000 0.309134 33.424913 30.108975
 166.400000 0.312778 33.081508 30.108975
 166.600000 0.319440 31.979336 30.108975
 166.800000 0.312965 33.059518 30.108975
 167.000000 0.313209 33.030125 30.108975
 167.200000 0.314188 33.305012 30.108975
 167.400000 0.329839 29.106056 30.108975
 167.600000 0.329684 29.163204 30.108975
 167.800000 0.341551 25.006061 30.108975
 168.000000 0.340109 25.442713 30.108975
 168.200000 0.338719 26.450144 30.108975
 168.400000 0.333661 28.195052 30.108975
 168.600000 0.363635 19.552541 30.108975
 168.800000 0.384755 10.201954 30.108975
 169.000000 0.375731 14.015118 30.108975
 169.200000 0.378716 13.552297 30.108975
 169.400000 0.395444 7.592295 30.108975
 169.600000 0.399321 6.627251 30.108975
 169.800000 0.409752 4.353939 30.108975
 170.000000 0.396577 7.300268 30.523507
 170.200000 0.398857 7.987887 30.523507
 170.400000 0.390583 10.136503 30.523507
 170.600000 0.374317 16.045744 30.523507
 170.800000 0.358774 21.767515 30.523507
 171.000000 0.385410 11.692089 30.523507
 171.200000 0.414424 4.237269 30.523507
 171.400000 0.382750 13.633844 30.523507
 171.600000 0.382340 13.778017 30.523507
 171.800000 0.388528 11.739523 30.523507
 172.000000 0.377776 15.475574 30.523507
 172.200000 0.353634 23.271426 30.523507
 172.400000 0.359320 22.264412 30.523507
 172.600000 0.375881 17.088023 30.523507
 172.800000 0.392873 10.965634 30.523507
 173.000000 0.397132 9.570370 30.523507
 173.200000 0.397728 10.518133 30.523507
 173.400000 0.390990 12.640155 30.523507
 173.600000 0.382951 15.121131 30.523507
 173.800000 0.377510 16.941217 30.523507
 174.000000 0.360461 22.079644 30.523507
 174.200000 0.354566 23.744045 30.523507
 174.400000 0.352034 24.098301 30.523507
 174.600000 0.355610 23.590252 30.523507
 174.800000 0.339318 26.583806 30.523507
 175.000000 0.338848 26.718047 30.560451
 175.200000 0.352933 24.315981 30.560451
 175.400000 0.366114 21.406368 30.560451
 175.600000 0.367938 20.817310 30.560451
 175.800000 0.376283 17.763387 30.560451
 176.000000 0.360883 22.825396 30.560451
 176.200000 0.372565 19.634310 30.560451
 176.400000 0.371851 19.917012 30.560451
 176.600000 0.380956 16.296573 30.560451
 176.800000 0.393869 11.862517 30.560451
 177.000000 0.400433 9.647768 30.560451
 177.200000 0.392108 13.415399 30.560451
 177.400000 0.374690 19.039609 30.560451
 177.600000 0.379397 17.322447 30.560451
 177.800000 0.417221 4.657415 30.560451
 178.000000 0.421280 3.444482 30.560451
 178.200000 0.426260 3.668052 30.560451
 178.400000 0.428750 3.096563 30.560451
 178.600000 0.429308 2.975393 30.560451
 178.800000 0.426532 3.603246 30.560451
 179.000000 0.416147 6.426796 30.560451
 179.200000 0.425467 4.943046 30.560451
 179.400000 0.425390 4.965436 30.560451
 179.600000 0.428537 4.077179 30.560451
 179.800000 0.423909 5.399269 30.560451
 180.000000 0.409664 9.663950 30.533389
