#! FIELDS time d metad.bias metad.rct
 0.000000 0.307293 0.000000 0.000000
 0.200000 0.292627 0.000000 0.000000
 0.400000 0.296043 0.000000 0.000000
 0.600000 0.264816 0.000000 0.000000
 0.800000 0.275890 0.000000 0.000000
 1.000000 0.287350 0.000000 0.000000
 1.200000 0.295889 1.487703 0.000000
 1.400000 0.300049 1.221926 0.000000
 1.600000 0.295063 1.532844 0.000000
 1.800000 0.295315 1.519435 0.000000
 2.000000 0.294601 1.556656 0.000000
 2.200000 0.291436 3.282874 0.000000
 2.400000 0.289892 3.279107 0.000000
 2.600000 0.296584 3.065867 0.000000
 2.800000 0.300767 2.672116 0.000000
 3.000000 0.296555 3.067976 0.000000
 3.200000 0.290737 4.700862 0.000000
 3.400000 0.292752 4.738364 0.000000
 3.600000 0.302892 3.818674 0.000000
 3.800000 0.313746 1.880861 0.000000
 4.000000 0.313453 1.929808 0.000000
 4.200000 0.318213 2.741749 0.000000
 4.400000 0.323865 1.877961 0.000000
 4.600000 0.300953 5.247302 0.000000
 4.800000 0.283426 4.180891 0.000000
 5.000000 0.302776 5.083108 1.731176
 5.200000 0.333038 1.011237 1.731176
 5.400000 0.352281 0.056653 1.731176
 5.600000 0.335309 0.780377 1.731176
 5.800000 0.315779 4.102289 1.731176
 6.000000 0.331535 1.187939 1.731176
 6.200000 0.327343 3.381675 1.731176
 6.400000 0.323126 3.955317 1.731176
 6.600000 0.317380 4.808312 1.731176
 6.800000 0.315694 5.070184 1.731176
 7.000000 0.317824 4.739773 1.731176
 7.200000 0.315649 6.479288 1.731176
 7.400000 0.331877 3.717919 1.731176
 7.600000 0.339688 2.366728 1.731176
 7.800000 0.346544 1.388176 1.731176
 8.000000 0.341114 2.142575 1.731176
 8.200000 0.321259 6.264526 1.731176
 8.400000 0.318742 6.534616 1.731176
 8.600000 0.283028 4.792700 1.731176
 8.800000 0.274583 2.714462 1.731176
 9.000000 0.255286 0.263112 1.731176
 9.200000 0.258237 2.113012 1.731176
 9.400000 0.272003 3.094486 1.731176
 9.600000 0.286211 5.775813 1.731176
 9.800000 0.283898 5.288587 1.731176
 10.000000 0.282216 4.929450 3.348585
 10.200000 0.274118 4.609956 3.348585
 10.400000 0.280946 6.061514 3.348585
 10.600000 0.286182 7.126589 3.348585
 10.800000 0.275639 4.918345 3.348585
 11.000000 0.266988 3.411616 3.348585
 11.200000 0.278197 6.598750 3.348585
 11.400000 0.270824 5.455222 3.348585
 11.600000 0.265635 4.732919 3.348585
 11.800000 0.274022 5.937451 3.348585
 12.000000 0.283044 7.355405 3.348585
 12.200000 0.285481 8.941954 3.348585
 12.400000 0.276127 7.401932 3.348585
 12.600000 0.262828 4.872137 3.348585
 12.800000 0.271640 6.519492 3.348585
 13.000000 0.263950 5.070328 3.348585
 13.200000 0.269923 7.473715 3.348585
 13.400000 0.268734 7.281836 3.348585
 13.600000 0.272452 7.868010 3.348585
 13.800000 0.259503 5.637339 3.348585
 14.000000 0.248718 3.400169 3.348585
 14.200000 0.238000 2.625122 3.348585
 14.400000 0.244624 4.025953 3.348585
 14.600000 0.248436 4.845337 3.348585
 14.800000 0.246157 4.359540 3.348585
 15.000000 0.260489 6.931939 5.201748
 15.200000 0.282670 9.742146 5.201748
 15.400000 0.303676 8.775275 5.201748
 15.600000 0.316361 6.993575 5.201748
 15.800000 0.309784 7.920799 5.201748
 16.000000 0.306508 8.389112 5.201748
 16.200000 0.317155 7.822412 5.201748
 16.400000 0.308332 9.324853 5.201748
 16.600000 0.309575 9.130109 5.201748
 16.800000 0.310571 8.968208 5.201748
 17.000000 0.296735 10.505083 5.201748
 17.200000 0.320264 7.590339 5.201748
 17.400000 0.322299 7.172276 5.201748
 17.600000 0.312621 9.246345 5.201748
 17.800000 0.311771 9.429590 5.201748
 18.000000 0.306291 10.518172 5.201748
 18.200000 0.320404 8.263901 5.201748
 18.400000 0.328881 6.272909 5.201748
 18.600000 0.331326 5.761157 5.201748
 18.800000 0.313002 10.154432 5.201748
 19.000000 0.316890 9.165407 5.201748
 19.200000 0.311779 11.549733 5.201748
 19.400000 0.319453 9.652280 5.201748
 19.600000 0.337185 5.085460 5.201748
 19.800000 0.347037 3.008001 5.201748
 20.000000 0.335594 5.454208 7.750595
 20.200000 0.357722 1.764784 7.750595
 20.400000 0.369805 0.413908 7.750595
 20.600000 0.352660 2.739504 7.750595
 20.800000 0.344377 4.688018 7.750595
 21.000000 0.328228 8.504047 7.750595
 21.200000 0.312616 12.485339 7.750595
 21.400000 0.315196 12.121132 7.750595
 21.600000 0.316575 11.908374 7.750595
 21.800000 0.312426 12.510148 7.750595
 22.000000 0.314426 12.234677 7.750595
 22.200000 0.335980 8.144044 7.750595
 22.400000 0.358547 1.792952 7.750595
 22.600000 0.348161 4.335289 7.750595
 22.800000 0.345495 5.145009 7.750595
 23.000000 0.352487 3.137602 7.750595
 23.200000 0.348190 5.787042 7.750595
 23.400000 0.354881 4.056869 7.750595
 23.600000 0.358059 3.304815 7.750595
 23.800000 0.354391 4.178158 7.750595
 24.000000 0.368231 1.425728 7.750595
 24.200000 0.387644 0.814424 7.750595
 24.400000 0.385399 1.006157 7.750595
 24.600000 0.379065 1.668008 7.750595
 24.800000 0.379437 1.624821 7.750595
 25.000000 0.379973 1.563411 8.801211
 25.200000 0.352377 5.923684 8.801211
 25.400000 0.330186 10.407043 8.801211
 25.600000 0.336240 9.095643 8.801211
 25.800000 0.337800 8.756675 8.801211
 26.000000 0.345245 7.191189 8.801211
 26.200000 0.352895 6.960171 8.801211
 26.400000 0.370168 4.436549 8.801211
 26.600000 0.347514 8.008984 8.801211
 26.800000 0.334280 10.495026 8.801211
 27.000000 0.344328 8.643184 8.801211
 27.200000 0.329989 11.958413 8.801211
 27.400000 0.333373 11.560077 8.801211
 27.600000 0.339304 10.730740 8.801211
 27.800000 0.334331 11.439454 8.801211
 28.000000 0.346329 9.425849 8.801211
 28.200000 0.352130 9.211672 8.801211
 28.400000 0.344349 10.969776 8.801211
 28.600000 0.350356 9.654456 8.801211
 28.800000 0.348371 10.125656 8.801211
 29.000000 0.334095 12.293488 8.801211
 29.200000 0.357000 8.264617 8.801211
 29.400000 0.376084 4.059873 8.801211
 29.600000 0.389535 2.043687 8.801211
 29.800000 0.386092 2.530019 8.801211
 30.000000 0.388293 2.215520 9.813568
 30.200000 0.390073 3.544974 9.813568
 30.400000 0.376063 5.199504 9.813568
 30.600000 0.378471 4.959679 9.813568
 30.800000 0.374353 5.372408 9.813568
 31.000000 0.366955 6.300447 9.813568
 31.200000 0.363751 8.159289 9.813568
 31.400000 0.352228 10.573703 9.813568
 31.600000 0.365356 7.882728 9.813568
 31.800000 0.367780 7.493602 9.813568
 32.000000 0.359214 9.030691 9.813568
 32.200000 0.356700 10.721433 9.813568
 32.400000 0.348197 12.353478 9.813568
 32.600000 0.341119 13.288412 9.813568
 32.800000 0.320748 13.971509 9.813568
 33.000000 0.325865 13.862685 9.813568
 33.200000 0.352639 11.733950 9.813568
 33.400000 0.351412 11.999567 9.813568
 33.600000 0.354111 11.409751 9.813568
 33.800000 0.349655 12.369093 9.813568
 34.000000 0.350242 12.247408 9.813568
 34.200000 0.353509 12.533172 9.813568
 34.400000 0.395598 2.971066 9.813568
 34.600000 0.387432 4.681836 9.813568
 34.800000 0.374854 7.415239 9.813568
 35.000000 0.359629 11.021927 11.172530
 35.200000 0.355418 13.104140 11.172530
 35.400000 0.372935 8.560994 11.172530
 35.600000 0.384989 5.467096 11.172530
 35.800000 0.379815 6.767186 11.172530
 36.000000 0.396198 2.906612 11.172530
 36.200000 0.388830 5.901558 11.172530
 36.400000 0.362033 11.586940 11.172530
 36.600000 0.360324 12.001971 11.172530
 36.800000 0.343903 14.986410 11.172530
 37.000000 0.318271 15.001304 11.172530
 37.200000 0.330601 15.921295 11.172530
 37.400000 0.357918 12.599540 11.172530
 37.600000 0.346331 14.881105 11.172530
 37.800000 0.343553 15.233055 11.172530
 38.000000 0.335258 15.814140 11.172530
 38.200000 0.313320 16.077875 11.172530
 38.400000 0.326022 16.663187 11.172530
 38.600000 0.350870 14.629927 11.172530
 38.800000 0.353151 14.096907 11.172530
 39.000000 0.352087 14.350914 11.172530
 39.200000 0.366114 11.293481 11.172530
 39.400000 0.363322 12.125821 11.172530
 39.600000 0.344585 16.639852 11.172530
 39.800000 0.344154 16.692224 11.172530
 40.000000 0.360554 12.956340 12.866570
