#! FIELDS time d metad.bias metad.rct
 0.000000 0.307293 0.000000 0.000000
 0.200000 0.287393 0.000000 0.000000
 0.400000 0.301946 0.000000 0.000000
 0.600000 0.292773 0.000000 0.000000
 0.800000 0.296237 0.000000 0.000000
 1.000000 0.298103 0.000000 0.000000
 1.200000 0.311151 1.197620 0.000000
 1.400000 0.315817 0.869646 0.000000
 1.600000 0.318529 0.690341 0.000000
 1.800000 0.297085 1.745968 0.000000
 2.000000 0.296550 1.740625 0.000000
 2.200000 0.297896 3.362745 0.000000
 2.400000 0.286856 2.633993 0.000000
 2.600000 0.285710 2.489592 0.000000
 2.800000 0.299584 3.328059 0.000000
 3.000000 0.302043 3.204718 0.000000
 3.200000 0.290162 4.107347 0.000000
 3.400000 0.277081 1.726726 0.000000
 3.600000 0.281525 2.521568 0.000000
 3.800000 0.306455 4.252675 0.000000
 4.000000 0.313037 3.107589 0.000000
 4.200000 0.304856 5.773302 0.000000
 4.400000 0.289850 4.517977 0.000000
 4.600000 0.283438 3.104422 0.000000
 4.800000 0.285517 3.570951 0.000000
 5.000000 0.293235 5.152626 1.835952
 5.200000 0.284325 4.468363 1.835952
 5.400000 0.270497 1.301963 1.835952
 5.600000 0.272442 1.626164 1.835952
 5.800000 0.275114 2.148920 1.835952
 6.000000 0.286588 5.072315 1.835952
 6.200000 0.270539 2.095037 1.835952
 6.400000 0.277338 3.802147 1.835952
 6.600000 0.283769 5.689090 1.835952
 6.800000 0.294606 7.960066 1.835952
 7.000000 0.304409 7.543722 1.835952
 7.200000 0.305169 8.659110 1.835952
 7.400000 0.321848 3.744292 1.835952
 7.600000 0.330003 1.752964 1.835952
 7.800000 0.324819 2.917715 1.835952
 8.000000 0.337183 0.734637 1.835952
 8.200000 0.322537 4.593641 1.835952
 8.400000 0.327373 3.664154 1.835952
 8.600000 0.320057 5.169321 1.835952
 8.800000 0.314268 6.691493 1.835952
 9.000000 0.324355 4.213737 1.835952
 9.200000 0.314816 7.726824 1.835952
 9.400000 0.315223 7.636244 1.835952
 9.600000 0.316163 7.426308 1.835952
 9.800000 0.316737 7.297655 1.835952
 10.000000 0.308303 9.033918 4.672827
 10.200000 0.320650 7.266258 4.672827
 10.400000 0.326709 5.759240 4.672827
 10.600000 0.320167 7.392644 4.672827
 10.800000 0.340006 3.120932 4.672827
 11.000000 0.329023 5.235821 4.672827
 11.200000 0.330660 6.261768 4.672827
 11.400000 0.350535 2.045243 4.672827
 11.600000 0.347660 2.571025 4.672827
 11.800000 0.359005 0.882044 4.672827
 12.000000 0.368383 0.250285 4.672827
 12.200000 0.334660 5.509550 4.672827
 12.400000 0.348135 3.174029 4.672827
 12.600000 0.322544 8.052251 4.672827
 12.800000 0.337032 5.035775 4.672827
 13.000000 0.346673 3.369006 4.672827
 13.200000 0.344860 5.131474 4.672827
 13.400000 0.346409 4.912132 4.672827
 13.600000 0.345916 4.981527 4.672827
 13.800000 0.361614 3.123105 4.672827
 14.000000 0.363904 2.910472 4.672827
 14.200000 0.358713 4.855511 4.672827
 14.400000 0.339015 6.359717 4.672827
 14.600000 0.345730 5.744026 4.672827
 14.800000 0.373266 3.326664 4.672827
 15.000000 0.377958 2.612510 5.425199
 15.200000 0.339325 6.382047 5.425199
 15.400000 0.338320 6.475605 5.425199
 15.600000 0.350327 5.682629 5.425199
 15.800000 0.333001 7.036926 5.425199
 16.000000 0.302720 11.071407 5.425199
 16.200000 0.312898 11.005609 5.425199
 16.400000 0.324982 8.461186 5.425199
 16.600000 0.323019 8.843367 5.425199
 16.800000 0.322946 8.858183 5.425199
 17.000000 0.319741 9.530045 5.425199
 17.200000 0.327572 8.996564 5.425199
 17.400000 0.325380 9.453275 5.425199
 17.600000 0.338555 7.033030 5.425199
 17.800000 0.340322 6.783132 5.425199
 18.000000 0.343631 6.377606 5.425199
 18.200000 0.330260 9.345453 5.425199
 18.400000 0.332143 9.086506 5.425199
 18.600000 0.338955 8.229144 5.425199
 18.800000 0.329406 9.467198 5.425199
 19.000000 0.325569 10.050021 5.425199
 19.200000 0.316835 12.499297 5.425199
 19.400000 0.323993 11.419808 5.425199
 19.600000 0.342225 8.453907 5.425199
 19.800000 0.340535 8.723061 5.425199
 20.000000 0.352179 7.090333 7.859564
 20.200000 0.350057 8.602017 7.859564
 20.400000 0.341881 9.515799 7.859564
 20.600000 0.344906 9.176963 7.859564
 20.800000 0.327288 11.212567 7.859564
 21.000000 0.349353 8.680260 7.859564
 21.200000 0.359288 8.510013 7.859564
 21.400000 0.367864 6.950067 7.859564
 21.600000 0.380389 4.190692 7.859564
 21.800000 0.395491 1.316415 7.859564
 22.000000 0.398409 0.962958 7.859564
 22.200000 0.390285 3.578522 7.859564
 22.400000 0.370265 6.740539 7.859564
 22.600000 0.357518 8.825968 7.859564
 22.800000 0.340978 10.633803 7.859564
 23.000000 0.310513 13.249650 7.859564
 23.200000 0.306826 14.292078 7.859564
 23.400000 0.312768 14.047147 7.859564
 23.600000 0.323793 12.593865 7.859564
 23.800000 0.312247 14.093993 7.859564
 24.000000 0.304593 14.177525 7.859564
 24.200000 0.302701 14.896918 7.859564
 24.400000 0.287153 9.310994 7.859564
 24.600000 0.277033 4.605290 7.859564
 24.800000 0.280072 5.896879 7.859564
 25.000000 0.268555 1.951335 9.573181
 25.200000 0.281523 7.665907 9.573181
 25.400000 0.288834 10.776657 9.573181
 25.600000 0.260132 2.005753 9.573181
 25.800000 0.292695 12.353045 9.573181
 26.000000 0.274868 5.256301 9.573181
 26.200000 0.275664 6.894024 9.573181
 26.400000 0.280703 8.621356 9.573181
 26.600000 0.288246 11.454471 9.573181
 26.800000 0.280798 8.655831 9.573181
 27.000000 0.281916 9.065283 9.573181
 27.200000 0.273150 7.097674 9.573181
 27.400000 0.273583 7.244643 9.573181
 27.600000 0.287998 12.437696 9.573181
 27.800000 0.258158 2.804625 9.573181
 28.000000 0.259086 3.016487 9.573181
 28.200000 0.250851 2.756518 9.573181
 28.400000 0.257957 4.285314 9.573181
 28.600000 0.267033 6.473523 9.573181
 28.800000 0.260289 4.828391 9.573181
 29.000000 0.253155 3.226063 9.573181
 29.200000 0.242267 2.499782 9.573181
 29.400000 0.252390 4.580525 9.573181
 29.600000 0.251210 4.330558 9.573181
 29.800000 0.260704 6.261520 9.573181
 30.000000 0.253607 4.836681 10.230423
 30.200000 0.254387 6.408061 10.230423
 30.400000 0.248905 5.185219 10.230423
 30.600000 0.238155 2.612177 10.230423
 30.800000 0.243725 3.914285 10.230423
 31.000000 0.240851 3.221690 10.230423
 31.200000 0.242997 5.236686 10.230423
 31.400000 0.269285 8.963257 10.230423
 31.600000 0.270671 9.122495 10.230423
 31.800000 0.243684 5.393480 10.230423
 32.000000 0.250587 6.808410 10.230423
 32.200000 0.236400 4.521103 10.230423
 32.400000 0.233944 3.840413 10.230423
 32.600000 0.241429 5.945200 10.230423
 32.800000 0.251312 8.225383 10.230423
 33.000000 0.234591 4.016773 10.230423
 33.200000 0.236311 5.949770 10.230423
 33.400000 0.248370 8.630179 10.230423
 33.600000 0.239896 6.889199 10.230423
 33.800000 0.222054 2.336453 10.230423
 34.000000 0.220533 2.038877 10.230423
 34.200000 0.235898 6.781931 10.230423
 34.400000 0.237175 7.044580 10.230423
 34.600000 0.257353 9.501767 10.230423
 34.800000 0.287332 12.754812 10.230423
 35.000000 0.281508 11.277189 10.691390
 35.200000 0.272460 10.739980 10.691390
 35.400000 0.258174 9.831757 10.691390
 35.600000 0.258816 9.862447 10.691390
 35.800000 0.267028 10.252576 10.691390
 36.000000 0.264067 10.091690 10.691390
 36.200000 0.242508 8.488751 10.691390
 36.400000 0.256543 10.729239 10.691390
 36.600000 0.280563 12.735542 10.691390
 36.800000 0.287633 14.133869 10.691390
 37.000000 0.286930 13.985663 10.691390
 37.200000 0.273731 12.446737 10.691390
 37.400000 0.273949 12.476438 10.691390
 37.600000 0.277288 12.989990 10.691390
 37.800000 0.266490 11.691040 10.691390
 38.000000 0.257107 10.907376 10.691390
 38.200000 0.283695 14.457944 10.691390
 38.400000 0.286183 14.928743 10.691390
 38.600000 0.279985 13.815519 10.691390
 38.800000 0.273974 13.050996 10.691390
 39.000000 0.278642 13.611363 10.691390
 39.200000 0.266984 13.303267 10.691390
 39.400000 0.262121 12.887680 10.691390
 39.600000 0.260097 12.684128 10.691390
 39.800000 0.260483 12.724983 10.691390
 40.000000 0.267811 13.371782 12.219766
 40.200000 0.255738 12.825131 12.219766
 40.400000 0.244204 9.951781 12.219766
 40.600000 0.249285 11.368976 12.219766
 40.800000 0.244960 10.172117 12.219766
 41.000000 0.249262 11.363066 12.219766
 41.200000 0.252440 13.171500 12.219766
 41.400000 0.242321 10.341968 12.219766
 41.600000 0.233316 7.357191 12.219766
 41.800000 0.231549 6.803580 12.219766
 42.000000 0.222886 4.421857 12.219766
 42.200000 0.216441 4.333971 12.219766
 42.400000 0.237837 9.718488 12.219766
 42.600000 0.256077 13.960984 12.219766
 42.800000 0.257243 14.110848 12.219766
 43.000000 0.242956 11.134344 12.219766
 43.200000 0.245399 12.835179 12.219766
 43.400000 0.269482 15.127382 12.219766
 43.600000 0.271370 15.160735 12.219766
 43.800000 0.244506 12.609913 12.219766
 44.000000 0.239095 11.099063 12.219766
 44.200000 0.248763 14.464485 12.219766
 44.400000 0.244071 13.507309 12.219766
 44.600000 0.227575 8.429583 12.219766
 44.800000 0.253390 15.059271 12.219766
 45.000000 0.272642 15.279858 13.036530
 45.200000 0.268835 16.124834 13.036530
 45.400000 0.277761 16.328241 13.036530
 45.600000 0.273028 16.173059 13.036530
 45.800000 0.259681 15.963877 13.036530
 46.000000 0.268992 16.125858 13.036530
 46.200000 0.252905 15.864417 13.036530
 46.400000 0.272089 16.992107 13.036530
 46.600000 0.298135 17.538127 13.036530
 46.800000 0.279959 17.096785 13.036530
 47.000000 0.273240 16.996971 13.036530
 47.200000 0.285962 17.887064 13.036530
 47.400000 0.294066 17.898171 13.036530
 47.600000 0.297119 17.798813 13.036530
 47.800000 0.272120 17.810693 13.036530
 48.000000 0.270745 17.797011 13.036530
 48.200000 0.260770 17.956727 13.036530
 48.400000 0.254116 16.845673 13.036530
 48.600000 0.214418 4.318432 13.036530
 48.800000 0.206425 2.365544 13.036530
 49.000000 0.226927 8.250983 13.036530
 49.200000 0.219376 6.848288 13.036530
 49.400000 0.206444 2.844965 13.036530
 49.600000 0.219298 6.821236 13.036530
 49.800000 0.222367 7.887896 13.036530
 50.000000 0.221242 7.495803 14.468528
 50.200000 0.209214 4.490902 14.468528
 50.400000 0.209105 4.455121 14.468528
 50.600000 0.206683 3.686770 14.468528
 50.800000 0.213353 5.921691 14.468528
 51.000000 0.233863 12.634585 14.468528
 51.200000 0.246344 16.382223 14.468528
 51.400000 0.235129 13.965214 14.468528
 51.600000 0.217265 7.872646 14.468528
 51.800000 0.207662 4.204931 14.468528
 52.000000 0.203334 2.865661 14.468528
 52.200000 0.216022 8.449649 14.468528
 52.400000 0.219045 9.473606 14.468528
 52.600000 0.218379 9.249437 14.468528
 52.800000 0.221327 10.229806 14.468528
 53.000000 0.207161 5.526875 14.468528
 53.200000 0.206997 6.844492 14.468528
 53.400000 0.206557 6.708907 14.468528
 53.600000 0.228839 12.994491 14.468528
 53.800000 0.212371 8.500772 14.468528
 54.000000 0.207123 6.883335 14.468528
 54.200000 0.218604 11.307542 14.468528
 54.400000 0.228967 13.468556 14.468528
 54.600000 0.211421 9.445861 14.468528
 54.800000 0.207415 8.261149 14.468528
 55.000000 0.203292 6.963932 14.628083
 55.200000 0.236969 15.011686 14.628083
 55.400000 0.255953 17.823987 14.628083
 55.600000 0.240767 15.619658 14.628083
 55.800000 0.234907 14.684812 14.628083
 56.000000 0.224508 13.069229 14.628083
 56.200000 0.197684 6.566497 14.628083
 56.400000 0.185375 2.593003 14.628083
 56.600000 0.194127 5.285365 14.628083
 56.800000 0.215666 12.321535 14.628083
 57.000000 0.223067 13.810470 14.628083
 57.200000 0.218764 13.914158 14.628083
 57.400000 0.197323 6.650050 14.628083
 57.600000 0.186310 2.879574 14.628083
 57.800000 0.185452 2.651313 14.628083
 58.000000 0.176643 0.961994 14.628083
 58.200000 0.167764 1.651451 14.628083
 58.400000 0.191660 5.559532 14.628083
 58.600000 0.183692 3.719988 14.628083
 58.800000 0.195564 6.726195 14.628083
 59.000000 0.192284 5.735434 14.628083
 59.200000 0.196787 8.415680 14.628083
 59.400000 0.186770 5.607629 14.628083
 59.600000 0.196116 8.214460 14.628083
 59.800000 0.186503 5.541034 14.628083
 60.000000 0.184379 5.028797 14.825028
 60.200000 0.178981 5.179711 14.825028
 60.400000 0.176922 4.711807 14.825028
 60.600000 0.178063 4.970333 14.825028
 60.800000 0.189819 7.713327 14.825028
 61.000000 0.191510 8.120769 14.825028
 61.200000 0.187667 8.379946 14.825028
 61.400000 0.178775 5.981950 14.825028
 61.600000 0.174274 4.748709 14.825028
 61.800000 0.169242 3.456741 14.825028
 62.000000 0.181465 6.723460 14.825028
 62.200000 0.179607 7.498960 14.825028
 62.400000 0.190028 10.078019 14.825028
 62.600000 0.200753 11.959494 14.825028
 62.800000 0.209047 13.227029 14.825028
 63.000000 0.194300 10.895327 14.825028
 63.200000 0.188309 10.707156 14.825028
 63.400000 0.191235 11.376347 14.825028
 63.600000 0.199869 12.826199 14.825028
 63.800000 0.193572 11.840192 14.825028
 64.000000 0.184329 9.639370 14.825028
 64.200000 0.185317 11.057616 14.825028
 64.400000 0.182577 10.245928 14.825028
 64.600000 0.177148 8.351574 14.825028
 64.800000 0.177121 8.341642 14.825028
 65.000000 0.193409 12.757822 14.932607
 65.200000 0.190783 13.293783 14.932607
 65.400000 0.207734 14.712633 14.932607
 65.600000 0.234521 16.206728 14.932607
 65.800000 0.207786 14.714349 14.932607
 66.000000 0.213323 14.925612 14.932607
 66.200000 0.219840 16.096644 14.932607
 66.400000 0.224962 16.267243 14.932607
 66.600000 0.228977 16.376033 14.932607
 66.800000 0.224885 16.264996 14.932607
 67.000000 0.207319 15.529666 14.932607
 67.200000 0.192173 14.408704 14.932607
 67.400000 0.191099 14.142474 14.932607
 67.600000 0.182137 11.167140 14.932607
 67.800000 0.191222 14.173867 14.932607
 68.000000 0.219719 16.714247 14.932607
 68.200000 0.231465 17.293728 14.932607
 68.400000 0.218103 17.532196 14.932607
 68.600000 0.218969 17.541332 14.932607
 68.800000 0.209075 17.138530 14.932607
 69.000000 0.208809 17.118393 14.932607
 69.200000 0.219834 18.168449 14.932607
 69.400000 0.223574 18.017995 14.932607
 69.600000 0.217089 18.216054 14.932607
 69.800000 0.212154 18.131851 14.932607
 70.000000 0.203406 17.359608 15.740302
 70.200000 0.226238 18.121477 15.740302
 70.400000 0.241520 17.320772 15.740302
 70.600000 0.237137 17.379249 15.740302
 70.800000 0.239123 17.331803 15.740302
 71.000000 0.241566 17.321070 15.740302
 71.200000 0.231734 18.325350 15.740302
 71.400000 0.215533 18.974360 15.740302
 71.600000 0.242798 18.142010 15.740302
 71.800000 0.249083 18.311310 15.740302
 72.000000 0.249325 18.320431 15.740302
 72.200000 0.221043 18.978926 15.740302
 72.400000 0.225027 18.871573 15.740302
 72.600000 0.230438 18.733839 15.740302
 72.800000 0.235120 18.694487 15.740302
 73.000000 0.240802 18.784710 15.740302
 73.200000 0.240322 19.529438 15.740302
 73.400000 0.244753 19.646823 15.740302
 73.600000 0.226805 19.310285 15.740302
 73.800000 0.212282 19.092033 15.740302
 74.000000 0.211440 19.046146 15.740302
 74.200000 0.214045 19.906953 15.740302
 74.400000 0.210772 19.753573 15.740302
 74.600000 0.224514 19.818189 15.740302
 74.800000 0.234277 19.617396 15.740302
 75.000000 0.222331 19.876892 17.133327
 75.200000 0.229129 20.344251 17.133327
 75.400000 0.230162 20.300705 17.133327
 75.600000 0.249665 19.907206 17.133327
 75.800000 0.256463 19.799122 17.133327
 76.000000 0.257537 19.772075 17.133327
 76.200000 0.253399 20.559543 17.133327
 76.400000 0.246143 20.477014 17.133327
 76.600000 0.224857 20.586468 17.133327
 76.800000 0.206386 19.741575 17.133327
 77.000000 0.214591 20.563326 17.133327
 77.200000 0.238127 20.554095 17.133327
 77.400000 0.237545 20.563906 17.133327
 77.600000 0.245480 20.546044 17.133327
 77.800000 0.263375 20.239523 17.133327
 78.000000 0.257299 20.514353 17.133327
 78.200000 0.234476 20.867306 17.133327
 78.400000 0.249163 21.185643 17.133327
 78.600000 0.247282 21.125283 17.133327
 78.800000 0.248053 21.151473 17.133327
 79.000000 0.231599 20.931916 17.133327
 79.200000 0.256909 21.391050 17.133327
 79.400000 0.247610 21.525743 17.133327
 79.600000 0.238248 21.488991 17.133327
 79.800000 0.247846 21.527168 17.133327
 80.000000 0.248743 21.531069 18.650781
 80.200000 0.218987 21.942116 18.650781
 80.400000 0.237809 22.006204 18.650781
 80.600000 0.257058 21.959539 18.650781
 80.800000 0.254851 22.082286 18.650781
 81.000000 0.254592 22.093849 18.650781
 81.200000 0.259876 22.353321 18.650781
 81.400000 0.236999 22.321811 18.650781
 81.600000 0.233614 22.211872 18.650781
 81.800000 0.234586 22.238324 18.650781
 82.000000 0.250272 22.826361 18.650781
 82.200000 0.270869 20.969306 18.650781
 82.400000 0.287217 18.683862 18.650781
 82.600000 0.287520 18.661482 18.650781
 82.800000 0.275926 20.043392 18.650781
 83.000000 0.283001 19.063258 18.650781
 83.200000 0.294055 18.814665 18.650781
 83.400000 0.278359 20.371128 18.650781
 83.600000 0.263278 22.687104 18.650781
 83.800000 0.284304 19.676362 18.650781
 84.000000 0.278905 20.298772 18.650781
 84.200000 0.295309 19.084440 18.650781
 84.400000 0.304097 17.680457 18.650781
 84.600000 0.292024 19.477772 18.650781
 84.800000 0.274436 21.615395 18.650781
 85.000000 0.269481 22.317405 19.973314
 85.200000 0.258636 23.998457 19.973314
 85.400000 0.291390 19.771718 19.973314
 85.600000 0.318482 14.297243 19.973314
 85.800000 0.340110 10.888538 19.973314
 86.000000 0.326197 12.671249 19.973314
 86.200000 0.314068 16.102327 19.973314
 86.400000 0.332518 12.627174 19.973314
 86.600000 0.347394 10.504431 19.973314
 86.800000 0.349257 10.230293 19.973314
 87.000000 0.356589 9.092609 19.973314
 87.200000 0.346118 11.603096 19.973314
 87.400000 0.340211 12.163166 19.973314
 87.600000 0.329325 13.354034 19.973314
 87.800000 0.318651 15.179137 19.973314
 88.000000 0.312228 16.502551 19.973314
 88.200000 0.332002 13.360109 19.973314
 88.400000 0.333756 13.103978 19.973314
 88.600000 0.329450 13.770213 19.973314
 88.800000 0.342148 12.098385 19.973314
 89.000000 0.364404 8.801675 19.973314
 89.200000 0.386191 4.699412 19.973314
 89.400000 0.372892 7.938112 19.973314
 89.600000 0.356058 11.367154 19.973314
 89.800000 0.352394 11.757461 19.973314
 90.000000 0.350939 11.883205 19.995191
 90.200000 0.348058 13.110676 19.995191
 90.400000 0.348850 13.063703 19.995191
 90.600000 0.328894 14.283777 19.995191
 90.800000 0.327070 14.533423 19.995191
 91.000000 0.317120 16.369500 19.995191
 91.200000 0.299583 19.784900 19.995191
 91.400000 0.289546 20.488207 19.995191
 91.600000 0.289596 20.484170 19.995191
 91.800000 0.293736 20.186983 19.995191
 92.000000 0.313904 17.862757 19.995191
 92.200000 0.321630 16.958078 19.995191
 92.400000 0.340132 13.859236 19.995191
 92.600000 0.331484 14.917004 19.995191
 92.800000 0.335514 14.332922 19.995191
 93.000000 0.344585 13.522822 19.995191
 93.200000 0.372161 8.682254 19.995191
 93.400000 0.404182 2.067298 19.995191
 93.600000 0.423512 0.423308 19.995191
 93.800000 0.407788 1.678298 19.995191
 94.000000 0.394283 3.323152 19.995191
 94.200000 0.394502 4.799679 19.995191
 94.400000 0.389421 5.563079 19.995191
 94.600000 0.393364 4.969023 19.995191
 94.800000 0.390893 5.337982 19.995191
 95.000000 0.376761 8.010335 20.061534
 95.200000 0.366719 11.645850 20.061534
 95.400000 0.359256 13.137664 20.061534
 95.600000 0.366769 11.634726 20.061534
 95.800000 0.348617 14.367055 20.061534
 96.000000 0.336889 15.046038 20.061534
 96.200000 0.342354 15.556193 20.061534
 96.400000 0.315463 18.804629 20.061534
 96.600000 0.297213 20.411805 20.061534
 96.800000 0.322238 17.687172 20.061534
 97.000000 0.352882 14.509504 20.061534
 97.200000 0.356053 14.914398 20.061534
 97.400000 0.335807 16.503353 20.061534
 97.600000 0.319918 18.152315 20.061534
 97.800000 0.326196 17.265092 20.061534
 98.000000 0.338650 16.397410 20.061534
 98.200000 0.358326 14.824471 20.061534
 98.400000 0.355349 15.492459 20.061534
 98.600000 0.352171 16.083635 20.061534
 98.800000 0.370042 11.515122 20.061534
 99.000000 0.396095 5.105994 20.061534
 99.200000 0.405708 4.350789 20.061534
 99.400000 0.377847 9.911955 20.061534
 99.600000 0.371372 11.472229 20.061534
 99.800000 0.381888 9.081751 20.061534
 100.000000 0.382188 9.024142 20.084773
 100.200000 0.394437 7.661543 20.084773
 100.400000 0.388295 9.003161 20.084773
 100.600000 0.381911 10.247819 20.084773
 100.800000 0.369341 12.818645 20.084773
 101.000000 0.368504 13.003836 20.084773
 101.200000 0.371465 13.315997 20.084773
 101.400000 0.399150 6.600632 20.084773
 101.600000 0.421614 1.181241 20.084773
 101.800000 0.430972 0.323672 20.084773
 102.000000 0.441471 0.043523 20.084773
 102.200000 0.434286 1.742596 20.084773
 102.400000 0.413362 3.024560 20.084773
 102.600000 0.409405 3.891824 20.084773
 102.800000 0.413976 2.907085 20.084773
 103.000000 0.424351 1.752308 20.084773
 103.200000 0.400245 6.772210 20.084773
 103.400000 0.394882 8.006236 20.084773
 103.600000 0.421310 3.515382 20.084773
 103.800000 0.410072 4.761334 20.084773
 104.000000 0.401205 6.554609 20.084773
 104.200000 0.407961 6.318498 20.084773
 104.400000 0.416063 4.735147 20.084773
 104.600000 0.411636 5.535593 20.084773
 104.800000 0.419640 4.235076 20.084773
 105.000000 0.418593 4.367672 20.050586
 105.200000 0.415851 6.185775 20.050586
 105.400000 0.423303 5.225768 20.050586
 105.600000 0.436081 3.776376 20.050586
 105.800000 0.429059 4.575504 20.050586
 106.000000 0.420640 5.545819 20.050586
 106.200000 0.440119 3.871089 20.050586
 106.400000 0.458556 1.120932 20.050586
 106.600000 0.464233 0.622849 20.050586
 106.800000 0.442601 3.436099 20.050586
 107.000000 0.428087 5.891924 20.050586
 107.200000 0.429216 7.060617 20.050586
 107.400000 0.433292 6.324997 20.050586
 107.600000 0.441099 4.621811 20.050586
 107.800000 0.455880 1.661523 20.050586
 108.000000 0.466472 0.525968 20.050586
 108.200000 0.440718 5.098166 20.050586
 108.400000 0.418729 8.261237 20.050586
 108.600000 0.404885 9.157427 20.050586
 108.800000 0.415306 8.485326 20.050586
 109.000000 0.421895 8.007683 20.050586
 109.200000 0.446551 4.416221 20.050586
 109.400000 0.453940 3.295806 20.050586
 109.600000 0.445566 4.606468 20.050586
 109.800000 0.436383 6.675597 20.050586
 110.000000 0.463594 2.450343 20.007316
 110.200000 0.473684 2.959962 20.007316
 110.400000 0.464627 3.942810 20.007316
 110.600000 0.439144 6.435373 20.007316
 110.800000 0.445975 5.311923 20.007316
 111.000000 0.446670 5.222668 20.007316
 111.200000 0.457663 5.424728 20.007316
 111.400000 0.467199 4.262669 20.007316
 111.600000 0.467594 4.204888 20.007316
 111.800000 0.435976 8.131856 20.007316
 112.000000 0.427163 9.250362 20.007316
 112.200000 0.429847 10.104743 20.007316
 112.400000 0.420983 10.716753 20.007316
 112.600000 0.409572 10.351835 20.007316
 112.800000 0.412044 10.460576 20.007316
 113.000000 0.433602 9.532816 20.007316
 113.200000 0.445009 8.249435 20.007316
 113.400000 0.472159 3.537260 20.007316
 113.600000 0.463508 4.977065 20.007316
 113.800000 0.438169 9.781618 20.007316
 114.000000 0.455111 6.295340 20.007316
 114.200000 0.456125 7.448506 20.007316
 114.400000 0.459027 6.948674 20.007316
 114.600000 0.455329 7.581356 20.007316
 114.800000 0.461358 6.522913 20.007316
 115.000000 0.463321 6.144151 19.968015
 115.200000 0.461760 7.770784 19.968015
 115.400000 0.479708 3.305251 19.968015
 115.600000 0.496436 0.513881 19.968015
 115.800000 0.498580 0.370138 19.968015
 116.000000 0.490088 1.197782 19.968015
 116.200000 0.483423 3.918900 19.968015
 116.400000 0.488204 3.134098 19.968015
 116.600000 0.485419 3.576351 19.968015
 116.800000 0.494216 2.302068 19.968015
 117.000000 0.488584 3.076891 19.968015
 117.200000 0.490013 4.386597 19.968015
 117.400000 0.488318 4.642577 19.968015
 117.600000 0.470656 7.212194 19.968015
 117.800000 0.461940 8.333386 19.968015
 118.000000 0.461289 8.403697 19.968015
 118.200000 0.453486 10.186370 19.968015
 118.400000 0.434378 11.491286 19.968015
 118.600000 0.448784 10.416246 19.968015
 118.800000 0.444854 10.644577 19.968015
 119.000000 0.438407 11.151405 19.968015
 119.200000 0.438689 12.191660 19.968015
 119.400000 0.446011 11.506943 19.968015
 119.600000 0.442482 11.840400 19.968015
 119.800000 0.421723 12.285737 19.968015
 120.000000 0.412851 11.212265 19.935357
