#! FIELDS time d metad.bias metad.rct
 0.000000 0.307293 0.000000 0.000000
 0.200000 0.297638 0.000000 0.000000
 0.400000 0.310805 0.000000 0.000000
 0.600000 0.296899 0.000000 0.000000
 0.800000 0.281528 0.000000 0.000000
 1.000000 0.289942 0.000000 0.000000
 1.200000 0.301642 1.290163 0.000000
 1.400000 0.320257 0.224112 0.000000
 1.600000 0.320646 0.212420 0.000000
 1.800000 0.320310 0.222498 0.000000
 2.000000 0.311574 0.616485 0.000000
 2.200000 0.299179 2.656403 0.000000
 2.400000 0.285222 2.026553 0.000000
 2.600000 0.286971 2.157017 0.000000
 2.800000 0.307758 2.510979 0.000000
 3.000000 0.329489 0.883581 0.000000
 3.200000 0.316113 3.135029 0.000000
 3.400000 0.298763 2.856505 0.000000
 3.600000 0.302820 2.988828 0.000000
 3.800000 0.286748 2.166880 0.000000
 4.000000 0.282540 1.817090 0.000000
 4.200000 0.293830 3.847938 0.000000
 4.400000 0.292913 3.852512 0.000000
 4.600000 0.323195 2.985525 0.000000
 4.800000 0.333132 2.264188 0.000000
 5.000000 0.308154 3.477507 1.345994
 5.200000 0.292087 4.695299 1.345994
 5.400000 0.314179 4.701218 1.345994
 5.600000 0.300210 5.015681 1.345994
 5.800000 0.304083 5.039969 1.345994
 6.000000 0.308545 4.965211 1.345994
 6.200000 0.315321 5.890306 1.345994
 6.400000 0.328805 3.768767 1.345994
 6.600000 0.324214 4.586182 1.345994
 6.800000 0.315823 5.834122 1.345994
 7.000000 0.312692 6.139916 1.345994
 7.200000 0.300624 7.204428 1.345994
 7.400000 0.299562 7.082508 1.345994
 7.600000 0.289660 5.561885 1.345994
 7.800000 0.291215 5.831397 1.345994
 8.000000 0.302026 7.346481 1.345994
 8.200000 0.280619 4.355829 1.345994
 8.400000 0.259579 0.751298 1.345994
 8.600000 0.271223 2.365463 1.345994
 8.800000 0.256230 0.491739 1.345994
 9.000000 0.250647 0.220007 1.345994
 9.200000 0.275186 3.602588 1.345994
 9.400000 0.273555 3.353257 1.345994
 9.600000 0.248271 1.860741 1.345994
 9.800000 0.252602 2.014603 1.345994
 10.000000 0.266685 2.580237 3.535893
 10.200000 0.264902 4.000632 3.535893
 10.400000 0.248185 2.584533 3.535893
 10.600000 0.256630 3.364182 3.535893
 10.800000 0.235913 1.265791 3.535893
 11.000000 0.243426 2.071472 3.535893
 11.200000 0.259942 4.493019 3.535893
 11.400000 0.270140 4.755389 3.535893
 11.600000 0.271588 4.835372 3.535893
 11.800000 0.255119 4.415486 3.535893
 12.000000 0.280673 5.678212 3.535893
 12.200000 0.290793 8.272614 3.535893
 12.400000 0.272871 6.104850 3.535893
 12.600000 0.264836 5.346899 3.535893
 12.800000 0.276652 6.542020 3.535893
 13.000000 0.287235 7.851657 3.535893
 13.200000 0.287152 9.075154 3.535893
 13.400000 0.289011 9.289874 3.535893
 13.600000 0.286132 8.947055 3.535893
 13.800000 0.284224 8.689647 3.535893
 14.000000 0.296861 9.891822 3.535893
 14.200000 0.285780 9.758042 3.535893
 14.400000 0.297624 11.045135 3.535893
 14.600000 0.276390 7.902409 3.535893
 14.800000 0.265025 5.888565 3.535893
 15.000000 0.269266 6.537070 5.929288
 15.200000 0.242496 3.888152 5.929288
 15.400000 0.234712 2.596661 5.929288
 15.600000 0.240588 3.576740 5.929288
 15.800000 0.249619 4.962718 5.929288
 16.000000 0.253145 5.447993 5.929288
 16.200000 0.244237 5.314999 5.929288
 16.400000 0.245874 5.636776 5.929288
 16.600000 0.265955 8.246902 5.929288
 16.800000 0.269069 8.591904 5.929288
 17.000000 0.264671 8.110319 5.929288
 17.200000 0.265410 9.406532 5.929288
 17.400000 0.266464 9.512582 5.929288
 17.600000 0.278181 10.519981 5.929288
 17.800000 0.280533 10.696527 5.929288
 18.000000 0.268989 9.752479 5.929288
 18.200000 0.249473 7.488268 5.929288
 18.400000 0.260205 9.765463 5.929288
 18.600000 0.241258 5.251631 5.929288
 18.800000 0.238042 4.361273 5.929288
 19.000000 0.228017 1.994000 5.929288
 19.200000 0.245768 7.300222 5.929288
 19.400000 0.245057 7.149966 5.929288
 19.600000 0.282777 11.597401 5.929288
 19.800000 0.294814 11.649815 5.929288
 20.000000 0.292468 11.682562 7.777752
 20.200000 0.266514 10.923154 7.777752
 20.400000 0.241094 6.300803 7.777752
 20.600000 0.246404 7.441208 7.777752
 20.800000 0.266133 10.874234 7.777752
 21.000000 0.269036 11.230816 7.777752
 21.200000 0.256731 10.206299 7.777752
 21.400000 0.256017 10.051111 7.777752
 21.600000 0.258700 10.617946 7.777752
 21.800000 0.274488 12.795861 7.777752
 22.000000 0.280737 13.092870 7.777752
 22.200000 0.289279 13.959271 7.777752
 22.400000 0.281859 14.094432 7.777752
 22.600000 0.270689 13.251997 7.777752
 22.800000 0.272051 13.427879 7.777752
 23.000000 0.249047 8.529030 7.777752
 23.200000 0.245630 8.817246 7.777752
 23.400000 0.262098 12.536313 7.777752
 23.600000 0.264059 12.849997 7.777752
 23.800000 0.254870 11.125870 7.777752
 24.000000 0.254934 11.140155 7.777752
 24.200000 0.242777 8.793755 7.777752
 24.400000 0.250818 11.200147 7.777752
 24.600000 0.273099 14.389217 7.777752
 24.800000 0.275798 14.451215 7.777752
 25.000000 0.262815 13.582366 10.216814
 25.200000 0.285200 14.609189 10.216814
 25.400000 0.303372 12.370319 10.216814
 25.600000 0.307326 11.524438 10.216814
 25.800000 0.297731 13.301708 10.216814
 26.000000 0.299185 13.089434 10.216814
 26.200000 0.281448 15.347888 10.216814
 26.400000 0.286959 15.169443 10.216814
 26.600000 0.284177 15.276108 10.216814
 26.800000 0.282767 15.317051 10.216814
 27.000000 0.315338 9.845730 10.216814
 27.200000 0.309751 12.734402 10.216814
 27.400000 0.315399 10.952901 10.216814
 27.600000 0.319078 9.592238 10.216814
 27.800000 0.316229 10.656339 10.216814
 28.000000 0.336294 3.463468 10.216814
 28.200000 0.337471 4.646014 10.216814
 28.400000 0.328336 7.335054 10.216814
 28.600000 0.328058 7.424069 10.216814
 28.800000 0.328843 7.173793 10.216814
 29.000000 0.331465 6.359367 10.216814
 29.200000 0.329726 8.205043 10.216814
 29.400000 0.334648 6.711029 10.216814
 29.600000 0.336478 6.159493 10.216814
 29.800000 0.340891 4.858949 10.216814
 30.000000 0.351491 2.202033 11.046856
 30.200000 0.362654 1.822669 11.046856
 30.400000 0.358813 2.423430 11.046856
 30.600000 0.348618 4.384934 11.046856
 30.800000 0.325446 9.836959 11.046856
 31.000000 0.303086 14.527450 11.046856
 31.200000 0.311057 14.081848 11.046856
 31.400000 0.331167 8.557262 11.046856
 31.600000 0.333514 7.942537 11.046856
 31.800000 0.350613 3.972079 11.046856
 32.000000 0.348835 4.345811 11.046856
 32.200000 0.330775 9.359093 11.046856
 32.400000 0.324632 10.760164 11.046856
 32.600000 0.333869 8.726770 11.046856
 32.800000 0.316842 12.751039 11.046856
 33.000000 0.322332 11.333004 11.046856
 33.200000 0.326264 11.388671 11.046856
 33.400000 0.329969 10.458807 11.046856
 33.600000 0.329211 10.646824 11.046856
 33.800000 0.347182 6.402597 11.046856
 34.000000 0.350791 5.537833 11.046856
 34.200000 0.355352 5.746359 11.046856
 34.400000 0.348844 7.361654 11.046856
 34.600000 0.345171 8.151789 11.046856
 34.800000 0.333569 10.289768 11.046856
 35.000000 0.340697 9.008689 11.879081
 35.200000 0.337567 10.716870 11.879081
 35.400000 0.346429 8.980413 11.879081
 35.600000 0.329826 11.907880 11.879081
 35.800000 0.315947 14.332246 11.879081
 36.000000 0.346621 8.934463 11.879081
 36.200000 0.361318 5.322781 11.879081
 36.400000 0.357109 6.839687 11.879081
 36.600000 0.345331 10.407197 11.879081
 36.800000 0.333901 12.105368 11.879081
 37.000000 0.335729 11.909073 11.879081
 37.200000 0.326104 13.806739 11.879081
 37.400000 0.326356 13.784199 11.879081
 37.600000 0.323235 14.078934 11.879081
 37.800000 0.319024 14.538243 11.879081
 38.000000 0.331421 13.352342 11.879081
 38.200000 0.342890 12.537398 11.879081
 38.400000 0.359366 6.488886 11.879081
 38.600000 0.374649 1.616017 11.879081
 38.800000 0.363255 4.936002 11.879081
 39.000000 0.369685 2.794405 11.879081
 39.200000 0.399747 0.216555 11.879081
 39.400000 0.382387 1.636475 11.879081
 39.600000 0.355139 9.223149 11.879081
 39.800000 0.341715 13.086456 11.879081
 40.000000 0.336526 13.889989 12.594642
 40.200000 0.327395 15.433341 12.594642
 40.400000 0.309899 16.127672 12.594642
 40.600000 0.319385 15.687923 12.594642
 40.800000 0.295584 16.251564 12.594642
 41.000000 0.317264 15.777530 12.594642
 41.200000 0.315415 16.724446 12.594642
 41.400000 0.323938 16.320570 12.594642
 41.600000 0.337129 15.117135 12.594642
 41.800000 0.318869 16.570196 12.594642
 42.000000 0.329473 15.979513 12.594642
 42.200000 0.361638 7.227264 12.594642
 42.400000 0.362096 7.049743 12.594642
 42.600000 0.360076 7.846320 12.594642
 42.800000 0.367500 5.122070 12.594642
 43.000000 0.342190 14.685993 12.594642
 43.200000 0.319310 17.514775 12.594642
 43.400000 0.316039 17.470273 12.594642
 43.600000 0.325045 17.555875 12.594642
 43.800000 0.332689 17.279048 12.594642
 44.000000 0.328463 17.507019 12.594642
 44.200000 0.317760 18.116147 12.594642
 44.400000 0.311825 17.829180 12.594642
 44.600000 0.311359 17.803874 12.594642
 44.800000 0.320078 18.210207 12.594642
 45.000000 0.315922 18.033753 14.557707
 45.200000 0.305312 18.041224 14.557707
 45.400000 0.302427 17.747487 14.557707
 45.600000 0.312457 18.625830 14.557707
 45.800000 0.317484 18.883635 14.557707
 46.000000 0.304158 17.926622 14.557707
 46.200000 0.290381 17.018085 14.557707
 46.400000 0.283999 16.351020 14.557707
 46.600000 0.294205 17.498314 14.557707
 46.800000 0.288831 16.837197 14.557707
 47.000000 0.291486 17.152750 14.557707
 47.200000 0.307474 19.472119 14.557707
 47.400000 0.302478 19.158114 14.557707
 47.600000 0.299814 18.919952 14.557707
 47.800000 0.291094 17.919335 14.557707
 48.000000 0.277521 16.408795 14.557707
 48.200000 0.277869 17.283930 14.557707
 48.400000 0.277837 17.280996 14.557707
 48.600000 0.286273 18.042375 14.557707
 48.800000 0.285852 18.004509 14.557707
 49.000000 0.278159 17.310955 14.557707
 49.200000 0.277479 18.055854 14.557707
 49.400000 0.262001 15.566160 14.557707
 49.600000 0.255593 13.812035 14.557707
 49.800000 0.246649 10.737624 14.557707
 50.000000 0.239152 7.948413 15.848099
 50.200000 0.272742 17.622057 15.848099
 50.400000 0.273875 17.748627 15.848099
 50.600000 0.256765 14.781006 15.848099
 50.800000 0.258121 15.107550 15.848099
 51.000000 0.243220 10.641072 15.848099
 51.200000 0.265685 16.980747 15.848099
 51.400000 0.278631 18.264962 15.848099
 51.600000 0.275947 18.058215 15.848099
 51.800000 0.260811 16.252429 15.848099
 52.000000 0.249760 13.814357 15.848099
 52.200000 0.252342 15.434187 15.848099
 52.400000 0.237122 10.102517 15.848099
 52.600000 0.235576 9.437078 15.848099
 52.800000 0.240111 11.360473 15.848099
 53.000000 0.253236 15.643065 15.848099
 53.200000 0.263007 17.945654 15.848099
 53.400000 0.287277 18.927130 15.848099
 53.600000 0.291065 19.093618 15.848099
 53.800000 0.290561 19.070664 15.848099
 54.000000 0.272262 18.426125 15.848099
 54.200000 0.282399 19.353093 15.848099
 54.400000 0.283854 19.363379 15.848099
 54.600000 0.271888 19.183463 15.848099
 54.800000 0.255802 17.456011 15.848099
 55.000000 0.230917 7.742859 16.411923
 55.200000 0.238127 12.215677 16.411923
 55.400000 0.240430 13.188803 16.411923
 55.600000 0.229246 8.233013 16.411923
 55.800000 0.238290 12.286050 16.411923
 56.000000 0.242647 14.071562 16.411923
 56.200000 0.224032 6.450483 16.411923
 56.400000 0.207580 1.429803 16.411923
 56.600000 0.223146 6.069380 16.411923
 56.800000 0.231691 10.048240 16.411923
 57.000000 0.209728 1.827354 16.411923
 57.200000 0.231802 10.646755 16.411923
 57.400000 0.239897 14.098250 16.411923
 57.600000 0.226751 8.522862 16.411923
 57.800000 0.237553 13.134671 16.411923
 58.000000 0.231818 10.653829 16.411923
 58.200000 0.246201 17.021833 16.411923
 58.400000 0.244775 16.633631 16.411923
 58.600000 0.236963 13.911144 16.411923
 58.800000 0.245800 16.916313 16.411923
 59.000000 0.232580 12.072645 16.411923
 59.200000 0.222792 8.756697 16.411923
 59.400000 0.226244 10.271457 16.411923
 59.600000 0.223853 9.215057 16.411923
 59.800000 0.227857 10.994878 16.411923
 60.000000 0.227993 11.056349 16.704468
 60.200000 0.235120 15.117407 16.704468
 60.400000 0.259769 19.347141 16.704468
 60.600000 0.285512 19.390858 16.704468
 60.800000 0.291183 19.448960 16.704468
 61.000000 0.291784 19.458561 16.704468
 61.200000 0.301625 20.262905 16.704468
 61.400000 0.302258 20.258624 16.704468
 61.600000 0.301820 20.261712 16.704468
 61.800000 0.314916 19.926235 16.704468
 62.000000 0.286801 20.094928 16.704468
 62.200000 0.283889 20.726581 16.704468
 62.400000 0.280919 20.613722 16.704468
 62.600000 0.261062 19.623949 16.704468
 62.800000 0.272115 20.173746 16.704468
 63.000000 0.278366 20.497349 16.704468
 63.200000 0.265629 20.329718 16.704468
 63.400000 0.296830 21.155919 16.704468
 63.600000 0.321518 19.683822 16.704468
 63.800000 0.333922 18.433288 16.704468
 64.000000 0.325570 19.413478 16.704468
 64.200000 0.337867 18.126336 16.704468
 64.400000 0.336311 18.534672 16.704468
 64.600000 0.345557 15.375041 16.704468
 64.800000 0.338274 18.010764 16.704468
 65.000000 0.321526 20.393970 18.209904
 65.200000 0.304130 21.388867 18.209904
 65.400000 0.305453 21.380156 18.209904
 65.600000 0.304753 21.384718 18.209904
 65.800000 0.268531 20.551210 18.209904
 66.000000 0.272279 20.831041 18.209904
 66.200000 0.291945 21.786893 18.209904
 66.400000 0.285630 21.928777 18.209904
 66.600000 0.287419 21.902958 18.209904
 66.800000 0.290749 21.822567 18.209904
 67.000000 0.288241 21.886329 18.209904
 67.200000 0.293120 22.376288 18.209904
 67.400000 0.297924 22.137448 18.209904
 67.600000 0.303970 21.843448 18.209904
 67.800000 0.283550 22.566924 18.209904
 68.000000 0.280797 22.497262 18.209904
 68.200000 0.293791 22.786293 18.209904
 68.400000 0.298218 22.449108 18.209904
 68.600000 0.289825 23.040345 18.209904
 68.800000 0.283986 23.200256 18.209904
 69.000000 0.279361 23.074497 18.209904
 69.200000 0.278465 23.646993 18.209904
 69.400000 0.261630 21.294201 18.209904
 69.600000 0.259416 20.930369 18.209904
 69.800000 0.263169 21.550353 18.209904
 70.000000 0.268136 22.377484 19.916936
 70.200000 0.254448 20.547470 19.916936
 70.400000 0.250554 19.771024 19.916936
 70.600000 0.252214 20.111098 19.916936
 70.800000 0.232935 14.334053 19.916936
 71.000000 0.256653 20.963512 19.916936
 71.200000 0.287637 24.031741 19.916936
 71.400000 0.266610 23.321594 19.916936
 71.600000 0.293201 23.430318 19.916936
 71.800000 0.292132 23.556770 19.916936
 72.000000 0.301904 22.434066 19.916936
 72.200000 0.309376 22.400379 19.916936
 72.400000 0.307603 22.548821 19.916936
 72.600000 0.321079 21.493650 19.916936
 72.800000 0.334410 19.517692 19.916936
 73.000000 0.317710 21.761029 19.916936
 73.200000 0.326574 21.491012 19.916936
 73.400000 0.355698 10.610780 19.916936
 73.600000 0.364743 6.437073 19.916936
 73.800000 0.360342 8.349750 19.916936
 74.000000 0.343895 16.451271 19.916936
 74.200000 0.364215 6.986824 19.916936
 74.400000 0.344966 16.807078 19.916936
 74.600000 0.315111 22.742119 19.916936
 74.800000 0.303024 23.397340 19.916936
 75.000000 0.313896 22.802598 20.946601
 75.200000 0.319805 23.072640 20.946601
 75.400000 0.301218 23.965588 20.946601
 75.600000 0.283214 24.752087 20.946601
 75.800000 0.275787 24.470995 20.946601
 76.000000 0.281640 24.742092 20.946601
 76.200000 0.272653 24.660225 20.946601
 76.400000 0.272199 24.600383 20.946601
 76.600000 0.243844 18.665033 20.946601
 76.800000 0.227287 11.929586 20.946601
 77.000000 0.204284 3.135106 20.946601
 77.200000 0.215297 7.758105 20.946601
 77.400000 0.217641 8.566827 20.946601
 77.600000 0.227643 12.547529 20.946601
 77.800000 0.240059 17.489560 20.946601
 78.000000 0.231470 14.167049 20.946601
 78.200000 0.214385 7.945648 20.946601
 78.400000 0.210204 6.536464 20.946601
 78.600000 0.209305 6.257437 20.946601
 78.800000 0.240759 18.496224 20.946601
 79.000000 0.256678 22.032181 20.946601
 79.200000 0.257523 22.837504 20.946601
 79.400000 0.230738 14.935482 20.946601
 79.600000 0.222913 11.423284 20.946601
 79.800000 0.225034 12.369673 20.946601
 80.000000 0.220662 10.444443 21.513831
 80.200000 0.201009 4.483174 21.513831
 80.400000 0.210825 7.624828 21.513831
 80.600000 0.235807 17.725983 21.513831
 80.800000 0.231694 16.192594 21.513831
 81.000000 0.223389 12.714913 21.513831
 81.200000 0.215503 10.268892 21.513831
 81.400000 0.217951 11.331016 21.513831
 81.600000 0.200086 4.526186 21.513831
 81.800000 0.204641 6.004424 21.513831
 82.000000 0.213369 9.365224 21.513831
 82.200000 0.216640 11.885480 21.513831
 82.400000 0.208517 8.514163 21.513831
 82.600000 0.208400 8.466806 21.513831
 82.800000 0.203890 6.690114 21.513831
 83.000000 0.224808 15.176252 21.513831
 83.200000 0.243845 21.089197 21.513831
 83.400000 0.260923 23.537002 21.513831
 83.600000 0.286348 25.351284 21.513831
 83.800000 0.291219 25.020652 21.513831
 84.000000 0.286671 25.334256 21.513831
 84.200000 0.271122 25.230760 21.513831
 84.400000 0.278779 25.945364 21.513831
 84.600000 0.269817 25.051261 21.513831
 84.800000 0.275157 25.690545 21.513831
 85.000000 0.278054 25.907748 22.256117
 85.200000 0.253208 22.645154 22.256117
 85.400000 0.247521 21.746651 22.256117
 85.600000 0.249608 22.076338 22.256117
 85.800000 0.267746 25.181209 22.256117
 86.000000 0.268272 25.271108 22.256117
 86.200000 0.266407 25.509600 22.256117
 86.400000 0.244311 21.375834 22.256117
 86.600000 0.258568 23.996691 22.256117
 86.800000 0.244177 21.350494 22.256117
 87.000000 0.244496 21.410485 22.256117
 87.200000 0.268385 26.046871 22.256117
 87.400000 0.254147 23.707914 22.256117
 87.600000 0.239668 21.085983 22.256117
 87.800000 0.233291 19.393379 22.256117
 88.000000 0.246502 22.448228 22.256117
 88.200000 0.262715 25.486739 22.256117
 88.400000 0.259043 24.963222 22.256117
 88.600000 0.237080 20.985194 22.256117
 88.800000 0.228999 18.291538 22.256117
 89.000000 0.244143 22.654089 22.256117
 89.200000 0.232719 20.115838 22.256117
 89.400000 0.212913 11.173162 22.256117
 89.600000 0.218762 14.009560 22.256117
 89.800000 0.215444 12.395719 22.256117
 90.000000 0.214789 12.078160 22.957432
 90.200000 0.242385 23.112949 22.957432
 90.400000 0.245142 23.612229 22.957432
 90.600000 0.246165 23.777364 22.957432
 90.800000 0.251724 24.532654 22.957432
 91.000000 0.252411 24.614519 22.957432
 91.200000 0.254297 25.411365 22.957432
 91.400000 0.244367 23.986332 22.957432
 91.600000 0.250229 24.926268 22.957432
 91.800000 0.241735 23.436040 22.957432
 92.000000 0.261447 26.126546 22.957432
 92.200000 0.283979 27.145881 22.957432
 92.400000 0.287229 26.777808 22.957432
 92.600000 0.269680 27.346555 22.957432
 92.800000 0.252992 25.732537 22.957432
 93.000000 0.235445 21.872400 22.957432
 93.200000 0.231508 21.147680 22.957432
 93.400000 0.242372 24.413940 22.957432
 93.600000 0.235938 22.690546 22.957432
 93.800000 0.253237 26.091013 22.957432
 94.000000 0.258694 26.594627 22.957432
 94.200000 0.244469 25.185387 22.957432
 94.400000 0.248580 25.950479 22.957432
 94.600000 0.230004 20.645604 22.957432
 94.800000 0.217093 14.571915 22.957432
 95.000000 0.199483 5.968687 23.859181
 95.200000 0.216276 14.868766 23.859181
 95.400000 0.226931 19.579303 23.859181
 95.600000 0.199839 7.458871 23.859181
 95.800000 0.205781 10.055725 23.859181
 96.000000 0.223902 18.295854 23.859181
 96.200000 0.224536 19.343398 23.859181
 96.400000 0.206899 10.968268 23.859181
 96.600000 0.214492 14.684200 23.859181
 96.800000 0.183178 2.047155 23.859181
 97.000000 0.190008 3.872564 23.859181
 97.200000 0.211262 13.639872 23.859181
 97.400000 0.209560 12.894749 23.859181
 97.600000 0.226881 20.387248 23.859181
 97.800000 0.226189 20.113711 23.859181
 98.000000 0.215492 15.515652 23.859181
 98.200000 0.205676 11.937816 23.859181
 98.400000 0.209803 13.816405 23.859181
 98.600000 0.191251 5.986323 23.859181
 98.800000 0.195310 7.510736 23.859181
 99.000000 0.188677 5.103464 23.859181
 99.200000 0.198428 9.901222 23.859181
 99.400000 0.199597 10.333377 23.859181
 99.600000 0.200106 10.523203 23.859181
 99.800000 0.198076 9.771979 23.859181
 100.000000 0.196822 9.316342 23.912906
 100.200000 0.172312 2.344089 23.912906
 100.400000 0.176991 3.549813 23.912906
 100.600000 0.180508 4.629057 23.912906
 100.800000 0.188256 7.340695 23.912906
 101.000000 0.179958 4.451792 23.912906
 101.200000 0.196794 11.225188 23.912906
 101.400000 0.215526 17.299870 23.912906
 101.600000 0.209443 15.200865 23.912906
 101.800000 0.204403 13.563860 23.912906
 102.000000 0.179787 5.832288 23.912906
 102.200000 0.194907 11.461297 23.912906
 102.400000 0.199452 12.602795 23.912906
 102.600000 0.208609 15.134279 23.912906
 102.800000 0.214565 17.050737 23.912906
 103.000000 0.208247 15.024675 23.912906
 103.200000 0.203904 14.634447 23.912906
 103.400000 0.213455 17.522638 23.912906
 103.600000 0.222230 20.281776 23.912906
 103.800000 0.223474 20.663475 23.912906
 104.000000 0.205482 15.096452 23.912906
 104.200000 0.217666 19.491333 23.912906
 104.400000 0.213221 18.231239 23.912906
 104.600000 0.215956 19.008215 23.912906
 104.800000 0.205764 16.072805 23.912906
 105.000000 0.204203 15.611560 23.917481
 105.200000 0.209095 17.872831 23.917481
 105.400000 0.217758 20.097075 23.917481
 105.600000 0.213892 19.130987 23.917481
 105.800000 0.216425 19.766932 23.917481
 106.000000 0.208212 17.631259 23.917481
 106.200000 0.212375 19.509525 23.917481
 106.400000 0.192424 13.053667 23.917481
 106.600000 0.209831 18.864723 23.917481
 106.800000 0.184495 9.825402 23.917481
 107.000000 0.192114 12.930985 23.917481
 107.200000 0.220375 21.475594 23.917481
 107.400000 0.232078 23.695933 23.917481
 107.600000 0.208425 19.031432 23.917481
 107.800000 0.210652 19.535448 23.917481
 108.000000 0.195348 15.147235 23.917481
 108.200000 0.174333 6.598474 23.917481
 108.400000 0.181175 9.782439 23.917481
 108.600000 0.205901 19.108733 23.917481
 108.800000 0.210104 19.963126 23.917481
 109.000000 0.211881 20.284427 23.917481
 109.200000 0.219099 22.116816 23.917481
 109.400000 0.201822 18.666120 23.917481
 109.600000 0.200987 18.411634 23.917481
 109.800000 0.206919 20.001778 23.917481
 110.000000 0.193522 15.682916 23.968439
 110.200000 0.191379 15.620456 23.968439
 110.400000 0.179468 9.591824 23.968439
 110.600000 0.188450 14.240673 23.968439
 110.800000 0.191250 15.561821 23.968439
 111.000000 0.188774 14.398578 23.968439
 111.200000 0.195038 18.011668 23.968439
 111.400000 0.188447 15.160469 23.968439
 111.600000 0.193552 17.441651 23.968439
 111.800000 0.192890 17.173023 23.968439
 112.000000 0.186483 14.169509 23.968439
 112.200000 0.197315 19.513375 23.968439
 112.400000 0.197380 19.531881 23.968439
 112.600000 0.207402 21.453021 23.968439
 112.800000 0.204119 21.001411 23.968439
 113.000000 0.242428 25.579944 23.968439
 113.200000 0.249740 26.945486 23.968439
 113.400000 0.237756 25.448448 23.968439
 113.600000 0.224984 23.417606 23.968439
 113.800000 0.204734 21.119336 23.968439
 114.000000 0.207420 21.490934 23.968439
 114.200000 0.234036 24.978844 23.968439
 114.400000 0.235407 25.184735 23.968439
 114.600000 0.244999 26.493975 23.968439
 114.800000 0.249985 26.976907 23.968439
 115.000000 0.236810 25.394376 24.364100
 115.200000 0.256811 27.649208 24.364100
 115.400000 0.255790 27.616636 24.364100
 115.600000 0.255008 27.590320 24.364100
 115.800000 0.241823 26.638131 24.364100
 116.000000 0.247110 27.164069 24.364100
 116.200000 0.251426 27.940164 24.364100
 116.400000 0.237884 26.547953 24.364100
 116.600000 0.215469 23.159051 24.364100
 116.800000 0.241957 27.145931 24.364100
 117.000000 0.249374 27.839210 24.364100
 117.200000 0.267819 28.375494 24.364100
 117.400000 0.281180 27.671147 24.364100
 117.600000 0.264813 28.427923 24.364100
 117.800000 0.255689 28.519581 24.364100
 118.000000 0.258878 28.507982 24.364100
 118.200000 0.263005 28.928617 24.364100
 118.400000 0.272812 28.559282 24.364100
 118.600000 0.270262 28.689300 24.364100
 118.800000 0.272541 28.574782 24.364100
 119.000000 0.270623 28.672912 24.364100
 119.200000 0.267061 29.287714 24.364100
 119.400000 0.255988 29.305509 24.364100
 119.600000 0.266561 29.300280 24.364100
 119.800000 0.263681 29.350470 24.364100
 120.000000 0.248694 28.861180 25.744159
 120.200000 0.224963 24.653767 25.744159
 120.400000 0.231147 25.963355 25.744159
 120.600000 0.250335 29.489610 25.744159
 120.800000 0.247092 29.168631 25.744159
 121.000000 0.241738 28.327299 25.744159
 121.200000 0.228226 25.640581 25.744159
 121.400000 0.229578 25.963318 25.744159
 121.600000 0.238059 28.046001 25.744159
 121.800000 0.242365 28.939333 25.744159
 122.000000 0.232196 26.610827 25.744159
 122.200000 0.221445 24.660041 25.744159
 122.400000 0.234728 27.772383 25.744159
 122.600000 0.252510 30.223866 25.744159
 122.800000 0.260398 30.042108 25.744159
 123.000000 0.255739 30.207129 25.744159
 123.200000 0.236412 28.370252 25.744159
 123.400000 0.213546 23.363587 25.744159
 123.600000 0.206951 22.374507 25.744159
 123.800000 0.221965 24.797781 25.744159
 124.000000 0.229200 26.490849 25.744159
 124.200000 0.232089 27.777618 25.744159
 124.400000 0.234573 28.406668 25.744159
 124.600000 0.224207 25.786269 25.744159
 124.800000 0.219831 24.824174 25.744159
 125.000000 0.213888 23.732464 26.698345
 125.200000 0.236493 29.062602 26.698345
 125.400000 0.225626 26.573662 26.698345
 125.600000 0.218134 25.073286 26.698345
 125.800000 0.206060 22.915225 26.698345
 126.000000 0.186623 15.558195 26.698345
 126.200000 0.193098 19.613208 26.698345
 126.400000 0.211016 24.084659 26.698345
 126.600000 0.215724 24.782592 26.698345
 126.800000 0.227205 26.949100 26.698345
 127.000000 0.214718 24.630201 26.698345
 127.200000 0.209558 24.416252 26.698345
 127.400000 0.211745 24.764948 26.698345
 127.600000 0.206605 23.892625 26.698345
 127.800000 0.205621 23.698651 26.698345
 128.000000 0.222090 26.396652 26.698345
 128.200000 0.222483 27.006053 26.698345
 128.400000 0.212325 25.290630 26.698345
 128.600000 0.214441 25.646936 26.698345
 128.800000 0.195331 20.853190 26.698345
 129.000000 0.192581 19.666251 26.698345
 129.200000 0.188819 18.492251 26.698345
 129.400000 0.186613 17.232852 26.698345
 129.600000 0.174137 9.202159 26.698345
 129.800000 0.195164 21.503766 26.698345
 130.000000 0.205798 24.527286 26.958110
 130.200000 0.204099 24.763147 26.958110
 130.400000 0.197661 22.928249 26.958110
 130.600000 0.192427 20.717371 26.958110
 130.800000 0.204854 24.924861 26.958110
 131.000000 0.200907 23.963288 26.958110
 131.200000 0.195597 22.704072 26.958110
 131.400000 0.201434 24.710944 26.958110
 131.600000 0.223301 27.733113 26.958110
 131.800000 0.229111 28.547212 26.958110
 132.000000 0.224669 27.907909 26.958110
 132.200000 0.216631 27.445356 26.958110
 132.400000 0.233714 29.704088 26.958110
 132.600000 0.221483 28.009885 26.958110
 132.800000 0.228726 28.974467 26.958110
 133.000000 0.234427 29.806441 26.958110
 133.200000 0.226268 29.027964 26.958110
 133.400000 0.229627 29.546403 26.958110
 133.600000 0.240571 31.006763 26.958110
 133.800000 0.216147 27.610695 26.958110
 134.000000 0.215623 27.541634 26.958110
 134.200000 0.202182 25.458201 26.958110
 134.400000 0.188869 19.401176 26.958110
 134.600000 0.190891 20.595542 26.958110
 134.800000 0.194789 22.631775 26.958110
 135.000000 0.173786 9.169260 27.510910
 135.200000 0.180463 14.796624 27.510910
 135.400000 0.174065 10.513176 27.510910
 135.600000 0.188681 19.995382 27.510910
 135.800000 0.186867 18.932454 27.510910
 136.000000 0.185956 18.376248 27.510910
 136.200000 0.194154 23.451637 27.510910
 136.400000 0.216635 28.298308 27.510910
 136.600000 0.220768 28.770806 27.510910
 136.800000 0.197770 24.818895 27.510910
 137.000000 0.183025 17.261951 27.510910
 137.200000 0.177072 13.902096 27.510910
 137.400000 0.187493 20.849760 27.510910
 137.600000 0.196096 24.780441 27.510910
 137.800000 0.213324 28.024776 27.510910
 138.000000 0.209226 27.567724 27.510910
 138.200000 0.202349 26.933755 27.510910
 138.400000 0.195148 24.774029 27.510910
 138.600000 0.196412 25.242716 27.510910
 138.800000 0.202265 26.915030 27.510910
 139.000000 0.208881 28.037404 27.510910
 139.200000 0.202491 27.423273 27.510910
 139.400000 0.220080 29.501191 27.510910
 139.600000 0.221822 29.628110 27.510910
 139.800000 0.196625 25.676978 27.510910
 140.000000 0.203790 27.707550 27.827238
 140.200000 0.224749 30.045932 27.827238
 140.400000 0.229527 30.394058 27.827238
 140.600000 0.235661 30.914724 27.827238
 140.800000 0.251023 31.367856 27.827238
 141.000000 0.250783 31.377398 27.827238
 141.200000 0.247290 31.877186 27.827238
 141.400000 0.257129 31.376455 27.827238
 141.600000 0.252336 31.737111 27.827238
 141.800000 0.246122 31.867349 27.827238
 142.000000 0.236985 31.304501 27.827238
 142.200000 0.251020 32.080274 27.827238
 142.400000 0.267714 30.308145 27.827238
 142.600000 0.265222 30.607475 27.827238
 142.800000 0.260917 31.121402 27.827238
 143.000000 0.242289 32.132482 27.827238
 143.200000 0.211933 29.487616 27.827238
 143.400000 0.242674 32.568300 27.827238
 143.600000 0.243531 32.600150 27.827238
 143.800000 0.245138 32.631594 27.827238
 144.000000 0.240009 32.407682 27.827238
 144.200000 0.231129 31.776176 27.827238
 144.400000 0.235581 32.372347 27.827238
 144.600000 0.240375 32.847961 27.827238
 144.800000 0.226375 31.117395 27.827238
 145.000000 0.232011 31.899653 29.125057
 145.200000 0.244132 33.318743 29.125057
 145.400000 0.258133 31.972281 29.125057
 145.600000 0.266310 30.710886 29.125057
 145.800000 0.269590 30.236864 29.125057
 146.000000 0.276347 29.254621 29.125057
 146.200000 0.261144 31.783927 29.125057
 146.400000 0.237474 32.999937 29.125057
 146.600000 0.216586 30.274470 29.125057
 146.800000 0.225469 31.384246 29.125057
 147.000000 0.221555 30.864934 29.125057
 147.200000 0.218915 30.979228 29.125057
 147.400000 0.233246 32.823624 29.125057
 147.600000 0.214300 30.407504 29.125057
 147.800000 0.189722 22.882446 29.125057
 148.000000 0.182246 17.947717 29.125057
 148.200000 0.185772 21.174891 29.125057
 148.400000 0.215422 30.615721 29.125057
 148.600000 0.225918 31.881290 29.125057
 148.800000 0.208379 29.706569 29.125057
 149.000000 0.206314 29.362351 29.125057
 149.200000 0.234033 32.999972 29.125057
 149.400000 0.228259 32.351245 29.125057
 149.600000 0.227098 32.216904 29.125057
 149.800000 0.221997 31.658819 29.125057
 150.000000 0.224244 31.896898 29.747998
 150.200000 0.215170 31.335957 29.747998
 150.400000 0.211193 30.843361 29.747998
 150.600000 0.179542 16.831524 29.747998
 150.800000 0.159424 3.758745 29.747998
 151.000000 0.154955 2.245596 29.747998
 151.200000 0.161722 6.193090 29.747998
 151.400000 0.187093 22.404958 29.747998
 151.600000 0.171253 11.412358 29.747998
 151.800000 0.185047 21.088334 29.747998
 152.000000 0.187867 22.881391 29.747998
 152.200000 0.175944 15.108096 29.747998
 152.400000 0.174606 14.124686 29.747998
 152.600000 0.183376 20.562605 29.747998
 152.800000 0.185106 21.747951 29.747998
 153.000000 0.195620 27.420453 29.747998
 153.200000 0.224014 32.413135 29.747998
 153.400000 0.243142 33.724008 29.747998
 153.600000 0.222889 32.311012 29.747998
 153.800000 0.229052 32.901015 29.747998
 154.000000 0.231246 33.115557 29.747998
 154.200000 0.220071 32.371119 29.747998
 154.400000 0.205271 30.661116 29.747998
 154.600000 0.207442 31.014082 29.747998
 154.800000 0.230133 33.407180 29.747998
 155.000000 0.222965 32.661437 30.296810
 155.200000 0.186195 22.911048 30.296810
 155.400000 0.165498 8.271243 30.296810
 155.600000 0.172603 12.847642 30.296810
 155.800000 0.191588 26.146246 30.296810
 156.000000 0.205364 30.882410 30.296810
 156.200000 0.174361 14.187136 30.296810
 156.400000 0.178642 17.479895 30.296810
 156.600000 0.173733 13.717785 30.296810
 156.800000 0.181110 19.388458 30.296810
 157.000000 0.187344 23.877703 30.296810
 157.200000 0.188121 24.984865 30.296810
 157.400000 0.179855 18.955169 30.296810
 157.600000 0.163321 7.301044 30.296810
 157.800000 0.176229 16.069593 30.296810
 158.000000 0.179481 18.658350 30.296810
 158.200000 0.185831 24.152892 30.296810
 158.400000 0.183241 22.316448 30.296810
 158.600000 0.183798 22.724416 30.296810
 158.800000 0.189161 26.250341 30.296810
 159.000000 0.188724 25.993724 30.296810
 159.200000 0.183888 23.311268 30.296810
 159.400000 0.198337 30.703419 30.296810
 159.600000 0.188827 26.604250 30.296810
 159.800000 0.160050 6.187698 30.296810
 160.000000 0.171524 13.406456 30.540720
 160.200000 0.158089 5.983157 30.540720
 160.400000 0.182377 22.914492 30.540720
 160.600000 0.172514 15.144141 30.540720
 160.800000 0.164524 9.417532 30.540720
 161.000000 0.162803 8.383988 30.540720
 161.200000 0.177721 20.051055 30.540720
 161.400000 0.188884 27.394098 30.540720
 161.600000 0.197115 30.648634 30.540720
 161.800000 0.195762 30.250270 30.540720
 162.000000 0.195856 30.279689 30.540720
 162.200000 0.176703 19.484667 30.540720
 162.400000 0.174079 17.454101 30.540720
 162.600000 0.190425 28.583307 30.540720
 162.800000 0.206772 32.672807 30.540720
 163.000000 0.219470 33.275161 30.540720
 163.200000 0.208751 33.116115 30.540720
 163.400000 0.245314 34.154027 30.540720
 163.600000 0.260186 32.043615 30.540720
 163.800000 0.271081 30.488586 30.540720
 164.000000 0.280771 28.996042 30.540720
 164.200000 0.287851 28.012751 30.540720
 164.400000 0.280562 29.514584 30.540720
 164.600000 0.252542 33.346657 30.540720
 164.800000 0.247673 33.959117 30.540720
 165.000000 0.265979 31.477241 31.012041
 165.200000 0.266801 31.808919 31.012041
 165.400000 0.260703 32.562999 31.012041
 165.600000 0.285922 28.619353 31.012041
 165.800000 0.291501 27.275886 31.012041
 166.000000 0.260884 32.539573 31.012041
 166.200000 0.251612 34.086591 31.012041
 166.400000 0.246114 34.544643 31.012041
 166.600000 0.238404 34.691546 31.012041
 166.800000 0.240511 34.709547 31.012041
 167.000000 0.252253 34.018155 31.012041
 167.200000 0.244337 34.966912 31.012041
 167.400000 0.226488 34.175341 31.012041
 167.600000 0.223591 33.971814 31.012041
 167.800000 0.232175 34.599209 31.012041
 168.000000 0.239614 34.975925 31.012041
 168.200000 0.239601 35.344092 31.012041
 168.400000 0.230182 34.755714 31.012041
 168.600000 0.227201 34.489452 31.012041
 168.800000 0.228727 34.625867 31.012041
 169.000000 0.230527 34.785951 31.012041
 169.200000 0.233030 35.359094 31.012041
 169.400000 0.233398 35.385732 31.012041
 169.600000 0.220064 34.200613 31.012041
 169.800000 0.216056 33.877379 31.012041
 170.000000 0.209731 33.383438 31.972243
 170.200000 0.209193 33.730461 31.972243
 170.400000 0.218445 34.399951 31.972243
 170.600000 0.230888 35.334527 31.972243
 170.800000 0.234408 35.555789 31.972243
 171.000000 0.242191 35.675915 31.972243
 171.200000 0.244070 35.955979 31.972243
 171.400000 0.241350 36.051530 31.972243
 171.600000 0.258461 34.047109 31.972243
 171.800000 0.273091 31.536869 31.972243
 172.000000 0.261392 33.533403 31.972243
 172.200000 0.268832 32.618160 31.972243
 172.400000 0.283919 29.380474 31.972243
 172.600000 0.285655 28.930574 31.972243
 172.800000 0.285886 28.870071 31.972243
 173.000000 0.286164 28.797006 31.972243
 173.200000 0.308385 24.405477 31.972243
 173.400000 0.307734 24.489544 31.972243
 173.600000 0.300338 25.713376 31.972243
 173.800000 0.288347 28.699209 31.972243
 174.000000 0.289834 28.296628 31.972243
 174.200000 0.305115 25.157540 31.972243
 174.400000 0.298634 26.490727 31.972243
 174.600000 0.294732 27.469750 31.972243
 174.800000 0.292820 27.981376 31.972243
 175.000000 0.276587 31.844936 32.506003
 175.200000 0.280862 31.420417 32.506003
 175.400000 0.304443 25.351685 32.506003
 175.600000 0.309925 24.455358 32.506003
 175.800000 0.287620 29.708676 32.506003
 176.000000 0.302695 25.699801 32.506003
 176.200000 0.310207 24.907460 32.506003
 176.400000 0.319658 23.597094 32.506003
 176.600000 0.312619 24.549259 32.506003
 176.800000 0.298382 27.231662 32.506003
 177.000000 0.306559 25.511364 32.506003
 177.200000 0.316914 24.402984 32.506003
 177.400000 0.303016 26.736466 32.506003
 177.600000 0.303253 26.689940 32.506003
 177.800000 0.311076 25.311947 32.506003
 178.000000 0.298673 27.650591 32.506003
 178.200000 0.273913 32.980535 32.506003
 178.400000 0.270715 33.350376 32.506003
 178.600000 0.276852 32.601443 32.506003
 178.800000 0.298231 28.259955 32.506003
 179.000000 0.304667 26.890127 32.506003
 179.200000 0.324989 23.424436 32.506003
 179.400000 0.339548 19.299190 32.506003
 179.600000 0.352425 13.028377 32.506003
 179.800000 0.354832 11.711988 32.506003
 180.000000 0.373099 3.745584 32.544736
 180.200000 0.359309 10.305803 32.544736
 180.400000 0.357567 11.107323 32.544736
 180.600000 0.355266 12.205069 32.544736
 180.800000 0.369688 6.271256 32.544736
 181.000000 0.376365 4.332372 32.544736
 181.200000 0.371844 6.975672 32.544736
 181.400000 0.359062 11.158109 32.544736
 181.600000 0.361139 10.358429 32.544736
 181.800000 0.368008 8.068332 32.544736
 182.000000 0.382161 4.305466 32.544736
 182.200000 0.368635 8.843829 32.544736
 182.400000 0.338757 19.787522 32.544736
 182.600000 0.354626 13.285304 32.544736
 182.800000 0.363035 10.313173 32.544736
 183.000000 0.353523 13.739545 32.544736
 183.200000 0.334871 21.466051 32.544736
 183.400000 0.318967 24.691334 32.544736
 183.600000 0.341817 19.366523 32.544736
 183.800000 0.368941 9.330904 32.544736
 184.000000 0.357061 13.250976 32.544736
 184.200000 0.350237 16.941689 32.544736
 184.400000 0.365809 11.038663 32.544736
 184.600000 0.359300 13.354082 32.544736
 184.800000 0.351078 16.609345 32.544736
 185.000000 0.351840 16.306236 32.509047
 185.200000 0.371856 9.503195 32.509047
 185.400000 0.357856 14.690947 32.509047
 185.600000 0.355008 15.863336 32.509047
 185.800000 0.355642 15.601813 32.509047
 186.000000 0.337177 21.767079 32.509047
 186.200000 0.345594 20.030828 32.509047
 186.400000 0.360520 13.807581 32.509047
 186.600000 0.347383 19.373243 32.509047
 186.800000 0.356490 15.541155 32.509047
 187.000000 0.391152 3.622928 32.509047
 187.200000 0.388875 5.721320 32.509047
 187.400000 0.393279 4.549719 32.509047
 187.600000 0.395361 4.012481 32.509047
 187.800000 0.403033 2.268670 32.509047
 188.000000 0.395480 3.982418 32.509047
 188.200000 0.373732 10.194573 32.509047
 188.400000 0.365738 12.274845 32.509047
 188.600000 0.379288 9.056379 32.509047
 188.800000 0.392597 6.167539 32.509047
 189.000000 0.367168 11.844429 32.509047
 189.200000 0.374116 11.038413 32.509047
 189.400000 0.394302 5.943953 32.509047
 189.600000 0.371635 11.659098 32.509047
 189.800000 0.340058 21.942831 32.509047
 190.000000 0.360826 14.912610 32.475435
 190.200000 0.377576 10.689610 32.475435
 190.400000 0.385695 8.462673 32.475435
 190.600000 0.367898 13.472393 32.475435
 190.800000 0.364917 14.423776 32.475435
 191.000000 0.364842 14.448133 32.475435
 191.200000 0.384317 9.239175 32.475435
 191.400000 0.397481 5.201152 32.475435
 191.600000 0.392189 6.795362 32.475435
 191.800000 0.388537 7.926287 32.475435
 192.000000 0.373628 12.557806 32.475435
 192.200000 0.392303 7.219942 32.475435
 192.400000 0.412456 1.690222 32.475435
 192.600000 0.411267 1.902151 32.475435
 192.800000 0.397504 5.474967 32.475435
 193.000000 0.414654 1.340880 32.475435
 193.200000 0.399347 5.870885 32.475435
 193.400000 0.384251 10.246057 32.475435
 193.600000 0.384107 10.292059 32.475435
 193.800000 0.385394 9.882900 32.475435
 194.000000 0.392202 7.790622 32.475435
 194.200000 0.399446 6.947617 32.475435
 194.400000 0.389404 9.843779 32.475435
 194.600000 0.380097 12.465832 32.475435
 194.800000 0.387908 10.278112 32.475435
 195.000000 0.403613 5.834586 32.440138
 195.200000 0.431352 1.289806 32.440138
 195.400000 0.438305 0.602466 32.440138
 195.600000 0.431081 1.324149 32.440138
 195.800000 0.440736 0.442002 32.440138
 196.000000 0.438928 0.557814 32.440138
 196.200000 0.439001 2.259780 32.440138
 196.400000 0.425203 3.334411 32.440138
 196.600000 0.399767 8.217770 32.440138
 196.800000 0.395310 9.300980 32.440138
 197.000000 0.402681 7.511370 32.440138
 197.200000 0.428960 3.248892 32.440138
 197.400000 0.412789 6.238037 32.440138
 197.600000 0.416003 5.475519 32.440138
 197.800000 0.433709 2.767583 32.440138
 198.000000 0.429501 3.187463 32.440138
 198.200000 0.415337 6.599811 32.440138
 198.400000 0.407440 8.096646 32.440138
 198.600000 0.396141 10.363639 32.440138
 198.800000 0.383725 12.600349 32.440138
 199.000000 0.393217 10.909339 32.440138
 199.200000 0.392191 12.170087 32.440138
 199.400000 0.397305 11.177821 32.440138
 199.600000 0.404042 9.619027 32.440138
 199.800000 0.400100 10.559433 32.440138
 200.000000 0.392605 12.096607 32.405514
 200.200000 0.404459 10.263455 32.405514
 200.400000 0.418123 6.655503 32.405514
 200.600000 0.402675 10.766337 32.405514
 200.800000 0.405415 9.990140 32.405514
 201.000000 0.405228 10.043719 32.405514
 201.200000 0.418859 7.242294 32.405514
 201.400000 0.430054 5.021006 32.405514
 201.600000 0.407312 10.552623 32.405514
 201.800000 0.376384 15.292318 32.405514
 202.000000 0.343301 22.014981 32.405514
 202.200000 0.345615 22.185986 32.405514
 202.400000 0.362089 17.807577 32.405514
 202.600000 0.347837 21.661891 32.405514
 202.800000 0.365350 17.051907 32.405514
 203.000000 0.360421 18.232180 32.405514
 203.200000 0.361439 18.745285 32.405514
 203.400000 0.361754 18.664746 32.405514
 203.600000 0.372023 16.444541 32.405514
 203.800000 0.378813 15.492422 32.405514
 204.000000 0.393328 13.871156 32.405514
 204.200000 0.376142 16.309689 32.405514
 204.400000 0.369425 17.181850 32.405514
 204.600000 0.366837 17.650487 32.405514
 204.800000 0.385685 15.621843 32.405514
 205.000000 0.387493 15.484221 32.374730
 205.200000 0.371736 17.332226 32.374730
 205.400000 0.346602 22.492867 32.374730
 205.600000 0.337513 23.848142 32.374730
 205.800000 0.339675 23.603071 32.374730
 206.000000 0.331440 24.341144 32.374730
 206.200000 0.325551 25.287936 32.374730
 206.400000 0.330118 25.018407 32.374730
 206.600000 0.345000 23.189130 32.374730
 206.800000 0.363863 18.584213 32.374730
 207.000000 0.358600 19.802723 32.374730
 207.200000 0.384538 16.722181 32.374730
 207.400000 0.386638 16.553701 32.374730
 207.600000 0.379137 17.095178 32.374730
 207.800000 0.355519 21.309029 32.374730
 208.000000 0.368589 18.327492 32.374730
 208.200000 0.368659 19.089014 32.374730
 208.400000 0.379351 17.677314 32.374730
 208.600000 0.367647 19.267472 32.374730
 208.800000 0.371023 18.703966 32.374730
 209.000000 0.369528 18.942048 32.374730
 209.200000 0.366980 20.131327 32.374730
 209.400000 0.388663 17.000522 32.374730
 209.600000 0.374386 18.947432 32.374730
 209.800000 0.381480 18.014705 32.374730
 210.000000 0.362295 21.000768 32.348737
 210.200000 0.352611 23.429312 32.348737
 210.400000 0.347946 24.102079 32.348737
 210.600000 0.332194 25.195892 32.348737
 210.800000 0.309438 26.878892 32.348737
 211.000000 0.326522 25.366987 32.348737
 211.200000 0.315187 26.573295 32.348737
 211.400000 0.333414 25.668253 32.348737
 211.600000 0.330895 25.774102 32.348737
 211.800000 0.317094 26.418480 32.348737
 212.000000 0.322739 26.082023 32.348737
 212.200000 0.327000 26.441199 32.348737
 212.400000 0.327062 26.438359 32.348737
 212.600000 0.322687 26.631957 32.348737
 212.800000 0.343780 25.056305 32.348737
 213.000000 0.329893 26.300224 32.348737
 213.200000 0.344910 25.227929 32.348737
 213.400000 0.330243 26.823928 32.348737
 213.600000 0.321414 27.153139 32.348737
 213.800000 0.318988 27.233055 32.348737
 214.000000 0.326057 27.008182 32.348737
 214.200000 0.347709 24.928195 32.348737
 214.400000 0.351768 24.087382 32.348737
 214.600000 0.352115 24.013596 32.348737
 214.800000 0.366875 20.862469 32.348737
 215.000000 0.362977 21.669762 32.347341
 215.200000 0.370765 20.687242 32.347341
 215.400000 0.366132 21.665020 32.347341
 215.600000 0.380757 18.757697 32.347341
 215.800000 0.383469 18.272673 32.347341
 216.000000 0.369880 20.871654 32.347341
 216.200000 0.357249 24.008357 32.347341
 216.400000 0.366420 22.276200 32.347341
 216.600000 0.375122 20.457383 32.347341
 216.800000 0.377077 20.048052 32.347341
 217.000000 0.363649 22.827160 32.347341
 217.200000 0.364800 23.231906 32.347341
 217.400000 0.374009 21.190683 32.347341
 217.600000 0.367161 22.741258 32.347341
 217.800000 0.376645 20.572744 32.347341
 218.000000 0.381389 19.472594 32.347341
 218.200000 0.374184 21.804477 32.347341
 218.400000 0.378594 20.840836 32.347341
 218.600000 0.381194 20.252461 32.347341
 218.800000 0.374462 21.745067 32.347341
 219.000000 0.382531 19.942639 32.347341
 219.200000 0.398582 15.689830 32.347341
 219.400000 0.405518 12.764071 32.347341
 219.600000 0.414285 9.166592 32.347341
 219.800000 0.424856 6.086509 32.347341
 220.000000 0.428123 5.430575 32.320947
 220.200000 0.417602 9.097533 32.320947
 220.400000 0.439522 4.624675 32.320947
 220.600000 0.444767 3.533550 32.320947
 220.800000 0.427795 6.865545 32.320947
 221.000000 0.390279 18.664872 32.320947
 221.200000 0.380085 21.825790 32.320947
 221.400000 0.377880 22.229106 32.320947
 221.600000 0.380315 21.782081 32.320947
 221.800000 0.394755 17.978501 32.320947
 222.000000 0.383656 21.101030 32.320947
 222.200000 0.386467 21.124154 32.320947
 222.400000 0.398628 16.935297 32.320947
 222.600000 0.422806 7.941224 32.320947
 222.800000 0.432924 5.931605 32.320947
 223.000000 0.417335 9.372442 32.320947
 223.200000 0.412201 12.200841 32.320947
 223.400000 0.400427 16.767733 32.320947
 223.600000 0.397075 18.044500 32.320947
 223.800000 0.393969 19.133096 32.320947
 224.000000 0.416835 10.676112 32.320947
 224.200000 0.416515 11.861606 32.320947
 224.400000 0.439264 5.428480 32.320947
 224.600000 0.454902 1.739262 32.320947
 224.800000 0.463604 0.650694 32.320947
 225.000000 0.440794 5.003418 32.290616
 225.200000 0.432966 8.423441 32.290616
 225.400000 0.442839 5.833801 32.290616
 225.600000 0.456079 2.379215 32.290616
 225.800000 0.447304 4.581241 32.290616
 226.000000 0.426385 9.912079 32.290616
 226.200000 0.410391 14.660460 32.290616
 226.400000 0.429469 10.331812 32.290616
 226.600000 0.430644 10.045283 32.290616
 226.800000 0.437237 8.224866 32.290616
 227.000000 0.448204 4.723059 32.290616
 227.200000 0.453345 4.560596 32.290616
 227.400000 0.460706 2.591988 32.290616
 227.600000 0.448220 6.135893 32.290616
 227.800000 0.431441 10.602683 32.290616
 228.000000 0.428484 11.160026 32.290616
 228.200000 0.447626 6.791435 32.290616
 228.400000 0.458146 3.365782 32.290616
 228.600000 0.465453 1.683893 32.290616
 228.800000 0.462672 2.240009 32.290616
 229.000000 0.457725 3.483769 32.290616
 229.200000 0.469041 2.244467 32.290616
 229.400000 0.470412 1.991346 32.290616
 229.600000 0.463050 3.564961 32.290616
 229.800000 0.471796 1.755131 32.290616
 230.000000 0.491095 0.147685 32.259867
 230.200000 0.467578 3.041950 32.259867
 230.400000 0.456518 5.446373 32.259867
 230.600000 0.451544 6.857268 32.259867
 230.800000 0.455972 5.594918 32.259867
 231.000000 0.457690 5.134850 32.259867
 231.200000 0.445974 9.513332 32.259867
 231.400000 0.429946 12.467618 32.259867
 231.600000 0.438496 11.110418 32.259867
 231.800000 0.451735 8.087911 32.259867
 232.000000 0.466816 4.318937 32.259867
 232.200000 0.451373 9.029849 32.259867
 232.400000 0.439992 11.109448 32.259867
 232.600000 0.446844 9.900750 32.259867
 232.800000 0.439494 11.190999 32.259867
 233.000000 0.435768 11.765981 32.259867
 233.200000 0.450717 9.789509 32.259867
 233.400000 0.433992 13.046752 32.259867
 233.600000 0.429618 13.526583 32.259867
 233.800000 0.438942 12.293256 32.259867
 234.000000 0.450882 9.750014 32.259867
 234.200000 0.452777 10.416651 32.259867
 234.400000 0.446805 11.790332 32.259867
 234.600000 0.449654 11.171284 32.259867
 234.800000 0.437210 13.329823 32.259867
 235.000000 0.419113 14.446963 32.228380
 235.200000 0.421301 15.222078 32.228380
 235.400000 0.414975 15.714997 32.228380
 235.600000 0.407473 16.788861 32.228380
 235.800000 0.423154 15.108669 32.228380
 236.000000 0.425315 14.975811 32.228380
 236.200000 0.438545 14.173830 32.228380
 236.400000 0.438162 14.248487 32.228380
 236.600000 0.408151 17.131210 32.228380
 236.800000 0.389468 20.975508 32.228380
 237.000000 0.383905 22.024994 32.228380
 237.200000 0.382831 22.860418 32.228380
 237.400000 0.386190 22.265818 32.228380
 237.600000 0.395857 20.052799 32.228380
 237.800000 0.427853 15.694012 32.228380
 238.000000 0.415526 16.455970 32.228380
 238.200000 0.411038 17.699065 32.228380
 238.400000 0.392522 21.140442 32.228380
 238.600000 0.373737 24.044419 32.228380
 238.800000 0.371771 24.226765 32.228380
 239.000000 0.390136 21.638806 32.228380
 239.200000 0.395327 21.153678 32.228380
 239.400000 0.379899 23.879664 32.228380
 239.600000 0.355888 25.453413 32.228380
 239.800000 0.349508 25.953493 32.228380
 240.000000 0.359240 25.238972 32.205656
