#! FIELDS time d metad.bias metad.rct
 0.000000 0.307293 0.000000 0.000000
 0.200000 0.293294 0.000000 0.000000
 0.400000 0.308582 0.000000 0.000000
 0.600000 0.298726 0.000000 0.000000
 0.800000 0.308604 0.000000 0.000000
 1.000000 0.322280 0.000000 0.000000
 1.200000 0.283093 0.054399 0.000000
 1.400000 0.282876 0.052253 0.000000
 1.600000 0.303734 0.813037 0.000000
 1.800000 0.307896 1.103739 0.000000
 2.000000 0.291796 0.218953 0.000000
 2.200000 0.307115 2.075785 0.000000
 2.400000 0.292278 1.965949 0.000000
 2.600000 0.287468 1.777513 0.000000
 2.800000 0.297361 2.055286 0.000000
 3.000000 0.291533 1.943872 0.000000
 3.200000 0.309995 2.829574 0.000000
 3.400000 0.329745 1.672800 0.000000
 3.600000 0.318683 2.354638 0.000000
 3.800000 0.325567 1.962234 0.000000
 4.000000 0.339435 0.922942 0.000000
 4.200000 0.325270 3.055379 0.000000
 4.400000 0.312886 3.009402 0.000000
 4.600000 0.309522 3.085618 0.000000
 4.800000 0.310547 3.056513 0.000000
 5.000000 0.308799 3.109085 1.278728
 5.200000 0.315564 4.363824 1.278728
 5.400000 0.312203 4.505212 1.278728
 5.600000 0.303979 4.757893 1.278728
 5.800000 0.298187 4.736608 1.278728
 6.000000 0.299700 4.766812 1.278728
 6.200000 0.293728 5.828199 1.278728
 6.400000 0.280310 3.396406 1.278728
 6.600000 0.278365 2.975873 1.278728
 6.800000 0.277876 2.871933 1.278728
 7.000000 0.280141 3.359611 1.278728
 7.200000 0.285214 5.871537 1.278728
 7.400000 0.297137 6.889807 1.278728
 7.600000 0.305927 6.357939 1.278728
 7.800000 0.308720 6.058973 1.278728
 8.000000 0.320250 4.740728 1.278728
 8.200000 0.330401 4.863219 1.278728
 8.400000 0.346665 2.325712 1.278728
 8.600000 0.340637 3.259642 1.278728
 8.800000 0.313588 6.775561 1.278728
 9.000000 0.334259 4.277223 1.278728
 9.200000 0.354521 1.874641 1.278728
 9.400000 0.376554 0.099802 1.278728
 9.600000 0.348943 2.894033 1.278728
 9.800000 0.325912 6.725422 1.278728
 10.000000 0.315344 7.281556 3.761890
 10.200000 0.323211 8.028239 3.761890
 10.400000 0.336113 5.904028 3.761890
 10.600000 0.353912 2.019985 3.761890
 10.800000 0.349501 2.876886 3.761890
 11.000000 0.325349 7.784000 3.761890
 11.200000 0.327441 8.725647 3.761890
 11.400000 0.328560 8.540068 3.761890
 11.600000 0.314856 9.529345 3.761890
 11.800000 0.300516 8.580600 3.761890
 12.000000 0.321792 9.367796 3.761890
 12.200000 0.346904 4.161104 3.761890
 12.400000 0.349359 3.459807 3.761890
 12.600000 0.323199 10.401913 3.761890
 12.800000 0.310386 10.226697 3.761890
 13.000000 0.327954 9.702378 3.761890
 13.200000 0.317287 11.524667 3.761890
 13.400000 0.299382 9.019430 3.761890
 13.600000 0.281220 5.284530 3.761890
 13.800000 0.278048 4.502937 3.761890
 14.000000 0.295494 8.339384 3.761890
 14.200000 0.270748 3.098215 3.761890
 14.400000 0.305992 11.065808 3.761890
 14.600000 0.318295 11.949111 3.761890
 14.800000 0.314557 11.848270 3.761890
 15.000000 0.331834 9.975773 7.026792
 15.200000 0.322355 12.696997 7.026792
 15.400000 0.309729 11.848650 7.026792
 15.600000 0.318668 12.709527 7.026792
 15.800000 0.331057 11.315753 7.026792
 16.000000 0.337465 9.162745 7.026792
 16.200000 0.364684 1.065932 7.026792
 16.400000 0.370155 0.476203 7.026792
 16.600000 0.354148 3.523981 7.026792
 16.800000 0.347647 5.988455 7.026792
 17.000000 0.359019 2.140522 7.026792
 17.200000 0.356103 4.477444 7.026792
 17.400000 0.355496 4.645244 7.026792
 17.600000 0.370561 1.628441 7.026792
 17.800000 0.344924 8.180401 7.026792
 18.000000 0.341223 9.562670 7.026792
 18.200000 0.357798 4.651380 7.026792
 18.400000 0.349503 7.507465 7.026792
 18.600000 0.355642 5.323860 7.026792
 18.800000 0.359558 4.144177 7.026792
 19.000000 0.368526 2.131148 7.026792
 19.200000 0.368969 3.645494 7.026792
 19.400000 0.350077 8.035170 7.026792
 19.600000 0.350938 7.765840 7.026792
 19.800000 0.314819 13.080021 7.026792
 20.000000 0.302480 10.901773 8.866099
 20.200000 0.287852 8.574338 8.866099
 20.400000 0.276396 4.868219 8.866099
 20.600000 0.259570 1.042203 8.866099
 20.800000 0.253376 0.459932 8.866099
 21.000000 0.262999 1.540035 8.866099
 21.200000 0.274597 5.519971 8.866099
 21.400000 0.292178 10.036929 8.866099
 21.600000 0.278939 6.618955 8.866099
 21.800000 0.260525 2.778732 8.866099
 22.000000 0.258241 2.439040 8.866099
 22.200000 0.284526 8.449598 8.866099
 22.400000 0.272960 6.102687 8.866099
 22.600000 0.270219 5.668280 8.866099
 22.800000 0.264948 4.928551 8.866099
 23.000000 0.267590 5.288254 8.866099
 23.200000 0.273277 7.442530 8.866099
 23.400000 0.281904 8.735608 8.866099
 23.600000 0.270422 7.057181 8.866099
 23.800000 0.257180 4.940864 8.866099
 24.000000 0.239898 1.528571 8.866099
 24.200000 0.248390 4.491788 8.866099
 24.400000 0.255427 5.543197 8.866099
 24.600000 0.249616 4.682787 8.866099
 24.800000 0.260167 6.158119 8.866099
 25.000000 0.270135 7.230172 9.077106
 25.200000 0.245637 4.390709 9.077106
 25.400000 0.271027 8.591403 9.077106
 25.600000 0.281198 9.618979 9.077106
 25.800000 0.259140 7.001529 9.077106
 26.000000 0.245739 4.410542 9.077106
 26.200000 0.251547 6.899894 9.077106
 26.400000 0.244521 5.608708 9.077106
 26.600000 0.230900 2.813682 9.077106
 26.800000 0.211898 0.406001 9.077106
 27.000000 0.224027 1.628342 9.077106
 27.200000 0.237442 5.235451 9.077106
 27.400000 0.240671 5.699633 9.077106
 27.600000 0.242208 5.919016 9.077106
 27.800000 0.249397 6.917527 9.077106
 28.000000 0.258331 7.986795 9.077106
 28.200000 0.248435 7.773932 9.077106
 28.400000 0.252213 8.412725 9.077106
 28.600000 0.243683 6.888736 9.077106
 28.800000 0.243941 6.938105 9.077106
 29.000000 0.260759 9.429259 9.077106
 29.200000 0.256345 10.092067 9.077106
 29.400000 0.278649 10.529370 9.077106
 29.600000 0.268867 10.763339 9.077106
 29.800000 0.262163 10.671668 9.077106
 30.000000 0.258983 10.418701 9.503920
 30.200000 0.256398 11.183488 9.503920
 30.400000 0.280305 10.929148 9.503920
 30.600000 0.291041 11.181362 9.503920
 30.800000 0.285411 10.906968 9.503920
 31.000000 0.276631 11.104673 9.503920
 31.200000 0.289796 11.823330 9.503920
 31.400000 0.288580 11.804172 9.503920
 31.600000 0.276318 12.191376 9.503920
 31.800000 0.265705 12.596323 9.503920
 32.000000 0.283370 11.847191 9.503920
 32.200000 0.299736 12.885267 9.503920
 32.400000 0.275301 13.148870 9.503920
 32.600000 0.280922 12.954818 9.503920
 32.800000 0.311861 13.733763 9.503920
 33.000000 0.299529 12.878116 9.503920
 33.200000 0.286783 13.488298 9.503920
 33.400000 0.279637 13.407049 9.503920
 33.600000 0.272697 13.413867 9.503920
 33.800000 0.260066 12.535203 9.503920
 34.000000 0.271070 13.398823 9.503920
 34.200000 0.257820 12.780338 9.503920
 34.400000 0.237272 6.501429 9.503920
 34.600000 0.233433 5.489657 9.503920
 34.800000 0.234305 5.708901 9.503920
 35.000000 0.235598 6.045645 10.998629
 35.200000 0.235042 7.235102 10.998629
 35.400000 0.234083 6.982465 10.998629
 35.600000 0.230240 5.990943 10.998629
 35.800000 0.225118 4.726418 10.998629
 36.000000 0.207537 1.333025 10.998629
 36.200000 0.240572 8.874535 10.998629
 36.400000 0.240267 8.796839 10.998629
 36.600000 0.229182 6.304483 10.998629
 36.800000 0.224769 5.493931 10.998629
 37.000000 0.228924 6.254330 10.998629
 37.200000 0.218695 5.566860 10.998629
 37.400000 0.214808 4.806425 10.998629
 37.600000 0.228999 7.593316 10.998629
 37.800000 0.224947 6.803555 10.998629
 38.000000 0.222977 6.415050 10.998629
 38.200000 0.217427 6.544619 10.998629
 38.400000 0.197329 2.163926 10.998629
 38.600000 0.211579 5.177687 10.998629
 38.800000 0.220622 7.247654 10.998629
 39.000000 0.214173 5.790777 10.998629
 39.200000 0.218050 7.992858 10.998629
 39.400000 0.228944 9.629048 10.998629
 39.600000 0.245160 11.418289 10.998629
 39.800000 0.271987 14.461529 10.998629
 40.000000 0.269416 14.465640 11.480411
 40.200000 0.241109 11.016796 11.480411
 40.400000 0.232283 10.002748 11.480411
 40.600000 0.244758 11.594708 11.480411
 40.800000 0.254518 13.566059 11.480411
 41.000000 0.232216 9.995904 11.480411
 41.200000 0.233377 11.231907 11.480411
 41.400000 0.242546 12.114261 11.480411
 41.600000 0.219844 9.139180 11.480411
 41.800000 0.222702 9.747259 11.480411
 42.000000 0.209025 6.188707 11.480411
 42.200000 0.194891 3.261558 11.480411
 42.400000 0.200248 4.802094 11.480411
 42.600000 0.193259 2.843734 11.480411
 42.800000 0.191959 2.533154 11.480411
 43.000000 0.220247 10.234035 11.480411
 43.200000 0.229513 12.254028 11.480411
 43.400000 0.220323 11.356451 11.480411
 43.600000 0.213870 9.874774 11.480411
 43.800000 0.217025 10.687473 11.480411
 44.000000 0.227400 12.154432 11.480411
 44.200000 0.232361 13.290082 11.480411
 44.400000 0.223150 12.752532 11.480411
 44.600000 0.232786 13.287470 11.480411
 44.800000 0.251404 13.831139 11.480411
 45.000000 0.244556 13.261635 12.104818
 45.200000 0.237689 14.077576 12.104818
 45.400000 0.209922 9.237408 12.104818
 45.600000 0.197885 4.610448 12.104818
 45.800000 0.190924 2.513821 12.104818
 46.000000 0.198230 4.731264 12.104818
 46.200000 0.202884 7.822070 12.104818
 46.400000 0.210799 10.566430 12.104818
 46.600000 0.202916 7.833324 12.104818
 46.800000 0.224446 13.617598 12.104818
 47.000000 0.215476 11.927605 12.104818
 47.200000 0.191710 4.295630 12.104818
 47.400000 0.195877 5.772430 12.104818
 47.600000 0.198239 6.682430 12.104818
 47.800000 0.182873 1.936785 12.104818
 48.000000 0.188824 3.400618 12.104818
 48.200000 0.191178 5.607657 12.104818
 48.400000 0.212838 12.622265 12.104818
 48.600000 0.235155 14.559368 12.104818
 48.800000 0.233693 14.612408 12.104818
 49.000000 0.228049 14.699952 12.104818
 49.200000 0.230731 15.586128 12.104818
 49.400000 0.238482 15.154192 12.104818
 49.600000 0.259633 15.567711 12.104818
 49.800000 0.241067 15.006810 12.104818
 50.000000 0.229457 15.610287 12.840425
 50.200000 0.248870 15.299856 12.840425
 50.400000 0.243305 15.488753 12.840425
 50.600000 0.233182 16.333351 12.840425
 50.800000 0.204516 10.548855 12.840425
 51.000000 0.187813 4.655273 12.840425
 51.200000 0.189907 6.691016 12.840425
 51.400000 0.204565 11.328885 12.840425
 51.600000 0.232047 16.416151 12.840425
 51.800000 0.247664 15.310640 12.840425
 52.000000 0.239147 15.822462 12.840425
 52.200000 0.240911 16.525359 12.840425
 52.400000 0.256382 15.972432 12.840425
 52.600000 0.261569 16.037662 12.840425
 52.800000 0.251621 15.945555 12.840425
 53.000000 0.242845 16.357918 12.840425
 53.200000 0.243983 17.110672 12.840425
 53.400000 0.245139 17.021292 12.840425
 53.600000 0.255099 16.559736 12.840425
 53.800000 0.275114 15.530022 12.840425
 54.000000 0.268408 16.099868 12.840425
 54.200000 0.259565 17.190782 12.840425
 54.400000 0.270420 16.796463 12.840425
 54.600000 0.270711 16.770589 12.840425
 54.800000 0.251285 17.113818 12.840425
 55.000000 0.246092 17.233206 14.369281
 55.200000 0.269062 17.157371 14.369281
 55.400000 0.285846 15.061302 14.369281
 55.600000 0.296853 14.307983 14.369281
 55.800000 0.300772 14.225014 14.369281
 56.000000 0.283310 15.344624 14.369281
 56.200000 0.280808 16.527334 14.369281
 56.400000 0.284100 16.134712 14.369281
 56.600000 0.278882 16.758717 14.369281
 56.800000 0.292550 15.240241 14.369281
 57.000000 0.308433 14.552213 14.369281
 57.200000 0.293185 15.728857 14.369281
 57.400000 0.271653 17.566970 14.369281
 57.600000 0.281700 16.605479 14.369281
 57.800000 0.289922 15.919084 14.369281
 58.000000 0.299566 15.498568 14.369281
 58.200000 0.309718 16.182367 14.369281
 58.400000 0.332508 13.944906 14.369281
 58.600000 0.339868 11.641825 14.369281
 58.800000 0.364907 4.379682 14.369281
 59.000000 0.370698 3.349080 14.369281
 59.200000 0.344132 10.423750 14.369281
 59.400000 0.322836 15.659379 14.369281
 59.600000 0.314757 16.086711 14.369281
 59.800000 0.318271 15.968148 14.369281
 60.000000 0.302341 16.317856 15.100166
 60.200000 0.318405 16.438046 15.100166
 60.400000 0.312732 16.795384 15.100166
 60.600000 0.307852 17.004337 15.100166
 60.800000 0.293581 17.232518 15.100166
 61.000000 0.273671 17.728094 15.100166
 61.200000 0.271794 18.605713 15.100166
 61.400000 0.277832 18.286924 15.100166
 61.600000 0.286589 17.801597 15.100166
 61.800000 0.299539 17.386266 15.100166
 62.000000 0.288460 17.725519 15.100166
 62.200000 0.288790 18.507636 15.100166
 62.400000 0.276980 18.930877 15.100166
 62.600000 0.280066 18.828644 15.100166
 62.800000 0.287381 18.560540 15.100166
 63.000000 0.288383 18.522976 15.100166
 63.200000 0.280812 19.476650 15.100166
 63.400000 0.277361 19.504435 15.100166
 63.600000 0.296549 18.824554 15.100166
 63.800000 0.299510 18.574583 15.100166
 64.000000 0.291751 19.137913 15.100166
 64.200000 0.312774 17.512711 15.100166
 64.400000 0.320026 16.594167 15.100166
 64.600000 0.325884 15.671172 15.100166
 64.800000 0.335139 13.384799 15.100166
 65.000000 0.336798 12.867717 16.416294
 65.200000 0.343356 11.591569 16.416294
 65.400000 0.358328 7.182074 16.416294
 65.600000 0.353436 8.343243 16.416294
 65.800000 0.344469 11.195257 16.416294
 66.000000 0.334224 14.630554 16.416294
 66.200000 0.314088 18.030061 16.416294
 66.400000 0.303557 18.922757 16.416294
 66.600000 0.297135 19.546870 16.416294
 66.800000 0.298650 19.412120 16.416294
 67.000000 0.306365 18.639116 16.416294
 67.200000 0.304924 19.541953 16.416294
 67.400000 0.290540 20.397102 16.416294
 67.600000 0.278809 20.151562 16.416294
 67.800000 0.302229 19.794009 16.416294
 68.000000 0.296182 20.230766 16.416294
 68.200000 0.296395 20.930105 16.416294
 68.400000 0.283800 20.824758 16.416294
 68.600000 0.282000 20.719850 16.416294
 68.800000 0.264897 19.393467 16.416294
 69.000000 0.255940 18.586035 16.416294
 69.200000 0.263713 19.949325 16.416294
 69.400000 0.246658 18.889808 16.416294
 69.600000 0.251996 19.093012 16.416294
 69.800000 0.250199 19.003402 16.416294
 70.000000 0.255168 19.294896 17.624885
 70.200000 0.255578 20.064802 17.624885
 70.400000 0.225789 18.010484 17.624885
 70.600000 0.211008 13.733705 17.624885
 70.800000 0.220098 16.683765 17.624885
 71.000000 0.247115 19.541080 17.624885
 71.200000 0.247381 20.286342 17.624885
 71.400000 0.223297 17.700422 17.624885
 71.600000 0.214970 15.176635 17.624885
 71.800000 0.231004 19.172145 17.624885
 72.000000 0.253877 20.607046 17.624885
 72.200000 0.247321 20.918581 17.624885
 72.400000 0.242526 20.588861 17.624885
 72.600000 0.252345 21.225331 17.624885
 72.800000 0.252261 21.220647 17.624885
 73.000000 0.247438 20.926200 17.624885
 73.200000 0.240456 21.049416 17.624885
 73.400000 0.225177 18.482927 17.624885
 73.600000 0.223989 18.166747 17.624885
 73.800000 0.208523 12.899251 17.624885
 74.000000 0.212288 14.290058 17.624885
 74.200000 0.218870 17.453008 17.624885
 74.400000 0.221405 18.188383 17.624885
 74.600000 0.225955 19.290629 17.624885
 74.800000 0.248279 21.718789 17.624885
 75.000000 0.247608 21.682450 18.838581
 75.200000 0.242661 22.002083 18.838581
 75.400000 0.232788 20.847538 18.838581
 75.600000 0.239979 21.753981 18.838581
 75.800000 0.239520 21.707195 18.838581
 76.000000 0.229123 20.203755 18.838581
 76.200000 0.230751 21.214454 18.838581
 76.400000 0.229385 20.965996 18.838581
 76.600000 0.230118 21.102445 18.838581
 76.800000 0.241809 22.424757 18.838581
 77.000000 0.239846 22.291343 18.838581
 77.200000 0.222036 19.468878 18.838581
 77.400000 0.217493 17.847255 18.838581
 77.600000 0.206412 13.275569 18.838581
 77.800000 0.232363 22.047524 18.838581
 78.000000 0.247936 23.250089 18.838581
 78.200000 0.236587 23.104469 18.838581
 78.400000 0.225735 20.789754 18.838581
 78.600000 0.232460 22.428158 18.838581
 78.800000 0.238525 23.341652 18.838581
 79.000000 0.257002 23.536925 18.838581
 79.200000 0.259006 23.977088 18.838581
 79.400000 0.226976 21.224278 18.838581
 79.600000 0.211108 15.292573 18.838581
 79.800000 0.217321 17.875242 18.838581
 80.000000 0.207266 13.650968 20.154310
 80.200000 0.207434 14.674725 20.154310
 80.400000 0.201375 12.095832 20.154310
 80.600000 0.203748 13.103301 20.154310
 80.800000 0.189176 7.238074 20.154310
 81.000000 0.205473 13.839107 20.154310
 81.200000 0.196588 10.898283 20.154310
 81.400000 0.216561 19.074893 20.154310
 81.600000 0.208278 15.960888 20.154310
 81.800000 0.204693 14.449786 20.154310
 82.000000 0.191490 8.710070 20.154310
 82.200000 0.181640 5.915519 20.154310
 82.400000 0.178022 4.609902 20.154310
 82.600000 0.207018 16.131362 20.154310
 82.800000 0.212617 18.111165 20.154310
 83.000000 0.191661 9.968936 20.154310
 83.200000 0.170002 2.692138 20.154310
 83.400000 0.194630 12.306997 20.154310
 83.600000 0.201845 15.037993 20.154310
 83.800000 0.198094 13.661164 20.154310
 84.000000 0.183061 7.411804 20.154310
 84.200000 0.175616 5.567473 20.154310
 84.400000 0.171135 3.924145 20.154310
 84.600000 0.166414 2.514549 20.154310
 84.800000 0.172520 4.404260 20.154310
 85.000000 0.167502 2.806472 20.218657
 85.200000 0.165175 3.732582 20.218657
 85.400000 0.190958 12.344269 20.218657
 85.600000 0.179888 8.418708 20.218657
 85.800000 0.193331 13.123580 20.218657
 86.000000 0.201350 15.576660 20.218657
 86.200000 0.194606 14.321997 20.218657
 86.400000 0.202897 16.893548 20.218657
 86.600000 0.216257 20.210032 20.218657
 86.800000 0.216369 20.234628 20.218657
 87.000000 0.206731 17.929434 20.218657
 87.200000 0.192898 14.243292 20.218657
 87.400000 0.182414 9.939553 20.218657
 87.600000 0.174371 6.724100 20.218657
 87.800000 0.151025 1.161720 20.218657
 88.000000 0.172395 6.013999 20.218657
 88.200000 0.187894 13.021348 20.218657
 88.400000 0.179389 9.885296 20.218657
 88.600000 0.180041 10.127528 20.218657
 88.800000 0.182510 11.045683 20.218657
 89.000000 0.187061 12.720222 20.218657
 89.200000 0.184449 12.742170 20.218657
 89.400000 0.183338 12.315815 20.218657
 89.600000 0.168700 6.568051 20.218657
 89.800000 0.171267 7.531577 20.218657
 90.000000 0.170911 7.395651 20.356078
 90.200000 0.152132 2.468991 20.356078
 90.400000 0.152566 2.570927 20.356078
 90.600000 0.165270 6.532082 20.356078
 90.800000 0.173599 9.678271 20.356078
 91.000000 0.164414 6.219886 20.356078
 91.200000 0.159058 5.632083 20.356078
 91.400000 0.178710 12.424758 20.356078
 91.600000 0.208130 19.590098 20.356078
 91.800000 0.210341 19.999712 20.356078
 92.000000 0.197637 17.440524 20.356078
 92.200000 0.204980 19.696092 20.356078
 92.400000 0.209731 20.468860 20.356078
 92.600000 0.194698 17.553252 20.356078
 92.800000 0.174740 11.405879 20.356078
 93.000000 0.168957 9.305495 20.356078
 93.200000 0.173731 12.145462 20.356078
 93.400000 0.188856 16.471726 20.356078
 93.600000 0.186783 15.953356 20.356078
 93.800000 0.178787 13.745261 20.356078
 94.000000 0.161809 7.682333 20.356078
 94.200000 0.166366 10.667764 20.356078
 94.400000 0.158594 7.621916 20.356078
 94.600000 0.186581 16.217726 20.356078
 94.800000 0.179120 14.481950 20.356078
 95.000000 0.183108 15.434058 20.418496
 95.200000 0.208622 20.543214 20.418496
 95.400000 0.218051 21.700780 20.418496
 95.600000 0.219368 21.862883 20.418496
 95.800000 0.213531 21.148580 20.418496
 96.000000 0.212104 20.974516 20.418496
 96.200000 0.214189 21.909432 20.418496
 96.400000 0.206277 20.883648 20.418496
 96.600000 0.224734 23.001545 20.418496
 96.800000 0.225531 23.075820 20.418496
 97.000000 0.225162 23.041573 20.418496
 97.200000 0.233221 24.279366 20.418496
 97.400000 0.210995 21.924610 20.418496
 97.600000 0.207287 21.335807 20.418496
 97.800000 0.203529 20.692549 20.418496
 98.000000 0.193525 18.767241 20.418496
 98.200000 0.205970 21.652209 20.418496
 98.400000 0.220968 23.380638 20.418496
 98.600000 0.208431 21.984920 20.418496
 98.800000 0.220740 23.359138 20.418496
 99.000000 0.228083 23.974123 20.418496
 99.200000 0.219140 23.707718 20.418496
 99.400000 0.207906 22.158588 20.418496
 99.600000 0.218525 23.633667 20.418496
 99.800000 0.212789 22.879788 20.418496
 100.000000 0.214254 23.081866 21.412097
 100.200000 0.227582 24.960057 21.412097
 100.400000 0.211159 23.259270 21.412097
 100.600000 0.212501 23.460923 21.412097
 100.800000 0.231382 25.106411 21.412097
 101.000000 0.224134 24.748442 21.412097
 101.200000 0.197371 20.799241 21.412097
 101.400000 0.203069 22.068698 21.412097
 101.600000 0.205281 22.529856 21.412097
 101.800000 0.191655 19.414611 21.412097
 102.000000 0.183664 17.275071 21.412097
 102.200000 0.190367 19.820793 21.412097
 102.400000 0.198662 21.587935 21.412097
 102.600000 0.217462 24.702358 21.412097
 102.800000 0.211099 23.799068 21.412097
 103.000000 0.201471 22.124140 21.412097
 103.200000 0.209234 24.066777 21.412097
 103.400000 0.217968 25.120127 21.412097
 103.600000 0.215138 24.830152 21.412097
 103.800000 0.206484 23.644926 21.412097
 104.000000 0.181562 17.735994 21.412097
 104.200000 0.197624 22.462175 21.412097
 104.400000 0.191920 21.335896 21.412097
 104.600000 0.212686 24.629773 21.412097
 104.800000 0.212049 24.556302 21.412097
 105.000000 0.229601 25.712712 22.281953
 105.200000 0.214406 25.150590 22.281953
 105.400000 0.219944 25.771438 22.281953
 105.600000 0.234251 26.217974 22.281953
 105.800000 0.214662 25.183121 22.281953
 106.000000 0.204547 23.706749 22.281953
 106.200000 0.217744 25.960835 22.281953
 106.400000 0.223315 26.317798 22.281953
 106.600000 0.240119 25.993371 22.281953
 106.800000 0.254579 24.770215 22.281953
 107.000000 0.254676 24.759311 22.281953
 107.200000 0.239596 26.376019 22.281953
 107.400000 0.226902 26.518905 22.281953
 107.600000 0.257781 24.954259 22.281953
 107.800000 0.249978 25.790136 22.281953
 108.000000 0.273299 22.461580 22.281953
 108.200000 0.274802 22.901236 22.281953
 108.400000 0.253777 25.713695 22.281953
 108.600000 0.255771 25.536721 22.281953
 108.800000 0.279243 22.397235 22.281953
 109.000000 0.278792 22.441384 22.281953
 109.200000 0.271068 23.994499 22.281953
 109.400000 0.279364 23.029122 22.281953
 109.600000 0.254911 25.796720 22.281953
 109.800000 0.226705 26.518013 22.281953
 110.000000 0.226399 26.509088 23.252290
 110.200000 0.210090 25.428719 23.252290
 110.400000 0.211801 25.686261 23.252290
 110.600000 0.236826 26.935296 23.252290
 110.800000 0.235140 26.998557 23.252290
 111.000000 0.233547 27.047042 23.252290
 111.200000 0.230210 27.608280 23.252290
 111.400000 0.224383 27.401938 23.252290
 111.600000 0.243722 27.016549 23.252290
 111.800000 0.242151 27.127601 23.252290
 112.000000 0.214443 26.282869 23.252290
 112.200000 0.231580 27.887796 23.252290
 112.400000 0.219557 27.475016 23.252290
 112.600000 0.197230 23.372818 23.252290
 112.800000 0.196835 23.276577 23.252290
 113.000000 0.224018 27.819457 23.252290
 113.200000 0.227854 28.422888 23.252290
 113.400000 0.224006 28.325605 23.252290
 113.600000 0.235863 28.056994 23.252290
 113.800000 0.249161 26.753448 23.252290
 114.000000 0.241120 27.572096 23.252290
 114.200000 0.247600 27.380085 23.252290
 114.400000 0.244296 27.752129 23.252290
 114.600000 0.222961 28.509660 23.252290
 114.800000 0.221981 28.418639 23.252290
 115.000000 0.218985 28.065823 24.767841
 115.200000 0.224369 29.087629 24.767841
 115.400000 0.243742 27.940019 24.767841
 115.600000 0.248534 27.342452 24.767841
 115.800000 0.249108 27.269417 24.767841
 116.000000 0.250309 27.115703 24.767841
 116.200000 0.262500 25.789353 24.767841
 116.400000 0.261520 25.957674 24.767841
 116.600000 0.261060 26.035955 24.767841
 116.800000 0.243832 28.405313 24.767841
 117.000000 0.246998 28.046450 24.767841
 117.200000 0.266086 25.379295 24.767841
 117.400000 0.283796 22.719038 24.767841
 117.600000 0.288476 22.316226 24.767841
 117.800000 0.240679 29.188006 24.767841
 118.000000 0.223324 29.267364 24.767841
 118.200000 0.205217 25.987127 24.767841
 118.400000 0.206758 26.402502 24.767841
 118.600000 0.217870 28.976926 24.767841
 118.800000 0.243865 29.078104 24.767841
 119.000000 0.234983 29.904994 24.767841
 119.200000 0.229955 30.502247 24.767841
 119.400000 0.223491 30.103128 24.767841
 119.600000 0.208339 26.914992 24.767841
 119.800000 0.195528 23.284451 24.767841
 120.000000 0.187947 20.986150 26.007181
 120.200000 0.189230 22.076247 26.007181
 120.400000 0.199516 24.946586 26.007181
 120.600000 0.204258 26.161783 26.007181
 120.800000 0.190961 22.599333 26.007181
 121.000000 0.177970 17.997170 26.007181
 121.200000 0.176779 18.271153 26.007181
 121.400000 0.167923 13.918743 26.007181
 121.600000 0.168372 14.158977 26.007181
 121.800000 0.165198 12.433440 26.007181
 122.000000 0.165281 12.479418 26.007181
 122.200000 0.163092 12.259506 26.007181
 122.400000 0.163870 12.697687 26.007181
 122.600000 0.159717 10.342826 26.007181
 122.800000 0.162964 12.187360 26.007181
 123.000000 0.172452 17.152364 26.007181
 123.200000 0.168753 16.129328 26.007181
 123.400000 0.158820 10.374259 26.007181
 123.600000 0.164858 13.965700 26.007181
 123.800000 0.169868 16.707580 26.007181
 124.000000 0.188666 23.259319 26.007181
 124.200000 0.188335 23.806733 26.007181
 124.400000 0.188897 23.930993 26.007181
 124.600000 0.182756 22.360352 26.007181
 124.800000 0.187242 23.555222 26.007181
 125.000000 0.178398 20.889637 26.115801
 125.200000 0.176084 20.647685 26.115801
 125.400000 0.171634 18.529845 26.115801
 125.600000 0.174404 19.898412 26.115801
 125.800000 0.192879 25.166692 26.115801
 126.000000 0.206132 27.293902 26.115801
 126.200000 0.194397 25.787635 26.115801
 126.400000 0.203949 27.423461 26.115801
 126.600000 0.213305 29.106996 26.115801
 126.800000 0.227953 30.671777 26.115801
 127.000000 0.225807 30.605517 26.115801
 127.200000 0.211855 29.142819 26.115801
 127.400000 0.206263 28.027435 26.115801
 127.600000 0.230163 31.100919 26.115801
 127.800000 0.229279 31.115808 26.115801
 128.000000 0.226386 31.077076 26.115801
 128.200000 0.222564 31.246732 26.115801
 128.400000 0.224110 31.386265 26.115801
 128.600000 0.216864 30.418167 26.115801
 128.800000 0.210125 29.042550 26.115801
 129.000000 0.230277 31.521951 26.115801
 129.200000 0.245927 29.809583 26.115801
 129.400000 0.247628 29.468672 26.115801
 129.600000 0.230164 31.955272 26.115801
 129.800000 0.209482 29.066151 26.115801
 130.000000 0.197167 26.436908 27.411370
 130.200000 0.201373 27.787281 27.411370
 130.400000 0.216161 30.805643 27.411370
 130.600000 0.221840 31.672800 27.411370
 130.800000 0.229684 32.018264 27.411370
 131.000000 0.233979 31.737086 27.411370
 131.200000 0.233022 32.250861 27.411370
 131.400000 0.255263 28.016501 27.411370
 131.600000 0.264385 25.910230 27.411370
 131.800000 0.258409 27.286071 27.411370
 132.000000 0.255159 28.040656 27.411370
 132.200000 0.251190 29.436630 27.411370
 132.400000 0.248922 29.923523 27.411370
 132.600000 0.274721 24.060170 27.411370
 132.800000 0.255350 28.498248 27.411370
 133.000000 0.261331 27.069038 27.411370
 133.200000 0.278073 23.789058 27.411370
 133.400000 0.276252 24.113280 27.411370
 133.600000 0.265349 26.597175 27.411370
 133.800000 0.260007 27.912928 27.411370
 134.000000 0.255228 29.008947 27.411370
 134.200000 0.251336 30.288947 27.411370
 134.400000 0.246126 31.209479 27.411370
 134.600000 0.254864 29.568624 27.411370
 134.800000 0.249305 30.666840 27.411370
 135.000000 0.259444 28.508973 28.361194
 135.200000 0.287465 22.695962 28.361194
 135.400000 0.286762 22.782965 28.361194
 135.600000 0.289028 22.508686 28.361194
 135.800000 0.275644 24.692827 28.361194
 136.000000 0.279680 23.853619 28.361194
 136.200000 0.269410 26.775120 28.361194
 136.400000 0.289373 22.958676 28.361194
 136.600000 0.296401 21.936941 28.361194
 136.800000 0.286607 23.345958 28.361194
 137.000000 0.288470 23.083929 28.361194
 137.200000 0.270789 26.738359 28.361194
 137.400000 0.285349 24.140678 28.361194
 137.600000 0.289891 23.509891 28.361194
 137.800000 0.294471 22.809423 28.361194
 138.000000 0.286818 23.937849 28.361194
 138.200000 0.280415 25.415775 28.361194
 138.400000 0.298302 22.586889 28.361194
 138.600000 0.311775 19.784266 28.361194
 138.800000 0.306521 20.806096 28.361194
 139.000000 0.279818 25.502797 28.361194
 139.200000 0.266299 28.392410 28.361194
 139.400000 0.271142 27.482589 28.361194
 139.600000 0.248000 31.421567 28.361194
 139.800000 0.249899 31.168850 28.361194
 140.000000 0.243909 31.920086 28.758452
 140.200000 0.216366 31.178644 28.758452
 140.400000 0.219857 31.890629 28.758452
 140.600000 0.222215 32.299074 28.758452
 140.800000 0.232067 33.104109 28.758452
 141.000000 0.220151 31.945259 28.758452
 141.200000 0.206206 29.129897 28.758452
 141.400000 0.214426 31.138491 28.758452
 141.600000 0.220259 32.386775 28.758452
 141.800000 0.206180 29.123612 28.758452
 142.000000 0.214419 31.136777 28.758452
 142.200000 0.240261 32.983391 28.758452
 142.400000 0.244680 32.419135 28.758452
 142.600000 0.254619 30.847750 28.758452
 142.800000 0.261983 29.426598 28.758452
 143.000000 0.248645 31.839197 28.758452
 143.200000 0.240742 33.295612 28.758452
 143.400000 0.275663 26.830680 28.758452
 143.600000 0.265326 28.963843 28.758452
 143.800000 0.262271 29.647904 28.758452
 144.000000 0.268700 28.216383 28.758452
 144.200000 0.286049 25.441004 28.758452
 144.400000 0.299577 22.612657 28.758452
 144.600000 0.286550 25.353192 28.758452
 144.800000 0.275216 27.364176 28.758452
 145.000000 0.259805 30.604659 29.730414
 145.200000 0.266812 29.526081 29.730414
 145.400000 0.273603 27.976735 29.730414
 145.600000 0.270862 28.592275 29.730414
 145.800000 0.257126 31.557798 29.730414
 146.000000 0.241719 33.502986 29.730414
 146.200000 0.241203 33.938365 29.730414
 146.400000 0.246757 33.391708 29.730414
 146.600000 0.238514 34.125117 29.730414
 146.800000 0.229774 34.210513 29.730414
 147.000000 0.249013 33.110598 29.730414
 147.200000 0.289153 24.959757 29.730414
 147.400000 0.296521 23.363762 29.730414
 147.600000 0.262487 30.915237 29.730414
 147.800000 0.278407 27.050354 29.730414
 148.000000 0.276841 27.384047 29.730414
 148.200000 0.262262 31.291761 29.730414
 148.400000 0.263547 31.001618 29.730414
 148.600000 0.242933 34.198763 29.730414
 148.800000 0.243992 34.114670 29.730414
 149.000000 0.251527 33.273843 29.730414
 149.200000 0.271005 29.403285 29.730414
 149.400000 0.300045 22.667599 29.730414
 149.600000 0.297330 23.377209 29.730414
 149.800000 0.282840 26.689421 29.730414
 150.000000 0.283841 26.479585 30.593058
 150.200000 0.265802 30.987080 30.593058
 150.400000 0.270877 29.805481 30.593058
 150.600000 0.282988 27.195513 30.593058
 150.800000 0.281769 27.447904 30.593058
 151.000000 0.269698 30.078089 30.593058
 151.200000 0.279228 28.349727 30.593058
 151.400000 0.282667 27.577150 30.593058
 151.600000 0.247944 34.303130 30.593058
 151.800000 0.266202 31.339751 30.593058
 152.000000 0.269734 30.528231 30.593058
 152.200000 0.259104 33.159052 30.593058
 152.400000 0.238038 34.840454 30.593058
 152.600000 0.252125 34.097397 30.593058
 152.800000 0.257444 33.422773 30.593058
 153.000000 0.253944 33.895374 30.593058
 153.200000 0.249881 34.680412 30.593058
 153.400000 0.278234 29.059239 30.593058
 153.600000 0.300503 22.948061 30.593058
 153.800000 0.302953 22.223803 30.593058
 154.000000 0.325888 17.702143 30.593058
 154.200000 0.303582 22.304193 30.593058
 154.400000 0.320128 19.333162 30.593058
 154.600000 0.319651 19.393311 30.593058
 154.800000 0.319980 19.351913 30.593058
 155.000000 0.340453 14.019981 31.046820
 155.200000 0.340482 14.944767 31.046820
 155.400000 0.346893 12.161658 31.046820
 155.600000 0.348906 11.304319 31.046820
 155.800000 0.362193 6.954928 31.046820
 156.000000 0.371357 4.969703 31.046820
 156.200000 0.364536 7.677741 31.046820
 156.400000 0.346427 12.714308 31.046820
 156.600000 0.358265 8.942521 31.046820
 156.800000 0.383313 3.558357 31.046820
 157.000000 0.385951 2.931947 31.046820
 157.200000 0.390604 3.414286 31.046820
 157.400000 0.396291 2.263974 31.046820
 157.600000 0.385518 4.567238 31.046820
 157.800000 0.398790 1.833097 31.046820
 158.000000 0.402744 1.259978 31.046820
 158.200000 0.422912 0.740807 31.046820
 158.400000 0.419892 0.985460 31.046820
 158.600000 0.419626 1.008985 31.046820
 158.800000 0.422361 0.782234 31.046820
 159.000000 0.410541 1.958249 31.046820
 159.200000 0.391495 5.183519 31.046820
 159.400000 0.384882 5.894699 31.046820
 159.600000 0.380676 6.427968 31.046820
 159.800000 0.383314 6.089716 31.046820
 160.000000 0.385409 5.830920 31.007361
 160.200000 0.381085 7.669768 31.007361
 160.400000 0.387059 6.979518 31.007361
 160.600000 0.400375 5.314496 31.007361
 160.800000 0.417119 2.843039 31.007361
 161.000000 0.420558 2.294856 31.007361
 161.200000 0.413015 4.896212 31.007361
 161.400000 0.389303 6.878591 31.007361
 161.600000 0.359121 9.368089 31.007361
 161.800000 0.352575 10.740974 31.007361
 162.000000 0.360119 9.233726 31.007361
 162.200000 0.349351 12.639771 31.007361
 162.400000 0.345241 13.967267 31.007361
 162.600000 0.348308 12.958385 31.007361
 162.800000 0.374322 9.000000 31.007361
 163.000000 0.358085 10.676013 31.007361
 163.200000 0.353706 12.539482 31.007361
 163.400000 0.370230 10.199468 31.007361
 163.600000 0.378473 8.930171 31.007361
 163.800000 0.388208 7.331243 31.007361
 164.000000 0.374588 9.563117 31.007361
 164.200000 0.375425 10.572345 31.007361
 164.400000 0.370319 11.284949 31.007361
 164.600000 0.357335 12.470001 31.007361
 164.800000 0.369768 11.346883 31.007361
 165.000000 0.363965 11.873850 30.968859
 165.200000 0.363417 12.947402 30.968859
 165.400000 0.366752 12.656866 30.968859
 165.600000 0.353871 13.766983 30.968859
 165.800000 0.341930 16.185280 30.968859
 166.000000 0.351037 14.176125 30.968859
 166.200000 0.362868 13.669830 30.968859
 166.400000 0.367772 13.046861 30.968859
 166.600000 0.367874 13.031584 30.968859
 166.800000 0.376082 11.436244 30.968859
 167.000000 0.395801 6.937815 30.968859
 167.200000 0.422620 3.808569 30.968859
 167.400000 0.401045 7.442664 30.968859
 167.600000 0.385760 10.018150 30.968859
 167.800000 0.381789 10.834151 30.968859
 168.000000 0.373626 12.416952 30.968859
 168.200000 0.382933 11.427265 30.968859
 168.400000 0.408884 6.345200 30.968859
 168.600000 0.404714 7.028347 30.968859
 168.800000 0.409377 6.262560 30.968859
 169.000000 0.410296 6.106910 30.968859
 169.200000 0.390346 10.226608 30.968859
 169.400000 0.372146 13.712428 30.968859
 169.600000 0.391362 10.055028 30.968859
 169.800000 0.403523 8.425645 30.968859
 170.000000 0.392406 9.886832 30.931547
 170.200000 0.383678 12.471775 30.931547
 170.400000 0.364216 14.681487 30.931547
 170.600000 0.367256 14.543854 30.931547
 170.800000 0.367734 14.516133 30.931547
 171.000000 0.363362 14.711260 30.931547
 171.200000 0.383494 12.871696 30.931547
 171.400000 0.376696 14.213337 30.931547
 171.600000 0.370577 15.120413 30.931547
 171.800000 0.362039 15.658847 30.931547
 172.000000 0.361014 15.683806 30.931547
 172.200000 0.375540 14.958429 30.931547
 172.400000 0.377563 14.527456 30.931547
 172.600000 0.380989 13.742044 30.931547
 172.800000 0.385511 12.687696 30.931547
 173.000000 0.377252 14.595932 30.931547
 173.200000 0.379841 14.909796 30.931547
 173.400000 0.386465 13.228556 30.931547
 173.600000 0.384729 13.673065 30.931547
 173.800000 0.389333 12.515272 30.931547
 174.000000 0.390807 12.163233 30.931547
 174.200000 0.381353 15.370695 30.931547
 174.400000 0.383299 14.939236 30.931547
 174.600000 0.397160 11.709941 30.931547
 174.800000 0.422654 5.012120 30.931547
 175.000000 0.429509 3.182052 30.895416
 175.200000 0.436994 2.981166 30.895416
 175.400000 0.428266 5.003583 30.895416
 175.600000 0.406501 9.962002 30.895416
 175.800000 0.418386 7.398599 30.895416
 176.000000 0.419103 7.230892 30.895416
 176.200000 0.412945 9.784440 30.895416
 176.400000 0.414224 9.543282 30.895416
 176.600000 0.413214 9.734637 30.895416
 176.800000 0.412063 9.943879 30.895416
 177.000000 0.422466 7.662029 30.895416
 177.200000 0.430211 6.582690 30.895416
 177.400000 0.419970 9.518709 30.895416
 177.600000 0.434082 5.311208 30.895416
 177.800000 0.440620 3.312672 30.895416
 178.000000 0.431136 6.279602 30.895416
 178.200000 0.422510 10.015554 30.895416
 178.400000 0.439644 4.712977 30.895416
 178.600000 0.450984 1.701356 30.895416
 178.800000 0.442490 3.810789 30.895416
 179.000000 0.444097 3.338119 30.895416
 179.200000 0.441301 5.660955 30.895416
 179.400000 0.414397 11.504198 30.895416
 179.600000 0.422411 10.565540 30.895416
 179.800000 0.418993 11.057915 30.895416
 180.000000 0.439965 6.059728 30.858784
