#! FIELDS time d metad.bias metad.rct
 0.000000 0.112132 0.000000 0.000000
 0.200000 0.105116 0.000000 0.000000
 0.400000 0.110900 0.000000 0.000000
 0.600000 0.113422 0.000000 0.000000
 0.800000 0.103913 0.000000 0.000000
 1.000000 0.107717 0.000000 0.000000
 1.200000 0.123596 0.997896 0.000000
 1.400000 0.105924 1.737511 0.000000
 1.600000 0.080897 0.351165 0.000000
 1.800000 0.087756 0.719948 0.000000
 2.000000 0.083888 0.493084 0.000000
 2.200000 0.094156 2.515529 0.000000
 2.400000 0.102972 2.424725 0.000000
 2.600000 0.102946 2.425475 0.000000
 2.800000 0.101187 2.470311 0.000000
 3.000000 0.098191 2.515192 0.000000
 3.200000 0.088914 3.705870 0.000000
 3.400000 0.101589 3.986062 0.000000
 3.600000 0.115608 2.499314 0.000000
 3.800000 0.127180 1.014723 0.000000
 4.000000 0.123827 1.388610 0.000000
 4.200000 0.096375 4.382417 0.000000
 4.400000 0.104142 4.526313 0.000000
 4.600000 0.111270 4.248945 0.000000
 4.800000 0.092017 4.096193 0.000000
 5.000000 0.074383 1.990806 1.322207
 5.200000 0.087868 4.771858 1.322207
 5.400000 0.091122 4.878515 1.322207
 5.600000 0.103469 4.774614 1.322207
 5.800000 0.108132 4.540892 1.322207
 6.000000 0.117920 3.715057 1.322207
 6.200000 0.122805 4.567886 1.322207
 6.400000 0.118796 5.101981 1.322207
 6.600000 0.112548 5.612848 1.322207
 6.800000 0.104212 5.720304 1.322207
 7.000000 0.109761 5.712885 1.322207
 7.200000 0.119621 6.097121 1.322207
 7.400000 0.119770 6.071567 1.322207
 7.600000 0.089477 5.617986 1.322207
 7.800000 0.104032 6.978277 1.322207
 8.000000 0.119099 6.184317 1.322207
 8.200000 0.087658 5.555866 1.322207
 8.400000 0.087529 5.538446 1.322207
 8.600000 0.087225 5.497193 1.322207
 8.800000 0.090009 5.878444 1.322207
 9.000000 0.086604 5.413193 1.322207
 9.200000 0.081119 5.958546 1.322207
 9.400000 0.097825 8.029674 1.322207
 9.600000 0.087156 6.862003 1.322207
 9.800000 0.090387 7.262859 1.322207
 10.000000 0.085439 6.627279 4.029155
 10.200000 0.067263 3.828139 4.029155
 10.400000 0.075731 6.019933 4.029155
 10.600000 0.072360 5.162972 4.029155
 10.800000 0.071502 4.937872 4.029155
 11.000000 0.079890 6.963170 4.029155
 11.200000 0.102425 9.485303 4.029155
 11.400000 0.118070 7.988961 4.029155
 11.600000 0.125485 6.223392 4.029155
 11.800000 0.129065 5.204967 4.029155
 12.000000 0.138519 2.629464 4.029155
 12.200000 0.137106 4.521904 4.029155
 12.400000 0.127370 6.873087 4.029155
 12.600000 0.112193 9.201185 4.029155
 12.800000 0.108294 9.413431 4.029155
 13.000000 0.094436 9.611245 4.029155
 13.200000 0.123194 7.935937 4.029155
 13.400000 0.126244 7.243328 4.029155
 13.600000 0.115440 9.344082 4.029155
 13.800000 0.116222 9.227879 4.029155
 14.000000 0.117595 9.009681 4.029155
 14.200000 0.128946 7.466635 4.029155
 14.400000 0.122473 9.200803 4.029155
 14.600000 0.122586 9.174185 4.029155
 14.800000 0.116275 10.386778 4.029155
 15.000000 0.142327 3.632608 6.308150
 15.200000 0.153641 2.547845 6.308150
 15.400000 0.147164 3.947517 6.308150
 15.600000 0.126490 9.018354 6.308150
 15.800000 0.130341 8.135290 6.308150
 16.000000 0.127994 8.684503 6.308150
 16.200000 0.093283 11.129145 6.308150
 16.400000 0.098214 11.408689 6.308150
 16.600000 0.095938 11.295890 6.308150
 16.800000 0.104822 11.654210 6.308150
 17.000000 0.098684 11.429600 6.308150
 17.200000 0.084597 10.741460 6.308150
 17.400000 0.086896 11.220256 6.308150
 17.600000 0.097566 12.427532 6.308150
 17.800000 0.098753 12.484381 6.308150
 18.000000 0.087737 11.373354 6.308150
 18.200000 0.078206 9.821978 6.308150
 18.400000 0.094524 13.176580 6.308150
 18.600000 0.095496 13.221583 6.308150
 18.800000 0.068944 6.144021 6.308150
 19.000000 0.070000 6.571002 6.308150
 19.200000 0.092714 13.469235 6.308150
 19.400000 0.094795 13.521672 6.308150
 19.600000 0.109155 12.989160 6.308150
 19.800000 0.112934 12.671069 6.308150
 20.000000 0.101312 13.416544 9.144688
 20.200000 0.093069 14.309670 9.144688
 20.400000 0.087177 13.619912 9.144688
 20.600000 0.093580 14.340466 9.144688
 20.800000 0.082780 12.654350 9.144688
 21.000000 0.078041 11.180694 9.144688
 21.200000 0.078905 12.541408 9.144688
 21.400000 0.083768 13.894720 9.144688
 21.600000 0.088638 14.680566 9.144688
 21.800000 0.083004 13.719855 9.144688
 22.000000 0.081497 13.332886 9.144688
 22.200000 0.078754 13.440662 9.144688
 22.400000 0.106896 14.432112 9.144688
 22.600000 0.123083 11.539297 9.144688
 22.800000 0.137280 7.470059 9.144688
 23.000000 0.128488 10.120297 9.144688
 23.200000 0.116328 13.776860 9.144688
 23.400000 0.114013 14.080839 9.144688
 23.600000 0.125847 11.939096 9.144688
 23.800000 0.137872 8.201642 9.144688
 24.000000 0.143352 6.278361 9.144688
 24.200000 0.147707 6.088307 9.144688
 24.400000 0.150271 5.217960 9.144688
 24.600000 0.166179 1.247832 9.144688
 24.800000 0.152823 4.392310 9.144688
 25.000000 0.145071 7.003863 10.701066
 25.200000 0.135157 11.308847 10.701066
 25.400000 0.133012 11.823662 10.701066
 25.600000 0.135718 11.165364 10.701066
 25.800000 0.153483 5.281682 10.701066
 26.000000 0.145618 8.093400 10.701066
 26.200000 0.127260 13.523028 10.701066
 26.400000 0.151026 7.295757 10.701066
 26.600000 0.181443 0.253887 10.701066
 26.800000 0.184078 0.155761 10.701066
 27.000000 0.158847 4.358927 10.701066
 27.200000 0.143926 10.769833 10.701066
 27.400000 0.141190 11.469541 10.701066
 27.600000 0.135740 12.579487 10.701066
 27.800000 0.123343 14.005038 10.701066
 28.000000 0.117372 14.382920 10.701066
 28.200000 0.111534 15.557401 10.701066
 28.400000 0.114222 15.456899 10.701066
 28.600000 0.107533 15.685284 10.701066
 28.800000 0.116148 15.369568 10.701066
 29.000000 0.127371 14.405030 10.701066
 29.200000 0.134858 14.005475 10.701066
 29.400000 0.134213 14.147642 10.701066
 29.600000 0.134108 14.170311 10.701066
 29.800000 0.119898 15.958280 10.701066
 30.000000 0.124823 15.614209 12.311871
 30.200000 0.105156 16.435605 12.311871
 30.400000 0.102018 16.356207 12.311871
 30.600000 0.108968 16.572241 12.311871
 30.800000 0.094795 16.211512 12.311871
 31.000000 0.091734 16.069609 12.311871
 31.200000 0.086688 16.338325 12.311871
 31.400000 0.094026 17.029996 12.311871
 31.600000 0.103106 17.021613 12.311871
 31.800000 0.100670 17.046584 12.311871
 32.000000 0.085424 16.094034 12.311871
 32.200000 0.088996 17.508515 12.311871
 32.400000 0.074181 12.692331 12.311871
 32.600000 0.073783 12.485639 12.311871
 32.800000 0.066826 8.665993 12.311871
 33.000000 0.075538 13.377823 12.311871
 33.200000 0.080285 16.366384 12.311871
 33.400000 0.079958 16.249519 12.311871
 33.600000 0.070934 11.868338 12.311871
 33.800000 0.064650 8.229867 12.311871
 34.000000 0.069008 10.754883 12.311871
 34.200000 0.069696 12.237783 12.311871
 34.400000 0.077470 16.170434 12.311871
 34.600000 0.074490 14.826959 12.311871
 34.800000 0.072018 13.543532 12.311871
 35.000000 0.060815 7.102960 13.949445
 35.200000 0.067480 12.095292 13.949445
 35.400000 0.066594 11.599533 13.949445
 35.600000 0.072682 14.833125 13.949445
 35.800000 0.053530 4.855861 13.949445
 36.000000 0.077314 16.801777 13.949445
 36.200000 0.064801 11.172218 13.949445
 36.400000 0.062724 9.939751 13.949445
 36.600000 0.059276 7.963552 13.949445
 36.800000 0.063142 10.186480 13.949445
 37.000000 0.071053 14.778736 13.949445
 37.200000 0.063419 11.146355 13.949445
 37.400000 0.070472 15.369796 13.949445
 37.600000 0.068752 14.396133 13.949445
 37.800000 0.069854 15.026855 13.949445
 38.000000 0.064287 11.684409 13.949445
 38.200000 0.070772 16.480149 13.949445
 38.400000 0.084610 20.311667 13.949445
 38.600000 0.086557 20.298076 13.949445
 38.800000 0.093943 19.461654 13.949445
 39.000000 0.107024 17.643851 13.949445
 39.200000 0.115129 17.925642 13.949445
 39.400000 0.104010 18.713678 13.949445
 39.600000 0.085517 20.603943 13.949445
 39.800000 0.084311 20.555568 13.949445
 40.000000 0.114367 17.971842 15.838494
 40.200000 0.112678 18.851654 15.838494
 40.400000 0.088548 20.724439 15.838494
 40.600000 0.080406 20.124672 15.838494
 40.800000 0.080920 20.225054 15.838494
 41.000000 0.114298 18.761825 15.838494
 41.200000 0.132013 16.364857 15.838494
 41.400000 0.162959 4.532277 15.838494
 41.600000 0.182175 0.650676 15.838494
 41.800000 0.175360 1.473050 15.838494
 42.000000 0.148531 10.208848 15.838494
 42.200000 0.145413 12.587202 15.838494
 42.400000 0.146967 11.964472 15.838494
 42.600000 0.161788 5.681231 15.838494
 42.800000 0.157885 7.283113 15.838494
 43.000000 0.166039 4.130282 15.838494
 43.200000 0.167636 5.061322 15.838494
 43.400000 0.138033 15.481054 15.838494
 43.600000 0.127788 18.005704 15.838494
 43.800000 0.117405 19.417861 15.838494
 44.000000 0.113541 19.634436 15.838494
 44.200000 0.097528 20.751884 15.838494
 44.400000 0.097906 20.734418 15.838494
 44.600000 0.117503 20.115280 15.838494
 44.800000 0.106079 20.509225 15.838494
 45.000000 0.114206 20.334888 17.122475
 45.200000 0.110914 21.134662 17.122475
 45.400000 0.114113 21.046598 17.122475
 45.600000 0.094027 21.209140 17.122475
 45.800000 0.095747 21.169646 17.122475
 46.000000 0.086654 21.164774 17.122475
 46.200000 0.102335 21.486293 17.122475
 46.400000 0.118169 20.810841 17.122475
 46.600000 0.112070 21.276827 17.122475
 46.800000 0.103554 21.458229 17.122475
 47.000000 0.113637 21.201237 17.122475
 47.200000 0.119278 21.302923 17.122475
 47.400000 0.108088 22.018030 17.122475
 47.600000 0.086095 21.934995 17.122475
 47.800000 0.107025 22.016943 17.122475
 48.000000 0.118478 21.419330 17.122475
 48.200000 0.101464 22.352953 17.122475
 48.400000 0.084223 21.774906 17.122475
 48.600000 0.075892 19.480650 17.122475
 48.800000 0.063562 12.497330 17.122475
 49.000000 0.068665 15.734465 17.122475
 49.200000 0.086064 22.438571 17.122475
 49.400000 0.078599 21.176039 17.122475
 49.600000 0.080998 21.775204 17.122475
 49.800000 0.079108 21.320014 17.122475
 50.000000 0.096616 22.437746 19.000893
 50.200000 0.101718 23.042157 19.000893
 50.400000 0.118348 22.337620 19.000893
 50.600000 0.128777 19.697026 19.000893
 50.800000 0.136586 16.899456 19.000893
 51.000000 0.133298 18.117727 19.000893
 51.200000 0.119302 22.682481 19.000893
 51.400000 0.124121 21.747209 19.000893
 51.600000 0.121122 22.383281 19.000893
 51.800000 0.130942 19.730974 19.000893
 52.000000 0.124276 21.709560 19.000893
 52.200000 0.135435 18.607549 19.000893
 52.400000 0.144688 14.643477 19.000893
 52.600000 0.161120 7.515900 19.000893
 52.800000 0.169243 4.607413 19.000893
 53.000000 0.176050 2.746936 19.000893
 53.200000 0.177588 3.945123 19.000893
 53.400000 0.168716 6.148400 19.000893
 53.600000 0.138558 17.375592 19.000893
 53.800000 0.116646 23.582863 19.000893
 54.000000 0.089095 23.159794 19.000893
 54.200000 0.063880 13.738404 19.000893
 54.400000 0.074590 20.327021 19.000893
 54.600000 0.072689 19.353689 19.000893
 54.800000 0.065193 14.644010 19.000893
 55.000000 0.058087 9.779762 19.971586
 55.200000 0.059097 11.579408 19.971586
 55.400000 0.072488 19.957473 19.971586
 55.600000 0.085386 23.720961 19.971586
 55.800000 0.090995 23.926911 19.971586
 56.000000 0.096655 23.829022 19.971586
 56.200000 0.090347 24.481698 19.971586
 56.400000 0.078436 22.664221 19.971586
 56.600000 0.085972 24.240438 19.971586
 56.800000 0.094298 24.475837 19.971586
 57.000000 0.082137 23.657094 19.971586
 57.200000 0.085190 24.751748 19.971586
 57.400000 0.099471 24.699093 19.971586
 57.600000 0.093416 24.946522 19.971586
 57.800000 0.101261 24.636823 19.971586
 58.000000 0.104874 24.546155 19.971586
 58.200000 0.112841 24.820737 19.971586
 58.400000 0.091927 25.391676 19.971586
 58.600000 0.080143 23.932561 19.971586
 58.800000 0.081737 24.358651 19.971586
 59.000000 0.081950 24.409306 19.971586
 59.200000 0.069540 19.358846 19.971586
 59.400000 0.048948 5.692051 19.971586
 59.600000 0.061171 13.466687 19.971586
 59.800000 0.059210 12.059753 19.971586
 60.000000 0.048921 5.678698 21.539761
 60.200000 0.049476 7.318878 21.539761
 60.400000 0.067408 18.567702 21.539761
 60.600000 0.063526 16.020041 21.539761
 60.800000 0.062334 15.220546 21.539761
 61.000000 0.072221 21.408920 21.539761
 61.200000 0.047233 6.388203 21.539761
 61.400000 0.050813 8.265333 21.539761
 61.600000 0.079852 25.181783 21.539761
 61.800000 0.096454 25.882848 21.539761
 62.000000 0.101880 25.530769 21.539761
 62.200000 0.086189 26.506451 21.539761
 62.400000 0.090469 26.645465 21.539761
 62.600000 0.087879 26.608796 21.539761
 62.800000 0.074543 23.346474 21.539761
 63.000000 0.079810 25.359875 21.539761
 63.200000 0.088437 27.106935 21.539761
 63.400000 0.090863 27.071671 21.539761
 63.600000 0.117862 24.613058 21.539761
 63.800000 0.139619 17.007812 21.539761
 64.000000 0.164654 7.328652 21.539761
 64.200000 0.136739 18.457535 21.539761
 64.400000 0.123528 23.241846 21.539761
 64.600000 0.124619 22.914836 21.539761
 64.800000 0.153003 12.353129 21.539761
 65.000000 0.156079 11.314115 22.540720
 65.200000 0.159748 11.146713 22.540720
 65.400000 0.159409 11.260770 22.540720
 65.600000 0.156180 12.337786 22.540720
 65.800000 0.160297 10.962154 22.540720
 66.000000 0.154600 12.860942 22.540720
 66.200000 0.136051 19.620485 22.540720
 66.400000 0.124884 23.089743 22.540720
 66.600000 0.143516 17.301807 22.540720
 66.800000 0.155336 13.603082 22.540720
 67.000000 0.159284 12.242410 22.540720
 67.200000 0.164042 11.470540 22.540720
 67.400000 0.152936 15.318297 22.540720
 67.600000 0.146994 16.969821 22.540720
 67.800000 0.141036 18.542045 22.540720
 68.000000 0.141533 18.409191 22.540720
 68.200000 0.131006 22.011718 22.540720
 68.400000 0.135734 20.731273 22.540720
 68.600000 0.139041 19.843197 22.540720
 68.800000 0.140725 19.395056 22.540720
 69.000000 0.144339 18.425850 22.540720
 69.200000 0.157678 14.763536 22.540720
 69.400000 0.158185 14.559179 22.540720
 69.600000 0.166773 10.807747 22.540720
 69.800000 0.166589 10.891824 22.540720
 70.000000 0.174967 7.158451 22.665975
 70.200000 0.174753 8.521450 22.665975
 70.400000 0.170935 10.147263 22.665975
 70.600000 0.159630 14.715679 22.665975
 70.800000 0.156625 15.781705 22.665975
 71.000000 0.151088 17.534401 22.665975
 71.200000 0.131609 22.747079 22.665975
 71.400000 0.125842 23.903548 22.665975
 71.600000 0.106673 26.035368 22.665975
 71.800000 0.098322 26.578551 22.665975
 72.000000 0.104425 26.161280 22.665975
 72.200000 0.090357 27.439665 22.665975
 72.400000 0.077762 25.366573 22.665975
 72.600000 0.072539 22.892323 22.665975
 72.800000 0.068942 20.698999 22.665975
 73.000000 0.061941 15.791160 22.665975
 73.200000 0.079507 26.408367 22.665975
 73.400000 0.089581 27.595684 22.665975
 73.600000 0.092610 27.496981 22.665975
 73.800000 0.104724 26.702660 22.665975
 74.000000 0.092296 27.512278 22.665975
 74.200000 0.098566 27.578378 22.665975
 74.400000 0.092153 28.032712 22.665975
 74.600000 0.086880 28.035091 22.665975
 74.800000 0.081014 27.176904 22.665975
 75.000000 0.086461 28.008763 23.968584
 75.200000 0.098996 27.896420 23.968584
 75.400000 0.095310 28.261314 23.968584
 75.600000 0.114310 26.245553 23.968584
 75.800000 0.093471 28.413486 23.968584
 76.000000 0.100594 27.729556 23.968584
 76.200000 0.096467 28.642531 23.968584
 76.400000 0.107160 27.522908 23.968584
 76.600000 0.105227 27.740299 23.968584
 76.800000 0.089900 28.982526 23.968584
 77.000000 0.101168 28.178024 23.968584
 77.200000 0.091078 29.366599 23.968584
 77.400000 0.097619 29.021918 23.968584
 77.600000 0.105147 28.230615 23.968584
 77.800000 0.109604 27.657455 23.968584
 78.000000 0.103818 28.385732 23.968584
 78.200000 0.114810 27.209043 23.968584
 78.400000 0.131838 23.024637 23.968584
 78.600000 0.138916 21.353317 23.968584
 78.800000 0.143320 20.355271 23.968584
 79.000000 0.127828 24.053300 23.968584
 79.200000 0.118483 26.917189 23.968584
 79.400000 0.124065 25.619999 23.968584
 79.600000 0.138891 21.815277 23.968584
 79.800000 0.130747 23.887451 23.968584
 80.000000 0.110809 28.241174 25.563278
 80.200000 0.095736 29.958951 25.563278
 80.400000 0.113086 28.396507 25.563278
 80.600000 0.110415 28.792155 25.563278
 80.800000 0.082216 28.651945 25.563278
 81.000000 0.092778 29.988087 25.563278
 81.200000 0.098426 30.281553 25.563278
 81.400000 0.091399 30.417853 25.563278
 81.600000 0.084271 29.545711 25.563278
 81.800000 0.104759 29.745439 25.563278
 82.000000 0.120079 27.068919 25.563278
 82.200000 0.138523 22.245289 25.563278
 82.400000 0.153492 17.789156 25.563278
 82.600000 0.174162 9.020613 25.563278
 82.800000 0.168104 11.785505 25.563278
 83.000000 0.145912 20.175128 25.563278
 83.200000 0.128095 25.671629 25.563278
 83.400000 0.128739 25.494941 25.563278
 83.600000 0.113134 29.106279 25.563278
 83.800000 0.131947 24.616862 25.563278
 84.000000 0.131212 24.816771 25.563278
 84.200000 0.125272 26.974885 25.563278
 84.400000 0.104919 30.181832 25.563278
 84.600000 0.086149 29.958084 25.563278
 84.800000 0.101178 30.403312 25.563278
 85.000000 0.107628 29.975744 26.659367
 85.200000 0.086514 30.190111 26.659367
 85.400000 0.062275 17.210940 26.659367
 85.600000 0.051637 9.574639 26.659367
 85.800000 0.065677 19.791052 26.659367
 86.000000 0.067259 20.962752 26.659367
 86.200000 0.057599 14.244453 26.659367
 86.400000 0.051107 9.626032 26.659367
 86.600000 0.051573 9.931439 26.659367
 86.800000 0.059349 15.587192 26.659367
 87.000000 0.056978 13.775210 26.659367
 87.200000 0.055614 13.703808 26.659367
 87.400000 0.068282 23.102058 26.659367
 87.600000 0.069912 24.174806 26.659367
 87.800000 0.055279 13.456515 26.659367
 88.000000 0.054866 13.152540 26.659367
 88.200000 0.047890 9.314998 26.659367
 88.400000 0.057535 16.101853 26.659367
 88.600000 0.041825 5.878133 26.659367
 88.800000 0.060999 18.677531 26.659367
 89.000000 0.073418 26.705755 26.659367
 89.200000 0.054531 14.122287 26.659367
 89.400000 0.052659 12.737722 26.659367
 89.600000 0.052517 12.634219 26.659367
 89.800000 0.061038 19.084610 26.659367
 90.000000 0.049108 10.243178 27.147401
 90.200000 0.056044 16.262315 27.147401
 90.400000 0.048499 10.945343 27.147401
 90.600000 0.040753 6.359857 27.147401
 90.800000 0.043150 7.648781 27.147401
 91.000000 0.041349 6.668084 27.147401
 91.200000 0.052611 14.761860 27.147401
 91.400000 0.046154 10.670013 27.147401
 91.600000 0.044063 9.451125 27.147401
 91.800000 0.050985 13.694528 27.147401
 92.000000 0.043677 9.233531 27.147401
 92.200000 0.041284 9.079584 27.147401
 92.400000 0.036635 6.734492 27.147401
 92.600000 0.043156 10.102047 27.147401
 92.800000 0.043268 10.164160 27.147401
 93.000000 0.037450 7.123352 27.147401
 93.200000 0.035205 7.337494 27.147401
 93.400000 0.051226 15.707654 27.147401
 93.600000 0.045087 12.313797 27.147401
 93.800000 0.034541 7.034418 27.147401
 94.000000 0.026125 3.725519 27.147401
 94.200000 0.040782 10.974278 27.147401
 94.400000 0.043482 12.216400 27.147401
 94.600000 0.036710 9.197673 27.147401
 94.800000 0.033215 7.770904 27.147401
 95.000000 0.036636 9.166226 27.149274
 95.200000 0.040484 11.965572 27.149274
 95.400000 0.040931 12.157811 27.149274
 95.600000 0.053591 17.947081 27.149274
 95.800000 0.036167 10.132654 27.149274
 96.000000 0.036465 10.257706 27.149274
 96.200000 0.040565 13.068053 27.149274
 96.400000 0.052919 18.221837 27.149274
 96.600000 0.050032 16.963651 27.149274
 96.800000 0.046245 15.383988 27.149274
 97.000000 0.043599 14.305012 27.149274
 97.200000 0.040857 14.097609 27.149274
 97.400000 0.050402 17.956611 27.149274
 97.600000 0.055876 20.237109 27.149274
 97.800000 0.035084 11.569545 27.149274
 98.000000 0.038395 13.044036 27.149274
 98.200000 0.024766 7.506937 27.149274
 98.400000 0.041418 15.291837 27.149274
 98.600000 0.042964 15.905876 27.149274
 98.800000 0.024824 7.534353 27.149274
 99.000000 0.032305 11.196076 27.149274
 99.200000 0.036348 14.134300 27.149274
 99.400000 0.021317 6.743202 27.149274
 99.600000 0.024928 8.525211 27.149274
 99.800000 0.048566 18.587393 27.149274
 100.000000 0.044116 17.129065 27.166260
 100.200000 0.026136 9.538354 27.166260
 100.400000 0.030875 12.105965 27.166260
 100.600000 0.030204 11.747918 27.166260
 100.800000 0.042278 17.297643 27.166260
 101.000000 0.041966 17.182900 27.166260
 101.200000 0.048989 20.226608 27.166260
 101.400000 0.075225 29.021015 27.166260
 101.600000 0.078432 29.927182 27.166260
 101.800000 0.080490 30.394661 27.166260
 102.000000 0.056495 22.355289 27.166260
 102.200000 0.043349 18.930890 27.166260
 102.400000 0.035035 15.189318 27.166260
 102.600000 0.056408 22.975365 27.166260
 102.800000 0.051347 21.491506 27.166260
 103.000000 0.048284 20.582716 27.166260
 103.200000 0.054546 23.061114 27.166260
 103.400000 0.072259 28.591167 27.166260
 103.600000 0.057221 23.809715 27.166260
 103.800000 0.055422 23.303767 27.166260
 104.000000 0.058352 24.135680 27.166260
 104.200000 0.053138 23.236099 27.166260
 104.400000 0.054918 23.745617 27.166260
 104.600000 0.050358 22.413946 27.166260
 104.800000 0.031200 13.542405 27.166260
 105.000000 0.030119 12.870763 27.377146
 105.200000 0.029384 13.395746 27.377146
 105.400000 0.022187 8.868804 27.377146
 105.600000 0.020568 7.911223 27.377146
 105.800000 0.027697 12.326173 27.377146
 106.000000 0.023482 9.660793 27.377146
 106.200000 0.040886 20.225106 27.377146
 106.400000 0.039548 19.697740 27.377146
 106.600000 0.028050 13.637244 27.377146
 106.800000 0.023957 11.093465 27.377146
 107.000000 0.032365 16.187327 27.377146
 107.200000 0.024920 12.445173 27.377146
 107.400000 0.023249 11.362208 27.377146
 107.600000 0.026317 13.348262 27.377146
 107.800000 0.036238 19.041536 27.377146
 108.000000 0.032345 17.026894 27.377146
 108.200000 0.042851 22.236475 27.377146
 108.400000 0.033741 18.605978 27.377146
 108.600000 0.026027 13.911593 27.377146
 108.800000 0.032429 17.893836 27.377146
 109.000000 0.024853 13.124775 27.377146
 109.200000 0.025851 14.767276 27.377146
 109.400000 0.034004 19.552709 27.377146
 109.600000 0.032585 18.834407 27.377146
 109.800000 0.046191 23.402026 27.377146
 110.000000 0.064568 26.899301 27.530451
 110.200000 0.037158 21.036897 27.530451
 110.400000 0.026332 15.104637 27.530451
 110.600000 0.032370 18.772321 27.530451
 110.800000 0.028205 16.317849 27.530451
 111.000000 0.024253 13.708476 27.530451
 111.200000 0.021405 12.698033 27.530451
 111.400000 0.024166 14.599956 27.530451
 111.600000 0.030107 18.367744 27.530451
 111.800000 0.018289 10.555131 27.530451
 112.000000 0.027169 16.585371 27.530451
 112.200000 0.029249 18.695554 27.530451
 112.400000 0.026072 16.708826 27.530451
 112.600000 0.022812 14.472618 27.530451
 112.800000 0.025460 16.301225 27.530451
 113.000000 0.040337 23.279623 27.530451
 113.200000 0.027324 17.945744 27.530451
 113.400000 0.025838 16.942490 27.530451
 113.600000 0.027634 18.148959 27.530451
 113.800000 0.028492 18.698709 27.530451
 114.000000 0.024139 15.746165 27.530451
 114.200000 0.041712 24.645601 27.530451
 114.400000 0.037700 23.726606 27.530451
 114.600000 0.037397 23.636600 27.530451
 114.800000 0.030738 20.828754 27.530451
 115.000000 0.024438 16.827326 27.562233
 115.200000 0.021024 15.127873 27.562233
 115.400000 0.026886 19.324176 27.562233
 115.600000 0.021499 15.488101 27.562233
 115.800000 0.019205 13.734037 27.562233
 116.000000 0.030394 21.404876 27.562233
 116.200000 0.033712 23.622080 27.562233
 116.400000 0.026557 19.761240 27.562233
 116.600000 0.030018 21.876491 27.562233
 116.800000 0.053189 26.136358 27.562233
 117.000000 0.048159 25.954726 27.562233
 117.200000 0.041444 26.044535 27.562233
 117.400000 0.027651 20.691184 27.562233
 117.600000 0.046153 26.436120 27.562233
 117.800000 0.049408 26.538198 27.562233
 118.000000 0.055798 26.810568 27.562233
 118.200000 0.040480 26.214277 27.562233
 118.400000 0.043173 26.612709 27.562233
 118.600000 0.068766 29.330090 27.562233
 118.800000 0.054994 27.283249 27.562233
 119.000000 0.058889 27.634729 27.562233
 119.200000 0.051768 27.570856 27.562233
 119.400000 0.066999 29.408599 27.562233
 119.600000 0.069667 29.911549 27.562233
 119.800000 0.068902 29.766966 27.562233
 120.000000 0.081672 31.629647 28.162016
 120.200000 0.094961 31.759092 28.162016
 120.400000 0.091413 32.012968 28.162016
 120.600000 0.099106 31.410023 28.162016
 120.800000 0.095307 31.731356 28.162016
 121.000000 0.085869 32.199892 28.162016
 121.200000 0.079766 32.278647 28.162016
 121.400000 0.077846 32.032001 28.162016
 121.600000 0.067128 29.890256 28.162016
 121.800000 0.069464 30.408978 28.162016
 122.000000 0.065436 29.525268 28.162016
 122.200000 0.064538 29.808239 28.162016
 122.400000 0.049509 27.776673 28.162016
 122.600000 0.051795 27.971669 28.162016
 122.800000 0.063950 29.689167 28.162016
 123.000000 0.066405 30.201063 28.162016
 123.200000 0.071317 31.683458 28.162016
 123.400000 0.058486 29.125470 28.162016
 123.600000 0.052184 28.296645 28.162016
 123.800000 0.068739 31.156401 28.162016
 124.000000 0.059557 29.303343 28.162016
 124.200000 0.053785 28.916509 28.162016
 124.400000 0.056385 29.273262 28.162016
 124.600000 0.054847 29.056418 28.162016
 124.800000 0.048174 28.233430 28.162016
 125.000000 0.055594 29.159627 29.166631
 125.200000 0.041388 27.418015 29.166631
 125.400000 0.041125 27.352309 29.166631
 125.600000 0.031232 23.301488 29.166631
 125.800000 0.032511 24.016483 29.166631
 126.000000 0.031586 23.505309 29.166631
 126.200000 0.048343 29.007793 29.166631
 126.400000 0.057351 30.032204 29.166631
 126.600000 0.080542 33.232944 29.166631
 126.800000 0.058441 30.182977 29.166631
 127.000000 0.039679 27.488764 29.166631
 127.200000 0.023559 18.763942 29.166631
 127.400000 0.022293 17.701837 29.166631
 127.600000 0.023653 18.842085 29.166631
 127.800000 0.035165 26.402024 29.166631
 128.000000 0.025561 20.385682 29.166631
 128.200000 0.039073 28.301402 29.166631
 128.400000 0.062131 30.954486 29.166631
 128.600000 0.055801 30.211836 29.166631
 128.800000 0.045416 29.409201 29.166631
 129.000000 0.053132 29.995890 29.166631
 129.200000 0.055431 30.633453 29.166631
 129.400000 0.027851 22.924504 29.166631
 129.600000 0.031139 25.113878 29.166631
 129.800000 0.074061 32.924110 29.166631
 130.000000 0.081229 33.338297 29.692733
 130.200000 0.050422 30.309623 29.692733
 130.400000 0.047289 30.039096 29.692733
 130.600000 0.061413 31.413512 29.692733
 130.800000 0.056600 30.836993 29.692733
 131.000000 0.072711 33.112990 29.692733
 131.200000 0.077861 33.995311 29.692733
 131.400000 0.063782 32.092259 29.692733
 131.600000 0.072505 33.486395 29.692733
 131.800000 0.054487 30.828675 29.692733
 132.000000 0.050243 30.425311 29.692733
 132.200000 0.035724 27.740933 29.692733
 132.400000 0.044467 30.197248 29.692733
 132.600000 0.057508 31.572663 29.692733
 132.800000 0.065084 32.585490 29.692733
 133.000000 0.059909 31.858940 29.692733
 133.200000 0.062715 32.654288 29.692733
 133.400000 0.068937 33.515935 29.692733
 133.600000 0.051122 31.313229 29.692733
 133.800000 0.057358 31.973236 29.692733
 134.000000 0.070875 33.755841 29.692733
 134.200000 0.089414 33.732765 29.692733
 134.400000 0.099156 32.145218 29.692733
 134.600000 0.118609 28.928504 29.692733
 134.800000 0.119665 28.683205 29.692733
 135.000000 0.105883 31.146896 30.684436
 135.200000 0.094266 33.268524 30.684436
 135.400000 0.101050 32.266827 30.684436
 135.600000 0.111016 30.792561 30.684436
 135.800000 0.087817 34.176349 30.684436
 136.000000 0.100683 32.319355 30.684436
 136.200000 0.137774 23.721656 30.684436
 136.400000 0.180407 6.370588 30.684436
 136.600000 0.204948 0.512271 30.684436
 136.800000 0.208386 0.299413 30.684436
 137.000000 0.197433 1.380539 30.684436
 137.200000 0.167122 12.735481 30.684436
 137.400000 0.170013 11.433217 30.684436
 137.600000 0.179283 7.634330 30.684436
 137.800000 0.172480 10.352796 30.684436
 138.000000 0.157285 17.107776 30.684436
 138.200000 0.160343 16.593218 30.684436
 138.400000 0.179218 7.937429 30.684436
 138.600000 0.179253 7.923517 30.684436
 138.800000 0.170702 11.674576 30.684436
 139.000000 0.185318 5.813502 30.684436
 139.200000 0.181698 8.321056 30.684436
 139.400000 0.157472 18.085029 30.684436
 139.600000 0.143174 22.673884 30.684436
 139.800000 0.149121 20.996233 30.684436
 140.000000 0.135227 24.753071 30.867689
 140.200000 0.146710 22.140007 30.867689
 140.400000 0.157764 18.157629 30.867689
 140.600000 0.191561 5.416888 30.867689
 140.800000 0.208046 2.024928 30.867689
 141.000000 0.193973 4.816966 30.867689
 141.200000 0.180253 9.748539 30.867689
 141.400000 0.179940 9.840765 30.867689
 141.600000 0.193343 6.380842 30.867689
 141.800000 0.204600 3.698743 30.867689
 142.000000 0.200308 4.707887 30.867689
 142.200000 0.188870 8.526896 30.867689
 142.400000 0.170405 13.275924 30.867689
 142.600000 0.175895 11.487532 30.867689
 142.800000 0.200921 5.979357 30.867689
 143.000000 0.195671 7.172376 30.867689
 143.200000 0.161169 16.974364 30.867689
 143.400000 0.181210 10.899446 30.867689
 143.600000 0.189270 9.610637 30.867689
 143.800000 0.167991 14.398230 30.867689
 144.000000 0.158394 18.060320 30.867689
 144.200000 0.168518 14.837391 30.867689
 144.400000 0.194185 8.792175 30.867689
 144.600000 0.213489 3.471748 30.867689
 144.800000 0.181475 11.090833 30.867689
 145.000000 0.159642 18.353064 30.833417
 145.200000 0.155760 20.587233 30.833417
 145.400000 0.170743 14.618055 30.833417
 145.600000 0.198289 7.896983 30.833417
 145.800000 0.203017 6.607933 30.833417
 146.000000 0.168576 15.462548 30.833417
 146.200000 0.173409 14.488619 30.833417
 146.400000 0.165658 17.516950 30.833417
 146.600000 0.183852 11.368592 30.833417
 146.800000 0.183136 11.542370 30.833417
 147.000000 0.172753 14.728076 30.833417
 147.200000 0.163618 19.089524 30.833417
 147.400000 0.155141 21.846519 30.833417
 147.600000 0.133947 26.153357 30.833417
 147.800000 0.145442 23.999178 30.833417
 148.000000 0.157563 21.142768 30.833417
 148.200000 0.153980 22.820441 30.833417
 148.400000 0.160333 20.920458 30.833417
 148.600000 0.176802 14.501109 30.833417
 148.800000 0.172478 16.153324 30.833417
 149.000000 0.155841 22.328707 30.833417
 149.200000 0.155212 23.147628 30.833417
 149.400000 0.146976 24.787226 30.833417
 149.600000 0.147520 24.707368 30.833417
 149.800000 0.144166 25.165221 30.833417
 150.000000 0.151750 23.964386 30.816716
 150.200000 0.191215 10.259844 30.816716
 150.400000 0.198073 8.325065 30.816716
 150.600000 0.196933 8.659592 30.816716
 150.800000 0.184336 12.225825 30.816716
 151.000000 0.180183 13.606260 30.816716
 151.200000 0.203917 6.777695 30.816716
 151.400000 0.211594 4.160184 30.816716
 151.600000 0.200917 7.826593 30.816716
 151.800000 0.210401 4.543988 30.816716
 152.000000 0.202487 7.279916 30.816716
 152.200000 0.183574 13.964957 30.816716
 152.400000 0.189520 12.381804 30.816716
 152.600000 0.187884 12.805153 30.816716
 152.800000 0.188197 12.723944 30.816716
 153.000000 0.193568 11.313583 30.816716
 153.200000 0.182737 15.018709 30.816716
 153.400000 0.185176 14.425267 30.816716
 153.600000 0.180618 15.568906 30.816716
 153.800000 0.177463 16.474341 30.816716
 154.000000 0.173403 17.805230 30.816716
 154.200000 0.186790 14.576502 30.816716
 154.400000 0.202899 9.384383 30.816716
 154.600000 0.211506 5.789729 30.816716
 154.800000 0.221261 2.450178 30.816716
 155.000000 0.219315 2.994750 30.780191
 155.200000 0.185599 15.013226 30.780191
 155.400000 0.182363 15.845949 30.780191
 155.600000 0.203084 10.161132 30.780191
 155.800000 0.196498 12.239041 30.780191
 156.000000 0.188340 14.342322 30.780191
 156.200000 0.187316 15.512948 30.780191
 156.400000 0.197443 12.733668 30.780191
 156.600000 0.211257 7.502763 30.780191
 156.800000 0.220059 4.405329 30.780191
 157.000000 0.195889 13.224861 30.780191
 157.200000 0.156397 24.255841 30.780191
 157.400000 0.155217 24.495074 30.780191
 157.600000 0.174231 19.258124 30.780191
 157.800000 0.215760 6.224155 30.780191
 158.000000 0.223002 3.757071 30.780191
 158.200000 0.211923 8.918041 30.780191
 158.400000 0.229839 3.460898 30.780191
 158.600000 0.204822 11.578256 30.780191
 158.800000 0.192506 15.333695 30.780191
 159.000000 0.178308 18.245725 30.780191
 159.200000 0.174510 19.940033 30.780191
 159.400000 0.199033 13.861567 30.780191
 159.600000 0.215135 7.796059 30.780191
 159.800000 0.214431 8.049722 30.780191
 160.000000 0.220930 5.864282 30.743753
 160.200000 0.203660 12.879407 30.743753
 160.400000 0.208439 11.278714 30.743753
 160.600000 0.202228 13.342241 30.743753
 160.800000 0.216316 8.664282 30.743753
 161.000000 0.194281 15.620120 30.743753
 161.200000 0.198255 15.392979 30.743753
 161.400000 0.195243 16.245562 30.743753
 161.600000 0.192185 16.989992 30.743753
 161.800000 0.177891 19.617380 30.743753
 162.000000 0.175162 20.172868 30.743753
 162.200000 0.167227 22.687131 30.743753
 162.400000 0.182570 19.406662 30.743753
 162.600000 0.226562 5.608149 30.743753
 162.800000 0.229509 4.736380 30.743753
 163.000000 0.211371 10.781878 30.743753
 163.200000 0.203660 14.661234 30.743753
 163.400000 0.183507 19.418309 30.743753
 163.600000 0.181451 19.766724 30.743753
 163.800000 0.174817 21.013074 30.743753
 164.000000 0.190704 18.143008 30.743753
 164.200000 0.193532 18.311702 30.743753
 164.400000 0.211424 12.144058 30.743753
 164.600000 0.205395 14.542133 30.743753
 164.800000 0.203890 15.112136 30.743753
 165.000000 0.212563 11.684742 30.710904
 165.200000 0.191353 19.173387 30.710904
 165.400000 0.175924 21.318047 30.710904
 165.600000 0.174396 21.570454 30.710904
 165.800000 0.198202 17.707705 30.710904
 166.000000 0.219207 9.986311 30.710904
 166.200000 0.217489 11.815459 30.710904
 166.400000 0.217327 11.881653 30.710904
 166.600000 0.250406 0.856882 30.710904
 166.800000 0.268325 0.026660 30.710904
 167.000000 0.258753 0.227800 30.710904
 167.200000 0.245532 2.783356 30.710904
 167.400000 0.241528 3.409129 30.710904
 167.600000 0.240300 3.658054 30.710904
 167.800000 0.262196 1.804145 30.710904
 168.000000 0.278366 0.734925 30.710904
 168.200000 0.274891 2.619270 30.710904
 168.400000 0.247247 2.787184 30.710904
 168.600000 0.238059 4.227487 30.710904
 168.800000 0.255930 2.623563 30.710904
 169.000000 0.242328 3.353305 30.710904
 169.200000 0.245349 4.430356 30.710904
 169.400000 0.238457 5.588015 30.710904
 169.600000 0.253833 3.723920 30.710904
 169.800000 0.239582 5.355276 30.710904
 170.000000 0.258902 3.499105 30.672538
 170.200000 0.262381 4.825797 30.672538
 170.400000 0.256767 5.067510 30.672538
 170.600000 0.251945 5.178110 30.672538
 170.800000 0.254104 5.132319 30.672538
 171.000000 0.261496 4.876441 30.672538
 171.200000 0.284982 2.672326 30.672538
 171.400000 0.305280 0.373711 30.672538
 171.600000 0.287149 2.302662 30.672538
 171.800000 0.261769 6.269423 30.672538
 172.000000 0.239320 6.515359 30.672538
 172.200000 0.243234 7.521045 30.672538
 172.400000 0.239884 7.769855 30.672538
 172.600000 0.251032 7.266731 30.672538
 172.800000 0.240885 7.682361 30.672538
 173.000000 0.253375 7.206813 30.672538
 173.200000 0.254236 8.446686 30.672538
 173.400000 0.257438 8.258735 30.672538
 173.600000 0.256122 8.351788 30.672538
 173.800000 0.270173 6.187223 30.672538
 174.000000 0.262382 7.691071 30.672538
 174.200000 0.271467 6.923181 30.672538
 174.400000 0.268746 7.639486 30.672538
 174.600000 0.269522 7.442499 30.672538
 174.800000 0.272443 6.652493 30.672538
 175.000000 0.279041 4.770117 30.635735
 175.200000 0.276126 6.989137 30.635735
 175.400000 0.265096 9.378203 30.635735
 175.600000 0.260534 9.836189 30.635735
 175.800000 0.258162 9.926700 30.635735
 176.000000 0.264859 9.411068 30.635735
 176.200000 0.259800 10.961790 30.635735
 176.400000 0.258848 10.972390 30.635735
 176.600000 0.294676 2.360834 30.635735
 176.800000 0.308563 0.459413 30.635735
 177.000000 0.296299 2.023914 30.635735
 177.200000 0.270536 9.814968 30.635735
 177.400000 0.232318 9.603761 30.635735
 177.600000 0.224042 11.075669 30.635735
 177.800000 0.228180 10.203589 30.635735
 178.000000 0.231805 9.661432 30.635735
 178.200000 0.248463 10.761397 30.635735
 178.400000 0.254034 11.160281 30.635735
 178.600000 0.265824 10.705018 30.635735
 178.800000 0.277263 8.218627 30.635735
 179.000000 0.274403 8.951648 30.635735
 179.200000 0.282959 7.712340 30.635735
 179.400000 0.299565 3.291736 30.635735
 179.600000 0.309482 1.560598 30.635735
 179.800000 0.321709 0.429277 30.635735
 180.000000 0.304120 2.401998 30.599099
 180.200000 0.265978 11.744599 30.599099
 180.400000 0.242576 10.509556 30.599099
 180.600000 0.226478 11.606166 30.599099
 180.800000 0.229190 11.160837 30.599099
 181.000000 0.248393 11.015298 30.599099
 181.200000 0.232609 11.346614 30.599099
 181.400000 0.237916 11.253175 30.599099
 181.600000 0.236623 11.236476 30.599099
 181.800000 0.229299 11.620153 30.599099
 182.000000 0.248236 12.069438 30.599099
 182.200000 0.250422 13.315085 30.599099
 182.400000 0.222840 12.813238 30.599099
 182.600000 0.245514 12.782606 30.599099
 182.800000 0.254928 13.611077 30.599099
 183.000000 0.233938 11.931025 30.599099
 183.200000 0.228449 13.104254 30.599099
 183.400000 0.249826 13.843937 30.599099
 183.600000 0.266994 12.686771 30.599099
 183.800000 0.282790 8.481610 30.599099
 184.000000 0.296893 5.293865 30.599099
 184.200000 0.295822 6.877806 30.599099
 184.400000 0.292606 7.470282 30.599099
 184.600000 0.290649 7.828805 30.599099
 184.800000 0.299683 6.132264 30.599099
 185.000000 0.299217 6.225187 30.563230
 185.200000 0.297971 7.791103 30.563230
 185.400000 0.292971 8.619539 30.563230
 185.600000 0.294811 8.335699 30.563230
 185.800000 0.266145 13.140967 30.563230
 186.000000 0.261677 13.721481 30.563230
 186.200000 0.277601 11.536626 30.563230
 186.400000 0.284342 10.156599 30.563230
 186.600000 0.280765 10.852109 30.563230
 186.800000 0.285929 9.875251 30.563230
 187.000000 0.282310 10.540931 30.563230
 187.200000 0.286299 10.867775 30.563230
 187.400000 0.293357 9.495882 30.563230
 187.600000 0.297374 8.614846 30.563230
 187.800000 0.294771 9.198097 30.563230
 188.000000 0.256658 15.172058 30.563230
 188.200000 0.243416 14.477370 30.563230
 188.400000 0.241422 14.182444 30.563230
 188.600000 0.260322 16.023925 30.563230
 188.800000 0.274678 13.601771 30.563230
 189.000000 0.300309 7.904246 30.563230
 189.200000 0.304125 8.050509 30.563230
 189.400000 0.304889 7.813394 30.563230
 189.600000 0.300867 8.987581 30.563230
 189.800000 0.283746 12.196377 30.563230
 190.000000 0.281323 12.609869 30.529213
 190.200000 0.279137 13.995899 30.529213
 190.400000 0.274580 14.807468 30.529213
 190.600000 0.293344 11.369623 30.529213
 190.800000 0.302659 8.849672 30.529213
 191.000000 0.302735 8.824774 30.529213
 191.200000 0.285558 13.475066 30.529213
 191.400000 0.314754 5.437719 30.529213
 191.600000 0.313265 6.020258 30.529213
 191.800000 0.319975 3.566379 30.529213
 192.000000 0.318330 4.119707 30.529213
 192.200000 0.311518 8.028692 30.529213
 192.400000 0.309732 8.663687 30.529213
 192.600000 0.305073 10.190387 30.529213
 192.800000 0.302151 11.006186 30.529213
 193.000000 0.308822 8.979252 30.529213
 193.200000 0.281365 14.312020 30.529213
 193.400000 0.276918 14.808855 30.529213
 193.600000 0.284588 14.030366 30.529213
 193.800000 0.320836 5.579842 30.529213
 194.000000 0.325367 3.999549 30.529213
 194.200000 0.311670 10.090397 30.529213
 194.400000 0.300578 12.771762 30.529213
 194.600000 0.288346 13.830498 30.529213
 194.800000 0.276814 14.826755 30.529213
 195.000000 0.274673 15.100631 30.494328
 195.200000 0.267095 16.845600 30.494328
 195.400000 0.265900 16.928193 30.494328
 195.600000 0.280458 15.246012 30.494328
 195.800000 0.288649 14.391658 30.494328
 196.000000 0.311183 10.287646 30.494328
 196.200000 0.313443 10.640568 30.494328
 196.400000 0.311727 11.218649 30.494328
 196.600000 0.304266 13.211831 30.494328
 196.800000 0.283052 15.134072 30.494328
 197.000000 0.255477 16.649836 30.494328
 197.200000 0.240033 14.564399 30.494328
 197.400000 0.244433 15.432353 30.494328
 197.600000 0.258650 17.753056 30.494328
 197.800000 0.275503 16.288331 30.494328
 198.000000 0.279815 15.669627 30.494328
 198.200000 0.276459 16.993085 30.494328
 198.400000 0.271205 17.680861 30.494328
 198.600000 0.260525 18.193468 30.494328
 198.800000 0.267925 18.017966 30.494328
 199.000000 0.264930 18.202582 30.494328
 199.200000 0.265877 18.935308 30.494328
 199.400000 0.244671 15.848840 30.494328
 199.600000 0.225862 13.592838 30.494328
 199.800000 0.227498 13.548584 30.494328
 200.000000 0.239322 14.641996 30.462010
 200.200000 0.235383 14.882564 30.462010
 200.400000 0.231982 14.476509 30.462010
 200.600000 0.244035 16.559095 30.462010
 200.800000 0.259548 19.235347 30.462010
 201.000000 0.268187 18.896969 30.462010
 201.200000 0.265201 19.913046 30.462010
 201.400000 0.276968 18.159252 30.462010
 201.600000 0.275122 18.521681 30.462010
 201.800000 0.279405 17.675802 30.462010
 202.000000 0.274428 18.654582 30.462010
 202.200000 0.289486 16.410386 30.462010
 202.400000 0.292109 15.964444 30.462010
 202.600000 0.285248 17.189425 30.462010
 202.800000 0.286424 16.963994 30.462010
 203.000000 0.274703 19.364473 30.462010
 203.200000 0.288522 17.062600 30.462010
 203.400000 0.292867 16.192684 30.462010
 203.600000 0.291014 16.556566 30.462010
 203.800000 0.304594 13.628627 30.462010
 204.000000 0.320048 8.222170 30.462010
 204.200000 0.295158 16.051466 30.462010
 204.400000 0.280242 18.942512 30.462010
 204.600000 0.279092 19.198308 30.462010
 204.800000 0.292498 16.487228 30.462010
 205.000000 0.283145 18.297422 30.432031
 205.200000 0.275470 20.643893 30.432031
 205.400000 0.296598 16.336450 30.432031
 205.600000 0.320972 9.101907 30.432031
 205.800000 0.313515 11.943300 30.432031
 206.000000 0.289056 17.810305 30.432031
 206.200000 0.291378 18.125775 30.432031
 206.400000 0.294555 17.468740 30.432031
 206.600000 0.295612 17.245532 30.432031
 206.800000 0.281581 20.112850 30.432031
 207.000000 0.287491 18.921782 30.432031
 207.200000 0.285754 20.024925 30.432031
 207.400000 0.295406 17.944405 30.432031
 207.600000 0.301375 16.420141 30.432031
 207.800000 0.305716 15.119580 30.432031
 208.000000 0.329770 5.663833 30.432031
 208.200000 0.331554 6.359070 30.432031
 208.400000 0.319681 10.872680 30.432031
 208.600000 0.320540 10.551317 30.432031
 208.800000 0.323822 9.301600 30.432031
 209.000000 0.328644 7.449060 30.432031
 209.200000 0.332333 7.292829 30.432031
 209.400000 0.341724 3.926044 30.432031
 209.600000 0.337980 5.190149 30.432031
 209.800000 0.353582 1.166705 30.432031
 210.000000 0.339257 4.743024 30.399940
 210.200000 0.333350 8.215286 30.399940
 210.400000 0.326143 10.611575 30.399940
 210.600000 0.321925 11.888344 30.399940
 210.800000 0.320933 12.173368 30.399940
 211.000000 0.338382 6.462182 30.399940
 211.200000 0.343037 6.143795 30.399940
 211.400000 0.337005 8.248418 30.399940
 211.600000 0.330227 10.413845 30.399940
 211.800000 0.344118 5.768273 30.399940
 212.000000 0.332204 9.815774 30.399940
 212.200000 0.326637 12.475142 30.399940
 212.400000 0.304087 16.643738 30.399940
 212.600000 0.286279 19.967929 30.399940
 212.800000 0.278179 21.364257 30.399940
 213.000000 0.299725 17.435661 30.399940
 213.200000 0.308420 16.555701 30.399940
 213.400000 0.308024 16.635372 30.399940
 213.600000 0.333205 10.694808 30.399940
 213.800000 0.321020 13.967215 30.399940
 214.000000 0.316560 14.905822 30.399940
 214.200000 0.336714 9.828661 30.399940
 214.400000 0.347935 5.243590 30.399940
 214.600000 0.337023 9.704747 30.399940
 214.800000 0.336076 10.082456 30.399940
 215.000000 0.335542 10.292285 30.368284
 215.200000 0.357664 2.572296 30.368284
 215.400000 0.346303 6.735269 30.368284
 215.600000 0.330513 13.178305 30.368284
 215.800000 0.330901 13.055002 30.368284
 216.000000 0.351347 4.646546 30.368284
 216.200000 0.338866 11.037617 30.368284
 216.400000 0.337070 11.689917 30.368284
 216.600000 0.329065 14.087644 30.368284
 216.800000 0.331470 13.459528 30.368284
 217.000000 0.322938 15.372109 30.368284
 217.200000 0.320144 16.713081 30.368284
 217.400000 0.317268 17.112413 30.368284
 217.600000 0.300944 18.915597 30.368284
 217.800000 0.305486 18.431485 30.368284
 218.000000 0.331187 14.295920 30.368284
 218.200000 0.345176 9.431677 30.368284
 218.400000 0.338544 12.490616 30.368284
 218.600000 0.320611 17.363461 30.368284
 218.800000 0.306148 18.589791 30.368284
 219.000000 0.310610 18.244913 30.368284
 219.200000 0.317493 18.391440 30.368284
 219.400000 0.308491 19.174405 30.368284
 219.600000 0.325647 17.055014 30.368284
 219.800000 0.333589 14.678351 30.368284
 220.000000 0.334987 14.138470 30.337668
 220.200000 0.329913 16.808110 30.337668
 220.400000 0.325096 17.926233 30.337668
 220.600000 0.331660 16.275044 30.337668
 220.800000 0.348468 8.535295 30.337668
 221.000000 0.355663 5.206750 30.337668
 221.200000 0.363895 3.678038 30.337668
 221.400000 0.370326 2.072985 30.337668
 221.600000 0.365134 3.322332 30.337668
 221.800000 0.336576 15.028812 30.337668
 222.000000 0.328690 17.412508 30.337668
 222.200000 0.321111 19.320356 30.337668
 222.400000 0.327048 18.555142 30.337668
 222.600000 0.351908 8.442654 30.337668
 222.800000 0.361062 4.653125 30.337668
 223.000000 0.357928 5.820957 30.337668
 223.200000 0.355508 8.152427 30.337668
 223.400000 0.354388 8.621784 30.337668
 223.600000 0.366148 4.243753 30.337668
 223.800000 0.349394 10.800275 30.337668
 224.000000 0.354685 8.496257 30.337668
 224.200000 0.359051 7.881134 30.337668
 224.400000 0.370140 3.799717 30.337668
 224.600000 0.368933 4.184469 30.337668
 224.800000 0.361285 6.980333 30.337668
 225.000000 0.370222 3.774484 30.305053
 225.200000 0.360367 8.538856 30.305053
 225.400000 0.389235 1.065049 30.305053
 225.600000 0.386832 1.381823 30.305053
 225.800000 0.382843 2.043810 30.305053
 226.000000 0.398831 0.307464 30.305053
 226.200000 0.374137 4.540356 30.305053
 226.400000 0.348277 12.902624 30.305053
 226.600000 0.332855 17.890919 30.305053
 226.800000 0.334566 17.467888 30.305053
 227.000000 0.351003 11.905478 30.305053
 227.200000 0.381320 3.347550 30.305053
 227.400000 0.380408 3.495806 30.305053
 227.600000 0.377000 4.159792 30.305053
 227.800000 0.370290 5.961590 30.305053
 228.000000 0.364039 8.091097 30.305053
 228.200000 0.362264 9.952769 30.305053
 228.400000 0.376387 5.166795 30.305053
 228.600000 0.368540 7.690852 30.305053
 228.800000 0.359791 10.835512 30.305053
 229.000000 0.338937 17.234497 30.305053
 229.200000 0.301364 19.901010 30.305053
 229.400000 0.310923 19.855903 30.305053
 229.600000 0.323015 20.033721 30.305053
 229.800000 0.338128 18.241494 30.305053
 230.000000 0.332584 19.312476 30.275049
 230.200000 0.307679 20.012858 30.275049
 230.400000 0.290518 20.513213 30.275049
 230.600000 0.302601 19.970688 30.275049
 230.800000 0.302745 19.969708 30.275049
 231.000000 0.317345 20.430855 30.275049
 231.200000 0.308322 20.616470 30.275049
 231.400000 0.283860 21.218428 30.275049
 231.600000 0.282744 21.331465 30.275049
 231.800000 0.278185 21.787478 30.275049
 232.000000 0.269973 22.247308 30.275049
 232.200000 0.291060 20.861189 30.275049
 232.400000 0.305846 20.540492 30.275049
 232.600000 0.299215 20.466296 30.275049
 232.800000 0.282950 21.756838 30.275049
 233.000000 0.260549 21.990242 30.275049
 233.200000 0.243466 17.311140 30.275049
 233.400000 0.244495 17.646347 30.275049
 233.600000 0.242510 17.010166 30.275049
 233.800000 0.236812 15.495440 30.275049
 234.000000 0.239325 16.097817 30.275049
 234.200000 0.247329 19.355689 30.275049
 234.400000 0.253297 21.238428 30.275049
 234.600000 0.237051 16.392392 30.275049
 234.800000 0.230768 15.261543 30.275049
 235.000000 0.237406 16.474903 30.251222
 235.200000 0.240289 18.035030 30.251222
 235.400000 0.247469 20.071605 30.251222
 235.600000 0.255135 22.174102 30.251222
 235.800000 0.283220 21.947637 30.251222
 236.000000 0.301299 20.469908 30.251222
 236.200000 0.300362 21.175671 30.251222
 236.400000 0.304079 21.190104 30.251222
 236.600000 0.285528 22.010961 30.251222
 236.800000 0.276710 23.117380 30.251222
 237.000000 0.283376 22.267586 30.251222
 237.200000 0.279760 23.364038 30.251222
 237.400000 0.270247 24.127125 30.251222
 237.600000 0.290421 22.128122 30.251222
 237.800000 0.285508 22.655728 30.251222
 238.000000 0.303018 21.454132 30.251222
 238.200000 0.299134 22.210033 30.251222
 238.400000 0.287161 22.848843 30.251222
 238.600000 0.269851 24.190732 30.251222
 238.800000 0.275281 23.962150 30.251222
 239.000000 0.280793 23.462205 30.251222
 239.200000 0.279501 24.203933 30.251222
 239.400000 0.273721 24.615506 30.251222
 239.600000 0.276805 24.434696 30.251222
 239.800000 0.274508 24.579880 30.251222
 240.000000 0.288000 23.327965 30.236384
 240.200000 0.288103 23.936921 30.236384
 240.400000 0.295041 23.295843 30.236384
 240.600000 0.314901 22.200194 30.236384
 240.800000 0.304153 22.638303 30.236384
 241.000000 0.314060 22.224080 30.236384
 241.200000 0.299606 23.344261 30.236384
 241.400000 0.297827 23.430948 30.236384
 241.600000 0.303520 23.183358 30.236384
 241.800000 0.297845 23.430022 30.236384
 242.000000 0.279358 24.785251 30.236384
 242.200000 0.277581 25.468908 30.236384
 242.400000 0.288138 24.567280 30.236384
 242.600000 0.294982 23.926613 30.236384
 242.800000 0.286978 24.683360 30.236384
 243.000000 0.294834 23.939035 30.236384
 243.200000 0.323543 22.482361 30.236384
 243.400000 0.296580 24.395565 30.236384
 243.600000 0.287610 25.156472 30.236384
 243.800000 0.275880 25.805613 30.236384
 244.000000 0.269946 25.598063 30.236384
 244.200000 0.293643 24.802138 30.236384
 244.400000 0.294899 24.675451 30.236384
 244.600000 0.278396 26.232659 30.236384
 244.800000 0.272072 26.284894 30.236384
 245.000000 0.290579 25.120884 30.237286
 245.200000 0.299418 24.725059 30.237286
 245.400000 0.271395 26.504844 30.237286
 245.600000 0.279767 26.592610 30.237286
 245.800000 0.298312 24.846226 30.237286
 246.000000 0.313630 23.384128 30.237286
 246.200000 0.300441 25.032901 30.237286
 246.400000 0.291953 25.761600 30.237286
 246.600000 0.277221 26.700279 30.237286
 246.800000 0.286262 26.240063 30.237286
 247.000000 0.303803 24.757795 30.237286
 247.200000 0.303889 25.331757 30.237286
 247.400000 0.295747 25.935500 30.237286
 247.600000 0.295410 25.958467 30.237286
 247.800000 0.279805 26.799121 30.237286
 248.000000 0.264859 25.654177 30.237286
 248.200000 0.276579 27.225524 30.237286
 248.400000 0.300073 25.661368 30.237286
 248.600000 0.307124 25.073347 30.237286
 248.800000 0.291218 26.352118 30.237286
 249.000000 0.268508 26.798865 30.237286
 249.200000 0.256465 24.328209 30.237286
 249.400000 0.242454 19.095988 30.237286
 249.600000 0.240182 18.361287 30.237286
 249.800000 0.237265 17.518242 30.237286
 250.000000 0.219347 15.320502 30.242554
 250.200000 0.224925 16.254535 30.242554
 250.400000 0.248088 21.284278 30.242554
 250.600000 0.238909 18.355342 30.242554
 250.800000 0.229306 16.591434 30.242554
 251.000000 0.249037 21.633677 30.242554
 251.200000 0.255096 24.499832 30.242554
 251.400000 0.229103 16.844724 30.242554
 251.600000 0.241256 19.587290 30.242554
 251.800000 0.239079 18.934801 30.242554
 252.000000 0.240490 19.350764 30.242554
 252.200000 0.237825 19.315730 30.242554
 252.400000 0.231350 17.793206 30.242554
 252.600000 0.227207 17.124316 30.242554
 252.800000 0.239704 19.854134 30.242554
 253.000000 0.250681 23.497657 30.242554
 253.200000 0.249898 23.841097 30.242554
 253.400000 0.252728 24.801179 30.242554
 253.600000 0.265690 27.806641 30.242554
 253.800000 0.274471 28.092059 30.242554
 254.000000 0.282669 27.451661 30.242554
 254.200000 0.286219 27.572784 30.242554
 254.400000 0.290994 27.011520 30.242554
 254.600000 0.296873 26.337642 30.242554
 254.800000 0.296043 26.430805 30.242554
 255.000000 0.280153 28.208828 30.272425
 255.200000 0.272283 28.980384 30.272425
 255.400000 0.261035 27.468645 30.272425
 255.600000 0.244578 22.014484 30.272425
 255.800000 0.240873 20.727903 30.272425
 256.000000 0.226340 17.181092 30.272425
 256.200000 0.245454 22.690740 30.272425
 256.400000 0.259299 27.096579 30.272425
 256.600000 0.233362 19.255754 30.272425
 256.800000 0.206010 17.905802 30.272425
 257.000000 0.224455 17.764994 30.272425
 257.200000 0.252949 25.337132 30.272425
 257.400000 0.242321 22.069789 30.272425
 257.600000 0.256461 26.386674 30.272425
 257.800000 0.258127 26.845401 30.272425
 258.000000 0.254603 25.842899 30.272425
 258.200000 0.235684 20.651237 30.272425
 258.400000 0.233964 20.254082 30.272425
 258.600000 0.245185 23.360391 30.272425
 258.800000 0.238222 21.294373 30.272425
 259.000000 0.209514 18.053808 30.272425
 259.200000 0.208304 18.898673 30.272425
 259.400000 0.233160 20.304598 30.272425
 259.600000 0.224235 19.087628 30.272425
 259.800000 0.230149 19.789082 30.272425
 260.000000 0.230770 19.886487 30.266397
 260.200000 0.232355 20.873887 30.266397
 260.400000 0.227059 20.072388 30.266397
 260.600000 0.221253 19.463610 30.266397
 260.800000 0.230438 20.555344 30.266397
 261.000000 0.242015 22.991112 30.266397
 261.200000 0.232518 21.416388 30.266397
 261.400000 0.243280 23.955365 30.266397
 261.600000 0.245582 24.583583 30.266397
 261.800000 0.227580 20.535467 30.266397
 262.000000 0.227590 20.536918 30.266397
 262.200000 0.243382 24.384957 30.266397
 262.400000 0.231340 21.868158 30.266397
 262.600000 0.231606 21.915625 30.266397
 262.800000 0.229210 21.501268 30.266397
 263.000000 0.208562 19.488845 30.266397
 263.200000 0.204164 20.255622 30.266397
 263.400000 0.224892 21.236668 30.266397
 263.600000 0.229865 21.878692 30.266397
 263.800000 0.224530 21.195868 30.266397
 264.000000 0.225718 21.332619 30.266397
 264.200000 0.235972 23.415692 30.266397
 264.400000 0.240811 24.261170 30.266397
 264.600000 0.235553 23.349198 30.266397
 264.800000 0.232088 22.834188 30.266397
 265.000000 0.225450 21.977454 30.260060
 265.200000 0.240731 24.636723 30.260060
 265.400000 0.223014 22.346755 30.260060
 265.600000 0.209689 20.992637 30.260060
 265.800000 0.219138 21.890881 30.260060
 266.000000 0.202821 20.700134 30.260060
 266.200000 0.212184 21.752461 30.260060
 266.400000 0.226190 22.928190 30.260060
 266.600000 0.220992 22.440290 30.260060
 266.800000 0.242665 24.983221 30.260060
 267.000000 0.247949 25.986722 30.260060
 267.200000 0.221175 22.567848 30.260060
 267.400000 0.221464 22.598146 30.260060
 267.600000 0.223182 22.782799 30.260060
 267.800000 0.213502 21.875269 30.260060
 268.000000 0.205991 21.488732 30.260060
 268.200000 0.196172 21.791591 30.260060
 268.400000 0.207062 22.195937 30.260060
 268.600000 0.206874 22.189686 30.260060
 268.800000 0.206161 22.166185 30.260060
 269.000000 0.198303 21.887529 30.260060
 269.200000 0.233734 24.228357 30.260060
 269.400000 0.243023 25.603617 30.260060
 269.600000 0.240581 25.184735 30.260060
 269.800000 0.229601 23.795182 30.260060
 270.000000 0.227438 23.605192 30.262232
 270.200000 0.226148 24.112272 30.262232
 270.400000 0.233394 24.754159 30.262232
 270.600000 0.227037 24.183843 30.262232
 270.800000 0.224286 23.967628 30.262232
 271.000000 0.221549 23.762695 30.262232
 271.200000 0.243846 26.289315 30.262232
 271.400000 0.229715 24.933794 30.262232
 271.600000 0.218728 24.162885 30.262232
 271.800000 0.238180 25.612552 30.262232
 272.000000 0.229417 24.913274 30.262232
 272.200000 0.211831 23.959673 30.262232
 272.400000 0.230425 25.558652 30.262232
 272.600000 0.210522 23.845404 30.262232
 272.800000 0.204357 23.359184 30.262232
 273.000000 0.213840 24.144469 30.262232
 273.200000 0.210877 24.461276 30.262232
 273.400000 0.206967 24.094389 30.262232
 273.600000 0.215825 24.923846 30.262232
 273.800000 0.207026 24.099903 30.262232
 274.000000 0.195756 22.958291 30.262232
 274.200000 0.209112 24.718045 30.262232
 274.400000 0.226173 25.761602 30.262232
 274.600000 0.222774 25.604212 30.262232
 274.800000 0.221848 25.554493 30.262232
 275.000000 0.239498 26.355142 30.277307
 275.200000 0.241652 27.059614 30.277307
 275.400000 0.243136 27.187153 30.277307
 275.600000 0.257104 28.857082 30.277307
 275.800000 0.240315 26.955308 30.277307
 276.000000 0.233067 26.516398 30.277307
 276.200000 0.219234 25.969153 30.277307
 276.400000 0.233006 27.050288 30.277307
 276.600000 0.230703 26.920494 30.277307
 276.800000 0.226027 26.597587 30.277307
 277.000000 0.224575 26.479205 30.277307
 277.200000 0.226789 27.188477 30.277307
 277.400000 0.243450 27.881521 30.277307
 277.600000 0.250037 28.358247 30.277307
 277.800000 0.226265 27.150781 30.277307
 278.000000 0.219130 26.462003 30.277307
 278.200000 0.233234 27.863191 30.277307
 278.400000 0.248420 28.296373 30.277307
 278.600000 0.257094 29.075331 30.277307
 278.800000 0.235480 27.886091 30.277307
 279.000000 0.211453 26.000794 30.277307
 279.200000 0.227067 27.994923 30.277307
 279.400000 0.244317 28.108820 30.277307
 279.600000 0.243441 28.080679 30.277307
 279.800000 0.246248 28.191808 30.277307
 280.000000 0.251789 28.588046 30.336807
 280.200000 0.255212 29.380987 30.336807
 280.400000 0.269516 29.932330 30.336807
 280.600000 0.266588 29.978193 30.336807
 280.800000 0.248990 28.842945 30.336807
 281.000000 0.231007 28.243878 30.336807
 281.200000 0.235685 28.784559 30.336807
 281.400000 0.227775 28.634960 30.336807
 281.600000 0.226264 28.555994 30.336807
 281.800000 0.243817 28.862202 30.336807
 282.000000 0.250115 29.154132 30.336807
 282.200000 0.235031 29.070575 30.336807
 282.400000 0.223296 28.434161 30.336807
 282.600000 0.225018 28.592319 30.336807
 282.800000 0.210911 26.704066 30.336807
 283.000000 0.214696 27.304795 30.336807
 283.200000 0.240284 29.306679 30.336807
 283.400000 0.232367 29.259406 30.336807
 283.600000 0.220356 28.586634 30.336807
 283.800000 0.223419 28.884079 30.336807
 284.000000 0.243762 29.375725 30.336807
 284.200000 0.218458 28.471230 30.336807
 284.400000 0.207477 26.637077 30.336807
 284.600000 0.222197 28.943850 30.336807
 284.800000 0.224348 29.159699 30.336807
 285.000000 0.235777 29.689634 30.472473
 285.200000 0.242220 30.233341 30.472473
 285.400000 0.237483 30.181377 30.472473
 285.600000 0.245401 30.279486 30.472473
 285.800000 0.260969 30.605341 30.472473
 286.000000 0.258049 30.588177 30.472473
 286.200000 0.258567 31.042421 30.472473
 286.400000 0.235717 30.302201 30.472473
 286.600000 0.229528 30.007060 30.472473
 286.800000 0.210597 27.308658 30.472473
 287.000000 0.220025 28.969195 30.472473
 287.200000 0.219242 29.329396 30.472473
 287.400000 0.203611 26.242520 30.472473
 287.600000 0.217723 29.078054 30.472473
 287.800000 0.209523 27.481363 30.472473
 288.000000 0.209714 27.520982 30.472473
 288.200000 0.215694 29.188965 30.472473
 288.400000 0.235692 30.693918 30.472473
 288.600000 0.234425 30.692086 30.472473
 288.800000 0.242073 30.697462 30.472473
 289.000000 0.244232 30.718687 30.472473
 289.200000 0.240622 31.124128 30.472473
 289.400000 0.247324 31.212960 30.472473
 289.600000 0.241302 31.130575 30.472473
 289.800000 0.240845 31.126215 30.472473
 290.000000 0.237386 31.093212 30.675499
 290.200000 0.216483 29.568305 30.675499
 290.400000 0.212686 28.793765 30.675499
 290.600000 0.208320 27.832827 30.675499
 290.800000 0.222091 30.515291 30.675499
 291.000000 0.246410 31.562298 30.675499
 291.200000 0.213625 29.031494 30.675499
 291.400000 0.188940 23.469700 30.675499
 291.600000 0.204992 27.086024 30.675499
 291.800000 0.223851 30.886860 30.675499
 292.000000 0.229981 31.534925 30.675499
 292.200000 0.234066 32.191392 30.675499
 292.400000 0.232465 32.122452 30.675499
 292.600000 0.244702 32.250776 30.675499
 292.800000 0.252849 32.101377 30.675499
 293.000000 0.251326 32.138242 30.675499
 293.200000 0.261560 32.029615 30.675499
 293.400000 0.263972 31.802116 30.675499
 293.600000 0.238595 32.571818 30.675499
 293.800000 0.232300 32.300575 30.675499
 294.000000 0.256879 32.352659 30.675499
 294.200000 0.272506 30.924567 30.675499
 294.400000 0.272719 30.887919 30.675499
 294.600000 0.268059 31.639271 30.675499
 294.800000 0.264116 32.155794 30.675499
 295.000000 0.264967 32.054447 31.036038
 295.200000 0.287782 28.227629 31.036038
 295.400000 0.283959 28.978269 31.036038
 295.600000 0.305707 25.506832 31.036038
 295.800000 0.311810 24.786533 31.036038
 296.000000 0.277772 30.255822 31.036038
 296.200000 0.253764 33.336510 31.036038
 296.400000 0.258943 33.232652 31.036038
 296.600000 0.267067 32.548184 31.036038
 296.800000 0.263443 32.937042 31.036038
 297.000000 0.265502 32.732385 31.036038
 297.200000 0.270446 32.452508 31.036038
 297.400000 0.295720 27.144750 31.036038
 297.600000 0.271664 32.240789 31.036038
 297.800000 0.259135 33.596306 31.036038
 298.000000 0.271841 32.208798 31.036038
 298.200000 0.314874 24.463095 31.036038
 298.400000 0.294809 27.437820 31.036038
 298.600000 0.283076 30.104551 31.036038
 298.800000 0.282748 30.185624 31.036038
 299.000000 0.284162 29.836854 31.036038
 299.200000 0.287186 29.557330 31.036038
 299.400000 0.295202 27.714276 31.036038
 299.600000 0.301987 26.405288 31.036038
 299.800000 0.301679 26.459273 31.036038
 300.000000 0.310879 25.043407 31.309476
 300.200000 0.315558 24.977568 31.309476
 300.400000 0.290933 28.898344 31.309476
 300.600000 0.274920 32.435872 31.309476
 300.800000 0.284428 30.354960 31.309476
 301.000000 0.297827 27.570706 31.309476
 301.200000 0.298062 28.042227 31.309476
 301.400000 0.288948 29.757495 31.309476
 301.600000 0.282707 31.062087 31.309476
 301.800000 0.290215 29.502105 31.309476
 302.000000 0.297786 28.090357 31.309476
 302.200000 0.287543 30.442029 31.309476
 302.400000 0.286251 30.686773 31.309476
 302.600000 0.262078 33.998096 31.309476
 302.800000 0.268717 33.568074 31.309476
 303.000000 0.268103 33.628274 31.309476
 303.200000 0.276682 32.793624 31.309476
 303.400000 0.272263 33.518827 31.309476
 303.600000 0.286124 30.900647 31.309476
 303.800000 0.298406 28.533173 31.309476
 304.000000 0.300811 28.100487 31.309476
 304.200000 0.294174 29.765690 31.309476
 304.400000 0.279532 32.432851 31.309476
 304.600000 0.271854 33.653564 31.309476
 304.800000 0.258321 34.356388 31.309476
 305.000000 0.259010 34.371215 31.608962
 305.200000 0.293507 29.908011 31.608962
 305.400000 0.295859 29.490025 31.608962
 305.600000 0.282272 32.042634 31.608962
 305.800000 0.277988 32.876488 31.608962
 306.000000 0.283951 31.710028 31.608962
 306.200000 0.293874 30.184846 31.608962
 306.400000 0.287138 31.504244 31.608962
 306.600000 0.268819 34.560526 31.608962
 306.800000 0.259021 34.856421 31.608962
 307.000000 0.251878 34.416335 31.608962
 307.200000 0.288522 31.249380 31.608962
 307.400000 0.279602 33.043856 31.608962
 307.600000 0.274386 33.991048 31.608962
 307.800000 0.269256 34.711630 31.608962
 308.000000 0.258279 35.176150 31.608962
 308.200000 0.268159 35.121913 31.608962
 308.400000 0.286426 31.733403 31.608962
 308.600000 0.297316 29.533258 31.608962
 308.800000 0.290851 30.818617 31.608962
 309.000000 0.272219 34.562956 31.608962
 309.200000 0.264544 35.766768 31.608962
 309.400000 0.282412 32.883027 31.608962
 309.600000 0.283660 32.600089 31.608962
 309.800000 0.266400 35.646246 31.608962
 310.000000 0.270994 35.126024 32.227181
 310.200000 0.266654 35.976626 32.227181
 310.400000 0.279203 33.910518 32.227181
 310.600000 0.276668 34.467743 32.227181
 310.800000 0.289642 31.425030 32.227181
 311.000000 0.295483 30.102704 32.227181
 311.200000 0.287475 32.334174 32.227181
 311.400000 0.287739 32.275055 32.227181
 311.600000 0.270886 35.626319 32.227181
 311.800000 0.246523 34.728691 32.227181
 312.000000 0.210971 28.664751 32.227181
 312.200000 0.189282 23.715961 32.227181
 312.400000 0.221232 31.412783 32.227181
 312.600000 0.243187 34.322373 32.227181
 312.800000 0.254020 35.701373 32.227181
 313.000000 0.247665 34.909362 32.227181
 313.200000 0.240726 34.348505 32.227181
 313.400000 0.234985 33.606117 32.227181
 313.600000 0.237949 33.986515 32.227181
 313.800000 0.233717 33.442339 32.227181
 314.000000 0.230978 33.077149 32.227181
 314.200000 0.224776 32.504991 32.227181
 314.400000 0.213481 29.988301 32.227181
 314.600000 0.204845 27.703788 32.227181
 314.800000 0.201252 26.738140 32.227181
 315.000000 0.228486 33.117891 32.606681
 315.200000 0.235386 34.401717 32.606681
 315.400000 0.229687 33.695142 32.606681
 315.600000 0.222575 32.459305 32.606681
 315.800000 0.234033 34.249857 32.606681
 316.000000 0.252638 36.146056 32.606681
 316.200000 0.251245 36.371061 32.606681
 316.400000 0.233809 34.382671 32.606681
 316.600000 0.193739 24.790504 32.606681
 316.800000 0.215336 30.744217 32.606681
 317.000000 0.236598 34.729644 32.606681
 317.200000 0.259629 36.938207 32.606681
 317.400000 0.273986 35.392144 32.606681
 317.600000 0.280380 34.016441 32.606681
 317.800000 0.306567 28.079700 32.606681
 318.000000 0.301295 29.274254 32.606681
 318.200000 0.295995 30.900382 32.606681
 318.400000 0.290067 32.134487 32.606681
 318.600000 0.277319 34.834293 32.606681
 318.800000 0.261948 36.894406 32.606681
 319.000000 0.257634 36.935337 32.606681
 319.200000 0.255527 37.205035 32.606681
 319.400000 0.273018 35.854384 32.606681
 319.600000 0.291350 31.893265 32.606681
 319.800000 0.292064 31.742328 32.606681
 320.000000 0.258217 37.281354 33.284516
 320.200000 0.218331 31.714481 33.284516
 320.400000 0.201405 26.880598 33.284516
 320.600000 0.212671 30.127261 33.284516
 320.800000 0.213668 30.415505 33.284516
 321.000000 0.211690 29.842355 33.284516
 321.200000 0.201864 27.384045 33.284516
 321.400000 0.190267 24.122155 33.284516
 321.600000 0.206086 28.647986 33.284516
 321.800000 0.203044 27.737636 33.284516
 322.000000 0.223959 33.436498 33.284516
 322.200000 0.196441 25.853442 33.284516
 322.400000 0.201520 27.409437 33.284516
 322.600000 0.230329 34.938018 33.284516
 322.800000 0.236206 35.692553 33.284516
 323.000000 0.228613 34.676094 33.284516
 323.200000 0.204976 28.600016 33.284516
 323.400000 0.198777 26.610562 33.284516
 323.600000 0.206804 29.196636 33.284516
 323.800000 0.202836 27.905725 33.284516
 324.000000 0.205818 28.874616 33.284516
 324.200000 0.198921 27.090856 33.284516
 324.400000 0.207922 30.040572 33.284516
 324.600000 0.188524 23.999536 33.284516
 324.800000 0.184102 23.078281 33.284516
 325.000000 0.197292 26.560956 33.527419
 325.200000 0.185588 23.743324 33.527419
 325.400000 0.186701 23.995066 33.527419
 325.600000 0.199357 27.764536 33.527419
 325.800000 0.206335 29.973565 33.527419
 326.000000 0.211485 31.511494 33.527419
 326.200000 0.208169 30.951648 33.527419
 326.400000 0.184472 23.597539 33.527419
 326.600000 0.185377 23.791960 33.527419
 326.800000 0.218800 33.831395 33.527419
 327.000000 0.224699 34.951121 33.527419
 327.200000 0.219659 34.367651 33.527419
 327.400000 0.218736 34.157835 33.527419
 327.600000 0.216985 33.732623 33.527419
 327.800000 0.209594 31.606874 33.527419
 328.000000 0.201357 28.860149 33.527419
 328.200000 0.202010 29.570078 33.527419
 328.400000 0.215699 33.704435 33.527419
 328.600000 0.206497 31.062469 33.527419
 328.800000 0.229889 36.055610 33.527419
 329.000000 0.242914 36.937762 33.527419
 329.200000 0.251061 37.790455 33.527419
 329.400000 0.246574 37.519294 33.527419
 329.600000 0.257020 37.946557 33.527419
 329.800000 0.241179 37.159695 33.527419
 330.000000 0.249683 37.714498 34.045535
 330.200000 0.237674 37.160172 34.045535
 330.400000 0.236852 37.093040 34.045535
 330.600000 0.236930 37.099494 34.045535
 330.800000 0.240450 37.380832 34.045535
 331.000000 0.247571 37.907102 34.045535
 331.200000 0.230763 36.694318 34.045535
 331.400000 0.219767 34.822602 34.045535
 331.600000 0.226544 36.109685 34.045535
 331.800000 0.237409 37.395638 34.045535
 332.000000 0.214528 33.512503 34.045535
 332.200000 0.207614 31.804650 34.045535
 332.400000 0.201832 29.794649 34.045535
 332.600000 0.204860 30.871175 34.045535
 332.800000 0.203338 30.336398 34.045535
 333.000000 0.193259 26.627119 34.045535
 333.200000 0.201234 30.040188 34.045535
 333.400000 0.223538 35.995032 34.045535
 333.600000 0.214502 34.093968 34.045535
 333.800000 0.193588 27.280318 34.045535
 334.000000 0.190815 26.297924 34.045535
 334.200000 0.194945 28.293994 34.045535
 334.400000 0.203757 31.276502 34.045535
 334.600000 0.225693 36.357555 34.045535
 334.800000 0.226622 36.480243 34.045535
 335.000000 0.218662 35.168819 34.402854
 335.200000 0.218118 35.422133 34.402854
 335.400000 0.212097 33.982993 34.402854
 335.600000 0.222125 36.169775 34.402854
 335.800000 0.229462 37.096245 34.402854
 336.000000 0.206881 32.487931 34.402854
 336.200000 0.200979 30.944998 34.402854
 336.400000 0.206529 32.791290 34.402854
 336.600000 0.212120 34.376261 34.402854
 336.800000 0.226104 36.916275 34.402854
 337.000000 0.221250 36.281637 34.402854
 337.200000 0.205378 32.627998 34.402854
 337.400000 0.202917 31.783768 34.402854
 337.600000 0.209776 34.006277 34.402854
 337.800000 0.195716 29.073033 34.402854
 338.000000 0.213598 35.052413 34.402854
 338.200000 0.214677 35.685035 34.402854
 338.400000 0.201782 31.646291 34.402854
 338.600000 0.211019 34.724236 34.402854
 338.800000 0.205582 33.014305 34.402854
 339.000000 0.206151 33.207695 34.402854
 339.200000 0.213610 35.774833 34.402854
 339.400000 0.224166 37.514151 34.402854
 339.600000 0.211503 35.234533 34.402854
 339.800000 0.196517 29.900993 34.402854
 340.000000 0.196096 29.724953 34.723182
 340.200000 0.203253 32.998102 34.723182
 340.400000 0.204456 33.417313 34.723182
 340.600000 0.197227 30.661492 34.723182
 340.800000 0.216650 36.622292 34.723182
 341.000000 0.242723 38.255836 34.723182
 341.200000 0.239841 38.475170 34.723182
 341.400000 0.214442 36.244010 34.723182
 341.600000 0.191567 28.282520 34.723182
 341.800000 0.197252 30.674282 34.723182
 342.000000 0.192362 28.616628 34.723182
 342.200000 0.212218 35.928269 34.723182
 342.400000 0.239998 38.482626 34.723182
 342.600000 0.240419 38.496491 34.723182
 342.800000 0.226888 37.993063 34.723182
 343.000000 0.210174 35.434417 34.723182
 343.200000 0.204139 34.011541 34.723182
 343.400000 0.196034 30.872564 34.723182
 343.600000 0.200020 32.508930 34.723182
 343.800000 0.208538 35.361520 34.723182
 344.000000 0.206559 34.787560 34.723182
 344.200000 0.201038 33.247685 34.723182
 344.400000 0.186871 27.134227 34.723182
 344.600000 0.192961 29.790835 34.723182
 344.800000 0.217305 37.544256 34.723182
 345.000000 0.242446 38.620929 35.253844
 345.200000 0.245551 39.015615 35.253844
 345.400000 0.231570 38.681242 35.253844
 345.600000 0.230177 38.642084 35.253844
 345.800000 0.229126 38.608001 35.253844
 346.000000 0.216203 37.446556 35.253844
 346.200000 0.193074 29.942785 35.253844
 346.400000 0.199711 32.907148 35.253844
 346.600000 0.190325 28.682618 35.253844
 346.800000 0.198679 32.468650 35.253844
 347.000000 0.224753 38.680667 35.253844
 347.200000 0.239724 39.150350 35.253844
 347.400000 0.221441 38.748527 35.253844
 347.600000 0.225874 39.045496 35.253844
 347.800000 0.214456 37.710648 35.253844
 348.000000 0.230059 39.147115 35.253844
 348.200000 0.237166 39.423985 35.253844
 348.400000 0.232969 39.460637 35.253844
 348.600000 0.236744 39.428525 35.253844
 348.800000 0.211664 37.219104 35.253844
 349.000000 0.195762 31.244338 35.253844
 349.200000 0.178101 24.636744 35.253844
 349.400000 0.200693 33.854930 35.253844
 349.600000 0.178415 24.706080 35.253844
 349.800000 0.207860 36.426545 35.253844
 350.000000 0.204137 35.189449 35.798824
 350.200000 0.207977 36.815184 35.798824
 350.400000 0.221527 39.301808 35.798824
 350.600000 0.229992 39.565887 35.798824
 350.800000 0.217649 38.888964 35.798824
 351.000000 0.194142 31.214494 35.798824
 351.200000 0.200102 34.363655 35.798824
 351.400000 0.193854 31.510775 35.798824
 351.600000 0.204932 36.172086 35.798824
 351.800000 0.227544 39.592084 35.798824
 352.000000 0.216101 38.809451 35.798824
 352.200000 0.197258 33.260839 35.798824
 352.400000 0.193377 31.376905 35.798824
 352.600000 0.179699 25.406146 35.798824
 352.800000 0.212379 38.460077 35.798824
 353.000000 0.245314 39.418600 35.798824
 353.200000 0.266049 37.991462 35.798824
 353.400000 0.281988 34.134367 35.798824
 353.600000 0.286230 33.100195 35.798824
 353.800000 0.288317 32.616599 35.798824
 354.000000 0.299931 30.065815 35.798824
 354.200000 0.295188 31.540385 35.798824
 354.400000 0.283753 33.952137 35.798824
 354.600000 0.273943 36.292987 35.798824
 354.800000 0.276187 35.749370 35.798824
 355.000000 0.288052 33.012059 36.182392
 355.200000 0.283376 34.420764 36.182392
 355.400000 0.298209 31.222499 36.182392
 355.600000 0.288325 33.356623 36.182392
 355.800000 0.296204 31.675774 36.182392
 356.000000 0.297512 31.382223 36.182392
 356.200000 0.283625 34.647483 36.182392
 356.400000 0.273648 36.738289 36.182392
 356.600000 0.285419 34.287793 36.182392
 356.800000 0.288866 33.608691 36.182392
 357.000000 0.288355 33.709134 36.182392
 357.200000 0.280335 35.661721 36.182392
 357.400000 0.280406 35.647795 36.182392
 357.600000 0.292811 33.195067 36.182392
 357.800000 0.297544 32.130358 36.182392
 358.000000 0.274474 36.818047 36.182392
 358.200000 0.235634 39.889710 36.182392
 358.400000 0.195030 32.193121 36.182392
 358.600000 0.209713 37.857247 36.182392
 358.800000 0.202110 35.370544 36.182392
 359.000000 0.186426 27.980967 36.182392
 359.200000 0.184415 27.600554 36.182392
 359.400000 0.183005 27.025297 36.182392
 359.600000 0.194494 32.365203 36.182392
 359.800000 0.200860 35.178728 36.182392
 360.000000 0.205782 36.919781 36.414246
 360.200000 0.190836 30.793493 36.414246
 360.400000 0.191248 31.000948 36.414246
 360.600000 0.186668 28.744193 36.414246
 360.800000 0.191411 31.082664 36.414246
 361.000000 0.188709 29.731270 36.414246
 361.200000 0.187023 29.374851 36.414246
 361.400000 0.190158 30.915972 36.414246
 361.600000 0.205590 37.444202 36.414246
 361.800000 0.175879 25.269288 36.414246
 362.000000 0.186848 29.291237 36.414246
 362.200000 0.201046 36.208461 36.414246
 362.400000 0.217484 39.797108 36.414246
 362.600000 0.216839 39.735993 36.414246
 362.800000 0.220491 40.011609 36.414246
 363.000000 0.230094 40.086945 36.414246
 363.200000 0.231324 40.350475 36.414246
 363.400000 0.226339 40.424109 36.414246
 363.600000 0.212986 39.399902 36.414246
 363.800000 0.211199 39.076921 36.414246
 364.000000 0.223461 40.385005 36.414246
 364.200000 0.241432 40.187916 36.414246
 364.400000 0.249298 39.966258 36.414246
 364.600000 0.238217 40.311305 36.414246
 364.800000 0.241076 40.200552 36.414246
 365.000000 0.239510 40.259141 36.965780
 365.200000 0.224130 40.862631 36.965780
 365.400000 0.209374 38.921841 36.965780
 365.600000 0.199628 35.801749 36.965780
 365.800000 0.217532 40.374827 36.965780
 366.000000 0.234105 40.763829 36.965780
 366.200000 0.224147 41.091516 36.965780
 366.400000 0.219332 40.740571 36.965780
 366.600000 0.205509 37.923776 36.965780
 366.800000 0.190704 31.687039 36.965780
 367.000000 0.183476 28.234703 36.965780
 367.200000 0.200687 36.500515 36.965780
 367.400000 0.196255 34.707190 36.965780
 367.600000 0.188555 31.089290 36.965780
 367.800000 0.171649 25.263394 36.965780
 368.000000 0.172629 25.405636 36.965780
 368.200000 0.178098 27.225436 36.965780
 368.400000 0.180727 28.098046 36.965780
 368.600000 0.176281 26.722115 36.965780
 368.800000 0.206401 38.389860 36.965780
 369.000000 0.198542 35.795582 36.965780
 369.200000 0.183256 29.287372 36.965780
 369.400000 0.172679 26.057749 36.965780
 369.600000 0.199741 36.606570 36.965780
 369.800000 0.206871 38.820011 36.965780
 370.000000 0.203981 38.024191 37.320294
 370.200000 0.213938 40.513428 37.320294
 370.400000 0.202644 37.930785 37.320294
 370.600000 0.187588 31.414939 37.320294
 370.800000 0.193553 34.287943 37.320294
 371.000000 0.206226 38.971698 37.320294
 371.200000 0.224630 41.468168 37.320294
 371.400000 0.208629 39.852306 37.320294
 371.600000 0.191812 33.658568 37.320294
 371.800000 0.201707 37.914678 37.320294
 372.000000 0.210383 40.208455 37.320294
 372.200000 0.222382 41.650625 37.320294
 372.400000 0.226164 41.626425 37.320294
 372.600000 0.234675 41.214111 37.320294
 372.800000 0.242722 40.728782 37.320294
 373.000000 0.243144 40.705694 37.320294
 373.200000 0.236551 41.355007 37.320294
 373.400000 0.223441 41.779425 37.320294
 373.600000 0.227805 41.745317 37.320294
 373.800000 0.219845 41.661858 37.320294
 374.000000 0.208917 40.225410 37.320294
 374.200000 0.181098 28.684288 37.320294
 374.400000 0.191755 33.916843 37.320294
 374.600000 0.207850 40.273765 37.320294
 374.800000 0.201893 38.494408 37.320294
 375.000000 0.210687 40.873419 37.965690
 375.200000 0.231036 41.845526 37.965690
 375.400000 0.234007 41.648709 37.965690
 375.600000 0.237410 41.412367 37.965690
 375.800000 0.238617 41.330253 37.965690
 376.000000 0.242311 41.090754 37.965690
 376.200000 0.233926 41.894249 37.965690
 376.400000 0.227962 42.194360 37.965690
 376.600000 0.231001 42.058743 37.965690
 376.800000 0.215833 41.928222 37.965690
 377.000000 0.223141 42.285269 37.965690
 377.200000 0.225565 42.526014 37.965690
 377.400000 0.241982 41.512569 37.965690
 377.600000 0.257768 40.165451 37.965690
 377.800000 0.239705 41.678801 37.965690
 378.000000 0.244051 41.362684 37.965690
 378.200000 0.242876 41.724064 37.965690
 378.400000 0.242062 41.781518 37.965690
 378.600000 0.246364 41.469053 37.965690
 378.800000 0.234360 42.293899 37.965690
 379.000000 0.233699 42.333841 37.965690
 379.200000 0.223820 42.875920 37.965690
 379.400000 0.199648 37.951864 37.965690
 379.600000 0.199693 37.971352 37.965690
 379.800000 0.195490 36.010767 37.965690
 380.000000 0.195620 36.075139 38.687300
 380.200000 0.216401 42.543724 38.687300
 380.400000 0.242507 41.975548 38.687300
 380.600000 0.254639 40.830121 38.687300
 380.800000 0.264717 39.281459 38.687300
 381.000000 0.253534 40.959439 38.687300
 381.200000 0.240521 42.325041 38.687300
 381.400000 0.239937 42.363021 38.687300
 381.600000 0.233621 42.734065 38.687300
 381.800000 0.236111 42.597711 38.687300
 382.000000 0.252479 41.357589 38.687300
 382.200000 0.260900 40.433161 38.687300
 382.400000 0.273707 37.668272 38.687300
 382.600000 0.272430 37.967186 38.687300
 382.800000 0.267659 39.063393 38.687300
 383.000000 0.250874 41.794890 38.687300
 383.200000 0.258045 41.152359 38.687300
 383.400000 0.270319 38.577260 38.687300
 383.600000 0.286009 34.888857 38.687300
 383.800000 0.294637 32.953098 38.687300
 384.000000 0.270816 38.456646 38.687300
 384.200000 0.260790 40.923497 38.687300
 384.400000 0.263042 40.502306 38.687300
 384.600000 0.278868 36.784934 38.687300
 384.800000 0.291686 33.752701 38.687300
 385.000000 0.283210 35.736290 39.144217
 385.200000 0.298174 32.355939 39.144217
 385.400000 0.305837 30.065212 39.144217
 385.600000 0.307422 29.564100 39.144217
 385.800000 0.303550 30.775704 39.144217
 386.000000 0.298435 32.282920 39.144217
 386.200000 0.293246 34.056743 39.144217
 386.400000 0.288998 35.054610 39.144217
 386.600000 0.282567 36.482525 39.144217
 386.800000 0.266872 39.936060 39.144217
 387.000000 0.264836 40.337694 39.144217
 387.200000 0.260782 41.337691 39.144217
 387.400000 0.253610 42.213568 39.144217
 387.600000 0.260139 41.436580 39.144217
 387.800000 0.258643 41.650836 39.144217
 388.000000 0.259474 41.534506 39.144217
 388.200000 0.280419 37.230947 39.144217
 388.400000 0.298212 32.793737 39.144217
 388.600000 0.286511 35.766675 39.144217
 388.800000 0.282078 36.828342 39.144217
 389.000000 0.282670 36.685440 39.144217
 389.200000 0.275238 38.805421 39.144217
 389.400000 0.279172 37.867534 39.144217
 389.600000 0.299231 32.685882 39.144217
 389.800000 0.295707 33.718433 39.144217
 390.000000 0.294324 34.101527 39.390596
 390.200000 0.286375 36.462847 39.390596
 390.400000 0.284485 36.897549 39.390596
 390.600000 0.285434 36.680233 39.390596
 390.800000 0.290169 35.559230 39.390596
 391.000000 0.300223 32.734526 39.390596
 391.200000 0.270320 40.096748 39.390596
 391.400000 0.263602 41.341448 39.390596
 391.600000 0.267172 40.711771 39.390596
 391.800000 0.266473 40.841447 39.390596
 392.000000 0.276634 38.782405 39.390596
 392.200000 0.260654 41.965814 39.390596
 392.400000 0.266042 41.162225 39.390596
 392.600000 0.275051 39.425115 39.390596
 392.800000 0.265165 41.308005 39.390596
 393.000000 0.265870 41.191098 39.390596
 393.200000 0.249142 42.979761 39.390596
 393.400000 0.227212 43.161287 39.390596
 393.600000 0.217644 42.724695 39.390596
 393.800000 0.239704 43.083583 39.390596
 394.000000 0.254067 42.802435 39.390596
 394.200000 0.262495 42.212171 39.390596
 394.400000 0.273009 40.211531 39.390596
 394.600000 0.263399 42.074976 39.390596
 394.800000 0.268373 41.190237 39.390596
 395.000000 0.268812 41.102747 39.770753
 395.200000 0.277992 39.312618 39.770753
 395.400000 0.289891 36.354574 39.770753
 395.600000 0.289805 36.377214 39.770753
 395.800000 0.287841 36.885260 39.770753
 396.000000 0.293721 35.307597 39.770753
 396.200000 0.293602 35.704365 39.770753
 396.400000 0.267887 41.647150 39.770753
 396.600000 0.268173 41.594343 39.770753
 396.800000 0.289646 36.768902 39.770753
 397.000000 0.304772 31.946860 39.770753
 397.200000 0.315695 28.039953 39.770753
 397.400000 0.307263 31.397971 39.770753
 397.600000 0.267676 41.704711 39.770753
 397.800000 0.259967 42.817367 39.770753
 398.000000 0.273328 40.598806 39.770753
 398.200000 0.258505 43.134429 39.770753
 398.400000 0.253047 43.398201 39.770753
 398.600000 0.274412 40.658208 39.770753
 398.800000 0.279760 39.487186 39.770753
 399.000000 0.285796 38.108567 39.770753
 399.200000 0.296853 35.426040 39.770753
 399.400000 0.315359 28.220421 39.770753
 399.600000 0.312583 29.337708 39.770753
 399.800000 0.329566 23.079893 39.770753
 400.000000 0.334168 21.436896 39.910908
 400.200000 0.339716 19.974038 39.910908
 400.400000 0.367420 8.328857 39.910908
 400.600000 0.355859 13.129941 39.910908
 400.800000 0.361401 10.785643 39.910908
 401.000000 0.340017 19.852339 39.910908
 401.200000 0.321426 26.734691 39.910908
 401.400000 0.306457 32.043215 39.910908
 401.600000 0.281272 39.453627 39.910908
 401.800000 0.289075 37.642537 39.910908
 402.000000 0.289475 37.542021 39.910908
 402.200000 0.312486 29.847096 39.910908
 402.400000 0.342715 19.451785 39.910908
 402.600000 0.370207 7.360830 39.910908
 402.800000 0.359015 12.114265 39.910908
 403.000000 0.359473 11.908162 39.910908
 403.200000 0.370638 7.977829 39.910908
 403.400000 0.372764 7.121019 39.910908
 403.600000 0.371590 7.587633 39.910908
 403.800000 0.361750 11.909266 39.910908
 404.000000 0.365733 10.108516 39.910908
 404.200000 0.352612 16.710306 39.910908
 404.400000 0.343986 19.896230 39.910908
 404.600000 0.352338 16.815104 39.910908
 404.800000 0.369414 9.575173 39.910908
 405.000000 0.377121 6.397066 39.926406
 405.200000 0.371528 9.875635 39.926406
 405.400000 0.354917 16.252990 39.926406
 405.600000 0.356203 15.799348 39.926406
 405.800000 0.350933 17.633644 39.926406
 406.000000 0.358555 14.954200 39.926406
 406.200000 0.379703 7.137694 39.926406
 406.400000 0.381691 6.435358 39.926406
 406.600000 0.363376 13.991469 39.926406
 406.800000 0.354249 17.349129 39.926406
 407.000000 0.365249 13.216129 39.926406
 407.200000 0.376330 9.188656 39.926406
 407.400000 0.378455 8.265479 39.926406
 407.600000 0.384654 5.922520 39.926406
 407.800000 0.383242 6.401938 39.926406
 408.000000 0.370245 11.974337 39.926406
 408.200000 0.349724 19.773402 39.926406
 408.400000 0.334645 23.455836 39.926406
 408.600000 0.326613 25.465006 39.926406
 408.800000 0.352455 19.118168 39.926406
 409.000000 0.379316 8.760755 39.926406
 409.200000 0.411857 1.448960 39.926406
 409.400000 0.401260 3.004309 39.926406
 409.600000 0.396117 4.077658 39.926406
 409.800000 0.393136 4.836311 39.926406
 410.000000 0.378769 10.190398 39.904077
 410.200000 0.388248 7.258165 39.904077
 410.400000 0.412246 1.494926 39.904077
 410.600000 0.410676 1.702284 39.904077
 410.800000 0.419679 0.736503 39.904077
 411.000000 0.422743 0.521786 39.904077
 411.200000 0.406061 3.340176 39.904077
 411.400000 0.388200 7.394198 39.904077
 411.600000 0.393264 5.742594 39.904077
 411.800000 0.382395 9.726467 39.904077
 412.000000 0.358375 18.428459 39.904077
 412.200000 0.354734 19.908842 39.904077
 412.400000 0.346913 21.242549 39.904077
 412.600000 0.342336 22.090410 39.904077
 412.800000 0.337377 23.107841 39.904077
 413.000000 0.338321 22.908057 39.904077
 413.200000 0.323991 26.609630 39.904077
 413.400000 0.326767 25.977253 39.904077
 413.600000 0.333890 24.469891 39.904077
 413.800000 0.332158 24.832115 39.904077
 414.000000 0.343147 22.532437 39.904077
 414.200000 0.332048 25.342543 39.904077
 414.400000 0.325465 26.587573 39.904077
 414.600000 0.321802 27.379874 39.904077
 414.800000 0.322043 27.323929 39.904077
 415.000000 0.324034 26.883530 39.884542
 415.200000 0.356407 20.386473 39.884542
 415.400000 0.360939 19.143992 39.884542
 415.600000 0.361908 18.844580 39.884542
 415.800000 0.341181 23.848516 39.884542
 416.000000 0.321671 27.932390 39.884542
 416.200000 0.323550 28.015659 39.884542
 416.400000 0.329633 26.720436 39.884542
 416.600000 0.340046 24.339662 39.884542
 416.800000 0.333902 25.784346 39.884542
 417.000000 0.315699 29.946772 39.884542
 417.200000 0.321018 29.020578 39.884542
 417.400000 0.330097 26.911597 39.884542
 417.600000 0.331284 26.632833 39.884542
 417.800000 0.330185 26.891131 39.884542
 418.000000 0.320852 29.061129 39.884542
 418.200000 0.333290 26.493023 39.884542
 418.400000 0.334469 26.183008 39.884542
 418.600000 0.342273 24.067257 39.884542
 418.800000 0.361598 18.969676 39.884542
 419.000000 0.362191 18.779376 39.884542
 419.200000 0.348039 23.040661 39.884542
 419.400000 0.316514 30.647329 39.884542
 419.600000 0.314338 31.235821 39.884542
 419.800000 0.306701 33.488598 39.884542
 420.000000 0.311162 32.144107 39.881503
 420.200000 0.312585 32.145949 39.881503
 420.400000 0.311872 32.353558 39.881503
 420.600000 0.321815 29.649845 39.881503
 420.800000 0.326906 28.373515 39.881503
 421.000000 0.325032 28.841617 39.881503
 421.200000 0.309727 33.274688 39.881503
 421.400000 0.308377 33.650695 39.881503
 421.600000 0.326837 28.871527 39.881503
 421.800000 0.334015 26.966567 39.881503
 422.000000 0.332223 27.457912 39.881503
 422.200000 0.349948 23.010816 39.881503
 422.400000 0.357271 21.124965 39.881503
 422.600000 0.355453 21.611878 39.881503
 422.800000 0.349542 23.114685 39.881503
 423.000000 0.357035 21.189544 39.881503
 423.200000 0.362345 20.215778 39.881503
 423.400000 0.347365 24.234601 39.881503
 423.600000 0.342940 25.336317 39.881503
 423.800000 0.325454 29.758648 39.881503
 424.000000 0.350629 23.459580 39.881503
 424.200000 0.347784 24.738363 39.881503
 424.400000 0.341796 26.149798 39.881503
 424.600000 0.344689 25.461323 39.881503
 424.800000 0.353514 23.376232 39.881503
 425.000000 0.353662 23.339034 39.864582
 425.200000 0.383039 10.259666 39.864582
 425.400000 0.391304 6.605422 39.864582
 425.600000 0.375978 14.186950 39.864582
 425.800000 0.373630 15.537675 39.864582
 426.000000 0.396131 5.118900 39.864582
 426.200000 0.412125 3.629854 39.864582
 426.400000 0.412671 3.564283 39.864582
 426.600000 0.401197 5.348373 39.864582
 426.800000 0.402918 5.014477 39.864582
 427.000000 0.396867 6.324389 39.864582
 427.200000 0.384917 11.329308 39.864582
 427.400000 0.394788 8.180600 39.864582
 427.600000 0.371179 17.568001 39.864582
 427.800000 0.382410 12.333237 39.864582
 428.000000 0.407754 5.227631 39.864582
 428.200000 0.402628 7.602727 39.864582
 428.400000 0.394691 9.154298 39.864582
 428.600000 0.376563 15.126720 39.864582
 428.800000 0.398137 8.460161 39.864582
 429.000000 0.394935 9.103095 39.864582
 429.200000 0.374883 16.376539 39.864582
 429.400000 0.369812 18.555876 39.864582
 429.600000 0.377820 15.169894 39.864582
 429.800000 0.385944 12.397727 39.864582
 430.000000 0.383941 12.992142 39.842261
 430.200000 0.365410 20.829316 39.842261
 430.400000 0.378087 15.973221 39.842261
 430.600000 0.395216 10.950050 39.842261
 430.800000 0.407549 7.755922 39.842261
 431.000000 0.435819 1.595411 39.842261
 431.200000 0.403240 9.065587 39.842261
 431.400000 0.383066 14.249662 39.842261
 431.600000 0.378384 15.863843 39.842261
 431.800000 0.387477 12.940389 39.842261
 432.000000 0.388115 12.766170 39.842261
 432.200000 0.383722 14.991792 39.842261
 432.400000 0.399846 10.614096 39.842261
 432.600000 0.391662 12.812828 39.842261
 432.800000 0.380899 15.851846 39.842261
 433.000000 0.390035 13.243154 39.842261
 433.200000 0.389901 14.248934 39.842261
 433.400000 0.403317 10.294194 39.842261
 433.600000 0.407369 9.002410 39.842261
 433.800000 0.405949 9.451255 39.842261
 434.000000 0.405136 9.710680 39.842261
 434.200000 0.399974 12.426998 39.842261
 434.400000 0.402291 11.738397 39.842261
 434.600000 0.387030 15.550544 39.842261
 434.800000 0.391161 14.647375 39.842261
 435.000000 0.378950 17.462952 39.820877
 435.200000 0.382620 17.325252 39.820877
 435.400000 0.366722 21.619004 39.820877
 435.600000 0.387770 16.065606 39.820877
 435.800000 0.394898 14.234890 39.820877
 436.000000 0.376360 18.961806 39.820877
 436.200000 0.360362 23.581709 39.820877
 436.400000 0.363249 23.008591 39.820877
 436.600000 0.346760 25.805489 39.820877
 436.800000 0.350471 25.196715 39.820877
 437.000000 0.356070 24.321371 39.820877
 437.200000 0.339091 27.569245 39.820877
 437.400000 0.367920 22.373885 39.820877
 437.600000 0.385290 17.385743 39.820877
 437.800000 0.389625 16.165609 39.820877
 438.000000 0.371434 21.391900 39.820877
 438.200000 0.375667 20.802712 39.820877
 438.400000 0.377651 20.190330 39.820877
 438.600000 0.374199 21.249800 39.820877
 438.800000 0.389444 16.544823 39.820877
 439.000000 0.404239 11.519740 39.820877
 439.200000 0.412702 9.428859 39.820877
 439.400000 0.409872 10.470440 39.820877
 439.600000 0.393372 16.105832 39.820877
 439.800000 0.398803 14.453694 39.820877
 440.000000 0.414100 8.930190 39.800336
