#! FIELDS time d metad.bias metad.rct
 0.000000 0.171155 0.000000 0.000000
 0.200000 0.169245 0.000000 0.000000
 0.400000 0.137277 0.000000 0.000000
 0.600000 0.125785 0.000000 0.000000
 0.800000 0.145012 0.000000 0.000000
 1.000000 0.139573 0.000000 0.000000
 1.200000 0.149664 1.394928 0.000000
 1.400000 0.161711 0.586672 0.000000
 1.600000 0.186704 0.009204 0.000000
 1.800000 0.160478 0.660494 0.000000
 2.000000 0.140599 1.745896 0.000000
 2.200000 0.130722 2.772781 0.000000
 2.400000 0.114432 0.778170 0.000000
 2.600000 0.123106 1.775147 0.000000
 2.800000 0.115829 0.909405 0.000000
 3.000000 0.145500 3.153036 0.000000
 3.200000 0.178079 0.271101 0.000000
 3.400000 0.186646 0.053259 0.000000
 3.600000 0.168414 1.031823 0.000000
 3.800000 0.162809 1.843752 0.000000
 4.000000 0.200921 0.000000 0.000000
 4.200000 0.202161 1.744023 0.000000
 4.400000 0.176536 0.810229 0.000000
 4.600000 0.151230 3.969030 0.000000
 4.800000 0.164425 1.669275 0.000000
 5.000000 0.188194 1.256743 1.139963
 5.200000 0.190139 3.013264 1.139963
 5.400000 0.198571 3.030672 1.139963
 5.600000 0.191025 3.048871 1.139963
 5.800000 0.186036 2.766917 1.139963
 6.000000 0.180795 2.345292 1.139963
 6.200000 0.182011 4.016838 1.139963
 6.400000 0.196134 4.036380 1.139963
 6.600000 0.182880 4.078884 1.139963
 6.800000 0.174035 3.331484 1.139963
 7.000000 0.176446 3.538698 1.139963
 7.200000 0.185140 5.474231 1.139963
 7.400000 0.175880 4.982023 1.139963
 7.600000 0.175613 4.957298 1.139963
 7.800000 0.177801 5.149543 1.139963
 8.000000 0.188260 5.403246 1.139963
 8.200000 0.182574 6.712651 1.139963
 8.400000 0.178498 6.317032 1.139963
 8.600000 0.175320 5.877245 1.139963
 8.800000 0.191499 6.532416 1.139963
 9.000000 0.213984 2.081800 1.139963
 9.200000 0.210419 4.326156 1.139963
 9.400000 0.197975 6.418557 1.139963
 9.600000 0.182110 6.844536 1.139963
 9.800000 0.182866 6.913687 1.139963
 10.000000 0.192779 6.966735 3.207478
 10.200000 0.199489 7.366705 3.207478
 10.400000 0.205895 6.022164 3.207478
 10.600000 0.209161 5.262111 3.207478
 10.800000 0.223598 2.221535 3.207478
 11.000000 0.221056 2.676667 3.207478
 11.200000 0.212772 5.755873 3.207478
 11.400000 0.228078 2.924000 3.207478
 11.600000 0.220491 4.335873 3.207478
 11.800000 0.216811 5.020441 3.207478
 12.000000 0.218673 4.675586 3.207478
 12.200000 0.215089 6.717216 3.207478
 12.400000 0.229599 3.741936 3.207478
 12.600000 0.224439 4.914601 3.207478
 12.800000 0.212804 7.066170 3.207478
 13.000000 0.209265 7.544126 3.207478
 13.200000 0.198558 9.577791 3.207478
 13.400000 0.210662 8.608779 3.207478
 13.600000 0.230605 3.966288 3.207478
 13.800000 0.220834 6.606113 3.207478
 14.000000 0.225793 5.292461 3.207478
 14.200000 0.224477 7.030138 3.207478
 14.400000 0.233269 4.488057 3.207478
 14.600000 0.220492 7.989245 3.207478
 14.800000 0.229873 5.496861 3.207478
 15.000000 0.226266 6.543390 5.287254
 15.200000 0.241981 2.965491 5.287254
 15.400000 0.245299 2.149852 5.287254
 15.600000 0.249511 1.340885 5.287254
 15.800000 0.256002 0.558300 5.287254
 16.000000 0.250054 1.254878 5.287254
 16.200000 0.227067 8.131907 5.287254
 16.400000 0.230602 7.245946 5.287254
 16.600000 0.245617 3.663630 5.287254
 16.800000 0.238686 5.155785 5.287254
 17.000000 0.243404 4.096960 5.287254
 17.200000 0.241542 5.939564 5.287254
 17.400000 0.262311 2.037040 5.287254
 17.600000 0.232079 7.954246 5.287254
 17.800000 0.237564 6.783569 5.287254
 18.000000 0.242758 5.687728 5.287254
 18.200000 0.241110 7.379974 5.287254
 18.400000 0.254222 4.452194 5.287254
 18.600000 0.259034 3.328508 5.287254
 18.800000 0.254083 4.485347 5.287254
 19.000000 0.258369 3.479938 5.287254
 19.200000 0.249207 6.877150 5.287254
 19.400000 0.235746 8.870334 5.287254
 19.600000 0.232534 9.272963 5.287254
 19.800000 0.206588 10.416694 5.287254
 20.000000 0.212759 10.551441 6.695297
 20.200000 0.237886 8.858356 6.695297
 20.400000 0.237501 8.920991 6.695297
 20.600000 0.251840 6.415614 6.695297
 20.800000 0.255023 5.742536 6.695297
 21.000000 0.254062 5.950857 6.695297
 21.200000 0.248688 8.288632 6.695297
 21.400000 0.251216 7.859996 6.695297
 21.600000 0.246744 8.574680 6.695297
 21.800000 0.249246 8.199767 6.695297
 22.000000 0.244660 8.847226 6.695297
 22.200000 0.266442 4.490650 6.695297
 22.400000 0.252526 8.638446 6.695297
 22.600000 0.267137 4.275815 6.695297
 22.800000 0.282767 0.885348 6.695297
 23.000000 0.268951 3.732230 6.695297
 23.200000 0.270906 4.649985 6.695297
 23.400000 0.275648 3.376551 6.695297
 23.600000 0.269313 5.108773 6.695297
 23.800000 0.262526 7.092244 6.695297
 24.000000 0.254527 9.074707 6.695297
 24.200000 0.262373 8.153968 6.695297
 24.400000 0.265490 7.126610 6.695297
 24.600000 0.263618 7.751410 6.695297
 24.800000 0.261866 8.314100 6.695297
 25.000000 0.244649 11.365323 8.157343
 25.200000 0.241527 12.475800 8.157343
 25.400000 0.250251 11.917242 8.157343
 25.600000 0.276789 3.588565 8.157343
 25.800000 0.271178 5.421705 8.157343
 26.000000 0.285444 1.583313 8.157343
 26.200000 0.289211 2.608623 8.157343
 26.400000 0.286218 3.083385 8.157343
 26.600000 0.309854 0.466032 8.157343
 26.800000 0.308709 0.531354 8.157343
 27.000000 0.290040 2.485024 8.157343
 27.200000 0.271346 7.128461 8.157343
 27.400000 0.269582 7.546387 8.157343
 27.600000 0.266635 8.299630 8.157343
 27.800000 0.278352 5.761110 8.157343
 28.000000 0.280176 5.471234 8.157343
 28.200000 0.265455 9.462501 8.157343
 28.400000 0.289658 5.230315 8.157343
 28.600000 0.294747 4.186762 8.157343
 28.800000 0.276925 7.343915 8.157343
 29.000000 0.274821 7.680314 8.157343
 29.200000 0.276493 8.647156 8.157343
 29.400000 0.263635 10.799478 8.157343
 29.600000 0.272214 9.348973 8.157343
 29.800000 0.262935 10.919781 8.157343
 30.000000 0.271681 9.436308 8.811253
 30.200000 0.273764 10.234296 8.811253
 30.400000 0.295782 4.746279 8.811253
 30.600000 0.303322 2.723213 8.811253
 30.800000 0.288211 6.963961 8.811253
 31.000000 0.294722 5.057970 8.811253
 31.200000 0.282994 9.366775 8.811253
 31.400000 0.275047 10.596445 8.811253
 31.600000 0.280383 9.825964 8.811253
 31.800000 0.296474 5.932303 8.811253
 32.000000 0.320966 0.624119 8.811253
 32.200000 0.312166 3.239459 8.811253
 32.400000 0.295328 6.667659 8.811253
 32.600000 0.320111 2.401321 8.811253
 32.800000 0.317480 2.644853 8.811253
 33.000000 0.296601 6.346910 8.811253
 33.200000 0.284660 10.085353 8.811253
 33.400000 0.298591 7.160246 8.811253
 33.600000 0.316303 3.317586 8.811253
 33.800000 0.310619 4.302723 8.811253
 34.000000 0.306543 5.175337 8.811253
 34.200000 0.292042 9.618811 8.811253
 34.400000 0.295661 8.967432 8.811253
 34.600000 0.285517 10.479343 8.811253
 34.800000 0.279951 10.930801 8.811253
 35.000000 0.276856 11.121324 9.371833
 35.200000 0.265252 12.733920 9.371833
 35.400000 0.270532 12.493247 9.371833
 35.600000 0.303891 7.386679 9.371833
 35.800000 0.311296 5.567235 9.371833
 36.000000 0.330166 2.057901 9.371833
 36.200000 0.352655 0.706361 9.371833
 36.400000 0.366185 0.101290 9.371833
 36.600000 0.340798 2.076126 9.371833
 36.800000 0.314097 5.838315 9.371833
 37.000000 0.286885 11.206691 9.371833
 37.200000 0.284311 12.596219 9.371833
 37.400000 0.250506 13.282200 9.371833
 37.600000 0.240440 12.805311 9.371833
 37.800000 0.291220 11.494146 9.371833
 38.000000 0.321536 4.883355 9.371833
 38.200000 0.350953 1.055394 9.371833
 38.400000 0.364607 0.153147 9.371833
 38.600000 0.367460 0.090623 9.371833
 38.800000 0.349110 1.287591 9.371833
 39.000000 0.313479 7.371042 9.371833
 39.200000 0.305931 9.699834 9.371833
 39.400000 0.295860 11.361360 9.371833
 39.600000 0.322784 7.150984 9.371833
 39.800000 0.336150 4.046301 9.371833
 40.000000 0.349090 1.363327 9.780638
 40.200000 0.346665 3.376122 9.780638
 40.400000 0.346682 3.373495 9.780638
 40.600000 0.354982 2.200143 9.780638
 40.800000 0.340196 4.448388 9.780638
 41.000000 0.332856 5.789988 9.780638
 41.200000 0.335720 6.587699 9.780638
 41.400000 0.329592 7.703849 9.780638
 41.600000 0.362453 1.520903 9.780638
 41.800000 0.372301 0.566535 9.780638
 42.000000 0.377810 0.280491 9.780638
 42.200000 0.378210 1.992939 9.780638
 42.400000 0.377564 2.018241 9.780638
 42.600000 0.360400 2.677266 9.780638
 42.800000 0.370331 2.235203 9.780638
 43.000000 0.366483 2.354427 9.780638
 43.200000 0.369316 3.811415 9.780638
 43.400000 0.344023 5.466714 9.780638
 43.600000 0.338341 6.363635 9.780638
 43.800000 0.324069 8.471743 9.780638
 44.000000 0.322392 8.637623 9.780638
 44.200000 0.329392 8.880751 9.780638
 44.400000 0.339732 6.741182 9.780638
 44.600000 0.346430 5.471545 9.780638
 44.800000 0.353563 4.593049 9.780638
 45.000000 0.364520 4.018386 9.898905
 45.200000 0.335052 7.963997 9.898905
 45.400000 0.337849 7.444909 9.898905
 45.600000 0.347542 6.068758 9.898905
 45.800000 0.356543 5.641435 9.898905
 46.000000 0.349535 5.910341 9.898905
 46.200000 0.330398 9.400747 9.898905
 46.400000 0.315321 10.350018 9.898905
 46.600000 0.315463 10.347326 9.898905
 46.800000 0.304804 10.735069 9.898905
 47.000000 0.317964 10.291746 9.898905
 47.200000 0.308977 11.431026 9.898905
 47.400000 0.291269 12.472863 9.898905
 47.600000 0.293317 12.281143 9.898905
 47.800000 0.278881 13.136399 9.898905
 48.000000 0.273883 13.131746 9.898905
 48.200000 0.274924 14.111923 9.898905
 48.400000 0.277148 14.097677 9.898905
 48.600000 0.292281 12.837552 9.898905
 48.800000 0.304147 11.633065 9.898905
 49.000000 0.292622 12.792681 9.898905
 49.200000 0.306632 12.176085 9.898905
 49.400000 0.298252 13.022434 9.898905
 49.600000 0.300186 12.782415 9.898905
 49.800000 0.309523 12.010644 9.898905
 50.000000 0.305139 12.286173 11.067613
 50.200000 0.298760 13.882242 11.067613
 50.400000 0.299995 13.759774 11.067613
 50.600000 0.306538 13.190502 11.067613
 50.800000 0.314942 12.605724 11.067613
 51.000000 0.336492 9.254416 11.067613
 51.200000 0.345823 8.720292 11.067613
 51.400000 0.360119 6.988367 11.067613
 51.600000 0.365755 6.354497 11.067613
 51.800000 0.373968 5.130640 11.067613
 52.000000 0.366984 6.197433 11.067613
 52.200000 0.356534 8.401397 11.067613
 52.400000 0.341095 9.832163 11.067613
 52.600000 0.317285 12.922953 11.067613
 52.800000 0.304615 13.460066 11.067613
 53.000000 0.330790 11.538718 11.067613
 53.200000 0.331067 12.541015 11.067613
 53.400000 0.340818 10.710685 11.067613
 53.600000 0.345817 9.843201 11.067613
 53.800000 0.346237 9.779121 11.067613
 54.000000 0.335481 11.749142 11.067613
 54.200000 0.320943 14.198848 11.067613
 54.400000 0.326287 14.040477 11.067613
 54.600000 0.306098 13.789573 11.067613
 54.800000 0.316331 14.079362 11.067613
 55.000000 0.313481 13.957771 11.801125
 55.200000 0.309966 14.746545 11.801125
 55.400000 0.305558 14.611685 11.801125
 55.600000 0.300875 14.613054 11.801125
 55.800000 0.308887 14.704421 11.801125
 56.000000 0.319843 15.045129 11.801125
 56.200000 0.333211 14.194370 11.801125
 56.400000 0.334610 13.848578 11.801125
 56.600000 0.321841 15.890828 11.801125
 56.800000 0.325069 15.651833 11.801125
 57.000000 0.309900 15.462232 11.801125
 57.200000 0.300114 15.714377 11.801125
 57.400000 0.326250 15.998139 11.801125
 57.600000 0.338941 12.833402 11.801125
 57.800000 0.338892 12.847245 11.801125
 58.000000 0.350209 10.070933 11.801125
 58.200000 0.346316 11.961527 11.801125
 58.400000 0.339286 13.590951 11.801125
 58.600000 0.351761 10.907690 11.801125
 58.800000 0.355978 10.199735 11.801125
 59.000000 0.357521 9.951596 11.801125
 59.200000 0.349215 12.339208 11.801125
 59.400000 0.341639 13.661533 11.801125
 59.600000 0.336178 14.757381 11.801125
 59.800000 0.348594 12.437013 11.801125
 60.000000 0.356341 11.261075 12.833518
 60.200000 0.359603 11.763671 12.833518
 60.400000 0.347358 13.522256 12.833518
 60.600000 0.335960 15.221305 12.833518
 60.800000 0.323188 16.797888 12.833518
 61.000000 0.296176 15.593721 12.833518
 61.200000 0.290004 16.318120 12.833518
 61.400000 0.303467 16.668589 12.833518
 61.600000 0.323353 16.957104 12.833518
 61.800000 0.332363 15.842505 12.833518
 62.000000 0.329302 16.306302 12.833518
 62.200000 0.328766 17.226120 12.833518
 62.400000 0.332043 16.726067 12.833518
 62.600000 0.338439 15.533981 12.833518
 62.800000 0.314420 17.645371 12.833518
 63.000000 0.322793 17.766851 12.833518
 63.200000 0.327620 18.123617 12.833518
 63.400000 0.332933 17.202816 12.833518
 63.600000 0.347196 14.168872 12.833518
 63.800000 0.361998 11.381900 12.833518
 64.000000 0.361706 11.449450 12.833518
 64.200000 0.350985 14.306427 12.833518
 64.400000 0.336097 16.764026 12.833518
 64.600000 0.344821 15.182265 12.833518
 64.800000 0.327088 18.264045 12.833518
 65.000000 0.296753 16.732531 14.410612
 65.200000 0.294554 17.447275 14.410612
 65.400000 0.290168 17.177454 14.410612
 65.600000 0.298007 17.630163 14.410612
 65.800000 0.297470 17.601130 14.410612
 66.000000 0.295684 17.507030 14.410612
 66.200000 0.316564 19.143826 14.410612
 66.400000 0.312715 19.059133 14.410612
 66.600000 0.308297 18.873275 14.410612
 66.800000 0.302594 18.619806 14.410612
 67.000000 0.299268 18.479819 14.410612
 67.200000 0.313170 19.573990 14.410612
 67.400000 0.311231 19.561331 14.410612
 67.600000 0.296743 19.120299 14.410612
 67.800000 0.298377 19.206876 14.410612
 68.000000 0.282940 17.477525 14.410612
 68.200000 0.288558 19.114952 14.410612
 68.400000 0.333963 17.294620 14.410612
 68.600000 0.355144 13.722396 14.410612
 68.800000 0.375221 8.111294 14.410612
 69.000000 0.386008 4.101215 14.410612
 69.200000 0.388414 4.798862 14.410612
 69.400000 0.373200 9.901969 14.410612
 69.600000 0.359164 13.328226 14.410612
 69.800000 0.350868 14.413776 14.410612
 70.000000 0.342381 15.624834 15.709681
 70.200000 0.339848 16.949591 15.709681
 70.400000 0.370157 10.999644 15.709681
 70.600000 0.381417 7.132166 15.709681
 70.800000 0.403131 1.405624 15.709681
 71.000000 0.401144 1.721684 15.709681
 71.200000 0.374825 9.796245 15.709681
 71.400000 0.376085 9.412497 15.709681
 71.600000 0.388871 5.823959 15.709681
 71.800000 0.384964 6.819379 15.709681
 72.000000 0.380498 8.082287 15.709681
 72.200000 0.391276 6.208657 15.709681
 72.400000 0.406934 2.681271 15.709681
 72.600000 0.398799 4.333166 15.709681
 72.800000 0.395967 5.002185 15.709681
 73.000000 0.380007 9.447969 15.709681
 73.200000 0.368161 13.459259 15.709681
 73.400000 0.340243 16.940860 15.709681
 73.600000 0.318381 19.764901 15.709681
 73.800000 0.329618 18.775137 15.709681
 74.000000 0.341764 16.689199 15.709681
 74.200000 0.337448 18.228786 15.709681
 74.400000 0.352167 16.028780 15.709681
 74.600000 0.343273 17.280782 15.709681
 74.800000 0.357991 15.284113 15.709681
 75.000000 0.390613 7.284743 15.955564
 75.200000 0.362714 14.828623 15.955564
 75.400000 0.346518 16.804564 15.955564
 75.600000 0.321196 19.975709 15.955564
 75.800000 0.312457 19.925893 15.955564
 76.000000 0.309346 19.858184 15.955564
 76.200000 0.308988 20.573238 15.955564
 76.400000 0.310188 20.597287 15.955564
 76.600000 0.323612 20.342987 15.955564
 76.800000 0.318959 20.597148 15.955564
 77.000000 0.326038 20.114428 15.955564
 77.200000 0.319690 21.225462 15.955564
 77.400000 0.319372 21.230866 15.955564
 77.600000 0.325059 20.927459 15.955564
 77.800000 0.356889 15.616124 15.955564
 78.000000 0.348212 16.832732 15.955564
 78.200000 0.358491 16.065737 15.955564
 78.400000 0.354746 16.644377 15.955564
 78.600000 0.345044 18.187564 15.955564
 78.800000 0.321315 21.341848 15.955564
 79.000000 0.309318 20.990414 15.955564
 79.200000 0.309370 21.680251 15.955564
 79.400000 0.296996 20.780957 15.955564
 79.600000 0.291959 20.203159 15.955564
 79.800000 0.293866 20.446041 15.955564
 80.000000 0.284418 18.902714 17.635976
 80.200000 0.281073 18.908434 17.635976
 80.400000 0.305596 21.732256 17.635976
 80.600000 0.294938 21.157750 17.635976
 80.800000 0.282783 19.304141 17.635976
 81.000000 0.276805 17.845240 17.635976
 81.200000 0.283748 20.225292 17.635976
 81.400000 0.278845 19.144750 17.635976
 81.600000 0.264179 15.647518 17.635976
 81.800000 0.264372 15.683258 17.635976
 82.000000 0.256830 14.564193 17.635976
 82.200000 0.261789 16.103003 17.635976
 82.400000 0.273344 18.240305 17.635976
 82.600000 0.278463 19.373230 17.635976
 82.800000 0.279640 19.622755 17.635976
 83.000000 0.290053 21.240088 17.635976
 83.200000 0.299509 22.284851 17.635976
 83.400000 0.303252 22.270797 17.635976
 83.600000 0.303749 22.267496 17.635976
 83.800000 0.295697 22.237559 17.635976
 84.000000 0.292179 22.086863 17.635976
 84.200000 0.288328 22.368656 17.635976
 84.400000 0.293818 22.825004 17.635976
 84.600000 0.291056 22.658793 17.635976
 84.800000 0.290139 22.575715 17.635976
 85.000000 0.297617 22.884468 18.995380
 85.200000 0.280110 21.057179 18.995380
 85.400000 0.259493 15.967231 18.995380
 85.600000 0.249619 14.670531 18.995380
 85.800000 0.261743 16.327344 18.995380
 86.000000 0.239446 13.328481 18.995380
 86.200000 0.235452 13.821325 18.995380
 86.400000 0.257923 16.191405 18.995380
 86.600000 0.266845 17.527107 18.995380
 86.800000 0.274129 19.367075 18.995380
 87.000000 0.257618 16.160430 18.995380
 87.200000 0.258457 17.097834 18.995380
 87.400000 0.274664 19.965995 18.995380
 87.600000 0.268377 18.520633 18.995380
 87.800000 0.277595 20.717809 18.995380
 88.000000 0.276569 20.453820 18.995380
 88.200000 0.259179 17.532053 18.995380
 88.400000 0.274706 20.674922 18.995380
 88.600000 0.296139 23.837469 18.995380
 88.800000 0.303088 23.517914 18.995380
 89.000000 0.323728 21.981796 18.995380
 89.200000 0.317071 23.201549 18.995380
 89.400000 0.299747 23.895629 18.995380
 89.600000 0.299287 23.908692 18.995380
 89.800000 0.297042 23.951595 18.995380
 90.000000 0.304354 23.719711 20.033877
 90.200000 0.307362 24.192712 20.033877
 90.400000 0.318417 23.512447 20.033877
 90.600000 0.301465 24.434028 20.033877
 90.800000 0.275867 21.078125 20.033877
 91.000000 0.283886 23.104995 20.033877
 91.200000 0.296056 24.929124 20.033877
 91.400000 0.315156 23.835575 20.033877
 91.600000 0.323551 22.945586 20.033877
 91.800000 0.312657 24.018030 20.033877
 92.000000 0.294125 24.916934 20.033877
 92.200000 0.284440 24.313757 20.033877
 92.400000 0.315740 23.993287 20.033877
 92.600000 0.314021 24.159370 20.033877
 92.800000 0.321410 23.339208 20.033877
 93.000000 0.339468 19.695652 20.033877
 93.200000 0.347033 18.728266 20.033877
 93.400000 0.329841 22.471686 20.033877
 93.600000 0.341454 19.970128 20.033877
 93.800000 0.312780 24.423361 20.033877
 94.000000 0.302108 25.243656 20.033877
 94.200000 0.314594 24.689549 20.033877
 94.400000 0.328809 22.771424 20.033877
 94.600000 0.318693 24.264689 20.033877
 94.800000 0.302125 25.810893 20.033877
 95.000000 0.311124 25.021505 21.674886
 95.200000 0.313957 25.315412 21.674886
 95.400000 0.302569 26.266616 21.674886
 95.600000 0.304832 26.123900 21.674886
 95.800000 0.316075 25.086179 21.674886
 96.000000 0.317303 24.943045 21.674886
 96.200000 0.294074 26.464272 21.674886
 96.400000 0.271621 20.670277 21.674886
 96.600000 0.278266 22.869435 21.674886
 96.800000 0.274325 21.546766 21.674886
 97.000000 0.275878 22.067025 21.674886
 97.200000 0.277972 23.419698 21.674886
 97.400000 0.273516 21.926141 21.674886
 97.600000 0.296014 26.854627 21.674886
 97.800000 0.300389 26.839865 21.674886
 98.000000 0.296609 26.866826 21.674886
 98.200000 0.334909 21.970041 21.674886
 98.400000 0.328121 23.701606 21.674886
 98.600000 0.313632 26.211610 21.674886
 98.800000 0.280872 24.642710 21.674886
 99.000000 0.267612 20.148443 21.674886
 99.200000 0.272689 22.471137 21.674886
 99.400000 0.269677 21.493160 21.674886
 99.600000 0.278163 24.286589 21.674886
 99.800000 0.306119 27.006879 21.674886
 100.000000 0.333625 22.313089 22.915651
 100.200000 0.354075 17.582296 22.915651
 100.400000 0.346782 19.345105 22.915651
 100.600000 0.320162 25.731831 22.915651
 100.800000 0.315049 26.341231 22.915651
 101.000000 0.337161 21.992090 22.915651
 101.200000 0.356058 17.437095 22.915651
 101.400000 0.353585 18.053665 22.915651
 101.600000 0.334139 23.467443 22.915651
 101.800000 0.325238 25.378584 22.915651
 102.000000 0.324580 25.484372 22.915651
 102.200000 0.341625 21.662778 22.915651
 102.400000 0.361000 16.296483 22.915651
 102.600000 0.383624 10.708842 22.915651
 102.800000 0.400357 5.465568 22.915651
 103.000000 0.405620 3.952308 22.915651
 103.200000 0.386582 10.479430 22.915651
 103.400000 0.407224 4.992918 22.915651
 103.600000 0.414305 3.227084 22.915651
 103.800000 0.429685 0.731009 22.915651
 104.000000 0.435848 0.312780 22.915651
 104.200000 0.425058 2.582756 22.915651
 104.400000 0.424120 2.651184 22.915651
 104.600000 0.428199 2.392040 22.915651
 104.800000 0.441545 1.727761 22.915651
 105.000000 0.450950 1.054178 23.273964
 105.200000 0.454768 2.397556 23.273964
 105.400000 0.451816 2.657069 23.273964
 105.600000 0.418292 3.394177 23.273964
 105.800000 0.404393 5.948211 23.273964
 106.000000 0.422773 3.044241 23.273964
 106.200000 0.432421 4.210783 23.273964
 106.400000 0.429313 4.312135 23.273964
 106.600000 0.410588 5.678254 23.273964
 106.800000 0.404843 6.587136 23.273964
 107.000000 0.425655 4.442747 23.273964
 107.200000 0.438750 4.935068 23.273964
 107.400000 0.434276 5.363789 23.273964
 107.600000 0.430056 5.662894 23.273964
 107.800000 0.411954 6.444107 23.273964
 108.000000 0.421032 6.037160 23.273964
 108.200000 0.437991 5.720293 23.273964
 108.400000 0.445273 4.493684 23.273964
 108.600000 0.435091 6.155548 23.273964
 108.800000 0.438933 5.570022 23.273964
 109.000000 0.436717 5.917273 23.273964
 109.200000 0.427069 8.144472 23.273964
 109.400000 0.434474 7.571054 23.273964
 109.600000 0.435197 7.478051 23.273964
 109.800000 0.432800 7.761330 23.273964
 110.000000 0.411011 7.888575 23.228845
 110.200000 0.389992 10.468926 23.228845
 110.400000 0.398032 9.501526 23.228845
 110.600000 0.401207 9.284118 23.228845
 110.800000 0.394843 9.816782 23.228845
 111.000000 0.399306 9.402904 23.228845
 111.200000 0.384524 12.109098 23.228845
 111.400000 0.374900 13.618503 23.228845
 111.600000 0.399692 10.526889 23.228845
 111.800000 0.408114 10.079071 23.228845
 112.000000 0.398231 10.633315 23.228845
 112.200000 0.389809 12.369301 23.228845
 112.400000 0.411299 10.703060 23.228845
 112.600000 0.415214 10.387807 23.228845
 112.800000 0.395610 11.922171 23.228845
 113.000000 0.400035 11.585071 23.228845
 113.200000 0.405527 12.136541 23.228845
 113.400000 0.422906 10.019642 23.228845
 113.600000 0.415565 10.969297 23.228845
 113.800000 0.428471 9.197515 23.228845
 114.000000 0.441872 6.546395 23.228845
 114.200000 0.447626 6.400905 23.228845
 114.400000 0.436795 8.900063 23.228845
 114.600000 0.431463 9.719575 23.228845
 114.800000 0.429915 9.910795 23.228845
 115.000000 0.425010 10.417861 23.188100
 115.200000 0.434867 10.114487 23.188100
 115.400000 0.422374 11.735680 23.188100
 115.600000 0.422940 11.692893 23.188100
 115.800000 0.407300 12.585355 23.188100
 116.000000 0.383858 13.496388 23.188100
 116.200000 0.397191 13.682133 23.188100
 116.400000 0.390506 14.113871 23.188100
 116.600000 0.375403 14.963257 23.188100
 116.800000 0.377870 14.792951 23.188100
 117.000000 0.375966 14.922009 23.188100
 117.200000 0.384127 15.218315 23.188100
 117.400000 0.378992 15.605328 23.188100
 117.600000 0.396223 14.113041 23.188100
 117.800000 0.415084 12.312538 23.188100
 118.000000 0.420478 11.921910 23.188100
 118.200000 0.439631 9.484782 23.188100
 118.400000 0.462381 2.635092 23.188100
 118.600000 0.437398 10.114815 23.188100
 118.800000 0.415194 13.271333 23.188100
 119.000000 0.401567 14.010592 23.188100
 119.200000 0.393986 15.380906 23.188100
 119.400000 0.382096 15.814934 23.188100
 119.600000 0.399343 15.091123 23.188100
 119.800000 0.419262 13.503131 23.188100
 120.000000 0.404807 14.723326 23.162291
 120.200000 0.410771 15.102797 23.162291
 120.400000 0.410792 15.100632 23.162291
 120.600000 0.406746 15.480145 23.162291
 120.800000 0.382866 16.098932 23.162291
 121.000000 0.366970 16.670315 23.162291
 121.200000 0.370967 17.196571 23.162291
 121.400000 0.379997 16.690155 23.162291
 121.600000 0.401819 15.876122 23.162291
 121.800000 0.429769 12.214772 23.162291
 122.000000 0.444061 8.158880 23.162291
 122.200000 0.449909 7.339820 23.162291
 122.400000 0.443567 9.537771 23.162291
 122.600000 0.434820 11.981604 23.162291
 122.800000 0.430311 12.891854 23.162291
 123.000000 0.429951 12.955232 23.162291
 123.200000 0.423433 14.802419 23.162291
 123.400000 0.409548 15.711210 23.162291
 123.600000 0.405765 15.898239 23.162291
 123.800000 0.411735 15.596060 23.162291
 124.000000 0.426321 14.480934 23.162291
 124.200000 0.398544 16.342735 23.162291
 124.400000 0.392529 16.403045 23.162291
 124.600000 0.374112 16.992546 23.162291
 124.800000 0.381604 16.634858 23.162291
 125.000000 0.363955 17.775176 23.166777
 125.200000 0.351976 20.020631 23.166777
 125.400000 0.366044 18.367779 23.166777
 125.600000 0.369922 18.003847 23.166777
 125.800000 0.381187 17.059702 23.166777
 126.000000 0.387410 16.708235 23.166777
 126.200000 0.391035 17.381480 23.166777
 126.400000 0.376488 18.057285 23.166777
 126.600000 0.384725 17.657555 23.166777
 126.800000 0.393649 17.264262 23.166777
 127.000000 0.408774 16.521460 23.166777
 127.200000 0.398226 17.697997 23.166777
 127.400000 0.393839 17.765547 23.166777
 127.600000 0.385928 17.866151 23.166777
 127.800000 0.367579 18.586444 23.166777
 128.000000 0.360503 19.083273 23.166777
 128.200000 0.346125 21.623792 23.166777
 128.400000 0.347041 21.457712 23.166777
 128.600000 0.342620 22.329160 23.166777
 128.800000 0.333339 24.469424 23.166777
 129.000000 0.345153 21.808902 23.166777
 129.200000 0.366535 19.578916 23.166777
 129.400000 0.378715 18.465417 23.166777
 129.600000 0.371102 19.118311 23.166777
 129.800000 0.365915 19.643395 23.166777
 130.000000 0.369578 19.268771 23.313922
 130.200000 0.355434 21.301886 23.313922
 130.400000 0.346890 22.377860 23.313922
 130.600000 0.340541 23.534457 23.313922
 130.800000 0.321944 26.665905 23.313922
 131.000000 0.331865 25.274368 23.313922
 131.200000 0.349439 22.284358 23.313922
 131.400000 0.340912 23.933865 23.313922
 131.600000 0.350461 22.125772 23.313922
 131.800000 0.352554 21.826548 23.313922
 132.000000 0.334735 25.274775 23.313922
 132.200000 0.300504 27.763028 23.313922
 132.400000 0.319190 27.613138 23.313922
 132.600000 0.329622 26.766904 23.313922
 132.800000 0.334210 25.950355 23.313922
 133.000000 0.339756 24.722839 23.313922
 133.200000 0.340214 25.198362 23.313922
 133.400000 0.335397 26.260583 23.313922
 133.600000 0.305748 27.755239 23.313922
 133.800000 0.297718 27.746709 23.313922
 134.000000 0.287102 26.686189 23.313922
 134.200000 0.250939 17.136188 23.313922
 134.400000 0.245127 15.994855 23.313922
 134.600000 0.259551 18.904608 23.313922
 134.800000 0.255383 18.011581 23.313922
 135.000000 0.263282 19.827566 24.200306
 135.200000 0.270006 22.529205 24.200306
 135.400000 0.273489 23.664971 24.200306
 135.600000 0.282247 26.358789 24.200306
 135.800000 0.251433 17.761302 24.200306
 136.000000 0.247286 16.831061 24.200306
 136.200000 0.248872 18.011271 24.200306
 136.400000 0.256393 19.556741 24.200306
 136.600000 0.259702 20.229046 24.200306
 136.800000 0.278127 25.265421 24.200306
 137.000000 0.294461 28.171742 24.200306
 137.200000 0.297478 28.703079 24.200306
 137.400000 0.283747 27.161233 24.200306
 137.600000 0.250414 18.349239 24.200306
 137.800000 0.257332 19.766958 24.200306
 138.000000 0.259885 20.301410 24.200306
 138.200000 0.249604 18.734921 24.200306
 138.400000 0.244467 17.423309 24.200306
 138.600000 0.234016 14.814917 24.200306
 138.800000 0.232648 14.534493 24.200306
 139.000000 0.240415 16.352314 24.200306
 139.200000 0.246371 18.703132 24.200306
 139.400000 0.227744 14.296022 24.200306
 139.600000 0.226614 14.103594 24.200306
 139.800000 0.252897 20.099440 24.200306
 140.000000 0.259270 21.260385 24.619713
 140.200000 0.267224 23.491011 24.619713
 140.400000 0.249961 20.070321 24.619713
 140.600000 0.250615 20.221435 24.619713
 140.800000 0.243824 18.474929 24.619713
 141.000000 0.252407 20.616229 24.619713
 141.200000 0.238325 17.358865 24.619713
 141.400000 0.236431 16.780221 24.619713
 141.600000 0.226358 14.275156 24.619713
 141.800000 0.222532 13.623778 24.619713
 142.000000 0.230713 15.214201 24.619713
 142.200000 0.224379 14.732885 24.619713
 142.400000 0.221822 14.262744 24.619713
 142.600000 0.235240 17.277179 24.619713
 142.800000 0.226846 15.228441 24.619713
 143.000000 0.209865 12.390799 24.619713
 143.200000 0.223513 15.234531 24.619713
 143.400000 0.225300 15.505549 24.619713
 143.600000 0.226834 15.756545 24.619713
 143.800000 0.238071 18.238386 24.619713
 144.000000 0.252680 21.690641 24.619713
 144.200000 0.250787 22.000092 24.619713
 144.400000 0.232441 17.123528 24.619713
 144.600000 0.247539 21.280968 24.619713
 144.800000 0.238938 18.903351 24.619713
 145.000000 0.239984 19.207724 24.703419
 145.200000 0.224344 15.899928 24.703419
 145.400000 0.216230 14.505737 24.703419
 145.600000 0.234899 18.464150 24.703419
 145.800000 0.244165 21.118459 24.703419
 146.000000 0.248046 22.045587 24.703419
 146.200000 0.234735 18.858806 24.703419
 146.400000 0.238856 20.164365 24.703419
 146.600000 0.236534 19.426007 24.703419
 146.800000 0.231880 17.995295 24.703419
 147.000000 0.216213 14.570869 24.703419
 147.200000 0.228639 17.750917 24.703419
 147.400000 0.228043 17.619952 24.703419
 147.600000 0.203432 13.132487 24.703419
 147.800000 0.212129 14.779517 24.703419
 148.000000 0.231076 18.323173 24.703419
 148.200000 0.221738 17.047926 24.703419
 148.400000 0.207260 14.092924 24.703419
 148.600000 0.216880 16.090922 24.703419
 148.800000 0.233696 19.762624 24.703419
 149.000000 0.245699 22.766757 24.703419
 149.200000 0.257879 24.663083 24.703419
 149.400000 0.273934 25.946731 24.703419
 149.600000 0.253583 24.458362 24.703419
 149.800000 0.239111 21.775244 24.703419
 150.000000 0.259931 24.722009 24.881632
 150.200000 0.252046 24.840705 24.881632
 150.400000 0.253942 25.019893 24.881632
 150.600000 0.254356 25.051795 24.881632
 150.800000 0.268461 25.688012 24.881632
 151.000000 0.279544 27.242230 24.881632
 151.200000 0.257074 25.376017 24.881632
 151.400000 0.247440 24.191488 24.881632
 151.600000 0.258432 25.451345 24.881632
 151.800000 0.275394 27.045738 24.881632
 152.000000 0.266901 25.937685 24.881632
 152.200000 0.253170 25.425934 24.881632
 152.400000 0.223859 17.733837 24.881632
 152.600000 0.224469 17.877687 24.881632
 152.800000 0.210294 14.780936 24.881632
 153.000000 0.211178 14.973688 24.881632
 153.200000 0.221000 17.811943 24.881632
 153.400000 0.231682 20.142942 24.881632
 153.600000 0.244218 23.703561 24.881632
 153.800000 0.233681 20.684236 24.881632
 154.000000 0.227824 19.199903 24.881632
 154.200000 0.223349 18.972665 24.881632
 154.400000 0.208790 15.670329 24.881632
 154.600000 0.214258 17.012249 24.881632
 154.800000 0.209086 15.746126 24.881632
 155.000000 0.206287 15.018558 25.264717
 155.200000 0.210563 16.980664 25.264717
 155.400000 0.198978 13.899005 25.264717
 155.600000 0.218137 18.533882 25.264717
 155.800000 0.245623 24.451968 25.264717
 156.000000 0.247010 24.729178 25.264717
 156.200000 0.247701 25.438434 25.264717
 156.400000 0.240770 23.857339 25.264717
 156.600000 0.213643 17.711230 25.264717
 156.800000 0.192507 12.051612 25.264717
 157.000000 0.197854 13.581225 25.264717
 157.200000 0.211798 17.919249 25.264717
 157.400000 0.222562 19.702891 25.264717
 157.600000 0.228291 20.741673 25.264717
 157.800000 0.228153 20.713318 25.264717
 158.000000 0.228897 20.867651 25.264717
 158.200000 0.232590 22.383188 25.264717
 158.400000 0.223946 20.586551 25.264717
 158.600000 0.226631 21.096763 25.264717
 158.800000 0.218759 19.653215 25.264717
 159.000000 0.217437 19.410719 25.264717
 159.200000 0.197353 14.767967 25.264717
 159.400000 0.183294 10.016639 25.264717
 159.600000 0.184090 10.293933 25.264717
 159.800000 0.190022 12.332304 25.264717
 160.000000 0.184074 10.288167 25.357337
 160.200000 0.206333 17.903481 25.357337
 160.400000 0.205847 17.782283 25.357337
 160.600000 0.215451 19.885936 25.357337
 160.800000 0.217971 20.330041 25.357337
 161.000000 0.206115 17.849169 25.357337
 161.200000 0.209496 19.428819 25.357337
 161.400000 0.196482 15.911968 25.357337
 161.600000 0.191165 14.187630 25.357337
 161.800000 0.196909 16.044268 25.357337
 162.000000 0.199948 16.959334 25.357337
 162.200000 0.211048 20.377484 25.357337
 162.400000 0.218239 21.334789 25.357337
 162.600000 0.207471 19.693903 25.357337
 162.800000 0.230825 22.778740 25.357337
 163.000000 0.244646 25.396930 25.357337
 163.200000 0.233902 23.740601 25.357337
 163.400000 0.222555 21.953640 25.357337
 163.600000 0.216813 21.279350 25.357337
 163.800000 0.215954 21.168918 25.357337
 164.000000 0.226670 22.481305 25.357337
 164.200000 0.202952 18.811753 25.357337
 164.400000 0.197918 17.273035 25.357337
 164.600000 0.193256 15.679043 25.357337
 164.800000 0.192012 15.229463 25.357337
 165.000000 0.182958 11.682390 25.467046
 165.200000 0.183159 12.805053 25.467046
 165.400000 0.171414 7.926485 25.467046
 165.600000 0.176176 9.837952 25.467046
 165.800000 0.184143 13.206316 25.467046
 166.000000 0.196861 17.601038 25.467046
 166.200000 0.196001 18.145684 25.467046
 166.400000 0.177482 10.740145 25.467046
 166.600000 0.189561 15.969038 25.467046
 166.800000 0.183362 13.420888 25.467046
 167.000000 0.176106 10.114025 25.467046
 167.200000 0.185716 15.344759 25.467046
 167.400000 0.187071 15.849336 25.467046
 167.600000 0.188881 16.486092 25.467046
 167.800000 0.192694 17.691706 25.467046
 168.000000 0.205190 20.623892 25.467046
 168.200000 0.213964 22.511212 25.467046
 168.400000 0.213472 22.464539 25.467046
 168.600000 0.215983 22.684339 25.467046
 168.800000 0.206158 21.493280 25.467046
 169.000000 0.209795 22.045730 25.467046
 169.200000 0.210485 22.789209 25.467046
 169.400000 0.204576 21.825356 25.467046
 169.600000 0.202273 21.322477 25.467046
 169.800000 0.190813 17.853100 25.467046
 170.000000 0.190988 17.917597 25.490380
 170.200000 0.183723 15.654305 25.490380
 170.400000 0.195154 20.106256 25.490380
 170.600000 0.191436 18.867976 25.490380
 170.800000 0.190478 18.516199 25.490380
 171.000000 0.197755 20.851517 25.490380
 171.200000 0.173177 10.596752 25.490380
 171.400000 0.176592 12.367633 25.490380
 171.600000 0.179451 13.890057 25.490380
 171.800000 0.177453 12.825210 25.490380
 172.000000 0.187800 18.014590 25.490380
 172.200000 0.184895 17.443946 25.490380
 172.400000 0.198792 22.410406 25.490380
 172.600000 0.226905 24.034505 25.490380
 172.800000 0.228640 24.140372 25.490380
 173.000000 0.195307 21.526992 25.490380
 173.200000 0.176994 13.503180 25.490380
 173.400000 0.177464 13.779305 25.490380
 173.600000 0.174135 11.846771 25.490380
 173.800000 0.175602 12.690199 25.490380
 174.000000 0.187074 19.051434 25.490380
 174.200000 0.185042 18.789046 25.490380
 174.400000 0.185945 19.249989 25.490380
 174.600000 0.187315 19.914316 25.490380
 174.800000 0.177828 14.612469 25.490380
 175.000000 0.167065 8.593279 25.525583
 175.200000 0.168952 10.670986 25.525583
 175.400000 0.179815 16.653667 25.525583
 175.600000 0.175423 14.161109 25.525583
 175.800000 0.185977 19.804039 25.525583
 176.000000 0.198621 23.712082 25.525583
 176.200000 0.213877 24.769705 25.525583
 176.400000 0.222839 24.250035 25.525583
 176.600000 0.220909 24.328378 25.525583
 176.800000 0.224987 24.211422 25.525583
 177.000000 0.226755 24.225530 25.525583
 177.200000 0.221905 24.848027 25.525583
 177.400000 0.206796 25.239064 25.525583
 177.600000 0.204392 25.121045 25.525583
 177.800000 0.186322 20.408636 25.525583
 178.000000 0.177273 15.439878 25.525583
 178.200000 0.171278 12.787748 25.525583
 178.400000 0.167890 10.959941 25.525583
 178.600000 0.168325 11.182186 25.525583
 178.800000 0.159194 7.564425 25.525583
 179.000000 0.170908 12.578999 25.525583
 179.200000 0.173112 14.835303 25.525583
 179.400000 0.178514 17.928443 25.525583
 179.600000 0.179664 18.557002 25.525583
 179.800000 0.173577 15.103982 25.525583
 180.000000 0.167491 11.732866 25.620985
 180.200000 0.161009 9.842353 25.620985
 180.400000 0.162968 10.633673 25.620985
 180.600000 0.165963 12.005997 25.620985
 180.800000 0.171206 14.752443 25.620985
 181.000000 0.158399 8.930938 25.620985
 181.200000 0.160683 10.881371 25.620985
 181.400000 0.168836 14.394494 25.620985
 181.600000 0.178141 19.019899 25.620985
 181.800000 0.192327 24.069109 25.620985
 182.000000 0.181803 20.677001 25.620985
 182.200000 0.194054 24.913843 25.620985
 182.400000 0.176606 18.932964 25.620985
 182.600000 0.156295 9.642619 25.620985
 182.800000 0.176141 18.696563 25.620985
 183.000000 0.190340 24.192585 25.620985
 183.200000 0.212616 25.585761 25.620985
 183.400000 0.218738 25.120634 25.620985
 183.600000 0.207968 25.896445 25.620985
 183.800000 0.178861 20.487701 25.620985
 184.000000 0.154205 9.091213 25.620985
 184.200000 0.151805 9.648734 25.620985
 184.400000 0.159135 11.739797 25.620985
 184.600000 0.162411 12.944056 25.620985
 184.800000 0.174744 18.777231 25.620985
 185.000000 0.185097 23.355656 25.699838
 185.200000 0.164017 13.831985 25.699838
 185.400000 0.164070 13.855246 25.699838
 185.600000 0.170246 16.884307 25.699838
 185.800000 0.153176 10.053399 25.699838
 186.000000 0.168229 15.844016 25.699838
 186.200000 0.174310 19.831019 25.699838
 186.400000 0.160746 13.235868 25.699838
 186.600000 0.173318 19.325194 25.699838
 186.800000 0.163061 14.228887 25.699838
 187.000000 0.193502 26.178156 25.699838
 187.200000 0.188978 25.974893 25.699838
 187.400000 0.178884 22.376247 25.699838
 187.600000 0.176530 21.221702 25.699838
 187.800000 0.199755 26.991769 25.699838
 188.000000 0.216560 25.515729 25.699838
 188.200000 0.221629 25.606979 25.699838
 188.400000 0.215712 26.166177 25.699838
 188.600000 0.221846 25.590800 25.699838
 188.800000 0.210873 26.668539 25.699838
 189.000000 0.207786 26.946493 25.699838
 189.200000 0.210183 27.255281 25.699838
 189.400000 0.205552 27.629353 25.699838
 189.600000 0.212836 26.967857 25.699838
 189.800000 0.208881 27.379846 25.699838
 190.000000 0.221122 26.000856 26.018018
 190.200000 0.219648 26.704837 26.018018
 190.400000 0.207929 27.834779 26.018018
 190.600000 0.200129 27.960768 26.018018
 190.800000 0.186955 25.784123 26.018018
 191.000000 0.174442 20.197187 26.018018
 191.200000 0.162414 14.525920 26.018018
 191.400000 0.167577 17.157275 26.018018
 191.600000 0.151861 10.428950 26.018018
 191.800000 0.161673 14.178689 26.018018
 192.000000 0.173779 20.551401 26.018018
 192.200000 0.182989 25.528361 26.018018
 192.400000 0.183094 25.566601 26.018018
 192.600000 0.175353 22.090032 26.018018
 192.800000 0.169846 19.071239 26.018018
 193.000000 0.175910 22.378910 26.018018
 193.200000 0.167754 18.455863 26.018018
 193.400000 0.174009 22.017036 26.018018
 193.600000 0.183499 26.278395 26.018018
 193.800000 0.178627 24.348258 26.018018
 194.000000 0.168213 18.720958 26.018018
 194.200000 0.160704 15.273046 26.018018
 194.400000 0.177787 24.575325 26.018018
 194.600000 0.178386 24.841219 26.018018
 194.800000 0.153409 11.877718 26.018018
 195.000000 0.157525 13.687063 26.192898
 195.200000 0.165358 18.664375 26.192898
 195.400000 0.149949 11.390638 26.192898
 195.600000 0.160165 15.929545 26.192898
 195.800000 0.155065 13.511128 26.192898
 196.000000 0.160211 15.952779 26.192898
 196.200000 0.163621 18.566436 26.192898
 196.400000 0.166222 19.927626 26.192898
 196.600000 0.175780 24.580643 26.192898
 196.800000 0.148453 11.448937 26.192898
 197.000000 0.156457 14.973189 26.192898
 197.200000 0.175924 25.027213 26.192898
 197.400000 0.168355 21.692437 26.192898
 197.600000 0.162490 18.806652 26.192898
 197.800000 0.161653 18.392921 26.192898
 198.000000 0.153667 14.567490 26.192898
 198.200000 0.153496 15.403766 26.192898
 198.400000 0.150995 14.254810 26.192898
 198.600000 0.136259 7.587107 26.192898
 198.800000 0.143652 10.893482 26.192898
 199.000000 0.145062 11.536535 26.192898
 199.200000 0.144544 12.346276 26.192898
 199.400000 0.154098 16.553745 26.192898
 199.600000 0.157392 17.949497 26.192898
 199.800000 0.157729 18.092193 26.192898
 200.000000 0.161778 19.806048 26.262286
 200.200000 0.168781 23.394499 26.262286
 200.400000 0.191610 28.659108 26.262286
 200.600000 0.192896 28.702864 26.262286
 200.800000 0.199101 28.650166 26.262286
 201.000000 0.216574 27.085310 26.262286
 201.200000 0.210421 28.273037 26.262286
 201.400000 0.194181 28.897661 26.262286
 201.600000 0.205226 28.670558 26.262286
 201.800000 0.201302 28.858054 26.262286
 202.000000 0.194756 28.911931 26.262286
 202.200000 0.187090 28.810877 26.262286
 202.400000 0.192686 29.321920 26.262286
 202.600000 0.199726 29.359685 26.262286
 202.800000 0.201856 29.269520 26.262286
 203.000000 0.202740 29.220559 26.262286
 203.200000 0.211001 28.895739 26.262286
 203.400000 0.215122 28.309649 26.262286
 203.600000 0.219731 27.597900 26.262286
 203.800000 0.214446 28.411352 26.262286
 204.000000 0.198122 29.853700 26.262286
 204.200000 0.169789 24.024725 26.262286
 204.400000 0.163263 21.252606 26.262286
 204.600000 0.153111 16.760050 26.262286
 204.800000 0.148752 14.742261 26.262286
 205.000000 0.150210 15.426195 26.823974
 205.200000 0.171093 24.888425 26.823974
 205.400000 0.177454 27.098688 26.823974
 205.600000 0.180194 27.920471 26.823974
 205.800000 0.193769 30.220001 26.823974
 206.000000 0.192541 30.139039 26.823974
 206.200000 0.182858 28.987298 26.823974
 206.400000 0.175893 26.836720 26.823974
 206.600000 0.177736 27.468057 26.823974
 206.800000 0.174042 26.168309 26.823974
 207.000000 0.182017 28.765666 26.823974
 207.200000 0.210601 29.573679 26.823974
 207.400000 0.220515 27.727719 26.823974
 207.600000 0.208542 29.916866 26.823974
 207.800000 0.209038 29.837018 26.823974
 208.000000 0.196738 31.058363 26.823974
 208.200000 0.210902 29.801781 26.823974
 208.400000 0.225278 27.063385 26.823974
 208.600000 0.220383 27.877227 26.823974
 208.800000 0.213385 29.306874 26.823974
 209.000000 0.218333 28.283228 26.823974
 209.200000 0.233149 26.796095 26.823974
 209.400000 0.242734 27.038130 26.823974
 209.600000 0.223234 27.840260 26.823974
 209.800000 0.229492 27.004461 26.823974
 210.000000 0.229450 27.008185 27.584819
 210.200000 0.216378 29.537571 27.584819
 210.400000 0.239060 27.288305 27.584819
 210.600000 0.238488 27.276551 27.584819
 210.800000 0.237101 27.256852 27.584819
 211.000000 0.228941 27.580141 27.584819
 211.200000 0.239835 27.700133 27.584819
 211.400000 0.222469 28.913810 27.584819
 211.600000 0.229684 28.025126 27.584819
 211.800000 0.235643 27.718156 27.584819
 212.000000 0.236624 27.702974 27.584819
 212.200000 0.242375 28.197623 27.584819
 212.400000 0.242656 28.197087 27.584819
 212.600000 0.255971 27.646737 27.584819
 212.800000 0.262147 27.218406 27.584819
 213.000000 0.259889 27.352722 27.584819
 213.200000 0.242314 28.457709 27.584819
 213.400000 0.219282 29.694296 27.584819
 213.600000 0.232826 28.407673 27.584819
 213.800000 0.219655 29.641668 27.584819
 214.000000 0.208850 31.094143 27.584819
 214.200000 0.226270 29.049916 27.584819
 214.400000 0.230912 28.629637 27.584819
 214.600000 0.240542 28.468852 27.584819
 214.800000 0.238275 28.446748 27.584819
 215.000000 0.235452 28.456739 28.153112
 215.200000 0.240534 28.933845 28.153112
 215.400000 0.240981 28.934939 28.153112
 215.600000 0.244649 28.927247 28.153112
 215.800000 0.250754 28.730403 28.153112
 216.000000 0.269811 27.660015 28.153112
 216.200000 0.263982 28.196926 28.153112
 216.400000 0.229476 29.200726 28.153112
 216.600000 0.227008 29.394953 28.153112
 216.800000 0.232795 29.038755 28.153112
 217.000000 0.220312 30.173559 28.153112
 217.200000 0.215235 31.300034 28.153112
 217.400000 0.217492 31.009303 28.153112
 217.600000 0.211965 31.679324 28.153112
 217.800000 0.211729 31.704093 28.153112
 218.000000 0.228601 29.654301 28.153112
 218.200000 0.221028 30.944910 28.153112
 218.400000 0.227291 30.244285 28.153112
 218.600000 0.209343 32.136811 28.153112
 218.800000 0.210795 32.028683 28.153112
 219.000000 0.212818 31.854618 28.153112
 219.200000 0.215097 32.046881 28.153112
 219.400000 0.227388 30.498689 28.153112
 219.600000 0.224566 30.843748 28.153112
 219.800000 0.223380 30.997593 28.153112
 220.000000 0.221461 31.251773 28.926572
 220.200000 0.237958 29.936521 28.926572
 220.400000 0.236989 29.993834 28.926572
 220.600000 0.241653 29.749341 28.926572
 220.800000 0.240604 29.798599 28.926572
 221.000000 0.235280 30.108744 28.926572
 221.200000 0.221694 31.959167 28.926572
 221.400000 0.230074 31.014766 28.926572
 221.600000 0.227104 31.331124 28.926572
 221.800000 0.225770 31.483625 28.926572
 222.000000 0.223108 31.794734 28.926572
 222.200000 0.234792 30.915619 28.926572
 222.400000 0.241794 30.354236 28.926572
 222.600000 0.227002 31.753003 28.926572
 222.800000 0.250824 29.590137 28.926572
 223.000000 0.250438 29.628870 28.926572
 223.200000 0.249399 30.196690 28.926572
 223.400000 0.263836 28.642032 28.926572
 223.600000 0.280419 29.038043 28.926572
 223.800000 0.279048 28.921969 28.926572
 224.000000 0.279726 28.979272 28.926572
 224.200000 0.274681 29.047382 28.926572
 224.400000 0.264786 28.868099 28.926572
 224.600000 0.260741 29.139584 28.926572
 224.800000 0.263998 28.907273 28.926572
 225.000000 0.265012 28.858257 29.460267
 225.200000 0.283907 29.991820 29.460267
 225.400000 0.293032 29.895695 29.460267
 225.600000 0.273363 29.373056 29.460267
 225.800000 0.266556 29.289518 29.460267
 226.000000 0.266210 29.299113 29.460267
 226.200000 0.257489 30.280115 29.460267
 226.400000 0.254320 30.507354 29.460267
 226.600000 0.267218 29.748237 29.460267
 226.800000 0.285950 30.254808 29.460267
 227.000000 0.276970 29.945233 29.460267
 227.200000 0.296038 29.927437 29.460267
 227.400000 0.282041 30.607337 29.460267
 227.600000 0.262698 30.219960 29.460267
 227.800000 0.251594 30.788059 29.460267
 228.000000 0.246091 30.974913 29.460267
 228.200000 0.243338 31.468146 29.460267
 228.400000 0.248754 31.332441 29.460267
 228.600000 0.269130 30.263023 29.460267
 228.800000 0.260662 30.582759 29.460267
 229.000000 0.251197 31.220962 29.460267
 229.200000 0.263385 30.734532 29.460267
 229.400000 0.263860 30.703054 29.460267
 229.600000 0.238911 31.847678 29.460267
 229.800000 0.223311 32.517266 29.460267
 230.000000 0.236020 31.864996 29.986292
 230.200000 0.281460 30.677003 29.986292
 230.400000 0.306859 28.661587 29.986292
 230.600000 0.294790 30.076990 29.986292
 230.800000 0.301639 29.234817 29.986292
 231.000000 0.300517 29.374894 29.986292
 231.200000 0.297368 30.233326 29.986292
 231.400000 0.308141 28.966908 29.986292
 231.600000 0.317048 28.379727 29.986292
 231.800000 0.329445 27.368336 29.986292
 232.000000 0.335016 26.383927 29.986292
 232.200000 0.337389 26.403145 29.986292
 232.400000 0.343471 24.901828 29.986292
 232.600000 0.343762 24.828091 29.986292
 232.800000 0.345102 24.489484 29.986292
 233.000000 0.332120 27.470801 29.986292
 233.200000 0.336055 27.200504 29.986292
 233.400000 0.342723 25.492663 29.986292
 233.600000 0.330768 28.199547 29.986292
 233.800000 0.342158 25.646796 29.986292
 234.000000 0.344798 24.925896 29.986292
 234.200000 0.340341 26.687029 29.986292
 234.400000 0.340192 26.724930 29.986292
 234.600000 0.336390 27.616172 29.986292
 234.800000 0.329746 28.688830 29.986292
 235.000000 0.315798 29.049553 30.118165
 235.200000 0.285857 31.046264 30.118165
 235.400000 0.287607 31.049067 30.118165
 235.600000 0.283207 30.987603 30.118165
 235.800000 0.298956 30.374633 30.118165
 236.000000 0.312409 29.540175 30.118165
 236.200000 0.315837 29.986768 30.118165
 236.400000 0.288346 31.169693 30.118165
 236.600000 0.276261 30.714808 30.118165
 236.800000 0.285405 31.132714 30.118165
 237.000000 0.289384 31.163217 30.118165
 237.200000 0.306733 30.401397 30.118165
 237.400000 0.279227 31.209266 30.118165
 237.600000 0.250911 31.946065 30.118165
 237.800000 0.265252 30.834123 30.118165
 238.000000 0.271489 30.783304 30.118165
 238.200000 0.284565 31.826149 30.118165
 238.400000 0.289740 31.806597 30.118165
 238.600000 0.278992 31.585078 30.118165
 238.800000 0.274717 31.354654 30.118165
 239.000000 0.288683 31.834748 30.118165
 239.200000 0.316639 30.144773 30.118165
 239.400000 0.314365 30.205152 30.118165
 239.600000 0.282337 32.139191 30.118165
 239.800000 0.263361 31.419457 30.118165
 240.000000 0.260546 31.553078 30.531421
 240.200000 0.268620 31.729677 30.531421
 240.400000 0.265049 31.780296 30.531421
 240.600000 0.276162 31.977376 30.531421
 240.800000 0.290416 32.261489 30.531421
 241.000000 0.296622 31.740623 30.531421
 241.200000 0.277087 32.208721 30.531421
 241.400000 0.281865 32.531286 30.531421
 241.600000 0.290823 32.634451 30.531421
 241.800000 0.309120 30.753122 30.531421
 242.000000 0.292452 32.541871 30.531421
 242.200000 0.278892 32.608569 30.531421
 242.400000 0.273005 32.126796 30.531421
 242.600000 0.267189 31.896353 30.531421
 242.800000 0.273189 32.139409 30.531421
 243.000000 0.281247 32.804600 30.531421
 243.200000 0.283200 33.345128 30.531421
 243.400000 0.293707 33.144765 30.531421
 243.600000 0.324903 29.916603 30.531421
 243.800000 0.327762 29.600045 30.531421
 244.000000 0.330985 29.109724 30.531421
 244.200000 0.351164 24.064803 30.531421
 244.400000 0.362604 21.511411 30.531421
 244.600000 0.353994 23.329435 30.531421
 244.800000 0.372971 19.884558 30.531421
 245.000000 0.355674 22.926222 30.872004
 245.200000 0.354149 23.918229 30.872004
 245.400000 0.357189 23.210825 30.872004
 245.600000 0.346012 26.074009 30.872004
 245.800000 0.346775 25.858550 30.872004
 246.000000 0.337388 28.436318 30.872004
 246.200000 0.330926 30.208684 30.872004
 246.400000 0.320377 30.917851 30.872004
 246.600000 0.313851 31.030070 30.872004
 246.800000 0.300509 32.323269 30.872004
 247.000000 0.310799 31.175158 30.872004
 247.200000 0.328511 30.723377 30.872004
 247.400000 0.349563 25.458875 30.872004
 247.600000 0.363536 22.002974 30.872004
 247.800000 0.362570 22.204424 30.872004
 248.000000 0.354410 24.119454 30.872004
 248.200000 0.348143 26.424372 30.872004
 248.400000 0.354967 24.572265 30.872004
 248.600000 0.377972 19.643620 30.872004
 248.800000 0.387514 18.489958 30.872004
 249.000000 0.386291 18.598105 30.872004
 249.200000 0.383034 19.687240 30.872004
 249.400000 0.373134 21.002954 30.872004
 249.600000 0.374574 20.780399 30.872004
 249.800000 0.359464 23.602673 30.872004
 250.000000 0.363896 22.667757 30.983960
 250.200000 0.363418 23.401421 30.983960
 250.400000 0.361829 23.723356 30.983960
 250.600000 0.368696 22.360918 30.983960
 250.800000 0.361211 23.850161 30.983960
 251.000000 0.355077 25.166309 30.983960
 251.200000 0.348894 27.155766 30.983960
 251.400000 0.333071 30.489917 30.983960
 251.600000 0.332045 30.632374 30.983960
 251.800000 0.336029 30.007396 30.983960
 252.000000 0.350073 26.880998 30.983960
 252.200000 0.376989 21.167566 30.983960
 252.400000 0.378857 20.814715 30.983960
 252.600000 0.364397 24.009908 30.983960
 252.800000 0.365286 23.796104 30.983960
 253.000000 0.373239 21.944240 30.983960
 253.200000 0.347622 28.128872 30.983960
 253.400000 0.350838 27.446576 30.983960
 253.600000 0.367500 23.877559 30.983960
 253.800000 0.380300 21.148041 30.983960
 254.000000 0.391082 19.444583 30.983960
 254.200000 0.384973 20.998171 30.983960
 254.400000 0.362924 25.008772 30.983960
 254.600000 0.366386 24.313605 30.983960
 254.800000 0.386978 20.718228 30.983960
 255.000000 0.390737 20.224190 31.000811
 255.200000 0.386128 21.513323 31.000811
 255.400000 0.388319 21.239405 31.000811
 255.600000 0.388302 21.241532 31.000811
 255.800000 0.374405 23.138380 31.000811
 256.000000 0.356067 26.438165 31.000811
 256.200000 0.356039 26.982531 31.000811
 256.400000 0.361018 26.000568 31.000811
 256.600000 0.370676 24.085291 31.000811
 256.800000 0.375963 23.121452 31.000811
 257.000000 0.387532 21.396588 31.000811
 257.200000 0.390940 21.601858 31.000811
 257.400000 0.385202 22.376854 31.000811
 257.600000 0.378802 23.222544 31.000811
 257.800000 0.367862 24.919550 31.000811
 258.000000 0.366530 25.151674 31.000811
 258.200000 0.365669 25.873711 31.000811
 258.400000 0.361010 26.675785 31.000811
 258.600000 0.363436 26.261587 31.000811
 258.800000 0.370025 25.107005 31.000811
 259.000000 0.372598 24.658192 31.000811
 259.200000 0.375258 24.781541 31.000811
 259.400000 0.370653 25.575430 31.000811
 259.600000 0.357270 27.645382 31.000811
 259.800000 0.355229 27.933580 31.000811
 260.000000 0.362881 26.829763 31.030704
 260.200000 0.347953 29.301820 31.030704
 260.400000 0.341266 30.176662 31.030704
 260.600000 0.322099 31.484982 31.030704
 260.800000 0.305165 32.116158 31.030704
 261.000000 0.298000 32.971182 31.030704
 261.200000 0.308113 32.154036 31.030704
 261.400000 0.324292 31.561378 31.030704
 261.600000 0.361908 27.504186 31.030704
 261.800000 0.379088 24.411478 31.030704
 262.000000 0.381845 23.872667 31.030704
 262.200000 0.374112 25.908634 31.030704
 262.400000 0.386120 23.627419 31.030704
 262.600000 0.383166 24.217215 31.030704
 262.800000 0.397777 21.115919 31.030704
 263.000000 0.397009 21.288108 31.030704
 263.200000 0.405417 20.036268 31.030704
 263.400000 0.418830 17.418849 31.030704
 263.600000 0.419459 17.313090 31.030704
 263.800000 0.430822 15.063538 31.030704
 264.000000 0.408457 19.365041 31.030704
 264.200000 0.381015 25.158961 31.030704
 264.400000 0.379041 25.451162 31.030704
 264.600000 0.381991 25.013017 31.030704
 264.800000 0.387103 24.238836 31.030704
 265.000000 0.414736 18.804710 31.129986
 265.200000 0.415842 19.340469 31.129986
 265.400000 0.416838 19.139103 31.129986
 265.600000 0.405934 21.285130 31.129986
 265.800000 0.403471 21.749757 31.129986
 266.000000 0.411943 20.115420 31.129986
 266.200000 0.422745 18.429528 31.129986
 266.400000 0.414825 20.245538 31.129986
 266.600000 0.388022 24.447726 31.129986
 266.800000 0.390540 24.148898 31.129986
 267.000000 0.401657 22.647853 31.129986
 267.200000 0.394292 24.252875 31.129986
 267.400000 0.386888 24.974772 31.129986
 267.600000 0.379979 25.659325 31.129986
 267.800000 0.380202 25.635383 31.129986
 268.000000 0.373346 26.429098 31.129986
 268.200000 0.376593 26.565704 31.129986
 268.400000 0.376196 26.614988 31.129986
 268.600000 0.369680 27.412216 31.129986
 268.800000 0.372634 27.056203 31.129986
 269.000000 0.368925 27.499807 31.129986
 269.200000 0.362082 28.669895 31.129986
 269.400000 0.373125 27.489825 31.129986
 269.600000 0.379144 26.657914 31.129986
 269.800000 0.365411 28.383721 31.129986
 270.000000 0.356640 29.046527 31.164928
 270.200000 0.343510 30.430762 31.164928
 270.400000 0.341905 30.570449 31.164928
 270.600000 0.360363 29.263246 31.164928
 270.800000 0.357060 29.499099 31.164928
 271.000000 0.366539 28.658312 31.164928
 271.200000 0.380694 26.882944 31.164928
 271.400000 0.394026 24.726385 31.164928
 271.600000 0.388304 25.614069 31.164928
 271.800000 0.364550 29.364922 31.164928
 272.000000 0.368510 28.895740 31.164928
 272.200000 0.382856 26.812343 31.164928
 272.400000 0.362261 30.014733 31.164928
 272.600000 0.364060 29.875405 31.164928
 272.800000 0.368507 29.379339 31.164928
 273.000000 0.367662 29.490054 31.164928
 273.200000 0.377878 28.148920 31.164928
 273.400000 0.378649 27.986743 31.164928
 273.600000 0.375318 28.673762 31.164928
 273.800000 0.390972 25.495412 31.164928
 274.000000 0.370630 29.530965 31.164928
 274.200000 0.370512 30.019559 31.164928
 274.400000 0.368390 30.329317 31.164928
 274.600000 0.383178 27.356944 31.164928
 274.800000 0.401693 23.581303 31.164928
 275.000000 0.409568 21.923049 31.247537
 275.200000 0.408453 22.826878 31.247537
 275.400000 0.434356 15.021700 31.247537
 275.600000 0.416749 20.824161 31.247537
 275.800000 0.398443 24.721043 31.247537
 276.000000 0.377952 28.620699 31.247537
 276.200000 0.392147 26.094527 31.247537
 276.400000 0.401251 24.380162 31.247537
 276.600000 0.415052 21.290145 31.247537
 276.800000 0.426487 17.921665 31.247537
 277.000000 0.437399 13.760044 31.247537
 277.200000 0.460956 4.074252 31.247537
 277.400000 0.451912 7.847512 31.247537
 277.600000 0.452776 7.443890 31.247537
 277.800000 0.447647 9.907855 31.247537
 278.000000 0.452147 7.736946 31.247537
 278.200000 0.460218 5.409274 31.247537
 278.400000 0.437317 15.502558 31.247537
 278.600000 0.423893 19.603724 31.247537
 278.800000 0.426085 19.040698 31.247537
 279.000000 0.434540 16.499905 31.247537
 279.200000 0.461209 5.190296 31.247537
 279.400000 0.453216 8.863267 31.247537
 279.600000 0.455451 7.768815 31.247537
 279.800000 0.471595 1.928580 31.247537
 280.000000 0.461225 5.183999 31.246362
