#! FIELDS time d metad.bias metad.rct
 0.000000 0.110644 0.000000 0.000000
 0.200000 0.094769 0.000000 0.000000
 0.400000 0.100037 0.000000 0.000000
 0.600000 0.097355 0.000000 0.000000
 0.800000 0.080754 0.000000 0.000000
 1.000000 0.097862 0.000000 0.000000
 1.200000 0.096143 1.738510 0.000000
 1.400000 0.089977 1.523714 0.000000
 1.600000 0.091027 1.577090 0.000000
 1.800000 0.102286 1.675390 0.000000
 2.000000 0.090204 1.535740 0.000000
 2.200000 0.072353 1.212983 0.000000
 2.400000 0.073352 1.326068 0.000000
 2.600000 0.071316 1.100828 0.000000
 2.800000 0.081980 2.403374 0.000000
 3.000000 0.105985 2.449162 0.000000
 3.200000 0.121140 1.655346 0.000000
 3.400000 0.123573 1.322451 0.000000
 3.600000 0.117926 2.149283 0.000000
 3.800000 0.119989 1.825976 0.000000
 4.000000 0.134532 0.356611 0.000000
 4.200000 0.126345 2.478716 0.000000
 4.400000 0.111785 3.713930 0.000000
 4.600000 0.089730 4.031320 0.000000
 4.800000 0.098420 4.628144 0.000000
 5.000000 0.107604 4.150145 1.462157
 5.200000 0.094999 5.541551 1.462157
 5.400000 0.079469 2.662399 1.462157
 5.600000 0.075481 1.921099 1.462157
 5.800000 0.092057 5.140849 1.462157
 6.000000 0.095930 5.640851 1.462157
 6.200000 0.078729 3.221245 1.462157
 6.400000 0.063738 0.648461 1.462157
 6.600000 0.068800 1.234814 1.462157
 6.800000 0.070245 1.454907 1.462157
 7.000000 0.065832 0.857865 1.462157
 7.200000 0.063244 2.264778 1.462157
 7.400000 0.063548 2.296568 1.462157
 7.600000 0.079835 4.587864 1.462157
 7.800000 0.076913 4.064025 1.462157
 8.000000 0.085021 5.596618 1.462157
 8.200000 0.088548 7.588740 1.462157
 8.400000 0.089638 7.751036 1.462157
 8.600000 0.081207 6.168732 1.462157
 8.800000 0.082669 6.480432 1.462157
 9.000000 0.069562 3.781722 1.462157
 9.200000 0.069802 5.303786 1.462157
 9.400000 0.077452 6.644696 1.462157
 9.600000 0.061158 3.697773 1.462157
 9.800000 0.056264 2.786891 1.462157
 10.000000 0.072458 5.778385 3.817254
 10.200000 0.069609 6.597383 3.817254
 10.400000 0.057238 3.772110 3.817254
 10.600000 0.047155 1.664713 3.817254
 10.800000 0.069440 6.564011 3.817254
 11.000000 0.064809 5.572927 3.817254
 11.200000 0.077420 8.878038 3.817254
 11.400000 0.106284 7.533798 3.817254
 11.600000 0.119761 4.450342 3.817254
 11.800000 0.115317 5.412388 3.817254
 12.000000 0.127096 3.241970 3.817254
 12.200000 0.121098 5.591200 3.817254
 12.400000 0.097632 9.192000 3.817254
 12.600000 0.094850 9.364599 3.817254
 12.800000 0.085532 9.375567 3.817254
 13.000000 0.086020 9.392191 3.817254
 13.200000 0.103833 9.057676 3.817254
 13.400000 0.132113 4.097685 3.817254
 13.600000 0.130454 4.324409 3.817254
 13.800000 0.105939 8.642101 3.817254
 14.000000 0.089836 10.579098 3.817254
 14.200000 0.082989 11.377251 3.817254
 14.400000 0.087721 11.663454 3.817254
 14.600000 0.106776 9.046382 3.817254
 14.800000 0.096892 11.109617 3.817254
 15.000000 0.094781 11.372994 6.823403
 15.200000 0.082877 12.135496 6.823403
 15.400000 0.075099 10.653565 6.823403
 15.600000 0.099593 11.665010 6.823403
 15.800000 0.119393 6.373785 6.823403
 16.000000 0.134263 3.841183 6.823403
 16.200000 0.110396 9.157607 6.823403
 16.400000 0.097214 12.170380 6.823403
 16.600000 0.095910 12.346643 6.823403
 16.800000 0.113815 8.346444 6.823403
 17.000000 0.101084 11.461562 6.823403
 17.200000 0.120322 7.589592 6.823403
 17.400000 0.131069 5.900464 6.823403
 17.600000 0.120048 7.642642 6.823403
 17.800000 0.128687 6.248055 6.823403
 18.000000 0.117364 8.206559 6.823403
 18.200000 0.096729 13.716731 6.823403
 18.400000 0.081642 12.474132 6.823403
 18.600000 0.078313 11.724574 6.823403
 18.800000 0.085536 13.190240 6.823403
 19.000000 0.100909 13.213165 6.823403
 19.200000 0.097155 14.623798 6.823403
 19.400000 0.108170 12.533367 6.823403
 19.600000 0.110352 11.920879 6.823403
 19.800000 0.126182 7.867330 6.823403
 20.000000 0.118763 9.588488 9.255984
 20.200000 0.126205 8.871615 9.255984
 20.400000 0.136009 6.320990 9.255984
 20.600000 0.128701 8.247213 9.255984
 20.800000 0.140101 5.185787 9.255984
 21.000000 0.135381 6.492908 9.255984
 21.200000 0.127863 9.613752 9.255984
 21.400000 0.137501 7.206552 9.255984
 21.600000 0.156780 1.816611 9.255984
 21.800000 0.156526 1.866502 9.255984
 22.000000 0.156122 1.947995 9.255984
 22.200000 0.158479 3.088923 9.255984
 22.400000 0.138085 7.813282 9.255984
 22.600000 0.141883 6.905662 9.255984
 22.800000 0.148672 5.227852 9.255984
 23.000000 0.153484 4.111713 9.255984
 23.200000 0.143699 7.633995 9.255984
 23.400000 0.134359 9.280716 9.255984
 23.600000 0.124134 10.748286 9.255984
 23.800000 0.139335 8.453866 9.255984
 24.000000 0.136868 8.878306 9.255984
 24.200000 0.115234 12.676246 9.255984
 24.400000 0.103999 14.540902 9.255984
 24.600000 0.115419 12.647563 9.255984
 24.800000 0.108502 13.821988 9.255984
 25.000000 0.119926 12.027526 10.115953
 25.200000 0.120887 12.936606 10.115953
 25.400000 0.146701 8.183156 10.115953
 25.600000 0.142799 9.218023 10.115953
 25.800000 0.136627 10.646534 10.115953
 26.000000 0.118803 13.188646 10.115953
 26.200000 0.104244 15.705172 10.115953
 26.400000 0.115069 14.616601 10.115953
 26.600000 0.100697 15.838177 10.115953
 26.800000 0.099889 15.842349 10.115953
 27.000000 0.101111 15.832051 10.115953
 27.200000 0.085108 14.404360 10.115953
 27.400000 0.086363 14.741119 10.115953
 27.600000 0.098386 16.670979 10.115953
 27.800000 0.078158 12.329713 10.115953
 28.000000 0.067665 8.896905 10.115953
 28.200000 0.070962 11.150672 10.115953
 28.400000 0.103120 16.692510 10.115953
 28.600000 0.123436 13.847699 10.115953
 28.800000 0.088546 15.727433 10.115953
 29.000000 0.059369 7.064316 10.115953
 29.200000 0.065889 10.623973 10.115953
 29.400000 0.106457 16.401142 10.115953
 29.600000 0.130077 12.653097 10.115953
 29.800000 0.136661 11.167949 10.115953
 30.000000 0.131266 12.410224 11.917068
 30.200000 0.124895 14.523390 11.917068
 30.400000 0.135367 12.456902 11.917068
 30.600000 0.138702 11.529926 11.917068
 30.800000 0.126076 14.348002 11.917068
 31.000000 0.139485 11.296278 11.917068
 31.200000 0.143688 10.978174 11.917068
 31.400000 0.122986 15.362821 11.917068
 31.600000 0.103696 16.909653 11.917068
 31.800000 0.110485 16.423791 11.917068
 32.000000 0.104572 16.866093 11.917068
 32.200000 0.131096 14.528563 11.917068
 32.400000 0.159687 5.213852 11.917068
 32.600000 0.157933 5.796886 11.917068
 32.800000 0.135605 13.513579 11.917068
 33.000000 0.121706 15.903443 11.917068
 33.200000 0.127509 15.942827 11.917068
 33.400000 0.117494 17.217228 11.917068
 33.600000 0.113714 17.573268 11.917068
 33.800000 0.117857 17.180861 11.917068
 34.000000 0.122181 16.708631 11.917068
 34.200000 0.112254 18.365843 11.917068
 34.400000 0.119237 17.854538 11.917068
 34.600000 0.135463 14.676663 11.917068
 34.800000 0.172571 1.896947 11.917068
 35.000000 0.155975 6.602428 13.754750
 35.200000 0.154218 8.565712 13.754750
 35.400000 0.158468 6.986586 13.754750
 35.600000 0.155294 8.161001 13.754750
 35.800000 0.150649 9.921897 13.754750
 36.000000 0.146222 11.596569 13.754750
 36.200000 0.127716 17.389175 13.754750
 36.400000 0.125755 17.613992 13.754750
 36.600000 0.141380 14.329188 13.754750
 36.800000 0.125015 17.688227 13.754750
 37.000000 0.127978 17.355663 13.754750
 37.200000 0.127422 18.232973 13.754750
 37.400000 0.138350 15.878946 13.754750
 37.600000 0.155860 8.940459 13.754750
 37.800000 0.155347 9.160128 13.754750
 38.000000 0.149949 11.475950 13.754750
 38.200000 0.148485 13.138054 13.754750
 38.400000 0.159390 8.312162 13.754750
 38.600000 0.160087 7.999853 13.754750
 38.800000 0.158130 8.881272 13.754750
 39.000000 0.167734 4.807349 13.754750
 39.200000 0.172146 4.649177 13.754750
 39.400000 0.168490 5.937999 13.754750
 39.600000 0.141864 15.922370 13.754750
 39.800000 0.133635 17.839848 13.754750
 40.000000 0.139028 16.694028 14.916942
 40.200000 0.120582 19.304166 14.916942
 40.400000 0.127413 19.223612 14.916942
 40.600000 0.107614 19.013252 14.916942
 40.800000 0.103735 18.834059 14.916942
 41.000000 0.131836 18.862752 14.916942
 41.200000 0.118718 19.788796 14.916942
 41.400000 0.107047 19.184854 14.916942
 41.600000 0.102406 18.853800 14.916942
 41.800000 0.079832 14.445318 14.916942
 42.000000 0.085296 15.797413 14.916942
 42.200000 0.085279 16.659198 14.916942
 42.400000 0.095209 18.632798 14.916942
 42.600000 0.119294 19.881277 14.916942
 42.800000 0.125692 20.002036 14.916942
 43.000000 0.123053 19.990985 14.916942
 43.200000 0.119491 20.586842 14.916942
 43.400000 0.100528 19.419306 14.916942
 43.600000 0.117770 20.498235 14.916942
 43.800000 0.098663 19.224517 14.916942
 44.000000 0.107609 19.924398 14.916942
 44.200000 0.102522 20.271605 14.916942
 44.400000 0.139313 18.594660 14.916942
 44.600000 0.151479 13.686880 14.916942
 44.800000 0.155731 11.721637 14.916942
 45.000000 0.141248 17.942384 16.908188
 45.200000 0.118814 21.354197 16.908188
 45.400000 0.090630 18.305201 16.908188
 45.600000 0.091222 18.443808 16.908188
 45.800000 0.086023 17.127306 16.908188
 46.000000 0.120184 21.417614 16.908188
 46.200000 0.130185 21.804893 16.908188
 46.400000 0.131462 21.626495 16.908188
 46.600000 0.128289 22.000594 16.908188
 46.800000 0.127765 22.040876 16.908188
 47.000000 0.096344 19.668328 16.908188
 47.200000 0.074512 14.097962 16.908188
 47.400000 0.063450 10.208285 16.908188
 47.600000 0.067072 11.564244 16.908188
 47.800000 0.068775 12.170579 16.908188
 48.000000 0.084603 17.314410 16.908188
 48.200000 0.082897 17.583788 16.908188
 48.400000 0.052946 6.036697 16.908188
 48.600000 0.065527 11.356731 16.908188
 48.800000 0.080377 16.758944 16.908188
 49.000000 0.066432 11.718834 16.908188
 49.200000 0.063073 11.362629 16.908188
 49.400000 0.105000 21.894524 16.908188
 49.600000 0.111522 22.123404 16.908188
 49.800000 0.092678 20.523822 16.908188
 50.000000 0.075358 15.911266 18.148807
 50.200000 0.078282 17.657790 18.148807
 50.400000 0.092076 20.868575 18.148807
 50.600000 0.113698 22.218026 18.148807
 50.800000 0.074619 16.535847 18.148807
 51.000000 0.058251 9.634192 18.148807
 51.200000 0.059736 11.505647 18.148807
 51.400000 0.066191 14.365686 18.148807
 51.600000 0.067151 14.736977 18.148807
 51.800000 0.062312 12.718698 18.148807
 52.000000 0.050931 7.077499 18.148807
 52.200000 0.049692 7.751913 18.148807
 52.400000 0.081880 19.125536 18.148807
 52.600000 0.078067 18.316753 18.148807
 52.800000 0.071406 16.713175 18.148807
 53.000000 0.084031 19.562029 18.148807
 53.200000 0.086292 20.725634 18.148807
 53.400000 0.062257 13.907450 18.148807
 53.600000 0.043776 5.100506 18.148807
 53.800000 0.048467 7.208799 18.148807
 54.000000 0.048334 7.145071 18.148807
 54.200000 0.052892 10.617920 18.148807
 54.400000 0.051486 9.939749 18.148807
 54.600000 0.049565 9.010137 18.148807
 54.800000 0.053898 11.099015 18.148807
 55.000000 0.033199 2.560777 18.451405
 55.200000 0.054273 11.857146 18.451405
 55.400000 0.060147 14.207407 18.451405
 55.600000 0.047434 8.983799 18.451405
 55.800000 0.037538 5.365429 18.451405
 56.000000 0.041170 6.575638 18.451405
 56.200000 0.053725 12.545993 18.451405
 56.400000 0.049628 11.009692 18.451405
 56.600000 0.048495 10.580762 18.451405
 56.800000 0.056553 13.571255 18.451405
 57.000000 0.048151 10.450737 18.451405
 57.200000 0.061883 16.062680 18.451405
 57.400000 0.079518 19.653860 18.451405
 57.600000 0.061501 15.961527 18.451405
 57.800000 0.058316 15.056599 18.451405
 58.000000 0.061519 15.966241 18.451405
 58.200000 0.056722 15.380177 18.451405
 58.400000 0.075713 19.517354 18.451405
 58.600000 0.089901 21.515052 18.451405
 58.800000 0.074813 19.384405 18.451405
 59.000000 0.063942 17.429914 18.451405
 59.200000 0.078324 20.405757 18.451405
 59.400000 0.076520 20.201618 18.451405
 59.600000 0.078650 20.442485 18.451405
 59.800000 0.072241 19.685097 18.451405
 60.000000 0.093223 21.981846 19.021812
 60.200000 0.106082 22.776852 19.021812
 60.400000 0.105999 22.779338 19.021812
 60.600000 0.098726 22.879186 19.021812
 60.800000 0.074194 20.222626 19.021812
 61.000000 0.078890 20.885572 19.021812
 61.200000 0.102704 23.056583 19.021812
 61.400000 0.111818 22.675677 19.021812
 61.600000 0.118969 22.549802 19.021812
 61.800000 0.125498 22.362997 19.021812
 62.000000 0.113086 22.640617 19.021812
 62.200000 0.100266 23.579450 19.021812
 62.400000 0.099818 23.578734 19.021812
 62.600000 0.102456 23.562524 19.021812
 62.800000 0.102053 23.568035 19.021812
 63.000000 0.120367 23.099483 19.021812
 63.200000 0.100394 23.836412 19.021812
 63.400000 0.092542 23.401829 19.021812
 63.600000 0.092648 23.411362 19.021812
 63.800000 0.072470 20.613966 19.021812
 64.000000 0.075884 21.176090 19.021812
 64.200000 0.089447 23.533666 19.021812
 64.400000 0.123309 23.586764 19.021812
 64.600000 0.144901 17.719763 19.021812
 64.800000 0.137650 20.715964 19.021812
 65.000000 0.124430 23.503897 20.560215
 65.200000 0.122817 24.228500 20.560215
 65.400000 0.106449 24.260365 20.560215
 65.600000 0.096647 24.068434 20.560215
 65.800000 0.086633 23.283615 20.560215
 66.000000 0.096850 24.076952 20.560215
 66.200000 0.105372 24.760179 20.560215
 66.400000 0.085263 23.572156 20.560215
 66.600000 0.079516 22.701378 20.560215
 66.800000 0.090757 24.242228 20.560215
 67.000000 0.080650 22.882840 20.560215
 67.200000 0.093717 24.929691 20.560215
 67.400000 0.090051 24.687705 20.560215
 67.600000 0.087298 24.416849 20.560215
 67.800000 0.091377 24.791445 20.560215
 68.000000 0.106541 24.888342 20.560215
 68.200000 0.104572 25.516130 20.560215
 68.400000 0.089733 24.967930 20.560215
 68.600000 0.091242 25.124602 20.560215
 68.800000 0.089908 24.987261 20.560215
 69.000000 0.090161 25.014633 20.560215
 69.200000 0.098605 26.033843 20.560215
 69.400000 0.102406 25.963848 20.560215
 69.600000 0.104567 25.877927 20.560215
 69.800000 0.108802 25.659666 20.560215
 70.000000 0.112467 25.455655 22.298438
 70.200000 0.127382 24.458319 22.298438
 70.400000 0.145475 17.749493 22.298438
 70.600000 0.153823 13.382741 22.298438
 70.800000 0.158503 10.944653 22.298438
 71.000000 0.163248 8.602052 22.298438
 71.200000 0.157785 12.428924 22.298438
 71.400000 0.164232 9.330167 22.298438
 71.600000 0.176299 4.283715 22.298438
 71.800000 0.153674 14.434419 22.298438
 72.000000 0.146588 17.825926 22.298438
 72.200000 0.139371 21.671630 22.298438
 72.400000 0.155864 14.019512 22.298438
 72.600000 0.158852 12.474808 22.298438
 72.800000 0.160744 11.498876 22.298438
 73.000000 0.146246 18.775243 22.298438
 73.200000 0.146147 19.579071 22.298438
 73.400000 0.150401 17.514481 22.298438
 73.600000 0.147360 19.011060 22.298438
 73.800000 0.088933 25.611855 22.298438
 74.000000 0.066112 20.505307 22.298438
 74.200000 0.049243 13.772832 22.298438
 74.400000 0.095572 26.380288 22.298438
 74.600000 0.087651 25.674517 22.298438
 74.800000 0.082000 24.837999 22.298438
 75.000000 0.082806 24.969786 22.876343
 75.200000 0.079568 24.981699 22.876343
 75.400000 0.058472 18.426584 22.876343
 75.600000 0.054118 16.321623 22.876343
 75.800000 0.051174 14.819714 22.876343
 76.000000 0.081269 25.288060 22.876343
 76.200000 0.085236 26.458764 22.876343
 76.400000 0.088644 26.833367 22.876343
 76.600000 0.084317 26.334557 22.876343
 76.800000 0.095828 27.140173 22.876343
 77.000000 0.097455 27.122728 22.876343
 77.200000 0.108002 26.973256 22.876343
 77.400000 0.105888 27.151511 22.876343
 77.600000 0.104714 27.246331 22.876343
 77.800000 0.106544 27.096924 22.876343
 78.000000 0.091189 27.496867 22.876343
 78.200000 0.085844 27.405291 22.876343
 78.400000 0.077218 25.607303 22.876343
 78.600000 0.086749 27.539274 22.876343
 78.800000 0.095679 28.151006 22.876343
 79.000000 0.098230 28.087214 22.876343
 79.200000 0.081059 26.774704 22.876343
 79.400000 0.112126 27.148932 22.876343
 79.600000 0.124979 25.739267 22.876343
 79.800000 0.132168 24.486430 22.876343
 80.000000 0.145545 19.858545 24.297411
 80.200000 0.138928 23.188293 24.297411
 80.400000 0.125510 25.964184 24.297411
 80.600000 0.129185 25.492684 24.297411
 80.800000 0.126070 25.902058 24.297411
 81.000000 0.109682 27.484440 24.297411
 81.200000 0.115542 27.338085 24.297411
 81.400000 0.113187 27.595840 24.297411
 81.600000 0.110083 27.951977 24.297411
 81.800000 0.118599 27.019809 24.297411
 82.000000 0.127306 26.011053 24.297411
 82.200000 0.110611 28.185629 24.297411
 82.400000 0.102534 28.883616 24.297411
 82.600000 0.116366 27.671673 24.297411
 82.800000 0.111848 28.070002 24.297411
 83.000000 0.115777 27.721656 24.297411
 83.200000 0.109623 28.747270 24.297411
 83.400000 0.102075 29.247540 24.297411
 83.600000 0.106698 28.976781 24.297411
 83.800000 0.109633 28.746416 24.297411
 84.000000 0.099321 29.315359 24.297411
 84.200000 0.114070 28.667167 24.297411
 84.400000 0.094724 29.642476 24.297411
 84.600000 0.114700 28.601814 24.297411
 84.800000 0.117426 28.316611 24.297411
 85.000000 0.119635 28.077576 25.775475
 85.200000 0.096081 29.870454 25.775475
 85.400000 0.091210 29.355418 25.775475
 85.600000 0.098875 29.982944 25.775475
 85.800000 0.100815 29.988800 25.775475
 86.000000 0.106048 29.784163 25.775475
 86.200000 0.068584 23.128015 25.775475
 86.400000 0.070115 23.701366 25.775475
 86.600000 0.082405 27.631727 25.775475
 86.800000 0.068031 22.914954 25.775475
 87.000000 0.055002 16.932958 25.775475
 87.200000 0.055450 17.988152 25.775475
 87.400000 0.073662 25.326415 25.775475
 87.600000 0.072630 25.007793 25.775475
 87.800000 0.067176 23.170957 25.775475
 88.000000 0.072208 24.875376 25.775475
 88.200000 0.082071 28.164348 25.775475
 88.400000 0.075719 26.504350 25.775475
 88.600000 0.070976 25.055833 25.775475
 88.800000 0.084561 28.735258 25.775475
 89.000000 0.090359 29.819115 25.775475
 89.200000 0.089723 30.184182 25.775475
 89.400000 0.081052 28.299866 25.775475
 89.600000 0.084749 29.208392 25.775475
 89.800000 0.087364 29.762885 25.775475
 90.000000 0.103269 30.772776 26.961007
 90.200000 0.088727 30.293859 26.961007
 90.400000 0.093386 31.014187 26.961007
 90.600000 0.105303 31.065773 26.961007
 90.800000 0.118491 29.379185 26.961007
 91.000000 0.117329 29.554381 26.961007
 91.200000 0.108722 31.112379 26.961007
 91.400000 0.109079 31.075842 26.961007
 91.600000 0.122774 29.117889 26.961007
 91.800000 0.121645 29.324564 26.961007
 92.000000 0.126436 28.355298 26.961007
 92.200000 0.126087 28.929376 26.961007
 92.400000 0.098630 31.645834 26.961007
 92.600000 0.124019 29.363984 26.961007
 92.800000 0.136630 25.619859 26.961007
 93.000000 0.148563 19.712076 26.961007
 93.200000 0.166781 9.409392 26.961007
 93.400000 0.153429 17.572206 26.961007
 93.600000 0.163714 11.212532 26.961007
 93.800000 0.173192 6.063003 26.961007
 94.000000 0.179163 3.647341 26.961007
 94.200000 0.160333 13.960706 26.961007
 94.400000 0.159348 14.518733 26.961007
 94.600000 0.150171 19.743136 26.961007
 94.800000 0.169316 9.204658 26.961007
 95.000000 0.161125 13.515149 27.484604
 95.200000 0.159496 15.387652 27.484604
 95.400000 0.140395 25.015918 27.484604
 95.600000 0.118268 30.415666 27.484604
 95.800000 0.103628 31.664762 27.484604
 96.000000 0.090978 30.818628 27.484604
 96.200000 0.116032 30.786755 27.484604
 96.400000 0.137731 26.036764 27.484604
 96.600000 0.146821 22.156636 27.484604
 96.800000 0.172372 8.516440 27.484604
 97.000000 0.165400 12.105123 27.484604
 97.200000 0.160484 15.800364 27.484604
 97.400000 0.168757 11.313639 27.484604
 97.600000 0.184194 4.348018 27.484604
 97.800000 0.157571 17.357721 27.484604
 98.000000 0.164361 13.692190 27.484604
 98.200000 0.165901 13.799001 27.484604
 98.400000 0.171939 10.488910 27.484604
 98.600000 0.167003 13.191689 27.484604
 98.800000 0.171560 10.692723 27.484604
 99.000000 0.163784 14.957134 27.484604
 99.200000 0.159224 18.232556 27.484604
 99.400000 0.159862 17.912827 27.484604
 99.600000 0.145640 24.015235 27.484604
 99.800000 0.141653 25.391803 27.484604
 100.000000 0.124997 29.544625 27.996459
 100.200000 0.120169 30.715220 27.996459
 100.400000 0.150872 22.109888 27.996459
 100.600000 0.127607 29.539394 27.996459
 100.800000 0.113148 31.476498 27.996459
 101.000000 0.119056 30.851244 27.996459
 101.200000 0.120247 31.146867 27.996459
 101.400000 0.128296 29.767250 27.996459
 101.600000 0.137568 27.198207 27.996459
 101.800000 0.140164 26.317550 27.996459
 102.000000 0.143434 25.129844 27.996459
 102.200000 0.134032 28.766300 27.996459
 102.400000 0.119984 31.347895 27.996459
 102.600000 0.109928 32.176696 27.996459
 102.800000 0.107376 32.312697 27.996459
 103.000000 0.108388 32.263567 27.996459
 103.200000 0.120977 31.528257 27.996459
 103.400000 0.117681 31.923995 27.996459
 103.600000 0.104291 32.812421 27.996459
 103.800000 0.116394 32.058763 27.996459
 104.000000 0.121307 31.484037 27.996459
 104.200000 0.128493 30.623789 27.996459
 104.400000 0.127477 30.846920 27.996459
 104.600000 0.123544 31.581909 27.996459
 104.800000 0.130933 30.030693 27.996459
 105.000000 0.135764 28.624569 29.078229
 105.200000 0.138687 28.121811 29.078229
 105.400000 0.126756 31.404926 29.078229
 105.600000 0.111415 32.965105 29.078229
 105.800000 0.104672 33.096263 29.078229
 106.000000 0.069904 25.098974 29.078229
 106.200000 0.051817 16.597050 29.078229
 106.400000 0.041204 10.472897 29.078229
 106.600000 0.050741 15.960449 29.078229
 106.800000 0.029542 5.116782 29.078229
 107.000000 0.042411 11.130227 29.078229
 107.200000 0.033361 7.537602 29.078229
 107.400000 0.055053 19.233248 29.078229
 107.600000 0.048371 15.540247 29.078229
 107.800000 0.070352 26.027812 29.078229
 108.000000 0.067236 24.873417 29.078229
 108.200000 0.050577 17.093167 29.078229
 108.400000 0.047812 15.473627 29.078229
 108.600000 0.039080 10.494247 29.078229
 108.800000 0.064180 24.200485 29.078229
 109.000000 0.068955 26.096978 29.078229
 109.200000 0.083700 30.802693 29.078229
 109.400000 0.062656 24.025026 29.078229
 109.600000 0.083534 30.765462 29.078229
 109.800000 0.086726 31.445853 29.078229
 110.000000 0.071890 27.650195 29.405059
 110.200000 0.062323 24.284032 29.405059
 110.400000 0.050936 17.759777 29.405059
 110.600000 0.046903 15.252236 29.405059
 110.800000 0.064496 25.312106 29.405059
 111.000000 0.071555 28.052039 29.405059
 111.200000 0.092749 32.846601 29.405059
 111.400000 0.096685 33.154275 29.405059
 111.600000 0.132128 30.185286 29.405059
 111.800000 0.121487 32.203076 29.405059
 112.000000 0.106944 33.219691 29.405059
 112.200000 0.084344 31.782750 29.405059
 112.400000 0.068802 27.596484 29.405059
 112.600000 0.043736 13.407282 29.405059
 112.800000 0.053029 19.283999 29.405059
 113.000000 0.058465 22.596079 29.405059
 113.200000 0.042370 12.938472 29.405059
 113.400000 0.061084 24.684583 29.405059
 113.600000 0.060321 24.276361 29.405059
 113.800000 0.071946 29.132482 29.405059
 114.000000 0.078925 30.882402 29.405059
 114.200000 0.060296 24.466316 29.405059
 114.400000 0.055012 21.270735 29.405059
 114.600000 0.049537 17.659096 29.405059
 114.800000 0.051353 18.872463 29.405059
 115.000000 0.051608 19.042382 30.044422
 115.200000 0.053809 21.233929 30.044422
 115.400000 0.059149 24.471378 30.044422
 115.600000 0.054856 21.902325 30.044422
 115.800000 0.042233 13.490825 30.044422
 116.000000 0.044731 15.146327 30.044422
 116.200000 0.039801 12.773569 30.044422
 116.400000 0.059020 24.964966 30.044422
 116.600000 0.065048 27.747570 30.044422
 116.800000 0.079824 31.693670 30.044422
 117.000000 0.065768 28.026739 30.044422
 117.200000 0.058425 25.093610 30.044422
 117.400000 0.069080 29.662933 30.044422
 117.600000 0.080437 32.112357 30.044422
 117.800000 0.099608 33.850486 30.044422
 118.000000 0.114308 33.228250 30.044422
 118.200000 0.132196 30.458225 30.044422
 118.400000 0.117235 33.350475 30.044422
 118.600000 0.103723 34.130183 30.044422
 118.800000 0.093646 33.771131 30.044422
 119.000000 0.110870 33.872195 30.044422
 119.200000 0.098979 34.360463 30.044422
 119.400000 0.110145 34.301421 30.044422
 119.600000 0.101181 34.440833 30.044422
 119.800000 0.109436 34.338562 30.044422
 120.000000 0.104557 34.474179 30.942311
 120.200000 0.112833 34.448737 30.942311
 120.400000 0.091690 34.029189 30.942311
 120.600000 0.097813 34.638623 30.942311
 120.800000 0.100733 34.793029 30.942311
 121.000000 0.088145 33.542038 30.942311
 121.200000 0.091843 34.429275 30.942311
 121.400000 0.094918 34.748035 30.942311
 121.600000 0.086519 33.686723 30.942311
 121.800000 0.081806 32.889805 30.942311
 122.000000 0.085340 33.497633 30.942311
 122.200000 0.090847 34.674941 30.942311
 122.400000 0.098858 35.271279 30.942311
 122.600000 0.088626 34.389285 30.942311
 122.800000 0.076914 32.270770 30.942311
 123.000000 0.088011 34.302287 30.942311
 123.200000 0.088533 34.755874 30.942311
 123.400000 0.097200 35.523529 30.942311
 123.600000 0.091801 35.150711 30.942311
 123.800000 0.068433 30.024382 30.942311
 124.000000 0.058077 25.080481 30.942311
 124.200000 0.047795 18.825104 30.942311
 124.400000 0.046165 17.658277 30.942311
 124.600000 0.053066 22.494987 30.942311
 124.800000 0.045766 17.371637 30.942311
 125.000000 0.045083 16.881988 31.686385
 125.200000 0.034693 10.481163 31.686385
 125.400000 0.037499 12.342910 31.686385
 125.600000 0.034308 10.234462 31.686385
 125.800000 0.064164 29.155377 31.686385
 126.000000 0.067109 30.274665 31.686385
 126.200000 0.072753 32.378845 31.686385
 126.400000 0.074668 32.815711 31.686385
 126.600000 0.082500 34.209798 31.686385
 126.800000 0.064857 29.884809 31.686385
 127.000000 0.084029 34.432111 31.686385
 127.200000 0.097602 35.860612 31.686385
 127.400000 0.068616 31.453226 31.686385
 127.600000 0.046973 19.257007 31.686385
 127.800000 0.059242 27.337988 31.686385
 128.000000 0.065938 30.486841 31.686385
 128.200000 0.072061 32.895999 31.686385
 128.400000 0.064223 30.230090 31.686385
 128.600000 0.104119 35.662328 31.686385
 128.800000 0.137810 28.703721 31.686385
 129.000000 0.143165 26.543520 31.686385
 129.200000 0.161471 17.774863 31.686385
 129.400000 0.164352 16.062232 31.686385
 129.600000 0.143957 26.741087 31.686385
 129.800000 0.132158 31.101287 31.686385
 130.000000 0.122876 33.349157 32.309486
 130.200000 0.125357 33.238882 32.309486
 130.400000 0.147208 25.392052 32.309486
 130.600000 0.147642 25.185284 32.309486
 130.800000 0.148423 24.809428 32.309486
 131.000000 0.156945 20.380915 32.309486
 131.200000 0.157954 20.520118 32.309486
 131.400000 0.149019 25.132757 32.309486
 131.600000 0.156631 21.260899 32.309486
 131.800000 0.153454 22.955903 32.309486
 132.000000 0.145230 26.833757 32.309486
 132.200000 0.136598 30.634970 32.309486
 132.400000 0.152309 24.012260 32.309486
 132.600000 0.164495 16.837304 32.309486
 132.800000 0.159058 20.234051 32.309486
 133.000000 0.146859 26.646595 32.309486
 133.200000 0.128653 33.102106 32.309486
 133.400000 0.120524 34.443178 32.309486
 133.600000 0.136222 31.172765 32.309486
 133.800000 0.106129 35.774657 32.309486
 134.000000 0.085204 35.182525 32.309486
 134.200000 0.087440 35.789150 32.309486
 134.400000 0.086420 35.684286 32.309486
 134.600000 0.086591 35.702547 32.309486
 134.800000 0.083127 35.285158 32.309486
 135.000000 0.104326 36.031994 32.859938
 135.200000 0.118319 34.969273 32.859938
 135.400000 0.117967 35.016003 32.859938
 135.600000 0.126081 33.728736 32.859938
 135.800000 0.126917 33.564730 32.859938
 136.000000 0.133822 31.915556 32.859938
 136.200000 0.165446 16.513925 32.859938
 136.400000 0.176899 9.063536 32.859938
 136.600000 0.174838 10.307196 32.859938
 136.800000 0.162573 18.440373 32.859938
 137.000000 0.179214 7.753047 32.859938
 137.200000 0.166344 16.762686 32.859938
 137.400000 0.169833 14.567472 32.859938
 137.600000 0.141293 29.900607 32.859938
 137.800000 0.116380 35.434019 32.859938
 138.000000 0.101715 36.557413 32.859938
 138.200000 0.088202 36.290405 32.859938
 138.400000 0.073012 33.488346 32.859938
 138.600000 0.072394 33.320564 32.859938
 138.800000 0.083621 35.652428 32.859938
 139.000000 0.069206 32.345645 32.859938
 139.200000 0.084110 35.980903 32.859938
 139.400000 0.105089 36.759269 32.859938
 139.600000 0.107504 36.575776 32.859938
 139.800000 0.097036 37.004965 32.859938
 140.000000 0.088247 36.480453 33.529091
 140.200000 0.079432 35.546843 33.529091
 140.400000 0.057273 27.004397 33.529091
 140.600000 0.065619 31.509194 33.529091
 140.800000 0.088862 36.886865 33.529091
 141.000000 0.064118 30.828336 33.529091
 141.200000 0.057589 27.608312 33.529091
 141.400000 0.055163 25.982170 33.529091
 141.600000 0.073818 34.669101 33.529091
 141.800000 0.073596 34.614472 33.529091
 142.000000 0.076449 35.257478 33.529091
 142.200000 0.072461 34.672069 33.529091
 142.400000 0.072399 34.654934 33.529091
 142.600000 0.072585 34.706248 33.529091
 142.800000 0.077354 35.799850 33.529091
 143.000000 0.060868 29.800820 33.529091
 143.200000 0.072908 35.129170 33.529091
 143.400000 0.101086 37.326876 33.529091
 143.600000 0.114623 35.943938 33.529091
 143.800000 0.133065 32.595316 33.529091
 144.000000 0.149124 26.542802 33.529091
 144.200000 0.158380 22.059384 33.529091
 144.400000 0.187346 5.121918 33.529091
 144.600000 0.179539 8.883249 33.529091
 144.800000 0.161247 20.302580 33.529091
 145.000000 0.158848 21.777980 33.884458
 145.200000 0.171316 14.289280 33.884458
 145.400000 0.180652 8.511356 33.884458
 145.600000 0.149026 27.661384 33.884458
 145.800000 0.110290 36.488334 33.884458
 146.000000 0.106267 36.911826 33.884458
 146.200000 0.095151 37.779981 33.884458
 146.400000 0.139065 31.460337 33.884458
 146.600000 0.152512 25.983559 33.884458
 146.800000 0.155894 24.167527 33.884458
 147.000000 0.160052 21.704582 33.884458
 147.200000 0.170001 15.702101 33.884458
 147.400000 0.154779 25.411408 33.884458
 147.600000 0.133363 33.178817 33.884458
 147.800000 0.121221 35.384286 33.884458
 148.000000 0.135850 32.579324 33.884458
 148.200000 0.123803 35.289769 33.884458
 148.400000 0.130142 34.250195 33.884458
 148.600000 0.150341 27.850250 33.884458
 148.800000 0.173916 13.032837 33.884458
 149.000000 0.193172 3.183149 33.884458
 149.200000 0.183853 8.273977 33.884458
 149.400000 0.172711 14.449433 33.884458
 149.600000 0.178431 11.039372 33.884458
 149.800000 0.174528 13.321176 33.884458
 150.000000 0.184875 7.810406 34.164257
 150.200000 0.176966 12.945113 34.164257
 150.400000 0.151252 27.541516 34.164257
 150.600000 0.143681 30.633880 34.164257
 150.800000 0.140549 31.672816 34.164257
 151.000000 0.158935 23.561505 34.164257
 151.200000 0.198616 4.040905 34.164257
 151.400000 0.196294 4.751681 34.164257
 151.600000 0.181355 10.886882 34.164257
 151.800000 0.181984 10.570100 34.164257
 152.000000 0.185585 8.858809 34.164257
 152.200000 0.184618 10.478344 34.164257
 152.400000 0.186724 9.529415 34.164257
 152.600000 0.195574 5.929070 34.164257
 152.800000 0.208154 2.182658 34.164257
 153.000000 0.175785 14.868875 34.164257
 153.200000 0.178621 14.270203 34.164257
 153.400000 0.193833 7.023686 34.164257
 153.600000 0.177900 14.647685 34.164257
 153.800000 0.193751 7.057946 34.164257
 154.000000 0.187907 9.662395 34.164257
 154.200000 0.188940 10.318509 34.164257
 154.400000 0.187347 11.062230 34.164257
 154.600000 0.184793 12.264670 34.164257
 154.800000 0.166960 21.051124 34.164257
 155.000000 0.186274 11.566677 34.143352
 155.200000 0.191221 10.253132 34.143352
 155.400000 0.197687 7.180129 34.143352
 155.600000 0.211788 2.102904 34.143352
 155.800000 0.208565 2.961114 34.143352
 156.000000 0.185809 12.830386 34.143352
 156.200000 0.191529 11.023854 34.143352
 156.400000 0.215088 1.566855 34.143352
 156.600000 0.213757 1.845937 34.143352
 156.800000 0.213836 1.828435 34.143352
 157.000000 0.207046 3.795685 34.143352
 157.200000 0.195045 10.306832 34.143352
 157.400000 0.204174 6.360096 34.143352
 157.600000 0.180460 16.525553 34.143352
 157.800000 0.175839 18.344221 34.143352
 158.000000 0.171108 20.246770 34.143352
 158.200000 0.183691 15.731491 34.143352
 158.400000 0.190263 12.761823 34.143352
 158.600000 0.197829 9.198534 34.143352
 158.800000 0.194205 10.902178 34.143352
 159.000000 0.177710 18.252494 34.143352
 159.200000 0.183060 16.732945 34.143352
 159.400000 0.220314 1.780445 34.143352
 159.600000 0.204498 6.447133 34.143352
 159.800000 0.184064 16.278108 34.143352
 160.000000 0.161766 25.271200 34.125329
 160.200000 0.173347 21.203323 34.125329
 160.400000 0.174322 20.796066 34.125329
 160.600000 0.184835 16.096874 34.125329
 160.800000 0.177349 19.507450 34.125329
 161.000000 0.157678 27.344415 34.125329
 161.200000 0.161027 26.622580 34.125329
 161.400000 0.177647 19.591307 34.125329
 161.600000 0.191378 12.871791 34.125329
 161.800000 0.212401 3.619398 34.125329
 162.000000 0.208091 5.040582 34.125329
 162.200000 0.208457 6.305234 34.125329
 162.400000 0.199973 9.713731 34.125329
 162.600000 0.187069 15.602591 34.125329
 162.800000 0.208786 6.186724 34.125329
 163.000000 0.203537 8.206181 34.125329
 163.200000 0.217891 4.141290 34.125329
 163.400000 0.224973 2.269311 34.125329
 163.600000 0.207367 7.881436 34.125329
 163.800000 0.190722 14.767466 34.125329
 164.000000 0.205265 8.718871 34.125329
 164.200000 0.209391 8.239390 34.125329
 164.400000 0.195825 13.608280 34.125329
 164.600000 0.203401 10.653695 34.125329
 164.800000 0.202329 11.080753 34.125329
 165.000000 0.220156 4.199438 34.106171
 165.200000 0.243153 0.697971 34.106171
 165.400000 0.233463 2.053077 34.106171
 165.600000 0.207946 9.863670 34.106171
 165.800000 0.199997 12.586287 34.106171
 166.000000 0.174154 21.577337 34.106171
 166.200000 0.170879 23.487871 34.106171
 166.400000 0.185139 18.134110 34.106171
 166.600000 0.197927 13.475497 34.106171
 166.800000 0.194406 14.742274 34.106171
 167.000000 0.182468 19.126594 34.106171
 167.200000 0.162343 26.959512 34.106171
 167.400000 0.167762 25.128156 34.106171
 167.600000 0.183969 19.310969 34.106171
 167.800000 0.151415 30.210936 34.106171
 168.000000 0.179485 20.971914 34.106171
 168.200000 0.211799 8.722645 34.106171
 168.400000 0.215808 7.232407 34.106171
 168.600000 0.206282 10.855934 34.106171
 168.800000 0.193020 16.283766 34.106171
 169.000000 0.187029 18.753297 34.106171
 169.200000 0.183755 20.792953 34.106171
 169.400000 0.177294 23.060716 34.106171
 169.600000 0.170752 25.086809 34.106171
 169.800000 0.170401 25.191309 34.106171
 170.000000 0.162178 27.557814 34.097120
 170.200000 0.154293 30.107268 34.097120
 170.400000 0.158178 29.144014 34.097120
 170.600000 0.161779 28.181047 34.097120
 170.800000 0.143572 32.372402 34.097120
 171.000000 0.144865 32.127096 34.097120
 171.200000 0.148154 31.878129 34.097120
 171.400000 0.158389 29.367800 34.097120
 171.600000 0.166001 27.126153 34.097120
 171.800000 0.176978 23.519791 34.097120
 172.000000 0.150754 31.302467 34.097120
 172.200000 0.151451 31.574597 34.097120
 172.400000 0.131340 34.882767 34.097120
 172.600000 0.125288 35.511648 34.097120
 172.800000 0.138088 34.031702 34.097120
 173.000000 0.160312 29.180829 34.097120
 173.200000 0.150498 32.179872 34.097120
 173.400000 0.132218 34.863493 34.097120
 173.600000 0.128740 35.216838 34.097120
 173.800000 0.128673 35.223369 34.097120
 174.000000 0.122051 35.837869 34.097120
 174.200000 0.116429 36.690080 34.097120
 174.400000 0.127185 35.699953 34.097120
 174.600000 0.131741 35.201630 34.097120
 174.800000 0.137499 34.471653 34.097120
 175.000000 0.140423 34.053731 34.425258
 175.200000 0.157691 30.636973 34.425258
 175.400000 0.135422 35.111562 34.425258
 175.600000 0.123077 36.294510 34.425258
 175.800000 0.119296 36.579956 34.425258
 176.000000 0.113647 37.009289 34.425258
 176.200000 0.126146 36.285760 34.425258
 176.400000 0.103017 38.007491 34.425258
 176.600000 0.123997 36.487764 34.425258
 176.800000 0.122507 36.621065 34.425258
 177.000000 0.110145 37.606250 34.425258
 177.200000 0.108643 38.036341 34.425258
 177.400000 0.107319 38.117063 34.425258
 177.600000 0.091418 37.978939 34.425258
 177.800000 0.115052 37.547114 34.425258
 178.000000 0.131350 35.854569 34.425258
 178.200000 0.126069 36.812407 34.425258
 178.400000 0.122237 37.175909 34.425258
 178.600000 0.115383 37.719594 34.425258
 178.800000 0.113567 37.846478 34.425258
 179.000000 0.106526 38.250170 34.425258
 179.200000 0.103117 38.667508 34.425258
 179.400000 0.145396 33.902564 34.425258
 179.600000 0.137680 35.337656 34.425258
 179.800000 0.118116 37.750691 34.425258
 180.000000 0.127813 36.744054 35.293136
 180.200000 0.126264 37.264810 35.293136
 180.400000 0.137280 35.682306 35.293136
 180.600000 0.131747 36.563720 35.293136
 180.800000 0.119384 37.925821 35.293136
 181.000000 0.119534 37.913502 35.293136
 181.200000 0.122817 37.938232 35.293136
 181.400000 0.129333 37.155401 35.293136
 181.600000 0.156693 31.088895 35.293136
 181.800000 0.178745 23.204662 35.293136
 182.000000 0.190256 18.345267 35.293136
 182.200000 0.182297 22.447975 35.293136
 182.400000 0.158462 30.610789 35.293136
 182.600000 0.146440 33.909615 35.293136
 182.800000 0.132976 36.598300 35.293136
 183.000000 0.138288 35.651494 35.293136
 183.200000 0.136363 36.366907 35.293136
 183.400000 0.102599 38.947645 35.293136
 183.600000 0.093030 38.415529 35.293136
 183.800000 0.075447 35.815609 35.293136
 184.000000 0.083693 37.268337 35.293136
 184.200000 0.095173 38.849016 35.293136
 184.400000 0.092446 38.639881 35.293136
 184.600000 0.100425 39.073717 35.293136
 184.800000 0.104972 39.084248 35.293136
 185.000000 0.102113 39.095617 35.915167
 185.200000 0.104561 39.391794 35.915167
 185.400000 0.109341 39.243663 35.915167
 185.600000 0.104453 39.393263 35.915167
 185.800000 0.085122 37.965730 35.915167
 186.000000 0.083706 37.747137 35.915167
 186.200000 0.066646 33.490941 35.915167
 186.400000 0.065239 32.844844 35.915167
 186.600000 0.047234 20.445002 35.915167
 186.800000 0.037272 12.607117 35.915167
 187.000000 0.051315 23.721412 35.915167
 187.200000 0.059663 30.260973 35.915167
 187.400000 0.056952 28.501915 35.915167
 187.600000 0.027683 6.692423 35.915167
 187.800000 0.036547 12.455128 35.915167
 188.000000 0.044909 19.112302 35.915167
 188.200000 0.050093 24.061939 35.915167
 188.400000 0.034789 11.770211 35.915167
 188.600000 0.044657 19.651497 35.915167
 188.800000 0.034921 11.867364 35.915167
 189.000000 0.030250 8.633631 35.915167
 189.200000 0.029106 9.107533 35.915167
 189.400000 0.040800 17.406143 35.915167
 189.600000 0.032644 11.406883 35.915167
 189.800000 0.037390 14.810287 35.915167
 190.000000 0.025889 7.235544 36.074300
 190.200000 0.035313 14.324427 36.074300
 190.400000 0.045135 21.328701 36.074300
 190.600000 0.038403 16.466363 36.074300
 190.800000 0.027393 9.344349 36.074300
 191.000000 0.039601 17.317956 36.074300
 191.200000 0.039563 18.099769 36.074300
 191.400000 0.032900 13.451036 36.074300
 191.600000 0.030159 11.648056 36.074300
 191.800000 0.043453 20.884941 36.074300
 192.000000 0.054295 28.259759 36.074300
 192.200000 0.044690 22.172170 36.074300
 192.400000 0.035886 15.733092 36.074300
 192.600000 0.026189 9.295140 36.074300
 192.800000 0.041505 19.835122 36.074300
 193.000000 0.043532 21.325032 36.074300
 193.200000 0.043252 21.796403 36.074300
 193.400000 0.037595 17.593043 36.074300
 193.600000 0.037342 17.404349 36.074300
 193.800000 0.042587 21.307276 36.074300
 194.000000 0.053685 28.913927 36.074300
 194.200000 0.034977 15.881159 36.074300
 194.400000 0.028312 11.114061 36.074300
 194.600000 0.033976 15.134275 36.074300
 194.800000 0.039727 19.495263 36.074300
 195.000000 0.030481 12.604037 36.133072
 195.200000 0.022451 8.371869 36.133072
 195.400000 0.037850 18.943071 36.133072
 195.600000 0.034455 16.454419 36.133072
 195.800000 0.049586 27.193986 36.133072
 196.000000 0.041843 21.858528 36.133072
 196.200000 0.065802 35.238420 36.133072
 196.400000 0.066545 35.444165 36.133072
 196.600000 0.051829 29.128721 36.133072
 196.800000 0.039915 21.112950 36.133072
 197.000000 0.038470 20.042882 36.133072
 197.200000 0.043895 24.652172 36.133072
 197.400000 0.034735 17.944353 36.133072
 197.600000 0.035169 18.274258 36.133072
 197.800000 0.036640 19.387288 36.133072
 198.000000 0.028541 13.279002 36.133072
 198.200000 0.044771 25.786734 36.133072
 198.400000 0.045443 26.210662 36.133072
 198.600000 0.028718 14.377175 36.133072
 198.800000 0.029503 14.956050 36.133072
 199.000000 0.051561 29.757210 36.133072
 199.200000 0.092687 39.246063 36.133072
 199.400000 0.071452 36.834593 36.133072
 199.600000 0.079864 37.949558 36.133072
 199.800000 0.108233 39.375925 36.133072
 200.000000 0.106059 39.469500 36.362204
 200.200000 0.116182 39.107019 36.362204
 200.400000 0.105735 39.782614 36.362204
 200.600000 0.075361 37.437234 36.362204
 200.800000 0.103746 39.834231 36.362204
 201.000000 0.116648 39.065750 36.362204
 201.200000 0.101393 40.034728 36.362204
 201.400000 0.102806 40.047776 36.362204
 201.600000 0.113891 39.599543 36.362204
 201.800000 0.113741 39.610805 36.362204
 202.000000 0.091098 39.377694 36.362204
 202.200000 0.106596 40.172851 36.362204
 202.400000 0.112691 39.793023 36.362204
 202.600000 0.081609 38.495037 36.362204
 202.800000 0.079179 38.163850 36.362204
 203.000000 0.089324 39.487061 36.362204
 203.200000 0.118393 39.312507 36.362204
 203.400000 0.158503 30.747594 36.362204
 203.600000 0.163904 28.950203 36.362204
 203.800000 0.151756 32.821965 36.362204
 204.000000 0.120113 39.117509 36.362204
 204.200000 0.106468 40.537103 36.362204
 204.400000 0.119006 39.549837 36.362204
 204.600000 0.116523 39.811023 36.362204
 204.800000 0.119420 39.503409 36.362204
 205.000000 0.120256 39.407237 37.207696
 205.200000 0.143952 35.061104 37.207696
 205.400000 0.144288 34.973742 37.207696
 205.600000 0.130394 38.149220 37.207696
 205.800000 0.138802 36.337651 37.207696
 206.000000 0.148978 33.696304 37.207696
 206.200000 0.146313 34.820109 37.207696
 206.400000 0.133063 37.837583 37.207696
 206.600000 0.101192 40.767062 37.207696
 206.800000 0.101608 40.774255 37.207696
 207.000000 0.098840 40.693668 37.207696
 207.200000 0.129820 38.462942 37.207696
 207.400000 0.144800 35.217218 37.207696
 207.600000 0.119306 39.984880 37.207696
 207.800000 0.090015 40.185656 37.207696
 208.000000 0.088299 39.952670 37.207696
 208.200000 0.107258 41.093988 37.207696
 208.400000 0.141422 36.051089 37.207696
 208.600000 0.145749 34.970617 37.207696
 208.800000 0.147681 34.450238 37.207696
 209.000000 0.140236 36.329181 37.207696
 209.200000 0.107487 41.112941 37.207696
 209.400000 0.136343 37.527503 37.207696
 209.600000 0.127190 39.153244 37.207696
 209.800000 0.125642 39.375514 37.207696
 210.000000 0.108514 41.057464 37.861589
 210.200000 0.120290 40.249178 37.861589
 210.400000 0.120512 40.222065 37.861589
 210.600000 0.113735 40.947244 37.861589
 210.800000 0.121168 40.140277 37.861589
 211.000000 0.105935 41.459436 37.861589
 211.200000 0.103212 41.790929 37.861589
 211.400000 0.113955 41.166439 37.861589
 211.600000 0.102931 41.791904 37.861589
 211.800000 0.127647 39.305603 37.861589
 212.000000 0.159779 30.797620 37.861589
 212.200000 0.137500 37.503440 37.861589
 212.400000 0.110357 41.484960 37.861589
 212.600000 0.114644 41.100187 37.861589
 212.800000 0.096379 41.524867 37.861589
 213.000000 0.122167 40.183285 37.861589
 213.200000 0.120922 40.644414 37.861589
 213.400000 0.116256 41.197327 37.861589
 213.600000 0.122409 40.441501 37.861589
 213.800000 0.137002 37.785964 37.861589
 214.000000 0.155052 32.901361 37.861589
 214.200000 0.163239 30.325517 37.861589
 214.400000 0.181107 23.205295 37.861589
 214.600000 0.184186 21.911092 37.861589
 214.800000 0.160315 31.439228 37.861589
 215.000000 0.158623 32.061431 38.258009
 215.200000 0.169845 28.030547 38.258009
 215.400000 0.160852 31.652883 38.258009
 215.600000 0.137445 38.045576 38.258009
 215.800000 0.134380 38.612485 38.258009
 216.000000 0.135111 38.480303 38.258009
 216.200000 0.129459 39.752751 38.258009
 216.400000 0.109707 41.818788 38.258009
 216.600000 0.119588 41.036674 38.258009
 216.800000 0.101115 41.906836 38.258009
 217.000000 0.107752 41.899945 38.258009
 217.200000 0.102131 42.188760 38.258009
 217.400000 0.099479 42.065386 38.258009
 217.600000 0.084603 39.960274 38.258009
 217.800000 0.092022 41.249378 38.258009
 218.000000 0.110740 42.029084 38.258009
 218.200000 0.107202 42.449214 38.258009
 218.400000 0.084513 40.001215 38.258009
 218.600000 0.081449 39.399209 38.258009
 218.800000 0.106943 42.455050 38.258009
 219.000000 0.136462 38.649164 38.258009
 219.200000 0.133989 39.444323 38.258009
 219.400000 0.128130 40.467139 38.258009
 219.600000 0.108761 42.455203 38.258009
 219.800000 0.116515 41.944151 38.258009
 220.000000 0.114769 42.098157 39.007264
 220.200000 0.098574 42.357288 39.007264
 220.400000 0.123113 41.426815 39.007264
 220.600000 0.136090 39.133985 39.007264
 220.800000 0.139086 38.488320 39.007264
 221.000000 0.158333 32.793311 39.007264
 221.200000 0.148800 36.349641 39.007264
 221.400000 0.148958 36.305554 39.007264
 221.600000 0.136672 39.154409 39.007264
 221.800000 0.123980 41.331595 39.007264
 222.000000 0.129204 40.522968 39.007264
 222.200000 0.102898 42.724706 39.007264
 222.400000 0.116021 42.459526 39.007264
 222.600000 0.140339 38.620813 39.007264
 222.800000 0.132263 40.270383 39.007264
 223.000000 0.111057 42.753134 39.007264
 223.200000 0.114386 42.832884 39.007264
 223.400000 0.145809 37.314502 39.007264
 223.600000 0.128735 41.018514 39.007264
 223.800000 0.143940 37.795929 39.007264
 224.000000 0.162707 31.474437 39.007264
 224.200000 0.156847 34.208442 39.007264
 224.400000 0.156472 34.343822 39.007264
 224.600000 0.158189 33.711184 39.007264
 224.800000 0.139183 39.046461 39.007264
 225.000000 0.137290 39.438136 39.447474
 225.200000 0.155078 34.981694 39.447474
 225.400000 0.168205 29.542951 39.447474
 225.600000 0.143571 38.355036 39.447474
 225.800000 0.148543 37.060622 39.447474
 226.000000 0.164854 31.042701 39.447474
 226.200000 0.176462 26.120266 39.447474
 226.400000 0.171053 28.652432 39.447474
 226.600000 0.161283 33.004605 39.447474
 226.800000 0.135776 40.110129 39.447474
 227.000000 0.136025 40.063166 39.447474
 227.200000 0.131282 41.194684 39.447474
 227.400000 0.160562 33.374177 39.447474
 227.600000 0.145781 38.239639 39.447474
 227.800000 0.144638 38.520771 39.447474
 228.000000 0.148826 37.431453 39.447474
 228.200000 0.155450 35.635609 39.447474
 228.400000 0.175613 26.593764 39.447474
 228.600000 0.188569 20.319032 39.447474
 228.800000 0.165029 31.633585 39.447474
 229.000000 0.169251 29.644598 39.447474
 229.200000 0.170927 29.305862 39.447474
 229.400000 0.181213 24.247311 39.447474
 229.600000 0.192637 18.434957 39.447474
 229.800000 0.186809 21.421964 39.447474
 230.000000 0.185093 22.295184 39.613658
 230.200000 0.192519 19.069056 39.613658
 230.400000 0.207700 11.229440 39.613658
 230.600000 0.176742 27.020900 39.613658
 230.800000 0.150217 37.611522 39.613658
 231.000000 0.163040 33.185585 39.613658
 231.200000 0.186312 22.440865 39.613658
 231.400000 0.192465 19.155011 39.613658
 231.600000 0.203945 13.079762 39.613658
 231.800000 0.199240 15.512786 39.613658
 232.000000 0.195503 17.513250 39.613658
 232.200000 0.172569 29.540176 39.613658
 232.400000 0.166264 32.319758 39.613658
 232.600000 0.195334 18.406781 39.613658
 232.800000 0.189875 21.296718 39.613658
 233.000000 0.188828 21.834774 39.613658
 233.200000 0.197104 18.017283 39.613658
 233.400000 0.196149 18.553872 39.613658
 233.600000 0.182781 25.439307 39.613658
 233.800000 0.182397 25.616735 39.613658
 234.000000 0.206674 12.661412 39.613658
 234.200000 0.214854 9.362724 39.613658
 234.400000 0.189339 22.744077 39.613658
 234.600000 0.180762 26.581433 39.613658
 234.800000 0.184368 25.023969 39.613658
 235.000000 0.192271 21.315220 39.608268
 235.200000 0.187471 24.263970 39.608268
 235.400000 0.213848 10.108590 39.608268
 235.600000 0.200462 17.615674 39.608268
 235.800000 0.187466 24.266236 39.608268
 236.000000 0.174975 29.338157 39.608268
 236.200000 0.180651 27.570891 39.608268
 236.400000 0.183390 26.425979 39.608268
 236.600000 0.189574 23.592994 39.608268
 236.800000 0.210206 12.120372 39.608268
 237.000000 0.222051 6.138729 39.608268
 237.200000 0.211651 12.362718 39.608268
 237.400000 0.198177 19.401652 39.608268
 237.600000 0.186101 25.302838 39.608268
 237.800000 0.184181 26.136642 39.608268
 238.000000 0.179643 28.001542 39.608268
 238.200000 0.175497 30.102431 39.608268
 238.400000 0.182099 27.504847 39.608268
 238.600000 0.165271 33.787603 39.608268
 238.800000 0.192818 22.489828 39.608268
 239.000000 0.216273 10.120886 39.608268
 239.200000 0.217497 10.650152 39.608268
 239.400000 0.226708 6.455878 39.608268
 239.600000 0.221581 8.729764 39.608268
 239.800000 0.205295 16.611527 39.608268
 240.000000 0.188669 24.763216 39.592996
 240.200000 0.175565 30.499334 39.592996
 240.400000 0.200812 19.270467 39.592996
 240.600000 0.208137 15.451663 39.592996
 240.800000 0.194405 22.584755 39.592996
 241.000000 0.191170 24.176692 39.592996
 241.200000 0.204872 17.537934 39.592996
 241.400000 0.230191 5.090120 39.592996
 241.600000 0.224165 7.644522 39.592996
 241.800000 0.220011 9.617564 39.592996
 242.000000 0.207103 16.324316 39.592996
 242.200000 0.192416 24.690143 39.592996
 242.400000 0.187282 26.893557 39.592996
 242.600000 0.178582 29.987492 39.592996
 242.800000 0.180693 29.296049 39.592996
 243.000000 0.175250 31.034481 39.592996
 243.200000 0.206879 17.338362 39.592996
 243.400000 0.247208 0.904223 39.592996
 243.600000 0.226228 7.096027 39.592996
 243.800000 0.211650 14.720224 39.592996
 244.000000 0.225315 7.529092 39.592996
 244.200000 0.243063 2.150351 39.592996
 244.400000 0.223321 9.746795 39.592996
 244.600000 0.217044 12.857665 39.592996
 244.800000 0.222541 10.129228 39.592996
 245.000000 0.214947 13.903167 39.573016
 245.200000 0.205319 19.471602 39.573016
 245.400000 0.212003 16.293938 39.573016
 245.600000 0.196089 23.717061 39.573016
 245.800000 0.199678 22.084213 39.573016
 246.000000 0.192289 25.386783 39.573016
 246.200000 0.173506 32.285212 39.573016
 246.400000 0.185550 28.598114 39.573016
 246.600000 0.169206 33.480573 39.573016
 246.800000 0.151431 38.022919 39.573016
 247.000000 0.161831 35.510431 39.573016
 247.200000 0.142432 39.869082 39.573016
 247.400000 0.105181 43.117623 39.573016
 247.600000 0.086960 40.601106 39.573016
 247.800000 0.073550 37.858911 39.573016
 248.000000 0.075905 38.340979 39.573016
 248.200000 0.080654 39.599522 39.573016
 248.400000 0.087193 40.887983 39.573016
 248.600000 0.085183 40.494435 39.573016
 248.800000 0.087640 40.974317 39.573016
 249.000000 0.091531 41.689357 39.573016
 249.200000 0.094592 42.451613 39.573016
 249.400000 0.073677 38.333405 39.573016
 249.600000 0.072242 38.010183 39.573016
 249.800000 0.093717 42.320239 39.573016
 250.000000 0.105434 43.349982 39.962101
 250.200000 0.091540 42.129248 39.962101
 250.400000 0.082654 40.302510 39.962101
 250.600000 0.095754 42.819836 39.962101
 250.800000 0.102085 43.470446 39.962101
 251.000000 0.100714 43.374356 39.962101
 251.200000 0.108788 43.823758 39.962101
 251.400000 0.076993 39.160998 39.962101
 251.600000 0.094125 42.803357 39.962101
 251.800000 0.096207 43.125404 39.962101
 252.000000 0.080694 39.986139 39.962101
 252.200000 0.077346 39.527213 39.962101
 252.400000 0.081646 40.492941 39.962101
 252.600000 0.066808 36.849259 39.962101
 252.800000 0.089286 42.137995 39.962101
 253.000000 0.096355 43.317068 39.962101
 253.200000 0.102752 44.090793 39.962101
 253.400000 0.106562 44.120545 39.962101
 253.600000 0.093422 43.138208 39.962101
 253.800000 0.088874 42.279720 39.962101
 254.000000 0.083279 41.029691 39.962101
 254.200000 0.110222 44.039100 39.962101
 254.400000 0.105971 44.217604 39.962101
 254.600000 0.096089 43.731690 39.962101
 254.800000 0.089736 42.713584 39.962101
 255.000000 0.082295 41.081696 40.589231
 255.200000 0.079178 40.618639 40.589231
 255.400000 0.076649 39.991893 40.589231
 255.600000 0.118812 43.265362 40.589231
 255.800000 0.127439 42.148482 40.589231
 256.000000 0.123794 42.645367 40.589231
 256.200000 0.106038 44.425836 40.589231
 256.400000 0.127250 42.429951 40.589231
 256.600000 0.132785 41.587451 40.589231
 256.800000 0.118859 43.507962 40.589231
 257.000000 0.104689 44.438921 40.589231
 257.200000 0.101217 44.605267 40.589231
 257.400000 0.081867 41.342595 40.589231
 257.600000 0.065559 36.792816 40.589231
 257.800000 0.071749 38.717019 40.589231
 258.000000 0.088346 42.841790 40.589231
 258.200000 0.094333 44.169559 40.589231
 258.400000 0.123598 43.057943 40.589231
 258.600000 0.122146 43.261876 40.589231
 258.800000 0.106121 44.793344 40.589231
 259.000000 0.060131 34.751830 40.589231
 259.200000 0.073865 39.707709 40.589231
 259.400000 0.112769 44.366613 40.589231
 259.600000 0.117125 43.905978 40.589231
 259.800000 0.131192 41.892745 40.589231
 260.000000 0.131986 41.762974 41.151895
 260.200000 0.129511 42.431683 41.151895
 260.400000 0.110744 44.637841 41.151895
 260.600000 0.095929 44.411685 41.151895
 260.800000 0.092665 43.958977 41.151895
 261.000000 0.083570 42.111409 41.151895
 261.200000 0.090042 43.746084 41.151895
 261.400000 0.108224 44.852273 41.151895
 261.600000 0.113852 44.428349 41.151895
 261.800000 0.110976 44.671966 41.151895
 262.000000 0.102266 44.981894 41.151895
 262.200000 0.103281 45.224688 41.151895
 262.400000 0.143108 40.114403 41.151895
 262.600000 0.132927 41.909503 41.151895
 262.800000 0.119418 43.953191 41.151895
 263.000000 0.113122 44.676465 41.151895
 263.200000 0.118770 44.258526 41.151895
 263.400000 0.114360 44.788762 41.151895
 263.600000 0.120202 44.065213 41.151895
 263.800000 0.122449 43.743348 41.151895
 264.000000 0.125884 43.212463 41.151895
 264.200000 0.111924 45.192598 41.151895
 264.400000 0.108696 45.402304 41.151895
 264.600000 0.097962 45.203025 41.151895
 264.800000 0.082563 42.274380 41.151895
 265.000000 0.097734 45.180583 41.883449
 265.200000 0.120143 44.386892 41.883449
 265.400000 0.111047 45.416097 41.883449
 265.600000 0.089955 44.189232 41.883449
 265.800000 0.094427 44.998582 41.883449
 266.000000 0.100590 45.632614 41.883449
 266.200000 0.097872 45.653543 41.883449
 266.400000 0.096597 45.512055 41.883449
 266.600000 0.102979 45.939870 41.883449
 266.800000 0.109006 45.758471 41.883449
 267.000000 0.128887 43.031679 41.883449
 267.200000 0.180717 30.362564 41.883449
 267.400000 0.201244 21.846645 41.883449
 267.600000 0.212474 16.292760 41.883449
 267.800000 0.206097 19.480688 41.883449
 268.000000 0.223055 10.758656 41.883449
 268.200000 0.240345 3.625148 41.883449
 268.400000 0.236706 5.024703 41.883449
 268.600000 0.228620 8.895953 41.883449
 268.800000 0.228627 8.892411 41.883449
 269.000000 0.228994 8.701449 41.883449
 269.200000 0.209515 19.014386 41.883449
 269.400000 0.195667 24.785896 41.883449
 269.600000 0.198993 23.381966 41.883449
 269.800000 0.177839 31.277351 41.883449
 270.000000 0.168033 34.167434 42.149585
 270.200000 0.168448 34.427714 42.149585
 270.400000 0.137235 41.705418 42.149585
 270.600000 0.133922 42.354622 42.149585
 270.800000 0.171179 33.618050 42.149585
 271.000000 0.170106 33.937508 42.149585
 271.200000 0.164339 35.970925 42.149585
 271.400000 0.161645 36.684567 42.149585
 271.600000 0.141000 41.019715 42.149585
 271.800000 0.140407 41.132596 42.149585
 272.000000 0.123091 44.272598 42.149585
 272.200000 0.110491 45.936157 42.149585
 272.400000 0.116678 45.376434 42.149585
 272.600000 0.141061 41.126551 42.149585
 272.800000 0.145310 40.283955 42.149585
 273.000000 0.148812 39.585944 42.149585
 273.200000 0.144335 40.763508 42.149585
 273.400000 0.172969 33.543106 42.149585
 273.600000 0.193542 25.876622 42.149585
 273.800000 0.177872 31.958083 42.149585
 274.000000 0.155947 38.341757 42.149585
 274.200000 0.165566 36.055308 42.149585
 274.400000 0.161527 37.228925 42.149585
 274.600000 0.176692 32.470137 42.149585
 274.800000 0.181207 30.886302 42.149585
 275.000000 0.168811 35.049689 42.345364
 275.200000 0.154226 39.280861 42.345364
 275.400000 0.146020 40.808458 42.345364
 275.600000 0.138232 42.131239 42.345364
 275.800000 0.155947 38.913069 42.345364
 276.000000 0.151214 39.877880 42.345364
 276.200000 0.157682 38.788526 42.345364
 276.400000 0.174529 33.625359 42.345364
 276.600000 0.160269 38.130561 42.345364
 276.800000 0.178902 32.055125 42.345364
 277.000000 0.210932 18.449248 42.345364
 277.200000 0.217737 16.181993 42.345364
 277.400000 0.226696 11.524753 42.345364
 277.600000 0.227237 11.227473 42.345364
 277.800000 0.202441 22.684568 42.345364
 278.000000 0.187720 28.778608 42.345364
 278.200000 0.201107 23.555109 42.345364
 278.400000 0.207023 21.038732 42.345364
 278.600000 0.202957 22.764361 42.345364
 278.800000 0.184284 30.606168 42.345364
 279.000000 0.161362 37.939237 42.345364
 279.200000 0.156093 39.516914 42.345364
 279.400000 0.145471 41.369737 42.345364
 279.600000 0.135250 42.885416 42.345364
 279.800000 0.126643 44.187114 42.345364
 280.000000 0.135455 42.854105 42.470208
 280.200000 0.157695 39.249346 42.470208
 280.400000 0.137793 42.755703 42.470208
 280.600000 0.150609 40.714535 42.470208
 280.800000 0.151502 40.550936 42.470208
 281.000000 0.122085 44.983587 42.470208
 281.200000 0.111257 46.159976 42.470208
 281.400000 0.096231 45.599752 42.470208
 281.600000 0.088115 43.989437 42.470208
 281.800000 0.078882 41.522398 42.470208
 282.000000 0.081515 42.253066 42.470208
 282.200000 0.054873 32.716215 42.470208
 282.400000 0.045507 27.035066 42.470208
 282.600000 0.024354 11.357157 42.470208
 282.800000 0.044298 26.212485 42.470208
 283.000000 0.053665 32.056793 42.470208
 283.200000 0.071507 39.797436 42.470208
 283.400000 0.053121 32.172055 42.470208
 283.600000 0.055687 33.564111 42.470208
 283.800000 0.048006 29.064874 42.470208
 284.000000 0.053840 32.573395 42.470208
 284.200000 0.065824 38.252419 42.470208
 284.400000 0.056540 34.404641 42.470208
 284.600000 0.067118 38.679475 42.470208
 284.800000 0.067914 38.932657 42.470208
 285.000000 0.088057 44.276914 42.819734
 285.200000 0.094280 45.717769 42.819734
 285.400000 0.077986 41.947613 42.819734
 285.600000 0.079936 42.471484 42.819734
 285.800000 0.079723 42.414683 42.819734
 286.000000 0.079629 42.389498 42.819734
 286.200000 0.093507 45.768129 42.819734
 286.400000 0.101584 46.520415 42.819734
 286.600000 0.102998 46.553250 42.819734
 286.800000 0.092480 45.604436 42.819734
 287.000000 0.110786 46.329325 42.819734
 287.200000 0.110536 46.567306 42.819734
 287.400000 0.108011 46.695701 42.819734
 287.600000 0.113341 46.364348 42.819734
 287.800000 0.110851 46.547344 42.819734
 288.000000 0.110242 46.585293 42.819734
 288.200000 0.121923 45.598917 42.819734
 288.400000 0.113700 46.548108 42.819734
 288.600000 0.113366 46.577258 42.819734
 288.800000 0.104189 46.965157 42.819734
 289.000000 0.103843 46.960645 42.819734
 289.200000 0.067212 39.006711 42.819734
 289.400000 0.071678 40.450495 42.819734
 289.600000 0.076811 41.965521 42.819734
 289.800000 0.081082 43.170687 42.819734
 290.000000 0.089401 45.331146 43.501239
 290.200000 0.081895 43.600183 43.501239
 290.400000 0.102616 47.304333 43.501239
 290.600000 0.104688 47.322616 43.501239
 290.800000 0.090569 45.822499 43.501239
 291.000000 0.085181 44.507650 43.501239
 291.200000 0.059559 36.064247 43.501239
 291.400000 0.048269 29.670267 43.501239
 291.600000 0.058959 35.780226 43.501239
 291.800000 0.042455 25.568669 43.501239
 292.000000 0.030692 16.324324 43.501239
 292.200000 0.035026 20.599634 43.501239
 292.400000 0.052493 32.614260 43.501239
 292.600000 0.082376 43.973159 43.501239
 292.800000 0.071448 40.670897 43.501239
 293.000000 0.054394 33.655201 43.501239
 293.200000 0.039725 24.443156 43.501239
 293.400000 0.043432 27.178106 43.501239
 293.600000 0.065250 38.832000 43.501239
 293.800000 0.074365 41.752561 43.501239
 294.000000 0.086227 45.064494 43.501239
 294.200000 0.102608 47.557404 43.501239
 294.400000 0.118003 46.323499 43.501239
 294.600000 0.128094 44.728849 43.501239
 294.800000 0.114958 46.719437 43.501239
 295.000000 0.118394 46.269366 43.861656
 295.200000 0.154597 39.978954 43.861656
 295.400000 0.146709 41.503927 43.861656
 295.600000 0.124793 45.493559 43.861656
 295.800000 0.133397 43.914405 43.861656
 296.000000 0.150797 40.751393 43.861656
 296.200000 0.152970 40.603133 43.861656
 296.400000 0.145622 41.964729 43.861656
 296.600000 0.133949 43.961091 43.861656
 296.800000 0.137324 43.366778 43.861656
 297.000000 0.151471 40.905579 43.861656
 297.200000 0.132043 44.423753 43.861656
 297.400000 0.099270 47.550311 43.861656
 297.600000 0.088653 45.914487 43.861656
 297.800000 0.058429 36.094507 43.861656
 298.000000 0.058839 36.284706 43.861656
 298.200000 0.068237 40.256751 43.861656
 298.400000 0.081856 44.240733 43.861656
 298.600000 0.097655 47.428776 43.861656
 298.800000 0.072527 41.589402 43.861656
 299.000000 0.069590 40.690324 43.861656
 299.200000 0.067681 40.356946 43.861656
 299.400000 0.052301 33.373376 43.861656
 299.600000 0.063921 39.015762 43.861656
 299.800000 0.088106 45.970525 43.861656
 300.000000 0.074861 42.542559 44.033135
 300.200000 0.098667 47.632735 44.033135
 300.400000 0.097245 47.526919 44.033135
 300.600000 0.085489 45.568550 44.033135
 300.800000 0.102321 47.761756 44.033135
 301.000000 0.094174 47.193262 44.033135
 301.200000 0.090289 46.785196 44.033135
 301.400000 0.101528 47.940380 44.033135
 301.600000 0.117526 46.725021 44.033135
 301.800000 0.123088 45.910965 44.033135
 302.000000 0.112718 47.316268 44.033135
 302.200000 0.123593 45.995242 44.033135
 302.400000 0.113810 47.406148 44.033135
 302.600000 0.098550 47.966036 44.033135
 302.800000 0.112919 47.507058 44.033135
 303.000000 0.137639 43.552821 44.033135
 303.200000 0.143468 42.830987 44.033135
 303.400000 0.140359 43.350158 44.033135
 303.600000 0.147739 42.086648 44.033135
 303.800000 0.148701 41.907551 44.033135
 304.000000 0.128334 45.390305 44.033135
 304.200000 0.102592 48.183961 44.033135
 304.400000 0.109412 47.989144 44.033135
 304.600000 0.128186 45.646680 44.033135
 304.800000 0.138891 43.775422 44.033135
 305.000000 0.119176 46.999408 44.608149
 305.200000 0.107543 48.254250 44.608149
 305.400000 0.112401 47.949750 44.608149
 305.600000 0.099314 48.148768 44.608149
 305.800000 0.089708 46.779193 44.608149
 306.000000 0.076459 43.373759 44.608149
 306.200000 0.089804 46.969695 44.608149
 306.400000 0.075504 43.350510 44.608149
 306.600000 0.060535 37.953089 44.608149
 306.800000 0.067816 40.899743 44.608149
 307.000000 0.084667 45.822126 44.608149
 307.200000 0.067006 40.722583 44.608149
 307.400000 0.078683 44.463388 44.608149
 307.600000 0.077891 44.238265 44.608149
 307.800000 0.075125 43.424992 44.608149
 308.000000 0.096167 48.123510 44.608149
 308.200000 0.091701 47.719691 44.608149
 308.400000 0.080834 45.179107 44.608149
 308.600000 0.062469 38.908658 44.608149
 308.800000 0.059538 37.547795 44.608149
 309.000000 0.061493 38.471600 44.608149
 309.200000 0.072771 42.995670 44.608149
 309.400000 0.087541 46.961890 44.608149
 309.600000 0.088040 47.068922 44.608149
 309.800000 0.077548 44.412189 44.608149
 310.000000 0.082307 45.702923 45.033963
 310.200000 0.086329 46.911408 45.033963
 310.400000 0.088229 47.320237 45.033963
 310.600000 0.120163 47.166034 45.033963
 310.800000 0.120483 47.118977 45.033963
 311.000000 0.100143 48.729667 45.033963
 311.200000 0.090958 47.993514 45.033963
 311.400000 0.090710 47.949887 45.033963
 311.600000 0.072201 43.033955 45.033963
 311.800000 0.076427 44.359997 45.033963
 312.000000 0.119700 47.318489 45.033963
 312.200000 0.119206 47.605410 45.033963
 312.400000 0.103520 49.052571 45.033963
 312.600000 0.102597 49.060081 45.033963
 312.800000 0.095781 48.713994 45.033963
 313.000000 0.090460 47.936418 45.033963
 313.200000 0.077294 44.762705 45.033963
 313.400000 0.073742 43.643045 45.033963
 313.600000 0.070559 42.569259 45.033963
 313.800000 0.067304 41.376000 45.033963
 314.000000 0.068292 41.750110 45.033963
 314.200000 0.068434 42.075679 45.033963
 314.400000 0.073715 43.889744 45.033963
 314.600000 0.061080 38.959604 45.033963
 314.800000 0.055338 35.877835 45.033963
 315.000000 0.064092 40.338485 45.501405
 315.200000 0.071670 43.474236 45.501405
 315.400000 0.060996 39.202814 45.501405
 315.600000 0.071287 43.347798 45.501405
 315.800000 0.073695 44.119585 45.501405
 316.000000 0.067005 41.816875 45.501405
 316.200000 0.066432 41.865401 45.501405
 316.400000 0.068343 42.591156 45.501405
 316.600000 0.069279 42.926756 45.501405
 316.800000 0.059361 38.614915 45.501405
 317.000000 0.082524 46.745037 45.501405
 317.200000 0.088052 48.154424 45.501405
 317.400000 0.085810 47.708033 45.501405
 317.600000 0.098826 49.338813 45.501405
 317.800000 0.084885 47.508473 45.501405
 318.000000 0.081327 46.670617 45.501405
 318.200000 0.093446 49.118957 45.501405
 318.400000 0.099640 49.461254 45.501405
 318.600000 0.101641 49.448662 45.501405
 318.800000 0.093949 49.168626 45.501405
 319.000000 0.104069 49.361713 45.501405
 319.200000 0.123318 47.059428 45.501405
 319.400000 0.125694 46.615966 45.501405
 319.600000 0.111223 48.924566 45.501405
 319.800000 0.113157 48.680955 45.501405
 320.000000 0.113245 48.669314 46.018588
 320.200000 0.113383 48.851074 46.018588
 320.400000 0.113835 48.789614 46.018588
 320.600000 0.118697 48.044855 46.018588
 320.800000 0.117499 48.241378 46.018588
 321.000000 0.101837 49.786270 46.018588
 321.200000 0.092408 49.380333 46.018588
 321.400000 0.076212 45.594137 46.018588
 321.600000 0.093651 49.541256 46.018588
 321.800000 0.117105 48.417726 46.018588
 322.000000 0.119916 47.929379 46.018588
 322.200000 0.128499 46.404154 46.018588
 322.400000 0.125520 47.039667 46.018588
 322.600000 0.121357 47.869813 46.018588
 322.800000 0.143093 43.263401 46.018588
 323.000000 0.138138 44.289487 46.018588
 323.200000 0.128203 46.663679 46.018588
 323.400000 0.134977 45.210371 46.018588
 323.600000 0.133214 45.591799 46.018588
 323.800000 0.098671 50.021844 46.018588
 324.000000 0.110431 49.588894 46.018588
 324.200000 0.125684 47.291983 46.018588
 324.400000 0.139301 44.317183 46.018588
 324.600000 0.153158 41.263011 46.018588
 324.800000 0.144540 43.206668 46.018588
 325.000000 0.142985 43.534200 46.492505
 325.200000 0.133927 45.703075 46.492505
 325.400000 0.152852 41.541563 46.492505
 325.600000 0.147459 42.822209 46.492505
 325.800000 0.148066 42.686103 46.492505
 326.000000 0.134207 45.643197 46.492505
 326.200000 0.133755 45.968856 46.492505
 326.400000 0.124150 47.902504 46.492505
 326.600000 0.130337 46.690662 46.492505
 326.800000 0.143113 43.950902 46.492505
 327.000000 0.142796 44.020192 46.492505
 327.200000 0.158196 40.272423 46.492505
 327.400000 0.154626 41.347408 46.492505
 327.600000 0.148515 42.958450 46.492505
 327.800000 0.169570 36.302276 46.492505
 328.000000 0.170443 35.980023 46.492505
 328.200000 0.165217 38.221027 46.492505
 328.400000 0.160079 39.942045 46.492505
 328.600000 0.133753 46.191633 46.492505
 328.800000 0.126688 47.565833 46.492505
 329.000000 0.123862 48.067894 46.492505
 329.200000 0.119218 49.010309 46.492505
 329.400000 0.135009 46.092730 46.492505
 329.600000 0.157550 40.734433 46.492505
 329.800000 0.158276 40.515073 46.492505
 330.000000 0.139538 45.127655 46.734013
 330.200000 0.132866 46.754636 46.734013
 330.400000 0.130013 47.317923 46.734013
 330.600000 0.101722 50.362188 46.734013
 330.800000 0.111164 50.006093 46.734013
 331.000000 0.109322 50.148032 46.734013
 331.200000 0.116326 49.643937 46.734013
 331.400000 0.123613 48.568408 46.734013
 331.600000 0.125330 48.271270 46.734013
 331.800000 0.137291 45.872329 46.734013
 332.000000 0.152818 42.221413 46.734013
 332.200000 0.159140 40.592879 46.734013
 332.400000 0.166586 37.959964 46.734013
 332.600000 0.167984 37.433241 46.734013
 332.800000 0.186022 30.296876 46.734013
 333.000000 0.176466 34.170091 46.734013
 333.200000 0.174447 35.331975 46.734013
 333.400000 0.162006 39.862524 46.734013
 333.600000 0.152225 42.751379 46.734013
 333.800000 0.151322 42.980123 46.734013
 334.000000 0.135533 46.394217 46.734013
 334.200000 0.142341 45.205396 46.734013
 334.400000 0.153936 42.405531 46.734013
 334.600000 0.140346 45.629121 46.734013
 334.800000 0.162993 39.570698 46.734013
 335.000000 0.173499 35.702607 46.947529
 335.200000 0.163917 39.539382 46.947529
 335.400000 0.171244 36.912018 46.947529
 335.600000 0.173831 35.932224 46.947529
 335.800000 0.162858 39.894314 46.947529
 336.000000 0.191708 28.206852 46.947529
 336.200000 0.188509 30.202291 46.947529
 336.400000 0.195501 26.878567 46.947529
 336.600000 0.179127 34.186917 46.947529
 336.800000 0.158316 41.366912 46.947529
 337.000000 0.164767 39.347834 46.947529
 337.200000 0.182304 33.066128 46.947529
 337.400000 0.145312 44.748518 46.947529
 337.600000 0.160174 41.102131 46.947529
 337.800000 0.174396 36.216915 46.947529
 338.000000 0.157082 41.987863 46.947529
 338.200000 0.142199 45.538856 46.947529
 338.400000 0.154701 42.883683 46.947529
 338.600000 0.160432 41.287716 46.947529
 338.800000 0.147554 44.500023 46.947529
 339.000000 0.142148 45.548600 46.947529
 339.200000 0.151696 43.794647 46.947529
 339.400000 0.124613 48.762858 46.947529
 339.600000 0.124337 48.802704 46.947529
 339.800000 0.124841 48.729604 46.947529
 340.000000 0.122979 48.993969 47.110799
 340.200000 0.132950 47.587770 47.110799
 340.400000 0.123205 49.159905 47.110799
 340.600000 0.124786 48.933620 47.110799
 340.800000 0.133616 47.467851 47.110799
 341.000000 0.134883 47.237238 47.110799
 341.200000 0.143822 45.714858 47.110799
 341.400000 0.146860 45.069832 47.110799
 341.600000 0.136620 47.128416 47.110799
 341.800000 0.147392 44.952218 47.110799
 342.000000 0.127485 48.708401 47.110799
 342.200000 0.150593 44.270949 47.110799
 342.400000 0.137553 47.111410 47.110799
 342.600000 0.130448 48.428852 47.110799
 342.800000 0.134527 47.694696 47.110799
 343.000000 0.154321 43.298541 47.110799
 343.200000 0.147574 45.222869 47.110799
 343.400000 0.144742 45.834111 47.110799
 343.600000 0.156172 43.030075 47.110799
 343.800000 0.160343 41.735962 47.110799
 344.000000 0.155287 43.283649 47.110799
 344.200000 0.150548 44.770737 47.110799
 344.400000 0.131733 48.360683 47.110799
 344.600000 0.136989 47.473293 47.110799
 344.800000 0.128206 48.901302 47.110799
 345.000000 0.141350 46.685157 47.366254
 345.200000 0.157150 43.118979 47.366254
 345.400000 0.148540 45.428516 47.366254
 345.600000 0.143387 46.515101 47.366254
 345.800000 0.146727 45.831591 47.366254
 346.000000 0.158534 42.678325 47.366254
 346.200000 0.156935 43.445532 47.366254
 346.400000 0.131803 48.581079 47.366254
 346.600000 0.137490 47.693884 47.366254
 346.800000 0.156201 43.667647 47.366254
 347.000000 0.192331 28.522037 47.366254
 347.200000 0.181098 34.225308 47.366254
 347.400000 0.159664 42.610370 47.366254
 347.600000 0.143074 46.730656 47.366254
 347.800000 0.127162 49.218446 47.366254
 348.000000 0.149522 45.425172 47.366254
 348.200000 0.188910 30.686639 47.366254
 348.400000 0.169314 39.143981 47.366254
 348.600000 0.159869 42.724745 47.366254
 348.800000 0.171246 38.358181 47.366254
 349.000000 0.174612 36.978875 47.366254
 349.200000 0.177760 36.001368 47.366254
 349.400000 0.167553 40.152459 47.366254
 349.600000 0.158907 43.242598 47.366254
 349.800000 0.171871 38.434487 47.366254
 350.000000 0.182197 34.068384 47.411342
 350.200000 0.178324 36.132592 47.411342
 350.400000 0.157316 43.830561 47.411342
 350.600000 0.157140 43.881347 47.411342
 350.800000 0.183066 34.058749 47.411342
 351.000000 0.194267 28.470811 47.411342
 351.200000 0.203272 24.164426 47.411342
 351.400000 0.201061 25.333855 47.411342
 351.600000 0.187518 32.386586 47.411342
 351.800000 0.199749 26.033060 47.411342
 352.000000 0.216028 17.566120 47.411342
 352.200000 0.198534 27.088330 47.411342
 352.400000 0.206877 22.951559 47.411342
 352.600000 0.219190 16.655967 47.411342
 352.800000 0.225315 13.107464 47.411342
 353.000000 0.235093 7.410517 47.411342
 353.200000 0.240595 5.917168 47.411342
 353.400000 0.238163 7.078154 47.411342
 353.600000 0.231062 10.892190 47.411342
 353.800000 0.223550 15.090581 47.411342
 354.000000 0.238191 7.064322 47.411342
 354.200000 0.241715 6.660515 47.411342
 354.400000 0.230489 12.335063 47.411342
 354.600000 0.213050 20.640369 47.411342
 354.800000 0.190736 31.008266 47.411342
 355.000000 0.190932 30.913787 47.387833
 355.200000 0.213435 20.617926 47.387833
 355.400000 0.232609 11.226750 47.387833
 355.600000 0.242393 6.355169 47.387833
 355.800000 0.236921 8.983195 47.387833
 356.000000 0.250696 3.221440 47.387833
 356.200000 0.255022 3.531367 47.387833
 356.400000 0.240226 8.541239 47.387833
 356.600000 0.253595 3.905402 47.387833
 356.800000 0.247540 5.753535 47.387833
 357.000000 0.228376 13.958006 47.387833
 357.200000 0.250197 5.215654 47.387833
 357.400000 0.239440 9.589587 47.387833
 357.600000 0.244713 7.279544 47.387833
 357.800000 0.249291 5.530044 47.387833
 358.000000 0.259913 2.525367 47.387833
 358.200000 0.249428 6.706131 47.387833
 358.400000 0.227478 15.468886 47.387833
 358.600000 0.235316 11.952807 47.387833
 358.800000 0.229350 14.628358 47.387833
 359.000000 0.231575 13.622868 47.387833
 359.200000 0.223488 18.039211 47.387833
 359.400000 0.220899 19.040687 47.387833
 359.600000 0.217029 20.453012 47.387833
 359.800000 0.219009 19.740843 47.387833
 360.000000 0.213198 21.807897 47.362596
 360.200000 0.216936 21.128204 47.362596
 360.400000 0.208593 24.121579 47.362596
 360.600000 0.212427 22.743827 47.362596
 360.800000 0.231465 14.941390 47.362596
 361.000000 0.243340 9.489718 47.362596
 361.200000 0.229106 16.786721 47.362596
 361.400000 0.222879 19.268284 47.362596
 361.600000 0.237532 13.117688 47.362596
 361.800000 0.250896 7.736842 47.362596
 362.000000 0.239230 12.376549 47.362596
 362.200000 0.223077 19.757665 47.362596
 362.400000 0.231550 16.626470 47.362596
 362.600000 0.238437 13.728440 47.362596
 362.800000 0.261026 4.916404 47.362596
 363.000000 0.274408 1.747728 47.362596
 363.200000 0.265081 5.093426 47.362596
 363.400000 0.254271 7.852908 47.362596
 363.600000 0.242867 11.985861 47.362596
 363.800000 0.253900 7.968008 47.362596
 364.000000 0.267101 4.682679 47.362596
 364.200000 0.256517 8.292666 47.362596
 364.400000 0.252704 9.244371 47.362596
 364.600000 0.256934 8.196169 47.362596
 364.800000 0.273052 4.907647 47.362596
 365.000000 0.257146 8.147635 47.337738
 365.200000 0.249238 11.292099 47.337738
 365.400000 0.259990 8.721615 47.337738
 365.600000 0.256030 9.621012 47.337738
 365.800000 0.248655 11.448349 47.337738
 366.000000 0.228336 18.132364 47.337738
 366.200000 0.233342 17.122437 47.337738
 366.400000 0.266948 7.143278 47.337738
 366.600000 0.268272 6.816673 47.337738
 366.800000 0.247580 12.084956 47.337738
 367.000000 0.219602 21.597791 47.337738
 367.200000 0.213938 23.746963 47.337738
 367.400000 0.218941 22.447715 47.337738
 367.600000 0.214466 23.612451 47.337738
 367.800000 0.209062 25.031576 47.337738
 368.000000 0.186255 33.746172 47.337738
 368.200000 0.185695 34.364070 47.337738
 368.400000 0.209534 25.017415 47.337738
 368.600000 0.217019 23.004285 47.337738
 368.800000 0.228147 19.552461 47.337738
 369.000000 0.225297 20.549880 47.337738
 369.200000 0.230165 19.466035 47.337738
 369.400000 0.231631 18.877434 47.337738
 369.600000 0.244209 13.659590 47.337738
 369.800000 0.248408 12.150914 47.337738
 370.000000 0.253454 10.588910 47.316104
 370.200000 0.229599 19.994845 47.316104
 370.400000 0.228089 20.522062 47.316104
 370.600000 0.201766 27.788481 47.316104
 370.800000 0.216847 23.701508 47.316104
 371.000000 0.222763 22.189992 47.316104
 371.200000 0.226737 21.603983 47.316104
 371.400000 0.213098 25.098588 47.316104
 371.600000 0.214230 24.861099 47.316104
 371.800000 0.219814 23.619150 47.316104
 372.000000 0.229036 20.790126 47.316104
 372.200000 0.244721 15.009430 47.316104
 372.400000 0.250089 13.047057 47.316104
 372.600000 0.240752 16.624758 47.316104
 372.800000 0.255076 11.437811 47.316104
 373.000000 0.290313 1.752685 47.316104
 373.200000 0.287163 3.933344 47.316104
 373.400000 0.281386 5.062785 47.316104
 373.600000 0.273177 6.888020 47.316104
 373.800000 0.261448 9.796190 47.316104
 374.000000 0.266810 8.435581 47.316104
 374.200000 0.242506 16.225307 47.316104
 374.400000 0.223483 23.297082 47.316104
 374.600000 0.232597 20.180246 47.316104
 374.800000 0.244455 15.520272 47.316104
 375.000000 0.244134 15.633316 47.292437
 375.200000 0.242149 17.223335 47.292437
 375.400000 0.245084 16.172176 47.292437
 375.600000 0.248574 15.012025 47.292437
 375.800000 0.249548 14.705958 47.292437
 376.000000 0.255877 12.869034 47.292437
 376.200000 0.264525 11.377475 47.292437
 376.400000 0.261048 12.406819 47.292437
 376.600000 0.244058 17.255193 47.292437
 376.800000 0.231834 21.374418 47.292437
 377.000000 0.224950 23.378381 47.292437
 377.200000 0.250982 15.339403 47.292437
 377.400000 0.255470 14.043966 47.292437
 377.600000 0.243654 17.667032 47.292437
 377.800000 0.238257 19.600513 47.292437
 378.000000 0.240368 18.827850 47.292437
 378.200000 0.237132 20.755924 47.292437
 378.400000 0.230476 22.996161 47.292437
 378.600000 0.216909 25.747284 47.292437
 378.800000 0.214625 26.019640 47.292437
 379.000000 0.202610 28.152558 47.292437
 379.200000 0.204294 28.214327 47.292437
 379.400000 0.212486 26.682088 47.292437
 379.600000 0.198528 29.903322 47.292437
 379.800000 0.210347 27.006030 47.292437
 380.000000 0.207424 27.523679 47.269443
 380.200000 0.206399 28.245331 47.269443
 380.400000 0.194811 31.591393 47.269443
 380.600000 0.196227 31.098295 47.269443
 380.800000 0.185575 34.927673 47.269443
 381.000000 0.192525 32.411009 47.269443
 381.200000 0.200045 30.227830 47.269443
 381.400000 0.209249 27.919358 47.269443
 381.600000 0.208449 28.076984 47.269443
 381.800000 0.227594 24.166426 47.269443
 382.000000 0.210906 27.612356 47.269443
 382.200000 0.213161 27.728558 47.269443
 382.400000 0.245524 17.812382 47.269443
 382.600000 0.255288 14.564177 47.269443
 382.800000 0.250705 16.040859 47.269443
 383.000000 0.231217 23.211816 47.269443
 383.200000 0.223222 26.236932 47.269443
 383.400000 0.233193 23.103499 47.269443
 383.600000 0.240208 20.305836 47.269443
 383.800000 0.254134 15.124336 47.269443
 384.000000 0.241525 19.775779 47.269443
 384.200000 0.229592 24.928676 47.269443
 384.400000 0.250350 17.043122 47.269443
 384.600000 0.263977 12.073236 47.269443
 384.800000 0.272956 8.860132 47.269443
 385.000000 0.255657 15.075934 47.247606
 385.200000 0.267316 11.528956 47.247606
 385.400000 0.305466 1.271705 47.247606
 385.600000 0.292254 3.426196 47.247606
 385.800000 0.290293 3.865583 47.247606
 386.000000 0.281235 6.370813 47.247606
 386.200000 0.286357 6.098532 47.247606
 386.400000 0.290388 4.936808 47.247606
 386.600000 0.287559 5.742824 47.247606
 386.800000 0.294212 3.927469 47.247606
 387.000000 0.280369 7.968170 47.247606
 387.200000 0.261217 14.982655 47.247606
 387.400000 0.275411 10.775991 47.247606
 387.600000 0.259907 15.357080 47.247606
 387.800000 0.253106 17.351890 47.247606
 388.000000 0.267557 13.153353 47.247606
 388.200000 0.270137 13.349283 47.247606
 388.400000 0.269961 13.403570 47.247606
 388.600000 0.267402 14.172830 47.247606
 388.800000 0.258961 16.455211 47.247606
 389.000000 0.280432 9.848066 47.247606
 389.200000 0.282056 10.377131 47.247606
 389.400000 0.283410 9.864400 47.247606
 389.600000 0.279166 11.430362 47.247606
 389.800000 0.283566 9.804771 47.247606
 390.000000 0.284995 9.251855 47.224428
 390.200000 0.292983 7.131747 47.224428
 390.400000 0.308754 1.911821 47.224428
 390.600000 0.303324 3.311125 47.224428
 390.800000 0.267769 15.453048 47.224428
 391.000000 0.272874 14.305034 47.224428
 391.200000 0.277459 13.924082 47.224428
 391.400000 0.275738 14.453393 47.224428
 391.600000 0.271126 15.644070 47.224428
 391.800000 0.282631 12.053731 47.224428
 392.000000 0.298523 5.149622 47.224428
 392.200000 0.292678 8.933648 47.224428
 392.400000 0.295466 7.777401 47.224428
 392.600000 0.305667 3.971931 47.224428
 392.800000 0.298645 6.492806 47.224428
 393.000000 0.308932 3.017005 47.224428
 393.200000 0.278092 14.448089 47.224428
 393.400000 0.280006 13.937394 47.224428
 393.600000 0.260622 17.528573 47.224428
 393.800000 0.241008 21.677447 47.224428
 394.000000 0.269542 16.241233 47.224428
 394.200000 0.282571 13.772866 47.224428
 394.400000 0.286100 12.527618 47.224428
 394.600000 0.257393 18.597657 47.224428
 394.800000 0.257378 18.599331 47.224428
 395.000000 0.250079 19.659806 47.201487
 395.200000 0.249453 20.504719 47.201487
 395.400000 0.249863 20.428314 47.201487
 395.600000 0.233685 24.424986 47.201487
 395.800000 0.243929 21.687254 47.201487
 396.000000 0.242058 22.150829 47.201487
 396.200000 0.237158 24.083837 47.201487
 396.400000 0.244632 22.163056 47.201487
 396.600000 0.242847 22.603552 47.201487
 396.800000 0.238327 23.774745 47.201487
 397.000000 0.236042 24.377548 47.201487
 397.200000 0.243594 22.937420 47.201487
 397.400000 0.255043 20.290128 47.201487
 397.600000 0.224990 27.294469 47.201487
 397.800000 0.232989 25.734675 47.201487
 398.000000 0.240969 23.642532 47.201487
 398.200000 0.258651 19.920100 47.201487
 398.400000 0.266277 18.384555 47.201487
 398.600000 0.263596 18.932014 47.201487
 398.800000 0.256846 20.294335 47.201487
 399.000000 0.264453 18.759539 47.201487
 399.200000 0.271555 17.870149 47.201487
 399.400000 0.270469 18.154513 47.201487
 399.600000 0.260750 20.233305 47.201487
 399.800000 0.273940 17.197719 47.201487
 400.000000 0.269397 18.422168 47.179499
 400.200000 0.276218 17.187893 47.179499
 400.400000 0.297891 8.289698 47.179499
 400.600000 0.300547 7.294444 47.179499
 400.800000 0.270352 18.952979 47.179499
 401.000000 0.258524 21.239560 47.179499
 401.200000 0.294610 9.638658 47.179499
 401.400000 0.309107 4.554829 47.179499
 401.600000 0.322007 1.762194 47.179499
 401.800000 0.319761 2.136569 47.179499
 402.000000 0.309589 4.422086 47.179499
 402.200000 0.292360 11.340147 47.179499
 402.400000 0.307194 6.524013 47.179499
 402.600000 0.322853 2.604353 47.179499
 402.800000 0.314944 4.447194 47.179499
 403.000000 0.290042 12.231375 47.179499
 403.200000 0.288064 14.020697 47.179499
 403.400000 0.306544 7.261468 47.179499
 403.600000 0.299830 9.553184 47.179499
 403.800000 0.301458 8.977423 47.179499
 404.000000 0.311652 5.661414 47.179499
 404.200000 0.300467 10.355537 47.179499
 404.400000 0.273626 19.126336 47.179499
 404.600000 0.291897 13.092150 47.179499
 404.800000 0.288309 14.328278 47.179499
 405.000000 0.295799 11.806838 47.156853
 405.200000 0.308714 8.613404 47.156853
 405.400000 0.315314 6.359900 47.156853
 405.600000 0.314110 6.770480 47.156853
 405.800000 0.311360 7.712022 47.156853
 406.000000 0.314814 6.530041 47.156853
 406.200000 0.297020 13.096015 47.156853
 406.400000 0.300335 12.203614 47.156853
 406.600000 0.307009 10.330947 47.156853
 406.800000 0.311429 8.963763 47.156853
 407.000000 0.313613 8.244644 47.156853
 407.200000 0.272525 19.774514 47.156853
 407.400000 0.276579 18.838076 47.156853
 407.600000 0.277382 18.640108 47.156853
 407.800000 0.286713 16.213163 47.156853
 408.000000 0.284233 16.861295 47.156853
 408.200000 0.274861 19.928045 47.156853
 408.400000 0.266675 21.311711 47.156853
 408.600000 0.267021 21.264296 47.156853
 408.800000 0.261670 21.918452 47.156853
 409.000000 0.274274 20.046912 47.156853
 409.200000 0.293874 15.434551 47.156853
 409.400000 0.309422 11.010207 47.156853
 409.600000 0.318663 7.713824 47.156853
 409.800000 0.329145 3.827841 47.156853
 410.000000 0.329870 3.594875 47.134700
 410.200000 0.317073 9.358743 47.134700
 410.400000 0.324722 6.789592 47.134700
 410.600000 0.322371 7.592509 47.134700
 410.800000 0.312613 10.717067 47.134700
 411.000000 0.324363 6.912057 47.134700
 411.200000 0.328348 6.816535 47.134700
 411.400000 0.338572 3.519484 47.134700
 411.600000 0.344192 2.152382 47.134700
 411.800000 0.329222 6.512804 47.134700
 412.000000 0.332022 5.552470 47.134700
 412.200000 0.351084 1.631020 47.134700
 412.400000 0.348522 2.120116 47.134700
 412.600000 0.338087 4.914544 47.134700
 412.800000 0.346035 2.675171 47.134700
 413.000000 0.350234 1.783965 47.134700
 413.200000 0.344078 4.650170 47.134700
 413.400000 0.358206 2.092289 47.134700
 413.600000 0.353132 2.886348 47.134700
 413.800000 0.344650 4.524899 47.134700
 414.000000 0.356828 2.294921 47.134700
 414.200000 0.384116 0.423289 47.134700
 414.400000 0.396332 0.057581 47.134700
 414.600000 0.376304 1.057859 47.134700
 414.800000 0.373608 1.369911 47.134700
 415.000000 0.385208 0.364935 47.112315
 415.200000 0.380495 2.306940 47.112315
 415.400000 0.365524 3.247100 47.112315
 415.600000 0.392479 1.649023 47.112315
 415.800000 0.412749 0.316409 47.112315
 416.000000 0.422600 0.073844 47.112315
 416.200000 0.437969 1.030837 47.112315
 416.400000 0.436363 1.145639 47.112315
 416.600000 0.429271 1.599447 47.112315
 416.800000 0.415106 1.772543 47.112315
 417.000000 0.420266 1.832267 47.112315
 417.200000 0.426517 3.199725 47.112315
 417.400000 0.431437 2.698975 47.112315
 417.600000 0.444789 1.003375 47.112315
 417.800000 0.453931 0.320986 47.112315
 418.000000 0.441045 1.433115 47.112315
 418.200000 0.428559 4.178743 47.112315
 418.400000 0.428378 4.184816 47.112315
 418.600000 0.420316 4.075001 47.112315
 418.800000 0.398254 2.254093 47.112315
 419.000000 0.386044 2.246849 47.112315
 419.200000 0.406759 3.411660 47.112315
 419.400000 0.406837 3.414571 47.112315
 419.600000 0.415208 3.904620 47.112315
 419.800000 0.427495 4.240872 47.112315
 420.000000 0.417812 4.065839 47.090792
