#! FIELDS time d metad.bias metad.rct
 0.000000 0.110644 0.000000 0.000000
 0.200000 0.098053 0.000000 0.000000
 0.400000 0.103131 0.000000 0.000000
 0.600000 0.083009 0.000000 0.000000
 0.800000 0.068765 0.000000 0.000000
 1.000000 0.092877 0.000000 0.000000
 1.200000 0.115399 0.564589 0.000000
 1.400000 0.107269 1.103192 0.000000
 1.600000 0.108540 1.013086 0.000000
 1.800000 0.102464 1.426061 0.000000
 2.000000 0.121588 0.277359 0.000000
 2.200000 0.128897 1.629350 0.000000
 2.400000 0.104963 2.197678 0.000000
 2.600000 0.095019 2.089626 0.000000
 2.800000 0.115786 2.146512 0.000000
 3.000000 0.099965 2.174154 0.000000
 3.200000 0.111097 3.393180 0.000000
 3.400000 0.097448 3.707666 0.000000
 3.600000 0.081523 2.103214 0.000000
 3.800000 0.077051 1.511840 0.000000
 4.000000 0.074121 1.164943 0.000000
 4.200000 0.069620 2.315443 0.000000
 4.400000 0.082835 3.685254 0.000000
 4.600000 0.087252 3.993563 0.000000
 4.800000 0.084220 3.793738 0.000000
 5.000000 0.064015 1.682445 1.227731
 5.200000 0.072198 4.009302 1.227731
 5.400000 0.079251 4.331427 1.227731
 5.600000 0.055186 2.198756 1.227731
 5.800000 0.059607 2.780056 1.227731
 6.000000 0.059458 2.761051 1.227731
 6.200000 0.091513 4.628101 1.227731
 6.400000 0.094865 4.506984 1.227731
 6.600000 0.074702 5.071548 1.227731
 6.800000 0.075289 5.063185 1.227731
 7.000000 0.076409 5.043441 1.227731
 7.200000 0.078319 6.387608 1.227731
 7.400000 0.080366 6.298074 1.227731
 7.600000 0.073319 6.453134 1.227731
 7.800000 0.081927 6.211492 1.227731
 8.000000 0.073490 6.455195 1.227731
 8.200000 0.084764 7.011549 1.227731
 8.400000 0.082387 7.283930 1.227731
 8.600000 0.076604 7.721951 1.227731
 8.800000 0.070303 7.641448 1.227731
 9.000000 0.078557 7.618510 1.227731
 9.200000 0.104491 4.650241 1.227731
 9.400000 0.112599 3.564270 1.227731
 9.600000 0.096972 5.929576 1.227731
 9.800000 0.086087 7.943957 1.227731
 10.000000 0.070084 8.688089 4.226079
 10.200000 0.067952 9.575311 4.226079
 10.400000 0.063085 8.474605 4.226079
 10.600000 0.057976 6.874251 4.226079
 10.800000 0.061143 7.905089 4.226079
 11.000000 0.036920 1.118254 4.226079
 11.200000 0.060756 8.253915 4.226079
 11.400000 0.063960 9.035171 4.226079
 11.600000 0.079595 9.784260 4.226079
 11.800000 0.085579 8.728432 4.226079
 12.000000 0.109725 3.949898 4.226079
 12.200000 0.119605 3.993759 4.226079
 12.400000 0.109068 5.505663 4.226079
 12.600000 0.122128 3.597268 4.226079
 12.800000 0.134421 1.719236 4.226079
 13.000000 0.126770 2.856178 4.226079
 13.200000 0.113722 5.921544 4.226079
 13.400000 0.086047 9.084779 4.226079
 13.600000 0.102343 6.812567 4.226079
 13.800000 0.089480 8.514756 4.226079
 14.000000 0.089679 8.481997 4.226079
 14.200000 0.095824 8.652085 4.226079
 14.400000 0.103423 7.502461 4.226079
 14.600000 0.095193 8.756526 4.226079
 14.800000 0.107675 6.957706 4.226079
 15.000000 0.117730 5.771727 5.680961
 15.200000 0.118844 6.979562 5.680961
 15.400000 0.078431 11.039328 5.680961
 15.600000 0.051113 5.628040 5.680961
 15.800000 0.064266 9.397939 5.680961
 16.000000 0.080941 10.909950 5.680961
 16.200000 0.083967 11.689537 5.680961
 16.400000 0.099999 9.143058 5.680961
 16.600000 0.103504 8.699494 5.680961
 16.800000 0.111372 7.894728 5.680961
 17.000000 0.096226 9.708352 5.680961
 17.200000 0.105123 9.470880 5.680961
 17.400000 0.114269 8.144885 5.680961
 17.600000 0.115197 7.999973 5.680961
 17.800000 0.082605 12.593241 5.680961
 18.000000 0.081797 12.632524 5.680961
 18.200000 0.103833 9.997465 5.680961
 18.400000 0.119640 7.278212 5.680961
 18.600000 0.121408 6.926677 5.680961
 18.800000 0.113969 8.289107 5.680961
 19.000000 0.107148 9.417095 5.680961
 19.200000 0.121503 7.634101 5.680961
 19.400000 0.124644 6.811664 5.680961
 19.600000 0.130278 5.232674 5.680961
 19.800000 0.129869 5.348943 5.680961
 20.000000 0.140996 2.439262 8.323305
 20.200000 0.111110 10.083954 8.323305
 20.400000 0.114070 9.617248 8.323305
 20.600000 0.121796 8.250125 8.323305
 20.800000 0.119111 8.755521 8.323305
 21.000000 0.101319 11.576218 8.323305
 21.200000 0.107577 11.580496 8.323305
 21.400000 0.117249 9.679194 8.323305
 21.600000 0.124968 7.909324 8.323305
 21.800000 0.107336 11.623367 8.323305
 22.000000 0.095353 13.467834 8.323305
 22.200000 0.097139 14.185266 8.323305
 22.400000 0.099770 13.775580 8.323305
 22.600000 0.109357 11.878537 8.323305
 22.800000 0.120060 9.304592 8.323305
 23.000000 0.097498 14.132831 8.323305
 23.200000 0.098145 14.967161 8.323305
 23.400000 0.093842 15.514413 8.323305
 23.600000 0.093148 15.578343 8.323305
 23.800000 0.102871 14.097907 8.323305
 24.000000 0.127298 7.568195 8.323305
 24.200000 0.121120 10.450963 8.323305
 24.400000 0.104503 14.134792 8.323305
 24.600000 0.088267 15.859661 8.323305
 24.800000 0.088871 15.854559 8.323305
 25.000000 0.116355 11.608435 10.808329
 25.200000 0.133841 7.474678 10.808329
 25.400000 0.146781 3.502655 10.808329
 25.600000 0.121717 11.278433 10.808329
 25.800000 0.133104 7.720612 10.808329
 26.000000 0.135024 7.080555 10.808329
 26.200000 0.121664 12.150915 10.808329
 26.400000 0.117856 12.952721 10.808329
 26.600000 0.120369 12.436867 10.808329
 26.800000 0.130562 9.784857 10.808329
 27.000000 0.120859 12.330408 10.808329
 27.200000 0.119873 13.550821 10.808329
 27.400000 0.115615 14.325139 10.808329
 27.600000 0.118377 13.846418 10.808329
 27.800000 0.115548 14.335792 10.808329
 28.000000 0.118629 13.798537 10.808329
 28.200000 0.113086 15.580532 10.808329
 28.400000 0.121844 14.043189 10.808329
 28.600000 0.146011 5.103171 10.808329
 28.800000 0.156108 2.150362 10.808329
 29.000000 0.146820 4.813912 10.808329
 29.200000 0.147564 5.965194 10.808329
 29.400000 0.121445 14.475490 10.808329
 29.600000 0.107462 16.106807 10.808329
 29.800000 0.109440 15.987185 10.808329
 30.000000 0.115773 15.392773 12.244283
 30.200000 0.119292 15.732056 12.244283
 30.400000 0.113537 16.517812 12.244283
 30.600000 0.122145 15.137045 12.244283
 30.800000 0.143311 7.658549 12.244283
 31.000000 0.145728 6.733623 12.244283
 31.200000 0.109239 16.867046 12.244283
 31.400000 0.123077 15.324842 12.244283
 31.600000 0.148537 6.983572 12.244283
 31.800000 0.146830 7.617241 12.244283
 32.000000 0.124951 14.911036 12.244283
 32.200000 0.137844 11.581096 12.244283
 32.400000 0.111005 17.381710 12.244283
 32.600000 0.083541 15.998428 12.244283
 32.800000 0.100268 17.129475 12.244283
 33.000000 0.103783 17.266328 12.244283
 33.200000 0.089735 17.097828 12.244283
 33.400000 0.105098 18.116638 12.244283
 33.600000 0.127229 15.470653 12.244283
 33.800000 0.129664 14.702174 12.244283
 34.000000 0.110411 18.122046 12.244283
 34.200000 0.115886 18.502515 12.244283
 34.400000 0.120320 17.767778 12.244283
 34.600000 0.105962 18.882348 12.244283
 34.800000 0.096861 18.223669 12.244283
 35.000000 0.120897 17.643820 14.421902
 35.200000 0.125427 17.217794 14.421902
 35.400000 0.124054 17.634502 14.421902
 35.600000 0.130287 15.471590 14.421902
 35.800000 0.124826 17.404838 14.421902
 36.000000 0.112805 19.481216 14.421902
 36.200000 0.107306 20.131416 14.421902
 36.400000 0.080762 16.058733 14.421902
 36.600000 0.086410 17.147830 14.421902
 36.800000 0.110969 20.254642 14.421902
 37.000000 0.114145 20.139933 14.421902
 37.200000 0.099505 19.699769 14.421902
 37.400000 0.083836 16.769957 14.421902
 37.600000 0.074422 14.484006 14.421902
 37.800000 0.060960 9.554602 14.421902
 38.000000 0.060266 9.275722 14.421902
 38.200000 0.054298 8.062231 14.421902
 38.400000 0.079167 16.270708 14.421902
 38.600000 0.075136 15.399379 14.421902
 38.800000 0.077847 16.004921 14.421902
 39.000000 0.087925 17.773019 14.421902
 39.200000 0.096817 19.941385 14.421902
 39.400000 0.089200 18.770766 14.421902
 39.600000 0.088919 18.725907 14.421902
 39.800000 0.064888 12.476508 14.421902
 40.000000 0.053370 7.764300 16.050859
 40.200000 0.067766 14.362777 16.050859
 40.400000 0.062572 12.562439 16.050859
 40.600000 0.068793 14.684477 16.050859
 40.800000 0.071157 15.375657 16.050859
 41.000000 0.056353 10.163472 16.050859
 41.200000 0.063886 14.022942 16.050859
 41.400000 0.067003 14.980535 16.050859
 41.600000 0.075887 17.025287 16.050859
 41.800000 0.074252 16.718733 16.050859
 42.000000 0.098973 20.277649 16.050859
 42.200000 0.079544 17.931074 16.050859
 42.400000 0.065985 14.743635 16.050859
 42.600000 0.078123 17.673408 16.050859
 42.800000 0.067813 15.289318 16.050859
 43.000000 0.064620 14.309904 16.050859
 43.200000 0.076550 18.047186 16.050859
 43.400000 0.082958 18.949579 16.050859
 43.600000 0.080494 18.625017 16.050859
 43.800000 0.102747 21.463451 16.050859
 44.000000 0.113238 21.551870 16.050859
 44.200000 0.115533 21.918619 16.050859
 44.400000 0.097532 21.257546 16.050859
 44.600000 0.072142 17.253259 16.050859
 44.800000 0.098955 21.475561 16.050859
 45.000000 0.098558 21.415664 17.769657
 45.200000 0.102162 22.572599 17.769657
 45.400000 0.128839 17.476954 17.769657
 45.600000 0.129474 17.163314 17.769657
 45.800000 0.121773 20.536193 17.769657
 46.000000 0.133083 15.316162 17.769657
 46.200000 0.148709 7.998944 17.769657
 46.400000 0.130250 17.643673 17.769657
 46.600000 0.127400 18.992123 17.769657
 46.800000 0.122552 20.938877 17.769657
 47.000000 0.136408 14.429647 17.769657
 47.200000 0.114854 23.145629 17.769657
 47.400000 0.147847 9.102236 17.769657
 47.600000 0.149608 8.198281 17.769657
 47.800000 0.167590 1.705361 17.769657
 48.000000 0.164582 2.386268 17.769657
 48.200000 0.159073 5.539121 17.769657
 48.400000 0.145806 10.902568 17.769657
 48.600000 0.158804 5.626026 17.769657
 48.800000 0.155800 6.659706 17.769657
 49.000000 0.151016 8.544334 17.769657
 49.200000 0.143723 12.977997 17.769657
 49.400000 0.178661 1.593777 17.769657
 49.600000 0.168863 3.563147 17.769657
 49.800000 0.155347 7.972563 17.769657
 50.000000 0.157706 7.073118 18.333119
 50.200000 0.142365 14.359672 18.333119
 50.400000 0.140508 15.125083 18.333119
 50.600000 0.140094 15.296622 18.333119
 50.800000 0.143164 14.032311 18.333119
 51.000000 0.146368 12.734397 18.333119
 51.200000 0.151375 11.695194 18.333119
 51.400000 0.139903 16.279855 18.333119
 51.600000 0.144961 14.289316 18.333119
 51.800000 0.129603 20.070914 18.333119
 52.000000 0.147277 13.361126 18.333119
 52.200000 0.156889 10.215492 18.333119
 52.400000 0.169127 5.096690 18.333119
 52.600000 0.152707 12.052546 18.333119
 52.800000 0.132440 19.675868 18.333119
 53.000000 0.117502 23.195039 18.333119
 53.200000 0.102790 23.239046 18.333119
 53.400000 0.097303 22.227734 18.333119
 53.600000 0.091503 21.061228 18.333119
 53.800000 0.078590 18.701215 18.333119
 54.000000 0.089506 20.670084 18.333119
 54.200000 0.101760 23.565167 18.333119
 54.400000 0.101617 23.544304 18.333119
 54.600000 0.081088 19.739474 18.333119
 54.800000 0.069186 16.941706 18.333119
 55.000000 0.071048 17.467152 19.471357
 55.200000 0.058532 13.654678 19.471357
 55.400000 0.057947 13.388112 19.471357
 55.600000 0.082678 20.645886 19.471357
 55.800000 0.082862 20.676010 19.471357
 56.000000 0.094904 22.623380 19.471357
 56.200000 0.069061 17.845449 19.471357
 56.400000 0.073253 19.056222 19.471357
 56.600000 0.076010 19.731640 19.471357
 56.800000 0.066091 16.830895 19.471357
 57.000000 0.050499 9.893133 19.471357
 57.200000 0.053035 12.203364 19.471357
 57.400000 0.054344 12.807712 19.471357
 57.600000 0.067218 17.835885 19.471357
 57.800000 0.057450 14.198166 19.471357
 58.000000 0.061403 15.828539 19.471357
 58.200000 0.061170 16.602377 19.471357
 58.400000 0.047052 9.967780 19.471357
 58.600000 0.041089 7.190694 19.471357
 58.800000 0.069411 19.213225 19.471357
 59.000000 0.045037 8.992151 19.471357
 59.200000 0.028679 3.596144 19.471357
 59.400000 0.036504 6.349389 19.471357
 59.600000 0.044095 9.717260 19.471357
 59.800000 0.054466 14.602114 19.471357
 60.000000 0.047404 11.298894 19.994530
 60.200000 0.045259 11.317293 19.994530
 60.400000 0.043171 10.299056 19.994530
 60.600000 0.040499 9.008685 19.994530
 60.800000 0.057615 16.770233 19.994530
 61.000000 0.078077 21.090716 19.994530
 61.200000 0.083365 22.370988 19.994530
 61.400000 0.060099 17.952267 19.994530
 61.600000 0.068182 20.209483 19.994530
 61.800000 0.053979 15.534074 19.994530
 62.000000 0.042413 9.969672 19.994530
 62.200000 0.057670 17.728737 19.994530
 62.400000 0.049259 14.357828 19.994530
 62.600000 0.036674 8.294111 19.994530
 62.800000 0.050543 14.930430 19.994530
 63.000000 0.047561 13.575591 19.994530
 63.200000 0.062887 19.861156 19.994530
 63.400000 0.060332 19.246042 19.994530
 63.600000 0.087603 22.882022 19.994530
 63.800000 0.079767 22.113089 19.994530
 64.000000 0.063438 19.980423 19.994530
 64.200000 0.077756 22.383542 19.994530
 64.400000 0.080861 22.578801 19.994530
 64.600000 0.065804 21.152961 19.994530
 64.800000 0.077483 22.366063 19.994530
 65.000000 0.063616 20.736526 20.533969
 65.200000 0.055109 18.854269 20.533969
 65.400000 0.048603 15.873028 20.533969
 65.600000 0.055001 18.811308 20.533969
 65.800000 0.040445 11.408635 20.533969
 66.000000 0.062819 21.258179 20.533969
 66.200000 0.080222 23.259876 20.533969
 66.400000 0.077798 23.241943 20.533969
 66.600000 0.090366 23.597252 20.533969
 66.800000 0.072563 23.133496 20.533969
 67.000000 0.039984 11.361260 20.533969
 67.200000 0.057582 20.937036 20.533969
 67.400000 0.064199 22.510937 20.533969
 67.600000 0.037965 11.237640 20.533969
 67.800000 0.059107 21.391707 20.533969
 68.000000 0.080037 23.286269 20.533969
 68.200000 0.062531 22.523649 20.533969
 68.400000 0.083749 23.924817 20.533969
 68.600000 0.085618 23.949600 20.533969
 68.800000 0.073153 23.803677 20.533969
 69.000000 0.054982 20.187789 20.533969
 69.200000 0.078770 24.104028 20.533969
 69.400000 0.066609 23.783536 20.533969
 69.600000 0.038834 12.155864 20.533969
 69.800000 0.051078 19.179316 20.533969
 70.000000 0.052482 19.838707 21.299365
 70.200000 0.037094 11.515744 21.299365
 70.400000 0.042441 14.947177 21.299365
 70.600000 0.052142 20.406052 21.299365
 70.800000 0.063832 23.936342 21.299365
 71.000000 0.071210 24.433951 21.299365
 71.200000 0.048204 18.579204 21.299365
 71.400000 0.037048 11.529345 21.299365
 71.600000 0.037017 11.509203 21.299365
 71.800000 0.040891 14.033796 21.299365
 72.000000 0.052099 20.647203 21.299365
 72.200000 0.045671 17.713486 21.299365
 72.400000 0.082117 24.697492 21.299365
 72.600000 0.087647 24.467965 21.299365
 72.800000 0.070523 25.343118 21.299365
 73.000000 0.075291 25.153787 21.299365
 73.200000 0.070470 25.885578 21.299365
 73.400000 0.059401 24.421320 21.299365
 73.600000 0.067466 25.790946 21.299365
 73.800000 0.059815 24.537751 21.299365
 74.000000 0.061834 25.029852 21.299365
 74.200000 0.099396 24.902664 21.299365
 74.400000 0.115312 24.525937 21.299365
 74.600000 0.131098 20.558849 21.299365
 74.800000 0.129149 21.214963 21.299365
 75.000000 0.102988 24.990690 22.594780
 75.200000 0.090160 25.287244 22.594780
 75.400000 0.073378 26.331110 22.594780
 75.600000 0.102542 25.555730 22.594780
 75.800000 0.083167 25.582112 22.594780
 76.000000 0.075773 26.176483 22.594780
 76.200000 0.090829 25.610907 22.594780
 76.400000 0.098035 25.595471 22.594780
 76.600000 0.073194 26.877895 22.594780
 76.800000 0.042030 15.660689 22.594780
 77.000000 0.048112 19.785850 22.594780
 77.200000 0.052023 22.797657 22.594780
 77.400000 0.046936 19.749627 22.594780
 77.600000 0.031535 8.880244 22.594780
 77.800000 0.050217 21.791969 22.594780
 78.000000 0.071088 27.159226 22.594780
 78.200000 0.082891 26.519582 22.594780
 78.400000 0.087463 26.061888 22.594780
 78.600000 0.096057 25.703304 22.594780
 78.800000 0.083021 26.504587 22.594780
 79.000000 0.052765 23.430427 22.594780
 79.200000 0.043547 18.025148 22.594780
 79.400000 0.035804 12.149718 22.594780
 79.600000 0.047059 20.547940 22.594780
 79.800000 0.047202 20.646044 22.594780
 80.000000 0.045790 19.660469 23.819354
 80.200000 0.034254 11.556677 23.819354
 80.400000 0.030580 8.926788 23.819354
 80.600000 0.035554 12.541514 23.819354
 80.800000 0.061698 27.777004 23.819354
 81.000000 0.090671 25.879977 23.819354
 81.200000 0.071463 28.360717 23.819354
 81.400000 0.059954 27.474225 23.819354
 81.600000 0.075009 28.056635 23.819354
 81.800000 0.081562 27.272934 23.819354
 82.000000 0.090008 26.471697 23.819354
 82.200000 0.089077 27.070178 23.819354
 82.400000 0.057862 26.920308 23.819354
 82.600000 0.049001 22.572917 23.819354
 82.800000 0.031065 9.257945 23.819354
 83.000000 0.032399 10.196299 23.819354
 83.200000 0.040837 17.616090 23.819354
 83.400000 0.035678 13.721751 23.819354
 83.600000 0.032208 11.170384 23.819354
 83.800000 0.055340 26.303641 23.819354
 84.000000 0.086598 27.256983 23.819354
 84.200000 0.076775 28.654691 23.819354
 84.400000 0.096301 27.140023 23.819354
 84.600000 0.095685 27.172396 23.819354
 84.800000 0.081290 28.251712 23.819354
 85.000000 0.079229 28.442822 25.136276
 85.200000 0.095028 27.490231 25.136276
 85.400000 0.091526 27.766576 25.136276
 85.600000 0.085309 28.339664 25.136276
 85.800000 0.109915 26.216794 25.136276
 86.000000 0.095932 27.424077 25.136276
 86.200000 0.086776 28.624194 25.136276
 86.400000 0.092924 28.157167 25.136276
 86.600000 0.094837 28.018839 25.136276
 86.800000 0.091640 28.252101 25.136276
 87.000000 0.095129 27.997827 25.136276
 87.200000 0.090128 28.840440 25.136276
 87.400000 0.084235 29.212978 25.136276
 87.600000 0.087032 29.038487 25.136276
 87.800000 0.082218 29.334417 25.136276
 88.000000 0.093679 28.602665 25.136276
 88.200000 0.115911 25.783199 25.136276
 88.400000 0.104859 27.967356 25.136276
 88.600000 0.076793 29.864628 25.136276
 88.800000 0.095439 28.964275 25.136276
 89.000000 0.068405 29.653749 25.136276
 89.200000 0.081351 30.055065 25.136276
 89.400000 0.075941 30.287870 25.136276
 89.600000 0.062258 29.178114 25.136276
 89.800000 0.074275 30.315206 25.136276
 90.000000 0.078725 30.189518 26.610937
 90.200000 0.081461 30.497331 26.610937
 90.400000 0.105055 28.059131 26.610937
 90.600000 0.095948 29.245950 26.610937
 90.800000 0.075385 30.744844 26.610937
 91.000000 0.070756 30.660581 26.610937
 91.200000 0.086953 30.344072 26.610937
 91.400000 0.097658 29.144114 26.610937
 91.600000 0.082833 30.730244 26.610937
 91.800000 0.082291 30.776057 26.610937
 92.000000 0.091394 29.877076 26.610937
 92.200000 0.091392 30.339659 26.610937
 92.400000 0.095880 29.804654 26.610937
 92.600000 0.082720 31.131018 26.610937
 92.800000 0.085474 30.916958 26.610937
 93.000000 0.069964 31.223899 26.610937
 93.200000 0.083958 31.321328 26.610937
 93.400000 0.098365 29.541132 26.610937
 93.600000 0.097482 29.672347 26.610937
 93.800000 0.104498 28.526533 26.610937
 94.000000 0.097223 29.710197 26.610937
 94.200000 0.093614 30.662209 26.610937
 94.400000 0.094753 30.516754 26.610937
 94.600000 0.085442 31.517050 26.610937
 94.800000 0.076158 31.999009 26.610937
 95.000000 0.085226 31.535055 28.112524
 95.200000 0.091226 31.343237 28.112524
 95.400000 0.100016 30.009023 28.112524
 95.600000 0.100608 29.900725 28.112524
 95.800000 0.120934 24.574746 28.112524
 96.000000 0.123650 23.616773 28.112524
 96.200000 0.140489 17.491685 28.112524
 96.400000 0.155006 11.142452 28.112524
 96.600000 0.170240 4.703274 28.112524
 96.800000 0.168843 5.206842 28.112524
 97.000000 0.158103 9.734005 28.112524
 97.200000 0.159668 10.155563 28.112524
 97.400000 0.153145 13.060675 28.112524
 97.600000 0.156192 11.727802 28.112524
 97.800000 0.171584 5.001475 28.112524
 98.000000 0.172851 4.535216 28.112524
 98.200000 0.167970 7.803562 28.112524
 98.400000 0.176471 4.727470 28.112524
 98.600000 0.154560 13.126862 28.112524
 98.800000 0.155175 12.891328 28.112524
 99.000000 0.162338 10.053248 28.112524
 99.200000 0.153600 14.434702 28.112524
 99.400000 0.148777 16.008213 28.112524
 99.600000 0.136077 20.019773 28.112524
 99.800000 0.139419 18.923617 28.112524
 100.000000 0.131105 21.733524 28.168063
 100.200000 0.113159 27.818624 28.168063
 100.400000 0.114415 27.525485 28.168063
 100.600000 0.124800 24.562983 28.168063
 100.800000 0.125425 24.356826 28.168063
 101.000000 0.132344 21.960930 28.168063
 101.200000 0.134504 21.850824 28.168063
 101.400000 0.154999 14.346063 28.168063
 101.600000 0.132831 22.446492 28.168063
 101.800000 0.119556 26.637033 28.168063
 102.000000 0.131732 22.834358 28.168063
 102.200000 0.150582 16.319254 28.168063
 102.400000 0.162979 11.132290 28.168063
 102.600000 0.160366 12.268677 28.168063
 102.800000 0.154638 14.683825 28.168063
 103.000000 0.169705 8.198867 28.168063
 103.200000 0.175295 7.042872 28.168063
 103.400000 0.184040 3.774864 28.168063
 103.600000 0.176865 6.400571 28.168063
 103.800000 0.179741 5.276431 28.168063
 104.000000 0.185778 3.241690 28.168063
 104.200000 0.165021 11.973881 28.168063
 104.400000 0.158766 14.183220 28.168063
 104.600000 0.168129 10.843118 28.168063
 104.800000 0.182195 5.861746 28.168063
 105.000000 0.173916 8.725757 28.201147
 105.200000 0.176158 9.093485 28.201147
 105.400000 0.176468 8.979513 28.201147
 105.600000 0.178626 8.183532 28.201147
 105.800000 0.186429 5.404679 28.201147
 106.000000 0.188039 4.877870 28.201147
 106.200000 0.168746 12.349447 28.201147
 106.400000 0.157987 15.312207 28.201147
 106.600000 0.151328 17.148609 28.201147
 106.800000 0.149334 17.726255 28.201147
 107.000000 0.143496 19.530344 28.201147
 107.200000 0.173356 11.085849 28.201147
 107.400000 0.184294 7.516302 28.201147
 107.600000 0.195390 4.059017 28.201147
 107.800000 0.177507 9.751270 28.201147
 108.000000 0.167019 13.054993 28.201147
 108.200000 0.155405 17.271908 28.201147
 108.400000 0.172472 12.281225 28.201147
 108.600000 0.171815 12.501842 28.201147
 108.800000 0.157405 16.742203 28.201147
 109.000000 0.151304 18.359898 28.201147
 109.200000 0.156550 17.695399 28.201147
 109.400000 0.158476 17.145249 28.201147
 109.600000 0.144630 20.916980 28.201147
 109.800000 0.155087 18.103815 28.201147
 110.000000 0.148052 20.000722 28.197107
 110.200000 0.158886 17.578955 28.197107
 110.400000 0.137999 23.304868 28.197107
 110.600000 0.142094 22.267036 28.197107
 110.800000 0.131412 24.936157 28.197107
 111.000000 0.115353 28.225261 28.197107
 111.200000 0.132498 24.930382 28.197107
 111.400000 0.148873 20.538911 28.197107
 111.600000 0.143847 21.899325 28.197107
 111.800000 0.134317 24.447257 28.197107
 112.000000 0.149385 20.397382 28.197107
 112.200000 0.139200 23.701900 28.197107
 112.400000 0.122549 27.508271 28.197107
 112.600000 0.112281 29.223530 28.197107
 112.800000 0.138940 23.764746 28.197107
 113.000000 0.149223 21.147620 28.197107
 113.200000 0.157703 19.145797 28.197107
 113.400000 0.148817 21.941079 28.197107
 113.600000 0.155760 19.823100 28.197107
 113.800000 0.178025 10.801839 28.197107
 114.000000 0.203554 2.148359 28.197107
 114.200000 0.211088 2.349880 28.197107
 114.400000 0.215966 1.626072 28.197107
 114.600000 0.196512 5.330801 28.197107
 114.800000 0.180458 10.263657 28.197107
 115.000000 0.204484 3.550445 28.313342
 115.200000 0.223277 1.503713 28.313342
 115.400000 0.213381 3.244362 28.313342
 115.600000 0.201372 5.661102 28.313342
 115.800000 0.188331 8.437341 28.313342
 116.000000 0.180306 10.724704 28.313342
 116.200000 0.163690 17.523518 28.313342
 116.400000 0.187571 9.593035 28.313342
 116.600000 0.214219 3.160784 28.313342
 116.800000 0.177022 12.894890 28.313342
 117.000000 0.170094 15.286065 28.313342
 117.200000 0.154324 21.056181 28.313342
 117.400000 0.183198 11.499215 28.313342
 117.600000 0.188283 9.814915 28.313342
 117.800000 0.197157 7.246631 28.313342
 118.000000 0.191101 8.949066 28.313342
 118.200000 0.194255 9.185886 28.313342
 118.400000 0.178968 13.836103 28.313342
 118.600000 0.176785 14.520765 28.313342
 118.800000 0.186333 11.559708 28.313342
 119.000000 0.192019 9.849915 28.313342
 119.200000 0.205686 6.588739 28.313342
 119.400000 0.207898 5.859437 28.313342
 119.600000 0.203951 7.165374 28.313342
 119.800000 0.190033 11.561552 28.313342
 120.000000 0.169735 17.095099 28.276891
 120.200000 0.177478 15.723007 28.276891
 120.400000 0.202161 7.837708 28.276891
 120.600000 0.212031 4.563491 28.276891
 120.800000 0.211590 4.699505 28.276891
 121.000000 0.210722 4.971385 28.276891
 121.200000 0.184103 14.028004 28.276891
 121.400000 0.181595 14.711415 28.276891
 121.600000 0.169236 18.075494 28.276891
 121.800000 0.150499 22.404484 28.276891
 122.000000 0.161392 20.059367 28.276891
 122.200000 0.152297 22.647335 28.276891
 122.400000 0.135364 25.352713 28.276891
 122.600000 0.136123 25.223314 28.276891
 122.800000 0.167315 19.241666 28.276891
 123.000000 0.175082 16.969524 28.276891
 123.200000 0.169756 19.321635 28.276891
 123.400000 0.167196 19.990019 28.276891
 123.600000 0.184284 14.881729 28.276891
 123.800000 0.214461 5.226729 28.276891
 124.000000 0.199584 10.025889 28.276891
 124.200000 0.164769 20.651085 28.276891
 124.400000 0.132640 25.845717 28.276891
 124.600000 0.148418 23.461867 28.276891
 124.800000 0.150201 23.212975 28.276891
 125.000000 0.159902 21.646698 28.255897
 125.200000 0.152776 23.436079 28.255897
 125.400000 0.172387 19.273371 28.255897
 125.600000 0.173539 18.939140 28.255897
 125.800000 0.159077 22.466422 28.255897
 126.000000 0.164595 21.324599 28.255897
 126.200000 0.181319 16.971349 28.255897
 126.400000 0.177177 18.332654 28.255897
 126.600000 0.179961 17.416433 28.255897
 126.800000 0.192147 13.551665 28.255897
 127.000000 0.186468 15.313552 28.255897
 127.200000 0.189377 15.273549 28.255897
 127.400000 0.192691 14.195835 28.255897
 127.600000 0.213606 6.391451 28.255897
 127.800000 0.201130 11.244110 28.255897
 128.000000 0.189943 15.091734 28.255897
 128.200000 0.187105 16.874488 28.255897
 128.400000 0.202795 11.238396 28.255897
 128.600000 0.222903 3.298091 28.255897
 128.800000 0.220225 4.147657 28.255897
 129.000000 0.210551 7.930338 28.255897
 129.200000 0.214276 7.565777 28.255897
 129.400000 0.215502 7.047346 28.255897
 129.600000 0.218371 5.868405 28.255897
 129.800000 0.216983 6.431171 28.255897
 130.000000 0.201715 12.715446 28.228388
 130.200000 0.200178 14.257503 28.228388
 130.400000 0.182087 18.968839 28.228388
 130.600000 0.201909 13.637302 28.228388
 130.800000 0.226747 3.207969 28.228388
 131.000000 0.235175 1.235252 28.228388
 131.200000 0.209157 10.995736 28.228388
 131.400000 0.199040 14.731153 28.228388
 131.600000 0.178524 19.749560 28.228388
 131.800000 0.177446 19.985518 28.228388
 132.000000 0.184682 18.398401 28.228388
 132.200000 0.187807 18.454760 28.228388
 132.400000 0.173450 21.431672 28.228388
 132.600000 0.151448 24.218960 28.228388
 132.800000 0.127372 26.898668 28.228388
 133.000000 0.105083 30.138435 28.228388
 133.200000 0.122294 27.999659 28.228388
 133.400000 0.127599 27.007646 28.228388
 133.600000 0.122300 27.998587 28.228388
 133.800000 0.137130 25.473675 28.228388
 134.000000 0.124431 27.600662 28.228388
 134.200000 0.130325 26.990248 28.228388
 134.400000 0.122165 28.529548 28.228388
 134.600000 0.101477 31.146359 28.228388
 134.800000 0.093964 31.737154 28.228388
 135.000000 0.107427 30.585621 28.696922
 135.200000 0.125309 28.166365 28.696922
 135.400000 0.135995 26.076347 28.696922
 135.600000 0.149260 24.513634 28.696922
 135.800000 0.142730 25.142411 28.696922
 136.000000 0.135033 26.239443 28.696922
 136.200000 0.134226 26.924654 28.696922
 136.400000 0.151069 24.666166 28.696922
 136.600000 0.158271 23.851376 28.696922
 136.800000 0.197310 15.804225 28.696922
 137.000000 0.221160 6.330961 28.696922
 137.200000 0.231010 4.712184 28.696922
 137.400000 0.224075 6.682500 28.696922
 137.600000 0.220472 7.890535 28.696922
 137.800000 0.242744 2.331343 28.696922
 138.000000 0.241217 2.584343 28.696922
 138.200000 0.223549 7.628982 28.696922
 138.400000 0.218304 9.152579 28.696922
 138.600000 0.214872 10.289401 28.696922
 138.800000 0.205873 13.472240 28.696922
 139.000000 0.186510 18.847763 28.696922
 139.200000 0.192952 18.047011 28.696922
 139.400000 0.222774 7.874904 28.696922
 139.600000 0.236690 4.919912 28.696922
 139.800000 0.217049 9.651523 28.696922
 140.000000 0.195772 17.246144 28.724258
 140.200000 0.192104 19.060593 28.724258
 140.400000 0.205240 14.701253 28.724258
 140.600000 0.227639 6.744678 28.724258
 140.800000 0.242642 3.904987 28.724258
 141.000000 0.229529 6.318169 28.724258
 141.200000 0.206748 14.505841 28.724258
 141.400000 0.209305 13.567000 28.724258
 141.600000 0.223761 8.974556 28.724258
 141.800000 0.211463 12.782700 28.724258
 142.000000 0.220341 9.890376 28.724258
 142.200000 0.219793 11.173482 28.724258
 142.400000 0.234170 7.388152 28.724258
 142.600000 0.220113 11.082025 28.724258
 142.800000 0.214096 12.889604 28.724258
 143.000000 0.219631 11.220275 28.724258
 143.200000 0.217342 12.941803 28.724258
 143.400000 0.222584 11.432092 28.724258
 143.600000 0.205755 16.261152 28.724258
 143.800000 0.216522 13.178721 28.724258
 144.000000 0.233272 8.319661 28.724258
 144.200000 0.251142 3.760354 28.724258
 144.400000 0.236736 8.454522 28.724258
 144.600000 0.209579 15.529708 28.724258
 144.800000 0.216213 13.899907 28.724258
 145.000000 0.219386 13.138498 28.684501
 145.200000 0.220319 13.887756 28.684501
 145.400000 0.208303 16.590253 28.684501
 145.600000 0.213633 15.432052 28.684501
 145.800000 0.204267 17.436040 28.684501
 146.000000 0.204608 17.365888 28.684501
 146.200000 0.213162 16.222162 28.684501
 146.400000 0.218894 14.742724 28.684501
 146.600000 0.229116 11.709544 28.684501
 146.800000 0.241594 7.211347 28.684501
 147.000000 0.248385 4.759664 28.684501
 147.200000 0.253986 4.362041 28.684501
 147.400000 0.258763 3.024172 28.684501
 147.600000 0.276782 0.379212 28.684501
 147.800000 0.280394 0.213863 28.684501
 148.000000 0.244417 7.529255 28.684501
 148.200000 0.211470 16.809865 28.684501
 148.400000 0.201997 18.721592 28.684501
 148.600000 0.196187 19.703271 28.684501
 148.800000 0.200516 18.988522 28.684501
 149.000000 0.227053 13.523750 28.684501
 149.200000 0.230003 13.810570 28.684501
 149.400000 0.222816 15.339289 28.684501
 149.600000 0.214905 16.769171 28.684501
 149.800000 0.222066 15.481879 28.684501
 150.000000 0.249100 7.450156 28.646697
 150.200000 0.243032 10.947439 28.646697
 150.400000 0.221863 15.759609 28.646697
 150.600000 0.187616 20.857269 28.646697
 150.800000 0.161598 23.674496 28.646697
 151.000000 0.146164 25.223727 28.646697
 151.200000 0.157643 24.505343 28.646697
 151.400000 0.161344 24.041968 28.646697
 151.600000 0.165980 23.431000 28.646697
 151.800000 0.143452 26.097922 28.646697
 152.000000 0.128053 28.356623 28.646697
 152.200000 0.140861 26.753558 28.646697
 152.400000 0.139750 26.916615 28.646697
 152.600000 0.149573 25.597431 28.646697
 152.800000 0.146799 25.948992 28.646697
 153.000000 0.156527 24.721039 28.646697
 153.200000 0.130672 28.532239 28.646697
 153.400000 0.112332 30.962213 28.646697
 153.600000 0.116129 30.591177 28.646697
 153.800000 0.117673 30.418355 28.646697
 154.000000 0.130373 28.579468 28.646697
 154.200000 0.151329 26.109765 28.646697
 154.400000 0.157131 25.322718 28.646697
 154.600000 0.157915 25.208805 28.646697
 154.800000 0.154029 25.754763 28.646697
 155.000000 0.154871 25.640418 28.903870
 155.200000 0.145305 27.336063 28.903870
 155.400000 0.131872 29.003173 28.903870
 155.600000 0.147321 27.114097 28.903870
 155.800000 0.141141 27.801946 28.903870
 156.000000 0.149366 26.883769 28.903870
 156.200000 0.136115 28.779968 28.903870
 156.400000 0.126355 29.938635 28.903870
 156.600000 0.143908 27.983866 28.903870
 156.800000 0.143120 28.061037 28.903870
 157.000000 0.131149 29.357899 28.903870
 157.200000 0.124754 30.558268 28.903870
 157.400000 0.131536 29.783972 28.903870
 157.600000 0.136707 29.157096 28.903870
 157.800000 0.113062 31.414021 28.903870
 158.000000 0.098342 31.968375 28.903870
 158.200000 0.121551 30.988555 28.903870
 158.400000 0.140830 28.678343 28.903870
 158.600000 0.128635 30.184838 28.903870
 158.800000 0.113181 31.666368 28.903870
 159.000000 0.134904 29.394730 28.903870
 159.200000 0.131891 30.237519 28.903870
 159.400000 0.148330 28.090641 28.903870
 159.600000 0.127576 30.733770 28.903870
 159.800000 0.146060 28.417090 28.903870
 160.000000 0.140290 29.184841 29.458974
 160.200000 0.118107 31.715430 29.458974
 160.400000 0.122981 31.430007 29.458974
 160.600000 0.124510 31.319756 29.458974
 160.800000 0.112579 31.945847 29.458974
 161.000000 0.106329 32.160640 29.458974
 161.200000 0.111646 32.371695 29.458974
 161.400000 0.123260 31.631167 29.458974
 161.600000 0.121249 31.797315 29.458974
 161.800000 0.126695 31.309007 29.458974
 162.000000 0.110684 32.414104 29.458974
 162.200000 0.135083 30.469097 29.458974
 162.400000 0.131055 31.002852 29.458974
 162.600000 0.120321 32.204092 29.458974
 162.800000 0.127301 31.470651 29.458974
 163.000000 0.117091 32.462602 29.458974
 163.200000 0.127058 31.829822 29.458974
 163.400000 0.139175 30.046743 29.458974
 163.600000 0.103987 33.306746 29.458974
 163.800000 0.093119 33.175584 29.458974
 164.000000 0.085449 33.022771 29.458974
 164.200000 0.082462 33.351315 29.458974
 164.400000 0.081837 33.332351 29.458974
 164.600000 0.094031 33.534258 29.458974
 164.800000 0.089545 33.492277 29.458974
 165.000000 0.086895 33.452254 30.508506
 165.200000 0.087662 33.858880 30.508506
 165.400000 0.088672 33.871878 30.508506
 165.600000 0.080401 33.641837 30.508506
 165.800000 0.073174 33.065024 30.508506
 166.000000 0.098489 33.836140 30.508506
 166.200000 0.124372 32.287292 30.508506
 166.400000 0.114406 33.399081 30.508506
 166.600000 0.095827 34.254186 30.508506
 166.800000 0.105832 33.977519 30.508506
 167.000000 0.097845 34.233956 30.508506
 167.200000 0.083814 34.259493 30.508506
 167.400000 0.071155 32.943669 30.508506
 167.600000 0.081552 34.108688 30.508506
 167.800000 0.092271 34.602772 30.508506
 168.000000 0.128370 31.766034 30.508506
 168.200000 0.102043 34.591537 30.508506
 168.400000 0.101752 34.599787 30.508506
 168.600000 0.118718 33.469010 30.508506
 168.800000 0.108070 34.329186 30.508506
 169.000000 0.097474 34.670057 30.508506
 169.200000 0.080500 34.228192 30.508506
 169.400000 0.104243 34.851797 30.508506
 169.600000 0.099956 35.009480 30.508506
 169.800000 0.085954 34.664490 30.508506
 170.000000 0.078246 34.003196 31.549183
 170.200000 0.097475 35.212362 31.549183
 170.400000 0.085959 35.001869 31.549183
 170.600000 0.075997 34.124597 31.549183
 170.800000 0.113593 34.181169 31.549183
 171.000000 0.096789 35.224379 31.549183
 171.200000 0.089574 35.485492 31.549183
 171.400000 0.120623 33.477306 31.549183
 171.600000 0.117025 33.960012 31.549183
 171.800000 0.111449 34.612072 31.549183
 172.000000 0.097686 35.571759 31.549183
 172.200000 0.132323 31.625125 31.549183
 172.400000 0.114907 34.407098 31.549183
 172.600000 0.115774 34.289814 31.549183
 172.800000 0.099972 35.854372 31.549183
 173.000000 0.110017 35.016181 31.549183
 173.200000 0.104273 35.924301 31.549183
 173.400000 0.085601 35.613917 31.549183
 173.600000 0.083661 35.416703 31.549183
 173.800000 0.109576 35.433731 31.549183
 174.000000 0.075611 34.355315 31.549183
 174.200000 0.086312 35.973915 31.549183
 174.400000 0.081288 35.498239 31.549183
 174.600000 0.112657 35.077998 31.549183
 174.800000 0.138334 30.621958 31.549183
 175.000000 0.095838 36.342653 32.680458
 175.200000 0.071014 33.957421 32.680458
 175.400000 0.074540 34.681869 32.680458
 175.600000 0.078482 35.332135 32.680458
 175.800000 0.083041 35.924601 32.680458
 176.000000 0.071105 33.977990 32.680458
 176.200000 0.059015 30.188457 32.680458
 176.400000 0.049718 24.697928 32.680458
 176.600000 0.050506 25.237874 32.680458
 176.800000 0.054614 27.838888 32.680458
 177.000000 0.049382 24.463854 32.680458
 177.200000 0.057295 29.837237 32.680458
 177.400000 0.054132 28.112962 32.680458
 177.600000 0.065645 33.184296 32.680458
 177.800000 0.064036 32.666122 32.680458
 178.000000 0.084797 36.402028 32.680458
 178.200000 0.086099 36.844280 32.680458
 178.400000 0.053250 27.623830 32.680458
 178.600000 0.030299 10.156304 32.680458
 178.800000 0.037135 15.445114 32.680458
 179.000000 0.027124 8.006921 32.680458
 179.200000 0.037039 16.351003 32.680458
 179.400000 0.037917 17.027744 32.680458
 179.600000 0.029072 10.510704 32.680458
 179.800000 0.045212 22.567443 32.680458
 180.000000 0.049266 25.401769 33.135693
 180.200000 0.046595 24.118887 33.135693
 180.400000 0.055724 29.776926 33.135693
 180.600000 0.047245 24.580683 33.135693
 180.800000 0.042839 21.319963 33.135693
 181.000000 0.034383 14.670943 33.135693
 181.200000 0.050443 27.246214 33.135693
 181.400000 0.038934 19.127624 33.135693
 181.600000 0.044196 23.087578 33.135693
 181.800000 0.031675 13.508937 33.135693
 182.000000 0.031037 13.031305 33.135693
 182.200000 0.025947 10.368030 33.135693
 182.400000 0.022824 8.348463 33.135693
 182.600000 0.040481 21.122815 33.135693
 182.800000 0.038414 19.591261 33.135693
 183.000000 0.056927 30.886687 33.135693
 183.200000 0.069084 34.990685 33.135693
 183.400000 0.078208 36.306970 33.135693
 183.600000 0.068809 34.936620 33.135693
 183.800000 0.064416 33.914413 33.135693
 184.000000 0.069570 35.083950 33.135693
 184.200000 0.062345 33.642359 33.135693
 184.400000 0.048200 26.854537 33.135693
 184.600000 0.056510 31.399594 33.135693
 184.800000 0.065806 34.627589 33.135693
 185.000000 0.070317 35.587328 33.544694
 185.200000 0.070298 35.942387 33.544694
 185.400000 0.072401 36.282188 33.544694
 185.600000 0.061903 33.805254 33.544694
 185.800000 0.062616 34.042482 33.544694
 186.000000 0.080278 37.080555 33.544694
 186.200000 0.088264 37.672908 33.544694
 186.400000 0.071518 36.430385 33.544694
 186.600000 0.086892 37.665207 33.544694
 186.800000 0.063196 34.401973 33.544694
 187.000000 0.045725 25.331473 33.544694
 187.200000 0.051720 29.713710 33.544694
 187.400000 0.039203 21.010098 33.544694
 187.600000 0.055391 31.642921 33.544694
 187.800000 0.038452 20.414916 33.544694
 188.000000 0.051525 29.602067 33.544694
 188.200000 0.050860 29.682959 33.544694
 188.400000 0.036869 19.439767 33.544694
 188.600000 0.045912 26.463897 33.544694
 188.800000 0.042201 23.715581 33.544694
 189.000000 0.057650 33.100042 33.544694
 189.200000 0.054183 31.894559 33.544694
 189.400000 0.046635 27.275063 33.544694
 189.600000 0.041000 22.994270 33.544694
 189.800000 0.031881 15.438266 33.544694
 190.000000 0.049009 28.885554 34.051307
 190.200000 0.039928 22.528270 34.051307
 190.400000 0.038367 21.216084 34.051307
 190.600000 0.055054 32.774888 34.051307
 190.800000 0.051265 30.764015 34.051307
 191.000000 0.041736 24.012557 34.051307
 191.200000 0.052811 32.092098 34.051307
 191.400000 0.053612 32.497502 34.051307
 191.600000 0.063563 36.017289 34.051307
 191.800000 0.057044 34.018374 34.051307
 192.000000 0.060106 35.092467 34.051307
 192.200000 0.067607 37.098995 34.051307
 192.400000 0.062610 36.151988 34.051307
 192.600000 0.078779 37.857234 34.051307
 192.800000 0.059106 35.135608 34.051307
 193.000000 0.076137 37.785877 34.051307
 193.200000 0.087271 38.102677 34.051307
 193.400000 0.098410 37.372529 34.051307
 193.600000 0.090640 37.965326 34.051307
 193.800000 0.097202 37.490807 34.051307
 194.000000 0.124214 33.328189 34.051307
 194.200000 0.155904 27.250171 34.051307
 194.400000 0.122174 34.104709 34.051307
 194.600000 0.104317 36.828592 34.051307
 194.800000 0.105433 36.689877 34.051307
 195.000000 0.116132 35.143570 34.615699
 195.200000 0.114023 35.839113 34.615699
 195.400000 0.098173 37.661933 34.615699
 195.600000 0.099506 37.556505 34.615699
 195.800000 0.090461 38.089136 34.615699
 196.000000 0.082716 38.228254 34.615699
 196.200000 0.094133 38.162413 34.615699
 196.400000 0.110914 36.341624 34.615699
 196.600000 0.115196 35.688536 34.615699
 196.800000 0.116300 35.507456 34.615699
 197.000000 0.121521 34.576912 34.615699
 197.200000 0.151428 28.301301 34.615699
 197.400000 0.147247 29.222731 34.615699
 197.600000 0.146478 29.391168 34.615699
 197.800000 0.142379 30.291888 34.615699
 198.000000 0.141952 30.386920 34.615699
 198.200000 0.146099 29.909094 34.615699
 198.400000 0.114341 36.241570 34.615699
 198.600000 0.106149 37.232077 34.615699
 198.800000 0.102589 37.590179 34.615699
 199.000000 0.112739 36.454889 34.615699
 199.200000 0.144256 30.361901 34.615699
 199.400000 0.156306 27.483440 34.615699
 199.600000 0.164959 25.271888 34.615699
 199.800000 0.149031 29.253340 34.615699
 200.000000 0.140755 31.165091 35.104579
 200.200000 0.142783 31.132083 35.104579
 200.400000 0.150791 29.184450 35.104579
 200.600000 0.125619 34.870855 35.104579
 200.800000 0.113772 36.748633 35.104579
 201.000000 0.116201 36.428627 35.104579
 201.200000 0.141944 31.406051 35.104579
 201.400000 0.157153 27.516076 35.104579
 201.600000 0.148365 29.827835 35.104579
 201.800000 0.136418 32.724195 35.104579
 202.000000 0.148679 29.748306 35.104579
 202.200000 0.140883 32.067231 35.104579
 202.400000 0.122927 35.786063 35.104579
 202.600000 0.104714 37.966823 35.104579
 202.800000 0.115457 36.914324 35.104579
 203.000000 0.127740 34.884438 35.104579
 203.200000 0.133880 33.946544 35.104579
 203.400000 0.129153 34.968486 35.104579
 203.600000 0.107188 37.918839 35.104579
 203.800000 0.111362 37.588578 35.104579
 204.000000 0.124396 35.884606 35.104579
 204.200000 0.126258 35.893581 35.104579
 204.400000 0.119668 36.980045 35.104579
 204.600000 0.133359 34.358580 35.104579
 204.800000 0.136430 33.623534 35.104579
 205.000000 0.140698 32.559193 35.458484
 205.200000 0.159026 27.628853 35.458484
 205.400000 0.169352 24.528923 35.458484
 205.600000 0.164738 25.850480 35.458484
 205.800000 0.156328 28.483191 35.458484
 206.000000 0.160165 27.268346 35.458484
 206.200000 0.171700 24.309245 35.458484
 206.400000 0.161991 27.210104 35.458484
 206.600000 0.150778 30.614010 35.458484
 206.800000 0.130811 35.348848 35.458484
 207.000000 0.145986 31.898432 35.458484
 207.200000 0.170529 24.738176 35.458484
 207.400000 0.163844 26.833421 35.458484
 207.600000 0.166387 26.004315 35.458484
 207.800000 0.174462 23.672427 35.458484
 208.000000 0.176897 23.089484 35.458484
 208.200000 0.166858 26.354105 35.458484
 208.400000 0.149170 31.583550 35.458484
 208.600000 0.125590 36.470852 35.458484
 208.800000 0.119405 37.264033 35.458484
 209.000000 0.097413 38.514235 35.458484
 209.200000 0.114668 37.855892 35.458484
 209.400000 0.164531 27.052319 35.458484
 209.600000 0.163126 27.481063 35.458484
 209.800000 0.154553 30.087781 35.458484
 210.000000 0.154396 30.133622 35.696549
 210.200000 0.169917 25.745196 35.696549
 210.400000 0.163958 27.599711 35.696549
 210.600000 0.165673 27.051612 35.696549
 210.800000 0.171210 25.369257 35.696549
 211.000000 0.171487 25.290086 35.696549
 211.200000 0.175167 24.844333 35.696549
 211.400000 0.174673 24.975713 35.696549
 211.600000 0.128853 36.098912 35.696549
 211.800000 0.120423 37.283595 35.696549
 212.000000 0.112245 38.065771 35.696549
 212.200000 0.130410 35.998418 35.696549
 212.400000 0.131887 35.730831 35.696549
 212.600000 0.109419 38.582262 35.696549
 212.800000 0.131205 35.855285 35.696549
 213.000000 0.139184 34.347931 35.696549
 213.200000 0.155469 30.809142 35.696549
 213.400000 0.170551 26.167601 35.696549
 213.600000 0.161112 29.091732 35.696549
 213.800000 0.159221 29.679796 35.696549
 214.000000 0.161576 28.946526 35.696549
 214.200000 0.157041 30.804074 35.696549
 214.400000 0.161006 29.606552 35.696549
 214.600000 0.131144 36.255206 35.696549
 214.800000 0.132048 36.108365 35.696549
 215.000000 0.143164 34.138665 35.957835
 215.200000 0.134028 36.097900 35.957835
 215.400000 0.110605 38.602645 35.957835
 215.600000 0.113287 38.443100 35.957835
 215.800000 0.115892 38.259769 35.957835
 216.000000 0.112876 38.469287 35.957835
 216.200000 0.144593 34.268811 35.957835
 216.400000 0.157736 30.841536 35.957835
 216.600000 0.151400 32.664954 35.957835
 216.800000 0.123815 37.739862 35.957835
 217.000000 0.111442 38.869495 35.957835
 217.200000 0.147194 33.716024 35.957835
 217.400000 0.189048 21.783115 35.957835
 217.600000 0.190253 21.531890 35.957835
 217.800000 0.167888 27.507879 35.957835
 218.000000 0.169491 26.983231 35.957835
 218.200000 0.173165 26.333730 35.957835
 218.400000 0.168014 27.989680 35.957835
 218.600000 0.154593 32.111671 35.957835
 218.800000 0.172382 26.581432 35.957835
 219.000000 0.171403 26.893322 35.957835
 219.200000 0.182945 23.894443 35.957835
 219.400000 0.166385 29.020900 35.957835
 219.600000 0.173405 26.782028 35.957835
 219.800000 0.191811 21.594125 35.957835
 220.000000 0.182123 24.127289 36.279097
 220.200000 0.188845 22.862499 36.279097
 220.400000 0.190184 22.506246 36.279097
 220.600000 0.161673 30.699872 36.279097
 220.800000 0.172061 27.687848 36.279097
 221.000000 0.175128 26.772400 36.279097
 221.200000 0.180824 25.591403 36.279097
 221.400000 0.177870 26.482073 36.279097
 221.600000 0.175071 27.320198 36.279097
 221.800000 0.165261 30.118213 36.279097
 222.000000 0.179224 26.073998 36.279097
 222.200000 0.202044 19.847851 36.279097
 222.400000 0.206749 18.696282 36.279097
 222.600000 0.225275 15.224133 36.279097
 222.800000 0.204347 19.268543 36.279097
 223.000000 0.194813 21.851790 36.279097
 223.200000 0.183019 25.947637 36.279097
 223.400000 0.182453 26.107556 36.279097
 223.600000 0.187471 24.668675 36.279097
 223.800000 0.186780 24.869669 36.279097
 224.000000 0.192810 23.103087 36.279097
 224.200000 0.210020 18.689146 36.279097
 224.400000 0.195917 22.801268 36.279097
 224.600000 0.205903 19.823758 36.279097
 224.800000 0.215456 17.356455 36.279097
 225.000000 0.203268 20.590229 36.260546
 225.200000 0.192835 24.269734 36.260546
 225.400000 0.202550 21.501516 36.260546
 225.600000 0.181963 26.980580 36.260546
 225.800000 0.179534 27.542375 36.260546
 226.000000 0.200910 21.983880 36.260546
 226.200000 0.199971 22.914305 36.260546
 226.400000 0.177971 28.102577 36.260546
 226.600000 0.160814 31.668158 36.260546
 226.800000 0.146886 34.279486 36.260546
 227.000000 0.165850 30.622865 36.260546
 227.200000 0.159504 32.343112 36.260546
 227.400000 0.169196 30.358490 36.260546
 227.600000 0.195747 24.149007 36.260546
 227.800000 0.212224 19.206746 36.260546
 228.000000 0.202802 22.099888 36.260546
 228.200000 0.176293 28.935897 36.260546
 228.400000 0.172902 29.639931 36.260546
 228.600000 0.180795 28.012588 36.260546
 228.800000 0.171875 29.853921 36.260546
 229.000000 0.154008 33.338366 36.260546
 229.200000 0.167592 31.004969 36.260546
 229.400000 0.185451 27.106081 36.260546
 229.600000 0.178557 28.573396 36.260546
 229.800000 0.183470 27.525532 36.260546
 230.000000 0.173127 29.768577 36.288345
 230.200000 0.184021 27.765774 36.288345
 230.400000 0.209211 20.742508 36.288345
 230.600000 0.225775 15.863856 36.288345
 230.800000 0.235199 13.445313 36.288345
 231.000000 0.241526 11.515374 36.288345
 231.200000 0.259638 5.127831 36.288345
 231.400000 0.240756 12.817185 36.288345
 231.600000 0.230156 15.552858 36.288345
 231.800000 0.234011 14.693480 36.288345
 232.000000 0.233306 14.858624 36.288345
 232.200000 0.228020 16.847497 36.288345
 232.400000 0.214761 19.582480 36.288345
 232.600000 0.223346 17.713252 36.288345
 232.800000 0.224665 17.466992 36.288345
 233.000000 0.220423 18.289391 36.288345
 233.200000 0.196717 24.899116 36.288345
 233.400000 0.184811 27.632600 36.288345
 233.600000 0.182530 28.137477 36.288345
 233.800000 0.206176 22.469949 36.288345
 234.000000 0.202129 23.531017 36.288345
 234.200000 0.201109 24.406557 36.288345
 234.400000 0.199764 24.744117 36.288345
 234.600000 0.200128 24.653919 36.288345
 234.800000 0.216416 20.313899 36.288345
 235.000000 0.204488 23.520249 36.259756
 235.200000 0.200620 25.124187 36.259756
 235.400000 0.199073 25.489200 36.259756
 235.600000 0.199688 25.346082 36.259756
 235.800000 0.198551 25.608452 36.259756
 236.000000 0.195636 26.235734 36.259756
 236.200000 0.213019 21.989816 36.259756
 236.400000 0.225454 18.540891 36.259756
 236.600000 0.214066 21.669876 36.259756
 236.800000 0.209461 23.092281 36.259756
 237.000000 0.208119 23.506937 36.259756
 237.200000 0.242867 13.168243 36.259756
 237.400000 0.255580 7.161848 36.259756
 237.600000 0.267074 2.698250 36.259756
 237.800000 0.266287 2.928412 36.259756
 238.000000 0.268042 2.431837 36.259756
 238.200000 0.263936 5.200788 36.259756
 238.400000 0.277397 2.027074 36.259756
 238.600000 0.281529 1.429884 36.259756
 238.800000 0.273853 2.661435 36.259756
 239.000000 0.268558 3.866723 36.259756
 239.200000 0.269635 5.063848 36.259756
 239.400000 0.266702 5.831623 36.259756
 239.600000 0.252295 10.465737 36.259756
 239.800000 0.221933 19.861684 36.259756
 240.000000 0.236130 16.031393 36.231665
 240.200000 0.263273 6.964277 36.231665
 240.400000 0.291952 0.919775 36.231665
 240.600000 0.295886 0.570756 36.231665
 240.800000 0.292045 0.910174 36.231665
 241.000000 0.289639 1.182293 36.231665
 241.200000 0.303402 1.279939 36.231665
 241.400000 0.303300 1.289888 36.231665
 241.600000 0.285258 3.392106 36.231665
 241.800000 0.314040 0.463027 36.231665
 242.000000 0.319703 0.222682 36.231665
 242.200000 0.293080 2.780198 36.231665
 242.400000 0.274379 4.960049 36.231665
 242.600000 0.267429 6.285329 36.231665
 242.800000 0.242906 14.657541 36.231665
 243.000000 0.248955 12.330171 36.231665
 243.200000 0.271562 5.768564 36.231665
 243.400000 0.271609 5.758397 36.231665
 243.600000 0.264563 7.561493 36.231665
 243.800000 0.249842 12.987912 36.231665
 244.000000 0.256724 10.251395 36.231665
 244.200000 0.273249 6.020896 36.231665
 244.400000 0.269427 7.029714 36.231665
 244.600000 0.253667 12.536199 36.231665
 244.800000 0.269146 7.109679 36.231665
 245.000000 0.257753 10.967792 36.200344
 245.200000 0.236389 18.352117 36.200344
 245.400000 0.243126 16.914552 36.200344
 245.600000 0.273144 6.679994 36.200344
 245.800000 0.289929 3.267385 36.200344
 246.000000 0.264654 9.463610 36.200344
 246.200000 0.251505 15.128785 36.200344
 246.400000 0.270614 8.503721 36.200344
 246.600000 0.274689 7.164724 36.200344
 246.800000 0.258998 12.639502 36.200344
 247.000000 0.270702 8.473544 36.200344
 247.200000 0.266917 10.961084 36.200344
 247.400000 0.262053 12.565707 36.200344
 247.600000 0.245532 17.063909 36.200344
 247.800000 0.247308 16.677644 36.200344
 248.000000 0.244116 17.351898 36.200344
 248.200000 0.253325 15.839058 36.200344
 248.400000 0.257863 14.397239 36.200344
 248.600000 0.275634 8.096857 36.200344
 248.800000 0.274956 8.330330 36.200344
 249.000000 0.266454 11.382506 36.200344
 249.200000 0.261944 14.005955 36.200344
 249.400000 0.266187 12.533235 36.200344
 249.600000 0.286153 5.371165 36.200344
 249.800000 0.285828 5.465275 36.200344
 250.000000 0.286678 5.222115 36.169578
 250.200000 0.277950 9.274640 36.169578
 250.400000 0.279903 8.648398 36.169578
 250.600000 0.275667 10.016523 36.169578
 250.800000 0.297448 4.087109 36.169578
 251.000000 0.305154 2.999870 36.169578
 251.200000 0.298722 5.261060 36.169578
 251.400000 0.296121 5.614010 36.169578
 251.600000 0.295387 5.721910 36.169578
 251.800000 0.321841 2.789067 36.169578
 252.000000 0.325741 2.325557 36.169578
 252.200000 0.315340 4.750474 36.169578
 252.400000 0.281581 8.581971 36.169578
 252.600000 0.254450 16.397895 36.169578
 252.800000 0.263470 13.936923 36.169578
 253.000000 0.283907 8.000882 36.169578
 253.200000 0.302978 5.801835 36.169578
 253.400000 0.299350 6.235237 36.169578
 253.600000 0.268383 13.174093 36.169578
 253.800000 0.280336 10.102801 36.169578
 254.000000 0.272074 12.219443 36.169578
 254.200000 0.281897 10.533733 36.169578
 254.400000 0.276737 11.984604 36.169578
 254.600000 0.300519 6.249843 36.169578
 254.800000 0.291051 8.096011 36.169578
 255.000000 0.284107 9.914101 36.139129
 255.200000 0.282614 11.451401 36.139129
 255.400000 0.263542 15.703704 36.139129
 255.600000 0.268447 14.795175 36.139129
 255.800000 0.271453 14.182970 36.139129
 256.000000 0.248830 18.125912 36.139129
 256.200000 0.262784 16.342894 36.139129
 256.400000 0.283070 11.382395 36.139129
 256.600000 0.276464 13.189866 36.139129
 256.800000 0.275427 13.456426 36.139129
 257.000000 0.277987 12.788701 36.139129
 257.200000 0.278302 13.694135 36.139129
 257.400000 0.277393 13.935775 36.139129
 257.600000 0.286020 11.396207 36.139129
 257.800000 0.287532 10.914296 36.139129
 258.000000 0.305447 6.241472 36.139129
 258.200000 0.304383 7.741656 36.139129
 258.400000 0.297851 8.994484 36.139129
 258.600000 0.286247 11.906921 36.139129
 258.800000 0.285970 11.981017 36.139129
 259.000000 0.303205 7.943588 36.139129
 259.200000 0.300774 9.604847 36.139129
 259.400000 0.288231 12.121072 36.139129
 259.600000 0.285384 12.743265 36.139129
 259.800000 0.281538 13.579090 36.139129
 260.000000 0.261630 17.165212 36.109676
 260.200000 0.266936 17.090908 36.109676
 260.400000 0.283466 13.443714 36.109676
 260.600000 0.291835 11.456861 36.109676
 260.800000 0.289283 12.041303 36.109676
 261.000000 0.287906 12.366058 36.109676
 261.200000 0.295992 11.435413 36.109676
 261.400000 0.294977 11.676676 36.109676
 261.600000 0.291050 12.621053 36.109676
 261.800000 0.288778 13.166936 36.109676
 262.000000 0.271261 16.801102 36.109676
 262.200000 0.284079 14.844231 36.109676
 262.400000 0.258359 19.178432 36.109676
 262.600000 0.244748 20.143990 36.109676
 262.800000 0.261533 18.878978 36.109676
 263.000000 0.260829 18.948788 36.109676
 263.200000 0.265658 19.138673 36.109676
 263.400000 0.250105 20.419342 36.109676
 263.600000 0.229753 20.624500 36.109676
 263.800000 0.252522 20.305877 36.109676
 264.000000 0.251433 20.360239 36.109676
 264.200000 0.221823 21.363468 36.109676
 264.400000 0.210688 23.682997 36.109676
 264.600000 0.232669 20.892908 36.109676
 264.800000 0.236638 21.005623 36.109676
 265.000000 0.258817 20.508867 36.081608
 265.200000 0.240417 21.459623 36.081608
 265.400000 0.262037 20.813666 36.081608
 265.600000 0.261133 20.937676 36.081608
 265.800000 0.243008 21.590752 36.081608
 266.000000 0.244348 21.644436 36.081608
 266.200000 0.232751 21.543075 36.081608
 266.400000 0.217219 22.264269 36.081608
 266.600000 0.228629 21.363172 36.081608
 266.800000 0.231342 21.462096 36.081608
 267.000000 0.244332 22.311158 36.081608
 267.200000 0.249228 22.971256 36.081608
 267.400000 0.271510 19.202173 36.081608
 267.600000 0.294878 12.043640 36.081608
 267.800000 0.292443 12.746173 36.081608
 268.000000 0.286462 14.580711 36.081608
 268.200000 0.260572 21.945653 36.081608
 268.400000 0.262082 21.701987 36.081608
 268.600000 0.278585 17.888683 36.081608
 268.800000 0.296723 12.256022 36.081608
 269.000000 0.308130 9.091826 36.081608
 269.200000 0.309349 9.951419 36.081608
 269.400000 0.315032 8.479612 36.081608
 269.600000 0.320445 7.004852 36.081608
 269.800000 0.317695 7.762073 36.081608
 270.000000 0.309477 9.918912 36.053425
 270.200000 0.295156 14.252674 36.053425
 270.400000 0.290316 15.339068 36.053425
 270.600000 0.286272 16.295529 36.053425
 270.800000 0.266952 20.826943 36.053425
 271.000000 0.269859 20.222622 36.053425
 271.200000 0.275504 19.596073 36.053425
 271.400000 0.293756 14.759247 36.053425
 271.600000 0.315001 9.545307 36.053425
 271.800000 0.328994 5.120983 36.053425
 272.000000 0.338376 2.557653 36.053425
 272.200000 0.336119 4.639280 36.053425
 272.400000 0.335622 4.756947 36.053425
 272.600000 0.340131 3.731918 36.053425
 272.800000 0.331833 5.683116 36.053425
 273.000000 0.319373 8.906004 36.053425
 273.200000 0.321500 9.520445 36.053425
 273.400000 0.329781 7.127151 36.053425
 273.600000 0.334178 5.826359 36.053425
 273.800000 0.342430 3.609021 36.053425
 274.000000 0.344862 3.048463 36.053425
 274.200000 0.356871 2.155386 36.053425
 274.400000 0.349188 3.641202 36.053425
 274.600000 0.324874 9.201642 36.053425
 274.800000 0.336354 6.503258 36.053425
 275.000000 0.355948 2.316575 36.024526
 275.200000 0.352995 4.415931 36.024526
 275.400000 0.346760 5.468592 36.024526
 275.600000 0.334300 7.537784 36.024526
 275.800000 0.344968 5.759627 36.024526
 276.000000 0.337719 6.940379 36.024526
 276.200000 0.323337 10.512336 36.024526
 276.400000 0.312116 12.200249 36.024526
 276.600000 0.324984 10.255992 36.024526
 276.800000 0.337946 8.186626 36.024526
 277.000000 0.334496 8.757687 36.024526
 277.200000 0.339083 9.121894 36.024526
 277.400000 0.362655 3.238889 36.024526
 277.600000 0.369686 1.824830 36.024526
 277.800000 0.352577 5.845971 36.024526
 278.000000 0.354901 5.214548 36.024526
 278.200000 0.353679 6.928870 36.024526
 278.400000 0.350289 7.787689 36.024526
 278.600000 0.340218 9.752080 36.024526
 278.800000 0.351211 7.562235 36.024526
 279.000000 0.352459 7.247105 36.024526
 279.200000 0.334449 11.111146 36.024526
 279.400000 0.330810 11.319712 36.024526
 279.600000 0.337693 10.884247 36.024526
 279.800000 0.315159 12.369754 36.024526
 280.000000 0.298297 14.280387 35.996261
 280.200000 0.311467 13.330612 35.996261
 280.400000 0.316973 12.643543 35.996261
 280.600000 0.321170 12.184755 35.996261
 280.800000 0.329102 11.523560 35.996261
 281.000000 0.329985 11.462463 35.996261
 281.200000 0.325159 12.818288 35.996261
 281.400000 0.309858 13.969036 35.996261
 281.600000 0.315171 13.504050 35.996261
 281.800000 0.325821 12.778048 35.996261
 282.000000 0.338062 11.788737 35.996261
 282.200000 0.344283 11.787496 35.996261
 282.400000 0.345499 11.512320 35.996261
 282.600000 0.340425 12.501112 35.996261
 282.800000 0.312084 13.993941 35.996261
 283.000000 0.325782 13.520192 35.996261
 283.200000 0.351909 9.897349 35.996261
 283.400000 0.365240 4.933602 35.996261
 283.600000 0.372811 2.618054 35.996261
 283.800000 0.374683 2.171178 35.996261
 284.000000 0.359408 7.093524 35.996261
 284.200000 0.329854 14.517103 35.996261
 284.400000 0.333101 14.383329 35.996261
 284.600000 0.344904 12.872831 35.996261
 284.800000 0.347931 12.162852 35.996261
 285.000000 0.368893 4.768216 35.968452
 285.200000 0.385181 1.661203 35.968452
 285.400000 0.379378 2.911696 35.968452
 285.600000 0.391752 0.764982 35.968452
 285.800000 0.376131 3.804812 35.968452
 286.000000 0.382769 2.125966 35.968452
 286.200000 0.362885 8.989274 35.968452
 286.400000 0.371974 6.346416 35.968452
 286.600000 0.354272 11.384682 35.968452
 286.800000 0.329168 14.574360 35.968452
 287.000000 0.321269 14.583991 35.968452
 287.200000 0.318181 15.469092 35.968452
 287.400000 0.325435 15.478910 35.968452
 287.600000 0.313164 15.400147 35.968452
 287.800000 0.320972 15.496299 35.968452
 288.000000 0.315502 15.431551 35.968452
 288.200000 0.314742 16.299595 35.968452
 288.400000 0.322146 16.298308 35.968452
 288.600000 0.330031 15.879087 35.968452
 288.800000 0.322710 16.284687 35.968452
 289.000000 0.311455 16.231675 35.968452
 289.200000 0.308150 16.989293 35.968452
 289.400000 0.317647 17.112896 35.968452
 289.600000 0.323919 16.848524 35.968452
 289.800000 0.326528 16.640877 35.968452
 290.000000 0.334235 15.712202 35.941024
 290.200000 0.346010 14.185261 35.941024
 290.400000 0.352836 12.293645 35.941024
 290.600000 0.355324 11.539742 35.941024
 290.800000 0.353861 11.986263 35.941024
 291.000000 0.349131 13.357175 35.941024
 291.200000 0.334935 17.091458 35.941024
 291.400000 0.320270 17.755186 35.941024
 291.600000 0.322689 17.774847 35.941024
 291.800000 0.312114 17.431083 35.941024
 292.000000 0.306230 17.095170 35.941024
 292.200000 0.299100 17.612246 35.941024
 292.400000 0.293306 17.651887 35.941024
 292.600000 0.307743 17.990737 35.941024
 292.800000 0.320668 18.274949 35.941024
 293.000000 0.332048 17.567513 35.941024
 293.200000 0.332692 18.295926 35.941024
 293.400000 0.335638 17.902853 35.941024
 293.600000 0.350698 14.254101 35.941024
 293.800000 0.335530 17.919137 35.941024
 294.000000 0.292811 17.697828 35.941024
 294.200000 0.290708 18.602039 35.941024
 294.400000 0.309553 18.764406 35.941024
 294.600000 0.293008 18.485358 35.941024
 294.800000 0.292216 18.519715 35.941024
 295.000000 0.309761 18.772951 35.914287
 295.200000 0.304970 19.295394 35.914287
 295.400000 0.286020 19.212032 35.914287
 295.600000 0.302738 19.172856 35.914287
 295.800000 0.300319 19.052034 35.914287
 296.000000 0.281800 19.651949 35.914287
 296.200000 0.279662 20.652490 35.914287
 296.400000 0.301233 19.409403 35.914287
 296.600000 0.290533 19.560956 35.914287
 296.800000 0.273777 21.439579 35.914287
 297.000000 0.288113 19.728529 35.914287
 297.200000 0.305250 19.902235 35.914287
 297.400000 0.296093 20.001148 35.914287
 297.600000 0.290798 20.260778 35.914287
 297.800000 0.299523 19.923018 35.914287
 298.000000 0.298930 19.932254 35.914287
 298.200000 0.300054 20.634239 35.914287
 298.400000 0.299082 20.649862 35.914287
 298.600000 0.280383 21.529772 35.914287
 298.800000 0.281438 21.448079 35.914287
 299.000000 0.294125 20.761382 35.914287
 299.200000 0.293790 21.465562 35.914287
 299.400000 0.290068 21.583560 35.914287
 299.600000 0.280184 21.995700 35.914287
 299.800000 0.266706 22.790756 35.914287
 300.000000 0.275703 22.239403 35.888088
 300.200000 0.290169 21.987928 35.888088
 300.400000 0.280436 22.601060 35.888088
 300.600000 0.289145 22.049142 35.888088
 300.800000 0.304068 21.242800 35.888088
 301.000000 0.318411 20.288977 35.888088
 301.200000 0.313605 21.336879 35.888088
 301.400000 0.310582 21.486040 35.888088
 301.600000 0.306934 21.615881 35.888088
 301.800000 0.305315 21.660503 35.888088
 302.000000 0.285517 22.336337 35.888088
 302.200000 0.264510 23.659320 35.888088
 302.400000 0.250652 23.619877 35.888088
 302.600000 0.247553 23.488270 35.888088
 302.800000 0.257670 23.708907 35.888088
 303.000000 0.262084 23.686603 35.888088
 303.200000 0.280593 23.516217 35.888088
 303.400000 0.279269 23.605849 35.888088
 303.600000 0.277283 23.732439 35.888088
 303.800000 0.284814 23.214014 35.888088
 304.000000 0.294164 22.557848 35.888088
 304.200000 0.297922 22.950519 35.888088
 304.400000 0.300899 22.744754 35.888088
 304.600000 0.311097 21.953799 35.888088
 304.800000 0.317858 21.289022 35.888088
 305.000000 0.308430 22.179976 35.863311
 305.200000 0.309075 22.777622 35.863311
 305.400000 0.293598 23.633981 35.863311
 305.600000 0.300293 23.349806 35.863311
 305.800000 0.320167 21.504085 35.863311
 306.000000 0.328334 20.157633 35.863311
 306.200000 0.316934 22.477389 35.863311
 306.400000 0.302730 23.385341 35.863311
 306.600000 0.299469 23.500603 35.863311
 306.800000 0.308462 23.124554 35.863311
 307.000000 0.322097 21.870252 35.863311
 307.200000 0.346611 16.197258 35.863311
 307.400000 0.347744 15.788195 35.863311
 307.600000 0.375914 5.526930 35.863311
 307.800000 0.377343 5.131245 35.863311
 308.000000 0.373827 6.138658 35.863311
 308.200000 0.390228 3.086228 35.863311
 308.400000 0.392870 2.534231 35.863311
 308.600000 0.354053 13.959332 35.863311
 308.800000 0.350853 15.042614 35.863311
 309.000000 0.326627 21.814447 35.863311
 309.200000 0.325078 22.742750 35.863311
 309.400000 0.339513 19.126665 35.863311
 309.600000 0.339830 19.024823 35.863311
 309.800000 0.328553 22.099899 35.863311
 310.000000 0.343823 17.692406 35.838074
 310.200000 0.355887 14.008007 35.838074
 310.400000 0.359255 12.719580 35.838074
 310.600000 0.354918 14.380633 35.838074
 310.800000 0.361921 11.716680 35.838074
 311.000000 0.354970 14.360739 35.838074
 311.200000 0.331843 22.202733 35.838074
 311.400000 0.322581 23.482920 35.838074
 311.600000 0.345418 18.685470 35.838074
 311.800000 0.344482 18.983216 35.838074
 312.000000 0.345020 18.812946 35.838074
 312.200000 0.349346 18.087213 35.838074
 312.400000 0.336763 21.786625 35.838074
 312.600000 0.349946 17.865762 35.838074
 312.800000 0.343376 20.077023 35.838074
 313.000000 0.353506 16.486514 35.838074
 313.200000 0.334595 22.610622 35.838074
 313.400000 0.323456 23.782212 35.838074
 313.600000 0.316719 24.005145 35.838074
 313.800000 0.325871 23.624645 35.838074
 314.000000 0.313813 24.022592 35.838074
 314.200000 0.299739 24.241751 35.838074
 314.400000 0.290837 24.060049 35.838074
 314.600000 0.298355 24.199038 35.838074
 314.800000 0.314318 24.622015 35.838074
 315.000000 0.325538 24.091058 35.813737
 315.200000 0.321998 24.954421 35.813737
 315.400000 0.327903 24.430019 35.813737
 315.600000 0.334516 23.354288 35.813737
 315.800000 0.333948 23.466547 35.813737
 316.000000 0.326573 24.584373 35.813737
 316.200000 0.317118 25.576058 35.813737
 316.400000 0.316600 25.566454 35.813737
 316.600000 0.300597 24.548948 35.813737
 316.800000 0.326741 25.151369 35.813737
 317.000000 0.311931 25.370344 35.813737
 317.200000 0.293140 24.445428 35.813737
 317.400000 0.303997 25.283768 35.813737
 317.600000 0.294556 24.523540 35.813737
 317.800000 0.301246 25.030266 35.813737
 318.000000 0.292862 24.431425 35.813737
 318.200000 0.308967 26.056810 35.813737
 318.400000 0.311126 26.165113 35.813737
 318.600000 0.301009 25.517768 35.813737
 318.800000 0.311299 26.172532 35.813737
 319.000000 0.298126 25.323789 35.813737
 319.200000 0.299798 25.997759 35.813737
 319.400000 0.315576 26.562044 35.813737
 319.600000 0.307428 26.431868 35.813737
 319.800000 0.301728 26.118303 35.813737
 320.000000 0.323631 26.044583 35.792448
 320.200000 0.337681 23.609704 35.792448
 320.400000 0.329786 25.616703 35.792448
 320.600000 0.354595 17.160879 35.792448
 320.800000 0.392553 2.668565 35.792448
 321.000000 0.392127 2.760864 35.792448
 321.200000 0.363660 13.189322 35.792448
 321.400000 0.384386 6.116936 35.792448
 321.600000 0.384777 6.019341 35.792448
 321.800000 0.365378 12.450610 35.792448
 322.000000 0.364616 12.776040 35.792448
 322.200000 0.382594 7.057865 35.792448
 322.400000 0.392468 4.409080 35.792448
 322.600000 0.387068 5.783580 35.792448
 322.800000 0.383108 6.904502 35.792448
 323.000000 0.356531 17.223095 35.792448
 323.200000 0.368465 12.728384 35.792448
 323.400000 0.367039 13.369113 35.792448
 323.600000 0.357034 17.825140 35.792448
 323.800000 0.366680 13.531508 35.792448
 324.000000 0.373182 10.691884 35.792448
 324.200000 0.379447 9.288916 35.792448
 324.400000 0.381229 8.624025 35.792448
 324.600000 0.372671 11.990262 35.792448
 324.800000 0.369804 13.194969 35.792448
 325.000000 0.369359 13.383388 35.766381
 325.200000 0.373052 12.767632 35.766381
 325.400000 0.371215 13.555666 35.766381
 325.600000 0.369363 14.345822 35.766381
 325.800000 0.378212 10.571643 35.766381
 326.000000 0.394374 4.632082 35.766381
 326.200000 0.399608 4.543141 35.766381
 326.400000 0.376697 11.920106 35.766381
 326.600000 0.391524 6.923574 35.766381
 326.800000 0.397846 5.037569 35.766381
 327.000000 0.405584 3.010499 35.766381
 327.200000 0.383404 10.061389 35.766381
 327.400000 0.385209 9.552210 35.766381
 327.600000 0.391207 7.987197 35.766381
 327.800000 0.389874 8.321480 35.766381
 328.000000 0.373894 13.127203 35.766381
 328.200000 0.380955 11.661115 35.766381
 328.400000 0.372930 14.444338 35.766381
 328.600000 0.365771 16.955688 35.766381
 328.800000 0.378248 12.577652 35.766381
 329.000000 0.387999 9.429044 35.766381
 329.200000 0.375237 14.427838 35.766381
 329.400000 0.385717 11.263422 35.766381
 329.600000 0.394686 8.549996 35.766381
 329.800000 0.401971 6.305413 35.766381
 330.000000 0.401805 6.356049 35.740158
 330.200000 0.397137 9.049776 35.740158
 330.400000 0.396871 9.125077 35.740158
 330.600000 0.406530 6.200449 35.740158
 330.800000 0.407106 6.018876 35.740158
 331.000000 0.403771 7.067019 35.740158
 331.200000 0.401064 9.156672 35.740158
 331.400000 0.376924 14.498141 35.740158
 331.600000 0.369190 16.502564 35.740158
 331.800000 0.385428 12.678643 35.740158
 332.000000 0.393785 10.991948 35.740158
 332.200000 0.373612 15.750734 35.740158
 332.400000 0.346211 22.514623 35.740158
 332.600000 0.377232 15.007713 35.740158
 332.800000 0.397879 11.054062 35.740158
 333.000000 0.392674 12.301134 35.740158
 333.200000 0.380037 15.201425 35.740158
 333.400000 0.378454 15.421763 35.740158
 333.600000 0.370686 16.762949 35.740158
 333.800000 0.377488 15.563732 35.740158
 334.000000 0.401894 10.678145 35.740158
 334.200000 0.422957 3.062165 35.740158
 334.400000 0.411641 7.594085 35.740158
 334.600000 0.415605 5.823990 35.740158
 334.800000 0.401226 12.004177 35.740158
 335.000000 0.414922 6.120530 35.715148
 335.200000 0.413111 8.248803 35.715148
 335.400000 0.417986 6.138838 35.715148
 335.600000 0.412549 8.496337 35.715148
 335.800000 0.414174 7.780729 35.715148
 336.000000 0.404330 11.864772 35.715148
 336.200000 0.419500 6.137363 35.715148
 336.400000 0.421622 5.228431 35.715148
 336.600000 0.398919 14.474591 35.715148
 336.800000 0.406393 12.114154 35.715148
 337.000000 0.427042 3.246597 35.715148
 337.200000 0.420442 7.100831 35.715148
 337.400000 0.395271 15.287413 35.715148
 337.600000 0.386081 15.763739 35.715148
 337.800000 0.372775 16.651934 35.715148
 338.000000 0.361687 18.869749 35.715148
 338.200000 0.354691 21.224662 35.715148
 338.400000 0.349976 22.213947 35.715148
 338.600000 0.364534 18.955671 35.715148
 338.800000 0.371299 17.494447 35.715148
 339.000000 0.359965 20.029789 35.715148
 339.200000 0.372520 17.775489 35.715148
 339.400000 0.379290 16.680112 35.715148
 339.600000 0.374695 17.359137 35.715148
 339.800000 0.378830 16.735478 35.715148
 340.000000 0.350131 22.760490 35.691049
 340.200000 0.353039 22.846533 35.691049
 340.400000 0.354057 22.638818 35.691049
 340.600000 0.351955 23.058527 35.691049
 340.800000 0.327698 26.551283 35.691049
 341.000000 0.336520 25.450030 35.691049
 341.200000 0.331156 26.687916 35.691049
 341.400000 0.321092 27.365445 35.691049
 341.600000 0.333283 26.439109 35.691049
 341.800000 0.350788 23.634743 35.691049
 342.000000 0.353662 23.013072 35.691049
 342.200000 0.350882 24.232373 35.691049
 342.400000 0.351821 24.041472 35.691049
 342.600000 0.330248 26.969748 35.691049
 342.800000 0.345734 25.133928 35.691049
 343.000000 0.359780 22.052037 35.691049
 343.200000 0.346563 25.447664 35.691049
 343.400000 0.340084 26.188279 35.691049
 343.600000 0.343606 25.812577 35.691049
 343.800000 0.347991 25.247902 35.691049
 344.000000 0.353775 24.219801 35.691049
 344.200000 0.351612 25.238267 35.691049
 344.400000 0.346816 25.947729 35.691049
 344.600000 0.339948 26.590548 35.691049
 344.800000 0.337453 26.775971 35.691049
 345.000000 0.325135 27.449094 35.671420
 345.200000 0.312178 27.551403 35.671420
 345.400000 0.308683 27.226527 35.671420
 345.600000 0.321199 27.998390 35.671420
 345.800000 0.314863 27.754413 35.671420
 346.000000 0.293190 25.702813 35.671420
 346.200000 0.301391 26.943176 35.671420
 346.400000 0.324342 28.046220 35.671420
 346.600000 0.348687 25.854708 35.671420
 346.800000 0.375687 18.144803 35.671420
 347.000000 0.370288 19.737577 35.671420
 347.200000 0.360951 23.520445 35.671420
 347.400000 0.350694 25.825960 35.671420
 347.600000 0.351722 25.661759 35.671420
 347.800000 0.356518 24.704231 35.671420
 348.000000 0.349587 25.988894 35.671420
 348.200000 0.353400 25.896825 35.671420
 348.400000 0.343661 27.178443 35.671420
 348.600000 0.362263 23.505640 35.671420
 348.800000 0.372614 19.886274 35.671420
 349.000000 0.367805 21.558251 35.671420
 349.200000 0.367884 22.199878 35.671420
 349.400000 0.380818 18.169714 35.671420
 349.600000 0.364962 23.234518 35.671420
 349.800000 0.368411 22.010184 35.671420
 350.000000 0.383457 17.628129 35.650500
 350.200000 0.368227 22.552407 35.650500
 350.400000 0.383651 18.389899 35.650500
 350.600000 0.379457 19.259356 35.650500
 350.800000 0.362113 24.467838 35.650500
 351.000000 0.379846 19.170014 35.650500
 351.200000 0.359273 25.522564 35.650500
 351.400000 0.338369 27.671601 35.650500
 351.600000 0.325718 28.172831 35.650500
 351.800000 0.329151 28.076578 35.650500
 352.000000 0.343883 27.410742 35.650500
 352.200000 0.365946 23.952969 35.650500
 352.400000 0.372896 21.797162 35.650500
 352.600000 0.381152 19.649062 35.650500
 352.800000 0.390860 17.746679 35.650500
 353.000000 0.384379 18.981569 35.650500
 353.200000 0.387670 19.088516 35.650500
 353.400000 0.377446 21.204915 35.650500
 353.600000 0.376614 21.404055 35.650500
 353.800000 0.381011 20.412608 35.650500
 354.000000 0.373269 22.257417 35.650500
 354.200000 0.394712 17.750532 35.650500
 354.400000 0.393728 18.023242 35.650500
 354.600000 0.363465 25.505649 35.650500
 354.800000 0.360940 26.086199 35.650500
 355.000000 0.370593 23.631255 35.630261
 355.200000 0.333220 28.354279 35.630261
 355.400000 0.303951 27.181771 35.630261
 355.600000 0.309799 27.690310 35.630261
 355.800000 0.317693 28.223826 35.630261
 356.000000 0.297348 26.605385 35.630261
 356.200000 0.289929 26.472156 35.630261
 356.400000 0.299243 27.298743 35.630261
 356.600000 0.329837 28.456665 35.630261
 356.800000 0.326210 28.513334 35.630261
 357.000000 0.304981 27.743759 35.630261
 357.200000 0.308500 28.481752 35.630261
 357.400000 0.311919 28.649234 35.630261
 357.600000 0.302444 28.052805 35.630261
 357.800000 0.322226 28.780515 35.630261
 358.000000 0.321334 28.789745 35.630261
 358.200000 0.299349 27.946431 35.630261
 358.400000 0.281055 25.792863 35.630261
 358.600000 0.277622 25.454034 35.630261
 358.800000 0.314860 29.186385 35.630261
 359.000000 0.315887 29.220687 35.630261
 359.200000 0.286758 26.515293 35.630261
 359.400000 0.294643 27.579734 35.630261
 359.600000 0.320009 29.739604 35.630261
 359.800000 0.333429 29.052837 35.630261
 360.000000 0.325444 29.575501 35.620417
 360.200000 0.303612 28.891392 35.620417
 360.400000 0.308085 29.441205 35.620417
 360.600000 0.309380 29.580355 35.620417
 360.800000 0.311981 29.824433 35.620417
 361.000000 0.312005 29.826379 35.620417
 361.200000 0.304711 29.446614 35.620417
 361.400000 0.343365 28.729359 35.620417
 361.600000 0.357292 27.295891 35.620417
 361.800000 0.355225 27.604529 35.620417
 362.000000 0.336315 29.338021 35.620417
 362.200000 0.321802 30.836502 35.620417
 362.400000 0.328949 30.487361 35.620417
 362.600000 0.342196 29.258888 35.620417
 362.800000 0.348625 28.653038 35.620417
 363.000000 0.354767 27.888288 35.620417
 363.200000 0.343687 29.508736 35.620417
 363.400000 0.369352 24.941780 35.620417
 363.600000 0.352909 28.652406 35.620417
 363.800000 0.344673 29.437454 35.620417
 364.000000 0.346413 29.304830 35.620417
 364.200000 0.346465 29.775071 35.620417
 364.400000 0.360481 27.625976 35.620417
 364.600000 0.364938 26.428754 35.620417
 364.800000 0.372240 24.182573 35.620417
 365.000000 0.411023 11.408834 35.612081
 365.200000 0.394944 18.453317 35.612081
 365.400000 0.375771 23.164423 35.612081
 365.600000 0.364937 26.436357 35.612081
 365.800000 0.381979 21.506092 35.612081
 366.000000 0.397904 17.616231 35.612081
 366.200000 0.418854 9.083029 35.612081
 366.400000 0.441556 1.628469 35.612081
 366.600000 0.424142 6.665430 35.612081
 366.800000 0.428306 5.034965 35.612081
 367.000000 0.424977 6.316946 35.612081
 367.200000 0.438592 3.043996 35.612081
 367.400000 0.457322 0.351767 35.612081
 367.600000 0.441816 2.288418 35.612081
 367.800000 0.427158 6.763891 35.612081
 368.000000 0.421786 8.991545 35.612081
 368.200000 0.432172 5.864988 35.612081
 368.400000 0.423349 9.484333 35.612081
 368.600000 0.416073 12.658634 35.612081
 368.800000 0.432018 5.923273 35.612081
 369.000000 0.434992 4.839996 35.612081
 369.200000 0.418659 12.312036 35.612081
 369.400000 0.408347 16.091947 35.612081
 369.600000 0.431904 7.347665 35.612081
 369.800000 0.449212 2.166719 35.612081
 370.000000 0.429694 8.154282 35.587926
 370.200000 0.412881 15.132562 35.587926
 370.400000 0.418013 13.455914 35.587926
 370.600000 0.429280 9.523270 35.587926
 370.800000 0.448908 2.765007 35.587926
 371.000000 0.454057 1.628700 35.587926
 371.200000 0.452535 3.544010 35.587926
 371.400000 0.462148 1.984725 35.587926
 371.600000 0.459949 2.292777 35.587926
 371.800000 0.452572 3.536879 35.587926
 372.000000 0.449324 4.207234 35.587926
 372.200000 0.445446 6.520885 35.587926
 372.400000 0.444282 6.787194 35.587926
 372.600000 0.429552 10.456613 35.587926
 372.800000 0.427655 10.967158 35.587926
 373.000000 0.436275 8.711242 35.587926
 373.200000 0.439034 9.196732 35.587926
 373.400000 0.447872 6.857740 35.587926
 373.600000 0.448196 6.771374 35.587926
 373.800000 0.441353 8.592734 35.587926
 374.000000 0.436057 9.953244 35.587926
 374.200000 0.440828 9.798050 35.587926
 374.400000 0.446921 7.974731 35.587926
 374.600000 0.448665 7.434444 35.587926
 374.800000 0.445256 8.486537 35.587926
 375.000000 0.441179 9.697909 35.564187
 375.200000 0.451429 7.474455 35.564187
 375.400000 0.459377 4.773638 35.564187
 375.600000 0.459653 4.686352 35.564187
 375.800000 0.454735 6.319233 35.564187
 376.000000 0.440903 10.912563 35.564187
 376.200000 0.445396 10.564631 35.564187
 376.400000 0.464800 3.494877 35.564187
 376.600000 0.489307 0.147181 35.564187
 376.800000 0.472182 1.717609 35.564187
 377.000000 0.469507 2.269426 35.564187
 377.200000 0.460439 6.218516 35.564187
 377.400000 0.455608 7.712642 35.564187
 377.600000 0.463988 5.216548 35.564187
 377.800000 0.462551 5.611020 35.564187
 378.000000 0.467075 4.423201 35.564187
 378.200000 0.450153 10.256455 35.564187
 378.400000 0.448858 10.603001 35.564187
 378.600000 0.479190 3.050580 35.564187
 378.800000 0.470189 5.105322 35.564187
 379.000000 0.441684 12.384186 35.564187
 379.200000 0.432773 14.781756 35.564187
 379.400000 0.426150 15.217308 35.564187
 379.600000 0.429588 15.027733 35.564187
 379.800000 0.438298 14.059425 35.564187
 380.000000 0.438909 13.951907 35.541266
 380.200000 0.437005 15.200241 35.541266
 380.400000 0.435394 15.407166 35.541266
 380.600000 0.410317 17.054258 35.541266
 380.800000 0.401463 18.688693 35.541266
 381.000000 0.407171 17.601772 35.541266
 381.200000 0.420758 16.520643 35.541266
 381.400000 0.405253 18.755323 35.541266
 381.600000 0.385107 21.699765 35.541266
 381.800000 0.410343 17.831415 35.541266
 382.000000 0.421642 16.460210 35.541266
 382.200000 0.421547 17.306984 35.541266
 382.400000 0.414786 17.894021 35.541266
 382.600000 0.419869 17.423344 35.541266
 382.800000 0.428407 16.884958 35.541266
 383.000000 0.440873 14.930594 35.541266
 383.200000 0.432709 17.252645 35.541266
 383.400000 0.420803 17.723331 35.541266
 383.600000 0.422313 17.676266 35.541266
 383.800000 0.428980 17.498752 35.541266
 384.000000 0.427952 17.537543 35.541266
 384.200000 0.442035 16.030382 35.541266
 384.400000 0.446894 14.298370 35.541266
 384.600000 0.458527 9.537964 35.541266
 384.800000 0.474337 4.353112 35.541266
 385.000000 0.471491 5.142391 35.518830
 385.200000 0.471460 6.543008 35.518830
 385.400000 0.479526 4.279489 35.518830
 385.600000 0.484803 2.942267 35.518830
 385.800000 0.488627 2.111801 35.518830
 386.000000 0.468234 7.477422 35.518830
 386.200000 0.460644 10.899726 35.518830
 386.400000 0.449030 14.448305 35.518830
 386.600000 0.462096 10.486202 35.518830
 386.800000 0.453511 13.030790 35.518830
 387.000000 0.443293 16.167214 35.518830
 387.200000 0.415296 18.755333 35.518830
 387.400000 0.398741 20.278591 35.518830
 387.600000 0.404000 19.695628 35.518830
 387.800000 0.406397 19.431235 35.518830
 388.000000 0.392661 20.894691 35.518830
 388.200000 0.381705 22.816283 35.518830
 388.400000 0.380544 22.997948 35.518830
 388.600000 0.376127 23.827560 35.518830
 388.800000 0.375840 23.889047 35.518830
 389.000000 0.384445 22.441733 35.518830
 389.200000 0.371016 25.472163 35.518830
 389.400000 0.381058 23.543588 35.518830
 389.600000 0.409045 19.711902 35.518830
 389.800000 0.423397 18.888824 35.518830
 390.000000 0.426671 18.934024 35.497425
 390.200000 0.437547 18.864351 35.497425
 390.400000 0.430638 19.638868 35.497425
 390.600000 0.412938 19.741387 35.497425
 390.800000 0.398488 21.487906 35.497425
 391.000000 0.415426 19.611487 35.497425
 391.200000 0.412509 20.488267 35.497425
 391.400000 0.420986 20.254722 35.497425
 391.600000 0.413142 20.449987 35.497425
 391.800000 0.408779 20.779989 35.497425
 392.000000 0.420788 20.254897 35.497425
 392.200000 0.410053 21.218181 35.497425
 392.400000 0.379166 23.892806 35.497425
 392.600000 0.370838 25.522392 35.497425
 392.800000 0.379753 23.804646 35.497425
 393.000000 0.370220 25.665596 35.497425
 393.200000 0.357906 28.810798 35.497425
 393.400000 0.386925 23.283861 35.497425
 393.600000 0.395431 22.479351 35.497425
 393.800000 0.400462 22.019086 35.497425
 394.000000 0.377123 24.731334 35.497425
 394.200000 0.388506 23.552839 35.497425
 394.400000 0.392745 23.057774 35.497425
 394.600000 0.395779 22.715657 35.497425
 394.800000 0.390006 23.372405 35.497425
 395.000000 0.409725 21.307166 35.478660
 395.200000 0.421494 21.468192 35.478660
 395.400000 0.419686 21.520043 35.478660
 395.600000 0.400710 22.729496 35.478660
 395.800000 0.385186 24.164206 35.478660
 396.000000 0.402184 22.599878 35.478660
 396.200000 0.399920 23.430889 35.478660
 396.400000 0.406467 22.846341 35.478660
 396.600000 0.431150 20.936770 35.478660
 396.800000 0.398746 23.523270 35.478660
 397.000000 0.377552 25.463242 35.478660
 397.200000 0.381585 25.433085 35.478660
 397.400000 0.390173 24.500102 35.478660
 397.600000 0.394553 24.116840 35.478660
 397.800000 0.399142 23.691699 35.478660
 398.000000 0.387551 24.746223 35.478660
 398.200000 0.399762 24.047893 35.478660
 398.400000 0.400967 23.899152 35.478660
 398.600000 0.382046 25.915267 35.478660
 398.800000 0.389430 25.144151 35.478660
 399.000000 0.367473 28.078064 35.478660
 399.200000 0.380213 26.487209 35.478660
 399.400000 0.393364 24.872541 35.478660
 399.600000 0.396935 24.450557 35.478660
 399.800000 0.401268 23.900080 35.478660
 400.000000 0.416735 22.117582 35.462790
