#! FIELDS time d metad.bias metad.rct
 0.000000 0.110644 0.000000 0.000000
 0.200000 0.099733 0.000000 0.000000
 0.400000 0.109697 0.000000 0.000000
 0.600000 0.103713 0.000000 0.000000
 0.800000 0.094313 0.000000 0.000000
 1.000000 0.079982 0.000000 0.000000
 1.200000 0.103591 0.504733 0.000000
 1.400000 0.121353 0.035702 0.000000
 1.600000 0.116831 0.082399 0.000000
 1.800000 0.128091 0.006852 0.000000
 2.000000 0.151104 0.000000 0.000000
 2.200000 0.135127 0.990926 0.000000
 2.400000 0.120025 0.247909 0.000000
 2.600000 0.099771 0.732628 0.000000
 2.800000 0.090602 1.361274 0.000000
 3.000000 0.111877 0.233466 0.000000
 3.200000 0.105186 2.004341 0.000000
 3.400000 0.116554 1.856091 0.000000
 3.600000 0.132569 1.480971 0.000000
 3.800000 0.111100 1.976704 0.000000
 4.000000 0.089487 1.997269 0.000000
 4.200000 0.096136 3.426508 0.000000
 4.400000 0.121660 1.842684 0.000000
 4.600000 0.150378 1.808983 0.000000
 4.800000 0.151164 1.802833 0.000000
 5.000000 0.131982 1.504885 1.067496
 5.200000 0.127102 3.144687 1.067496
 5.400000 0.104333 3.278561 1.067496
 5.600000 0.097100 3.489408 1.067496
 5.800000 0.089971 3.624791 1.067496
 6.000000 0.081060 3.321216 1.067496
 6.200000 0.103346 3.802512 1.067496
 6.400000 0.113652 3.280724 1.067496
 6.600000 0.087038 4.992380 1.067496
 6.800000 0.099665 4.108604 1.067496
 7.000000 0.088469 4.955005 1.067496
 7.200000 0.093751 5.951227 1.067496
 7.400000 0.105308 4.408052 1.067496
 7.600000 0.106777 4.234206 1.067496
 7.800000 0.101259 4.945300 1.067496
 8.000000 0.091771 6.150647 1.067496
 8.200000 0.079334 6.790445 1.067496
 8.400000 0.066430 3.395415 1.067496
 8.600000 0.081915 7.234374 1.067496
 8.800000 0.112908 4.162932 1.067496
 9.000000 0.122836 3.417154 1.067496
 9.200000 0.102143 6.448316 1.067496
 9.400000 0.121935 4.956220 1.067496
 9.600000 0.121013 4.992520 1.067496
 9.800000 0.109613 5.612778 1.067496
 10.000000 0.100309 6.694936 3.474752
 10.200000 0.095088 8.582678 3.474752
 10.400000 0.102987 7.615833 3.474752
 10.600000 0.124748 5.181581 3.474752
 10.800000 0.141028 3.773163 3.474752
 11.000000 0.094952 8.593606 3.474752
 11.200000 0.092034 9.923353 3.474752
 11.400000 0.111207 7.145048 3.474752
 11.600000 0.126866 5.130396 3.474752
 11.800000 0.104095 8.445671 3.474752
 12.000000 0.125449 5.273265 3.474752
 12.200000 0.130228 6.117538 3.474752
 12.400000 0.110334 8.127446 3.474752
 12.600000 0.115297 7.596859 3.474752
 12.800000 0.135007 5.479295 3.474752
 13.000000 0.124832 6.719319 3.474752
 13.200000 0.096687 10.058334 3.474752
 13.400000 0.110749 8.912613 3.474752
 13.600000 0.107841 9.120462 3.474752
 13.800000 0.109169 9.020380 3.474752
 14.000000 0.093731 10.162408 3.474752
 14.200000 0.119358 8.696282 3.474752
 14.400000 0.100212 10.811775 3.474752
 14.600000 0.105456 10.139776 3.474752
 14.800000 0.108687 9.731791 3.474752
 15.000000 0.118251 8.793317 6.277783
 15.200000 0.117076 10.074277 6.277783
 15.400000 0.098559 11.487942 6.277783
 15.600000 0.108704 10.695303 6.277783
 15.800000 0.115464 10.198605 6.277783
 16.000000 0.100406 11.370899 6.277783
 16.200000 0.096583 12.592985 6.277783
 16.400000 0.108897 11.578346 6.277783
 16.600000 0.121392 10.061391 6.277783
 16.800000 0.124588 9.540545 6.277783
 17.000000 0.106184 11.878977 6.277783
 17.200000 0.121702 10.617632 6.277783
 17.400000 0.112961 12.052702 6.277783
 17.600000 0.116244 11.565662 6.277783
 17.800000 0.117925 11.294747 6.277783
 18.000000 0.112559 12.109118 6.277783
 18.200000 0.095079 13.887124 6.277783
 18.400000 0.076746 8.302719 6.277783
 18.600000 0.054864 1.124892 6.277783
 18.800000 0.066749 4.128474 6.277783
 19.000000 0.066134 3.910311 6.277783
 19.200000 0.068350 6.178860 6.277783
 19.400000 0.072802 7.890880 6.277783
 19.600000 0.049231 1.273661 6.277783
 19.800000 0.070319 6.922220 6.277783
 20.000000 0.040835 0.459161 8.720171
 20.200000 0.052521 3.052109 8.720171
 20.400000 0.056980 3.655398 8.720171
 20.600000 0.067956 6.365377 8.720171
 20.800000 0.063643 5.082627 8.720171
 21.000000 0.074625 8.745635 8.720171
 21.200000 0.075569 10.283260 8.720171
 21.400000 0.072672 9.192258 8.720171
 21.600000 0.064194 6.161727 8.720171
 21.800000 0.064894 6.387205 8.720171
 22.000000 0.066663 6.982908 8.720171
 22.200000 0.069755 9.350234 8.720171
 22.400000 0.066327 8.149012 8.720171
 22.600000 0.055960 5.034171 8.720171
 22.800000 0.053930 4.566737 8.720171
 23.000000 0.060285 6.197864 8.720171
 23.200000 0.086413 14.407612 8.720171
 23.400000 0.105679 14.114317 8.720171
 23.600000 0.103902 14.308549 8.720171
 23.800000 0.098081 14.775987 8.720171
 24.000000 0.088477 14.633819 8.720171
 24.200000 0.062413 8.363918 8.720171
 24.400000 0.073714 12.184967 8.720171
 24.600000 0.090049 15.663898 8.720171
 24.800000 0.083858 14.897507 8.720171
 25.000000 0.079321 13.861960 10.836601
 25.200000 0.090081 16.395024 10.836601
 25.400000 0.095647 16.202510 10.836601
 25.600000 0.090089 16.395192 10.836601
 25.800000 0.070351 11.848110 10.836601
 26.000000 0.084009 15.824419 10.836601
 26.200000 0.060528 8.438908 10.836601
 26.400000 0.043667 3.685479 10.836601
 26.600000 0.057845 7.460674 10.836601
 26.800000 0.063143 9.458657 10.836601
 27.000000 0.073025 13.483484 10.836601
 27.200000 0.072239 14.134809 10.836601
 27.400000 0.079766 16.620079 10.836601
 27.600000 0.074159 14.872246 10.836601
 27.800000 0.063109 10.216110 10.836601
 28.000000 0.057110 7.752666 10.836601
 28.200000 0.066754 12.820636 10.836601
 28.400000 0.088868 17.849158 10.836601
 28.600000 0.106903 14.914707 10.836601
 28.800000 0.122205 11.474246 10.836601
 29.000000 0.136295 7.341685 10.836601
 29.200000 0.138629 7.886257 10.836601
 29.400000 0.144978 5.967104 10.836601
 29.600000 0.141325 7.057216 10.836601
 29.800000 0.135014 8.991535 10.836601
 30.000000 0.103769 15.716172 12.842701
 30.200000 0.088025 18.365940 12.842701
 30.400000 0.063705 11.622658 12.842701
 30.600000 0.069934 14.113812 12.842701
 30.800000 0.071836 14.826463 12.842701
 31.000000 0.055911 8.544207 12.842701
 31.200000 0.052035 8.316090 12.842701
 31.400000 0.080361 17.704282 12.842701
 31.600000 0.102584 16.825916 12.842701
 31.800000 0.119265 13.366036 12.842701
 32.000000 0.093864 18.214878 12.842701
 32.200000 0.068095 14.432024 12.842701
 32.400000 0.060694 11.605266 12.842701
 32.600000 0.052645 8.552897 12.842701
 32.800000 0.052401 8.463839 12.842701
 33.000000 0.055732 9.702630 12.842701
 33.200000 0.072205 16.516148 12.842701
 33.400000 0.061200 12.863863 12.842701
 33.600000 0.063860 13.809251 12.842701
 33.800000 0.062310 13.262381 12.842701
 34.000000 0.063993 13.855627 12.842701
 34.200000 0.072721 17.463415 12.842701
 34.400000 0.058939 12.929273 12.842701
 34.600000 0.077477 18.544955 12.842701
 34.800000 0.074933 18.004861 12.842701
 35.000000 0.072536 17.415513 14.670730
 35.200000 0.100658 18.090524 14.670730
 35.400000 0.124259 12.287993 14.670730
 35.600000 0.104627 17.123011 14.670730
 35.800000 0.117994 13.863157 14.670730
 36.000000 0.145438 5.851452 14.670730
 36.200000 0.159840 3.265874 14.670730
 36.400000 0.174325 0.818763 14.670730
 36.600000 0.156758 4.027002 14.670730
 36.800000 0.126578 12.264987 14.670730
 37.000000 0.133864 10.470701 14.670730
 37.200000 0.165168 2.253055 14.670730
 37.400000 0.158804 3.788074 14.670730
 37.600000 0.145182 8.099628 14.670730
 37.800000 0.151945 5.856406 14.670730
 38.000000 0.124951 13.550912 14.670730
 38.200000 0.119280 15.418389 14.670730
 38.400000 0.134997 12.028085 14.670730
 38.600000 0.166168 2.073688 14.670730
 38.800000 0.146071 8.156804 14.670730
 39.000000 0.142894 9.323342 14.670730
 39.200000 0.159466 4.301383 14.670730
 39.400000 0.179227 0.498710 14.670730
 39.600000 0.153990 6.229122 14.670730
 39.800000 0.153235 6.513656 14.670730
 40.000000 0.166665 2.304355 14.922950
 40.200000 0.166295 3.967819 14.922950
 40.400000 0.153975 7.338250 14.922950
 40.600000 0.172759 2.637273 14.922950
 40.800000 0.160032 5.551509 14.922950
 41.000000 0.152917 7.671241 14.922950
 41.200000 0.168895 4.100280 14.922950
 41.400000 0.165883 4.917968 14.922950
 41.600000 0.163535 5.597192 14.922950
 41.800000 0.164303 5.371120 14.922950
 42.000000 0.168870 4.106763 14.922950
 42.200000 0.163734 6.912729 14.922950
 42.400000 0.149839 10.532102 14.922950
 42.600000 0.136039 13.724360 14.922950
 42.800000 0.136543 13.626579 14.922950
 43.000000 0.159547 8.014416 14.922950
 43.200000 0.166464 7.294918 14.922950
 43.400000 0.160821 8.900045 14.922950
 43.600000 0.170887 5.960536 14.922950
 43.800000 0.169553 6.366274 14.922950
 44.000000 0.173757 5.093865 14.922950
 44.200000 0.166363 8.559956 14.922950
 44.400000 0.143938 12.898573 14.922950
 44.600000 0.132399 14.631999 14.922950
 44.800000 0.114685 16.311857 14.922950
 45.000000 0.124653 15.449704 15.140986
 45.200000 0.118320 16.776760 15.140986
 45.400000 0.123619 16.415531 15.140986
 45.600000 0.111821 17.247497 15.140986
 45.800000 0.097185 19.257039 15.140986
 46.000000 0.127144 16.087628 15.140986
 46.200000 0.145124 13.464454 15.140986
 46.400000 0.120914 17.395462 15.140986
 46.600000 0.085585 20.163870 15.140986
 46.800000 0.069603 17.393342 15.140986
 47.000000 0.053103 10.911406 15.140986
 47.200000 0.046219 8.854690 15.140986
 47.400000 0.040123 6.220108 15.140986
 47.600000 0.074639 19.120472 15.140986
 47.800000 0.104040 18.452041 15.140986
 48.000000 0.105457 18.284617 15.140986
 48.200000 0.102732 19.381006 15.140986
 48.400000 0.100286 19.681967 15.140986
 48.600000 0.115271 18.224868 15.140986
 48.800000 0.121671 17.791309 15.140986
 49.000000 0.123637 17.616759 15.140986
 49.200000 0.129831 17.547733 15.140986
 49.400000 0.128322 17.809052 15.140986
 49.600000 0.130433 17.434403 15.140986
 49.800000 0.150055 12.526716 15.140986
 50.000000 0.192895 1.534660 16.136796
 50.200000 0.177962 6.216797 16.136796
 50.400000 0.165151 9.226570 16.136796
 50.600000 0.170348 8.032984 16.136796
 50.800000 0.162100 9.897622 16.136796
 51.000000 0.167355 8.729211 16.136796
 51.200000 0.179509 6.711310 16.136796
 51.400000 0.174096 8.210902 16.136796
 51.600000 0.144703 14.266199 16.136796
 51.800000 0.139105 15.578975 16.136796
 52.000000 0.168257 9.705878 16.136796
 52.200000 0.154365 13.118465 16.136796
 52.400000 0.122724 18.519821 16.136796
 52.600000 0.110522 19.108898 16.136796
 52.800000 0.121851 18.586293 16.136796
 53.000000 0.128918 17.786458 16.136796
 53.200000 0.143400 15.343489 16.136796
 53.400000 0.137850 16.687534 16.136796
 53.600000 0.148665 14.245446 16.136796
 53.800000 0.158564 12.687318 16.136796
 54.000000 0.144892 15.008995 16.136796
 54.200000 0.163828 12.215524 16.136796
 54.400000 0.190973 4.206810 16.136796
 54.600000 0.181944 6.833906 16.136796
 54.800000 0.145527 15.767810 16.136796
 55.000000 0.143088 16.305971 16.675006
 55.200000 0.141605 17.483900 16.675006
 55.400000 0.133729 19.034021 16.675006
 55.600000 0.158285 13.836340 16.675006
 55.800000 0.153686 14.821111 16.675006
 56.000000 0.181837 6.897097 16.675006
 56.200000 0.179682 8.888482 16.675006
 56.400000 0.173043 10.933425 16.675006
 56.600000 0.168665 12.091670 16.675006
 56.800000 0.168303 12.179266 16.675006
 57.000000 0.161564 13.608051 16.675006
 57.200000 0.136229 18.840523 16.675006
 57.400000 0.130684 19.564585 16.675006
 57.600000 0.126237 19.862740 16.675006
 57.800000 0.137013 18.713831 16.675006
 58.000000 0.148440 16.709577 16.675006
 58.200000 0.164754 14.366367 16.675006
 58.400000 0.159261 15.617536 16.675006
 58.600000 0.152309 16.890478 16.675006
 58.800000 0.151634 17.005525 16.675006
 59.000000 0.152813 16.804161 16.675006
 59.200000 0.143880 18.986365 16.675006
 59.400000 0.134017 20.068703 16.675006
 59.600000 0.150179 18.065837 16.675006
 59.800000 0.162165 15.674921 16.675006
 60.000000 0.164035 15.173040 17.141727
 60.200000 0.136127 20.051185 17.141727
 60.400000 0.128901 20.358899 17.141727
 60.600000 0.115181 19.818351 17.141727
 60.800000 0.096719 20.346615 17.141727
 61.000000 0.115993 19.859731 17.141727
 61.200000 0.121629 20.851877 17.141727
 61.400000 0.129690 20.824870 17.141727
 61.600000 0.130679 20.774784 17.141727
 61.800000 0.129184 20.846503 17.141727
 62.000000 0.130302 20.795080 17.141727
 62.200000 0.118538 21.225411 17.141727
 62.400000 0.113393 20.819737 17.141727
 62.600000 0.099514 20.607417 17.141727
 62.800000 0.075663 19.437258 17.141727
 63.000000 0.080004 20.165233 17.141727
 63.200000 0.110356 20.719018 17.141727
 63.400000 0.158835 17.428077 17.141727
 63.600000 0.168016 14.854260 17.141727
 63.800000 0.148525 19.240352 17.141727
 64.000000 0.139996 20.489586 17.141727
 64.200000 0.122276 21.834331 17.141727
 64.400000 0.100397 20.878772 17.141727
 64.600000 0.092202 21.368329 17.141727
 64.800000 0.097437 21.062298 17.141727
 65.000000 0.134373 21.829816 18.656211
 65.200000 0.180416 9.830040 18.656211
 65.400000 0.198826 3.314704 18.656211
 65.600000 0.183309 8.591105 18.656211
 65.800000 0.164311 16.316918 18.656211
 66.000000 0.148740 20.218062 18.656211
 66.200000 0.132385 23.017328 18.656211
 66.400000 0.142906 21.986564 18.656211
 66.600000 0.142998 21.971920 18.656211
 66.800000 0.146279 21.405652 18.656211
 67.000000 0.165224 16.403180 18.656211
 67.200000 0.212094 1.004095 18.656211
 67.400000 0.232433 0.049469 18.656211
 67.600000 0.229829 0.081083 18.656211
 67.800000 0.223139 0.241445 18.656211
 68.000000 0.232532 0.048494 18.656211
 68.200000 0.233491 1.782364 18.656211
 68.400000 0.223545 1.686116 18.656211
 68.600000 0.213565 1.633958 18.656211
 68.800000 0.212816 1.660545 18.656211
 69.000000 0.220850 1.623498 18.656211
 69.200000 0.223112 3.284956 18.656211
 69.400000 0.248384 1.296993 18.656211
 69.600000 0.270614 0.069837 18.656211
 69.800000 0.277224 0.017291 18.656211
 70.000000 0.263678 0.223795 18.986204
 70.200000 0.273983 1.403003 18.986204
 70.400000 0.281589 0.852653 18.986204
 70.600000 0.279588 0.995164 18.986204
 70.800000 0.286407 0.547369 18.986204
 71.000000 0.271662 1.560332 18.986204
 71.200000 0.274951 2.927925 18.986204
 71.400000 0.278033 2.600454 18.986204
 71.600000 0.292585 0.882914 18.986204
 71.800000 0.294356 0.728663 18.986204
 72.000000 0.300763 0.324311 18.986204
 72.200000 0.293874 2.320738 18.986204
 72.400000 0.278337 3.126923 18.986204
 72.600000 0.273194 3.397703 18.986204
 72.800000 0.256354 3.112662 18.986204
 73.000000 0.263424 3.442951 18.986204
 73.200000 0.271285 4.771956 18.986204
 73.400000 0.277464 4.147127 18.986204
 73.600000 0.271779 4.734126 18.986204
 73.800000 0.292539 2.596622 18.986204
 74.000000 0.287111 3.036531 18.986204
 74.200000 0.293523 3.926636 18.986204
 74.400000 0.309871 1.997381 18.986204
 74.600000 0.323711 0.608693 18.986204
 74.800000 0.303966 2.735185 18.986204
 75.000000 0.283878 4.868159 18.935436
 75.200000 0.287216 5.929369 18.935436
 75.400000 0.287218 5.929158 18.935436
 75.600000 0.292338 5.249935 18.935436
 75.800000 0.305863 2.978365 18.935436
 76.000000 0.315397 1.500959 18.935436
 76.200000 0.297443 5.238173 18.935436
 76.400000 0.291779 5.803195 18.935436
 76.600000 0.294820 5.506247 18.935436
 76.800000 0.295344 5.453477 18.935436
 77.000000 0.292806 5.704913 18.935436
 77.200000 0.286833 7.491383 18.935436
 77.400000 0.287902 7.437058 18.935436
 77.600000 0.282258 7.613184 18.935436
 77.800000 0.288662 7.392374 18.935436
 78.000000 0.289217 7.356559 18.935436
 78.200000 0.315106 3.906023 18.935436
 78.400000 0.317681 3.386245 18.935436
 78.600000 0.317154 3.489985 18.935436
 78.800000 0.354298 0.053721 18.935436
 79.000000 0.317017 3.517127 18.935436
 79.200000 0.298309 8.151105 18.935436
 79.400000 0.260802 5.917888 18.935436
 79.600000 0.257912 5.366955 18.935436
 79.800000 0.251710 4.317623 18.935436
 80.000000 0.256706 5.143715 18.887529
 80.200000 0.277509 9.047387 18.887529
 80.400000 0.287853 9.077898 18.887529
 80.600000 0.288597 9.045267 18.887529
 80.800000 0.273104 8.783383 18.887529
 81.000000 0.264716 7.867959 18.887529
 81.200000 0.242541 4.779983 18.887529
 81.400000 0.229046 3.766254 18.887529
 81.600000 0.216187 3.189665 18.887529
 81.800000 0.214512 3.132847 18.887529
 82.000000 0.216073 3.185387 18.887529
 82.200000 0.221826 4.853433 18.887529
 82.400000 0.238309 4.810348 18.887529
 82.600000 0.232527 4.753213 18.887529
 82.800000 0.254989 7.269333 18.887529
 83.000000 0.263070 8.857361 18.887529
 83.200000 0.234486 4.930536 18.887529
 83.400000 0.236950 5.025425 18.887529
 83.600000 0.229081 4.897812 18.887529
 83.800000 0.250448 7.137284 18.887529
 84.000000 0.278021 10.616498 18.887529
 84.200000 0.281016 11.480178 18.887529
 84.400000 0.258626 9.641230 18.887529
 84.600000 0.233492 4.922101 18.887529
 84.800000 0.251683 7.677046 18.887529
 85.000000 0.254230 8.404315 18.848375
 85.200000 0.228275 5.171247 18.848375
 85.400000 0.205256 4.437130 18.848375
 85.600000 0.203434 4.485944 18.848375
 85.800000 0.202465 4.532510 18.848375
 86.000000 0.202842 4.512566 18.848375
 86.200000 0.194344 6.832649 18.848375
 86.400000 0.176555 12.646126 18.848375
 86.600000 0.198537 6.264085 18.848375
 86.800000 0.215928 5.726047 18.848375
 87.000000 0.238734 5.959959 18.848375
 87.200000 0.226195 6.486448 18.848375
 87.400000 0.207287 5.950576 18.848375
 87.600000 0.177642 12.173704 18.848375
 87.800000 0.185038 9.245277 18.848375
 88.000000 0.193184 7.054613 18.848375
 88.200000 0.201283 7.195588 18.848375
 88.400000 0.196415 7.786723 18.848375
 88.600000 0.179849 12.097520 18.848375
 88.800000 0.161565 18.641531 18.848375
 89.000000 0.142914 22.265173 18.848375
 89.200000 0.129770 23.513827 18.848375
 89.400000 0.132499 23.600899 18.848375
 89.600000 0.125604 23.159930 18.848375
 89.800000 0.109363 21.008495 18.848375
 90.000000 0.108685 20.963686 19.448944
 90.200000 0.110096 21.749298 19.448944
 90.400000 0.101454 21.511416 19.448944
 90.600000 0.110021 21.743545 19.448944
 90.800000 0.117528 22.571389 19.448944
 91.000000 0.104881 21.507481 19.448944
 91.200000 0.124197 23.683889 19.448944
 91.400000 0.095385 22.233034 19.448944
 91.600000 0.084004 21.730848 19.448944
 91.800000 0.122279 23.522598 19.448944
 92.000000 0.144959 22.682312 19.448944
 92.200000 0.178769 12.580417 19.448944
 92.400000 0.188462 9.398414 19.448944
 92.600000 0.178055 12.858416 19.448944
 92.800000 0.186077 10.060323 19.448944
 93.000000 0.169087 16.506846 19.448944
 93.200000 0.159253 20.698766 19.448944
 93.400000 0.160729 20.276901 19.448944
 93.600000 0.166240 18.442115 19.448944
 93.800000 0.174669 15.006619 19.448944
 94.000000 0.205862 6.886372 19.448944
 94.200000 0.196461 8.995384 19.448944
 94.400000 0.199194 8.695266 19.448944
 94.600000 0.187645 10.619642 19.448944
 94.800000 0.184116 11.625040 19.448944
 95.000000 0.198295 8.786187 20.108736
 95.200000 0.208985 8.897771 20.108736
 95.400000 0.220777 7.710323 20.108736
 95.600000 0.219472 7.827178 20.108736
 95.800000 0.195053 10.336813 20.108736
 96.000000 0.180212 13.537503 20.108736
 96.200000 0.167502 18.823948 20.108736
 96.400000 0.180750 14.322159 20.108736
 96.600000 0.185909 12.818499 20.108736
 96.800000 0.196941 10.628938 20.108736
 97.000000 0.179408 14.757849 20.108736
 97.200000 0.185514 13.756998 20.108736
 97.400000 0.177737 16.220687 20.108736
 97.600000 0.165843 19.940137 20.108736
 97.800000 0.200268 10.502180 20.108736
 98.000000 0.208261 9.279147 20.108736
 98.200000 0.184217 14.458096 20.108736
 98.400000 0.185658 14.085987 20.108736
 98.600000 0.203845 11.037987 20.108736
 98.800000 0.181890 15.104477 20.108736
 99.000000 0.194506 12.318171 20.108736
 99.200000 0.205571 11.578022 20.108736
 99.400000 0.186479 14.761026 20.108736
 99.600000 0.177806 16.886285 20.108736
 99.800000 0.183046 15.531525 20.108736
 100.000000 0.187119 14.629408 20.224455
 100.200000 0.168324 19.914713 20.224455
 100.400000 0.177676 17.669739 20.224455
 100.600000 0.193853 14.256771 20.224455
 100.800000 0.211037 10.835202 20.224455
 101.000000 0.210740 10.899664 20.224455
 101.200000 0.212269 11.640597 20.224455
 101.400000 0.231647 7.950429 20.224455
 101.600000 0.205220 13.083978 20.224455
 101.800000 0.182240 16.767531 20.224455
 102.000000 0.172488 18.981037 20.224455
 102.200000 0.174514 19.247529 20.224455
 102.400000 0.205156 13.164543 20.224455
 102.600000 0.235854 7.742416 20.224455
 102.800000 0.207460 12.707609 20.224455
 103.000000 0.174299 19.299693 20.224455
 103.200000 0.162700 22.239892 20.224455
 103.400000 0.168589 21.289003 20.224455
 103.600000 0.161182 22.433260 20.224455
 103.800000 0.169466 21.117376 20.224455
 104.000000 0.148484 23.646764 20.224455
 104.200000 0.132064 24.779519 20.224455
 104.400000 0.132555 24.800265 20.224455
 104.600000 0.140284 24.786286 20.224455
 104.800000 0.160007 23.024664 20.224455
 105.000000 0.151780 23.959214 21.040159
 105.200000 0.123337 24.096885 21.040159
 105.400000 0.097564 22.213491 21.040159
 105.600000 0.106304 22.246803 21.040159
 105.800000 0.093398 22.236966 21.040159
 106.000000 0.099621 22.189631 21.040159
 106.200000 0.109786 22.950735 21.040159
 106.400000 0.105667 22.826814 21.040159
 106.600000 0.102602 22.817233 21.040159
 106.800000 0.108649 22.901145 21.040159
 107.000000 0.125810 24.561821 21.040159
 107.200000 0.138102 25.690880 21.040159
 107.400000 0.131821 25.620484 21.040159
 107.600000 0.105659 23.063710 21.040159
 107.800000 0.087901 22.574638 21.040159
 108.000000 0.057224 14.007912 21.040159
 108.200000 0.046414 9.722283 21.040159
 108.400000 0.048570 10.799427 21.040159
 108.600000 0.054364 13.638615 21.040159
 108.800000 0.046279 9.655520 21.040159
 109.000000 0.062616 17.138313 21.040159
 109.200000 0.075956 21.512733 21.040159
 109.400000 0.079961 22.141458 21.040159
 109.600000 0.057122 15.662908 21.040159
 109.800000 0.083160 22.521056 21.040159
 110.000000 0.128219 25.381308 21.903970
 110.200000 0.162518 23.191923 21.903970
 110.400000 0.164208 22.858639 21.903970
 110.600000 0.138486 26.127953 21.903970
 110.800000 0.134857 26.221451 21.903970
 111.000000 0.105131 23.236068 21.903970
 111.200000 0.098841 23.675978 21.903970
 111.400000 0.096215 23.618375 21.903970
 111.600000 0.116790 24.883914 21.903970
 111.800000 0.111572 24.300469 21.903970
 112.000000 0.112165 24.358199 21.903970
 112.200000 0.124636 26.250181 21.903970
 112.400000 0.125076 26.283757 21.903970
 112.600000 0.135424 26.474575 21.903970
 112.800000 0.135825 26.457803 21.903970
 113.000000 0.126951 26.406067 21.903970
 113.200000 0.139321 26.627490 21.903970
 113.400000 0.141974 26.341044 21.903970
 113.600000 0.140857 26.467321 21.903970
 113.800000 0.132495 27.047441 21.903970
 114.000000 0.155766 24.402676 21.903970
 114.200000 0.161206 24.027164 21.903970
 114.400000 0.187917 16.759054 21.903970
 114.600000 0.198326 14.584654 21.903970
 114.800000 0.193914 15.440393 21.903970
 115.000000 0.190295 16.206138 22.943797
 115.200000 0.188865 17.379573 22.943797
 115.400000 0.200676 14.806890 22.943797
 115.600000 0.201562 14.608561 22.943797
 115.800000 0.195004 16.032683 22.943797
 116.000000 0.182581 18.913000 22.943797
 116.200000 0.189054 18.022825 22.943797
 116.400000 0.193779 16.865127 22.943797
 116.600000 0.183227 19.499523 22.943797
 116.800000 0.178110 20.822024 22.943797
 117.000000 0.185742 18.853866 22.943797
 117.200000 0.199197 16.044775 22.943797
 117.400000 0.195831 16.967970 22.943797
 117.600000 0.191952 18.003694 22.943797
 117.800000 0.179630 21.125576 22.943797
 118.000000 0.179370 21.187540 22.943797
 118.200000 0.198697 16.479687 22.943797
 118.400000 0.205119 14.507605 22.943797
 118.600000 0.206961 13.936709 22.943797
 118.800000 0.211615 12.500151 22.943797
 119.000000 0.241258 7.987073 22.943797
 119.200000 0.219292 10.717750 22.943797
 119.400000 0.171595 23.504781 22.943797
 119.600000 0.127452 27.071056 22.943797
 119.800000 0.093214 23.832796 22.943797
 120.000000 0.114960 25.648195 23.358799
 120.200000 0.154790 25.609969 23.358799
 120.400000 0.177507 22.302384 23.358799
 120.600000 0.161298 24.944948 23.358799
 120.800000 0.164670 24.547933 23.358799
 121.000000 0.150109 26.078764 23.358799
 121.200000 0.162312 25.224300 23.358799
 121.400000 0.150343 26.602620 23.358799
 121.600000 0.146394 26.988794 23.358799
 121.800000 0.147286 26.904698 23.358799
 122.000000 0.158414 25.717450 23.358799
 122.200000 0.186514 20.143842 23.358799
 122.400000 0.186371 20.185393 23.358799
 122.600000 0.182855 21.196593 23.358799
 122.800000 0.171641 24.068210 23.358799
 123.000000 0.164344 25.452179 23.358799
 123.200000 0.164895 25.925641 23.358799
 123.400000 0.179404 22.489050 23.358799
 123.600000 0.177683 22.984690 23.358799
 123.800000 0.193926 18.030212 23.358799
 124.000000 0.191929 18.650219 23.358799
 124.200000 0.209653 13.617200 23.358799
 124.400000 0.214193 12.220780 23.358799
 124.600000 0.213771 12.344276 23.358799
 124.800000 0.215310 11.900922 23.358799
 125.000000 0.234285 8.906293 24.050240
 125.200000 0.213333 12.916250 24.050240
 125.400000 0.190793 19.778840 24.050240
 125.600000 0.180284 22.794580 24.050240
 125.800000 0.158190 26.877583 24.050240
 126.000000 0.169171 25.360943 24.050240
 126.200000 0.166851 26.327843 24.050240
 126.400000 0.184898 21.844046 24.050240
 126.600000 0.214738 12.570160 24.050240
 126.800000 0.204758 15.426980 24.050240
 127.000000 0.197025 17.941919 24.050240
 127.200000 0.192061 20.312683 24.050240
 127.400000 0.171688 25.608668 24.050240
 127.600000 0.162167 27.004258 24.050240
 127.800000 0.162672 26.952411 24.050240
 128.000000 0.176493 24.576115 24.050240
 128.200000 0.175890 25.301121 24.050240
 128.400000 0.171839 26.137308 24.050240
 128.600000 0.188283 21.875584 24.050240
 128.800000 0.201741 17.286653 24.050240
 129.000000 0.221218 11.449463 24.050240
 129.200000 0.216371 13.541062 24.050240
 129.400000 0.223767 12.044731 24.050240
 129.600000 0.215792 13.679856 24.050240
 129.800000 0.232752 10.940863 24.050240
 130.000000 0.207753 15.876097 24.381823
 130.200000 0.192942 21.064838 24.381823
 130.400000 0.168884 26.657068 24.381823
 130.600000 0.190811 21.653372 24.381823
 130.800000 0.224251 12.435517 24.381823
 131.000000 0.238603 10.791058 24.381823
 131.200000 0.207299 16.995252 24.381823
 131.400000 0.201225 18.732897 24.381823
 131.600000 0.188421 22.303657 24.381823
 131.800000 0.202118 18.476013 24.381823
 132.000000 0.209215 16.459634 24.381823
 132.200000 0.210767 16.871603 24.381823
 132.400000 0.227985 12.998462 24.381823
 132.600000 0.222962 13.876672 24.381823
 132.800000 0.204502 18.590784 24.381823
 133.000000 0.195726 20.857870 24.381823
 133.200000 0.184553 24.064211 24.381823
 133.400000 0.174001 26.079310 24.381823
 133.600000 0.179745 25.036972 24.381823
 133.800000 0.174621 25.975830 24.381823
 134.000000 0.191631 22.521987 24.381823
 134.200000 0.205700 19.232930 24.381823
 134.400000 0.219043 15.053498 24.381823
 134.600000 0.225422 13.560669 24.381823
 134.800000 0.234431 12.281195 24.381823
 135.000000 0.227634 13.156978 24.494135
 135.200000 0.212356 17.636479 24.494135
 135.400000 0.195563 22.306491 24.494135
 135.600000 0.205971 19.487415 24.494135
 135.800000 0.201292 20.817883 24.494135
 136.000000 0.213095 17.429518 24.494135
 136.200000 0.210896 18.848601 24.494135
 136.400000 0.210148 19.058089 24.494135
 136.600000 0.226236 14.922717 24.494135
 136.800000 0.223922 15.433132 24.494135
 137.000000 0.211946 18.554999 24.494135
 137.200000 0.210124 19.825044 24.494135
 137.400000 0.232750 13.998130 24.494135
 137.600000 0.247637 12.551054 24.494135
 137.800000 0.225893 15.492580 24.494135
 138.000000 0.219326 17.228987 24.494135
 138.200000 0.233133 14.458834 24.494135
 138.400000 0.242813 12.950274 24.494135
 138.600000 0.224148 16.702587 24.494135
 138.800000 0.227544 15.796164 24.494135
 139.000000 0.237284 13.662689 24.494135
 139.200000 0.223202 17.574711 24.494135
 139.400000 0.220771 18.156050 24.494135
 139.600000 0.213357 19.939768 24.494135
 139.800000 0.210001 20.708572 24.494135
 140.000000 0.221462 17.989844 24.531707
 140.200000 0.216271 19.985466 24.531707
 140.400000 0.241535 14.310665 24.531707
 140.600000 0.245367 13.812290 24.531707
 140.800000 0.248834 13.524797 24.531707
 141.000000 0.227150 17.386466 24.531707
 141.200000 0.221448 19.528719 24.531707
 141.400000 0.249288 13.768741 24.531707
 141.600000 0.261337 13.362916 24.531707
 141.800000 0.272709 12.797570 24.531707
 142.000000 0.244368 14.340753 24.531707
 142.200000 0.247560 14.834377 24.531707
 142.400000 0.254598 14.216310 24.531707
 142.600000 0.222651 19.582195 24.531707
 142.800000 0.236988 16.592185 24.531707
 143.000000 0.244294 15.275668 24.531707
 143.200000 0.232205 18.235341 24.531707
 143.400000 0.221361 20.105796 24.531707
 143.600000 0.225302 19.448649 24.531707
 143.800000 0.228347 18.922206 24.531707
 144.000000 0.237763 17.242291 24.531707
 144.200000 0.235509 18.444791 24.531707
 144.400000 0.240293 17.605246 24.531707
 144.600000 0.240352 17.594806 24.531707
 144.800000 0.231486 19.108138 24.531707
 145.000000 0.216435 21.185850 24.551340
 145.200000 0.213469 22.226547 24.551340
 145.400000 0.215279 22.011256 24.551340
 145.600000 0.218351 21.616638 24.551340
 145.800000 0.227234 20.275610 24.551340
 146.000000 0.236934 18.466148 24.551340
 146.200000 0.230867 20.342224 24.551340
 146.400000 0.208503 22.889013 24.551340
 146.600000 0.226575 20.991565 24.551340
 146.800000 0.237560 19.109739 24.551340
 147.000000 0.246328 17.280045 24.551340
 147.200000 0.247183 17.915871 24.551340
 147.400000 0.237185 19.857757 24.551340
 147.600000 0.243137 18.738403 24.551340
 147.800000 0.223457 21.650423 24.551340
 148.000000 0.231036 20.795645 24.551340
 148.200000 0.247836 18.152245 24.551340
 148.400000 0.293727 9.690228 24.551340
 148.600000 0.291294 10.149993 24.551340
 148.800000 0.284403 11.395504 24.551340
 149.000000 0.246947 18.358432 24.551340
 149.200000 0.230878 21.944018 24.551340
 149.400000 0.236353 21.251069 24.551340
 149.600000 0.219574 22.668701 24.551340
 149.800000 0.208474 23.173590 24.551340
 150.000000 0.203353 23.450314 24.634679
 150.200000 0.213719 23.408507 24.634679
 150.400000 0.213202 23.442867 24.634679
 150.600000 0.204099 24.022178 24.634679
 150.800000 0.200517 24.229996 24.634679
 151.000000 0.207285 23.829742 24.634679
 151.200000 0.223148 23.104501 24.634679
 151.400000 0.221405 23.272307 24.634679
 151.600000 0.233696 21.830236 24.634679
 151.800000 0.248459 18.795425 24.634679
 152.000000 0.242720 20.129916 24.634679
 152.200000 0.271667 13.859794 24.634679
 152.400000 0.273511 13.488259 24.634679
 152.600000 0.270385 14.124312 24.634679
 152.800000 0.271365 13.921658 24.634679
 153.000000 0.279496 12.343927 24.634679
 153.200000 0.264690 15.986458 24.634679
 153.400000 0.270557 14.933704 24.634679
 153.600000 0.286635 11.933173 24.634679
 153.800000 0.298111 9.305128 24.634679
 154.000000 0.268934 15.217834 24.634679
 154.200000 0.266855 16.468568 24.634679
 154.400000 0.271411 15.661526 24.634679
 154.600000 0.267708 16.320881 24.634679
 154.800000 0.269568 15.994006 24.634679
 155.000000 0.295101 10.208645 24.690000
 155.200000 0.289061 12.789357 24.690000
 155.400000 0.265727 16.823859 24.690000
 155.600000 0.267042 16.627607 24.690000
 155.800000 0.269278 16.296132 24.690000
 156.000000 0.273596 15.648266 24.690000
 156.200000 0.280729 15.252826 24.690000
 156.400000 0.269520 17.100280 24.690000
 156.600000 0.251684 19.571400 24.690000
 156.800000 0.257981 18.581582 24.690000
 157.000000 0.253203 19.314876 24.690000
 157.200000 0.260565 18.886341 24.690000
 157.400000 0.275554 16.451247 24.690000
 157.600000 0.273023 16.915185 24.690000
 157.800000 0.261841 18.692261 24.690000
 158.000000 0.268668 17.646723 24.690000
 158.200000 0.258477 19.840552 24.690000
 158.400000 0.251296 20.779854 24.690000
 158.600000 0.281122 15.866390 24.690000
 158.800000 0.313403 6.433876 24.690000
 159.000000 0.317113 5.465466 24.690000
 159.200000 0.317462 6.748013 24.690000
 159.400000 0.315420 7.264971 24.690000
 159.600000 0.302153 10.469488 24.690000
 159.800000 0.274454 17.418108 24.690000
 160.000000 0.271826 17.915724 24.687972
 160.200000 0.262816 19.941725 24.687972
 160.400000 0.249496 21.285453 24.687972
 160.600000 0.266598 19.504818 24.687972
 160.800000 0.274983 18.082770 24.687972
 161.000000 0.266526 19.514016 24.687972
 161.200000 0.275649 18.548207 24.687972
 161.400000 0.281466 16.944401 24.687972
 161.600000 0.284033 16.151696 24.687972
 161.800000 0.266338 20.271643 24.687972
 162.000000 0.241254 22.400326 24.687972
 162.200000 0.226274 23.767383 24.687972
 162.400000 0.223600 23.832487 24.687972
 162.600000 0.246341 22.551222 24.687972
 162.800000 0.219422 23.959134 24.687972
 163.000000 0.209068 24.445184 24.687972
 163.200000 0.220809 24.344800 24.687972
 163.400000 0.206862 25.133766 24.687972
 163.600000 0.203422 25.245198 24.687972
 163.800000 0.199240 25.322975 24.687972
 164.000000 0.206489 25.148344 24.687972
 164.200000 0.207964 25.654932 24.687972
 164.400000 0.201696 25.826079 24.687972
 164.600000 0.195363 25.800558 24.687972
 164.800000 0.210567 25.504742 24.687972
 165.000000 0.230722 24.014149 24.923245
 165.200000 0.230452 24.632796 24.923245
 165.400000 0.221858 25.129987 24.923245
 165.600000 0.226150 24.892027 24.923245
 165.800000 0.211719 25.695650 24.923245
 166.000000 0.232438 24.491980 24.923245
 166.200000 0.247427 23.151274 24.923245
 166.400000 0.253454 22.244250 24.923245
 166.600000 0.240914 24.153172 24.923245
 166.800000 0.252821 22.334013 24.923245
 167.000000 0.283261 16.406351 24.923245
 167.200000 0.332850 2.762575 24.923245
 167.400000 0.336223 2.043706 24.923245
 167.600000 0.336197 2.048730 24.923245
 167.800000 0.332783 2.777889 24.923245
 168.000000 0.328157 3.922896 24.923245
 168.200000 0.335268 3.548734 24.923245
 168.400000 0.324858 6.239552 24.923245
 168.600000 0.307983 9.927793 24.923245
 168.800000 0.313157 8.849536 24.923245
 169.000000 0.295739 13.172280 24.923245
 169.200000 0.292481 15.175746 24.923245
 169.400000 0.307804 10.670731 24.923245
 169.600000 0.290680 15.743932 24.923245
 169.800000 0.288893 16.301183 24.923245
 170.000000 0.290199 15.894651 24.968004
 170.200000 0.298470 14.038444 24.968004
 170.400000 0.341520 2.158610 24.968004
 170.600000 0.357962 0.292021 24.968004
 170.800000 0.351478 0.728061 24.968004
 171.000000 0.340737 2.316562 24.968004
 171.200000 0.312299 10.102111 24.968004
 171.400000 0.327172 6.842925 24.968004
 171.600000 0.343189 3.401899 24.968004
 171.800000 0.360241 0.878424 24.968004
 172.000000 0.335799 4.945538 24.968004
 172.200000 0.353741 2.307900 24.968004
 172.400000 0.357931 1.581256 24.968004
 172.600000 0.360124 1.264195 24.968004
 172.800000 0.340228 5.344169 24.968004
 173.000000 0.348281 3.456215 24.968004
 173.200000 0.338396 6.975654 24.968004
 173.400000 0.341370 6.424627 24.968004
 173.600000 0.342085 6.284033 24.968004
 173.800000 0.342158 6.269514 24.968004
 174.000000 0.363896 1.694774 24.968004
 174.200000 0.350650 5.514744 24.968004
 174.400000 0.336338 7.620827 24.968004
 174.600000 0.325734 8.819116 24.968004
 174.800000 0.303099 12.737614 24.968004
 175.000000 0.296689 14.696542 24.934840
 175.200000 0.316081 10.370844 24.934840
 175.400000 0.311376 11.329016 24.934840
 175.600000 0.275251 20.670681 24.934840
 175.800000 0.251958 22.605325 24.934840
 176.000000 0.256656 22.109026 24.934840
 176.200000 0.245404 24.008895 24.934840
 176.400000 0.246675 23.851276 24.934840
 176.600000 0.254277 22.985914 24.934840
 176.800000 0.263186 22.237209 24.934840
 177.000000 0.285201 19.006579 24.934840
 177.200000 0.271530 21.961145 24.934840
 177.400000 0.268692 22.178480 24.934840
 177.600000 0.276229 21.451083 24.934840
 177.800000 0.285716 19.627797 24.934840
 178.000000 0.274025 21.716681 24.934840
 178.200000 0.252930 23.443010 24.934840
 178.400000 0.221263 25.647596 24.934840
 178.600000 0.222835 25.605863 24.934840
 178.800000 0.249734 23.702934 24.934840
 179.000000 0.257733 23.176621 24.934840
 179.200000 0.260916 23.676515 24.934840
 179.400000 0.251100 24.149149 24.934840
 179.600000 0.249858 24.234578 24.934840
 179.800000 0.255058 23.919919 24.934840
 180.000000 0.272625 22.903286 25.042919
 180.200000 0.273211 23.462753 25.042919
 180.400000 0.247110 24.590077 25.042919
 180.600000 0.245050 24.725123 25.042919
 180.800000 0.239387 25.107493 25.042919
 181.000000 0.240656 25.026321 25.042919
 181.200000 0.248552 25.003008 25.042919
 181.400000 0.247552 25.078837 25.042919
 181.600000 0.242231 25.490760 25.042919
 181.800000 0.253415 24.683775 25.042919
 182.000000 0.237322 25.787371 25.042919
 182.200000 0.218838 26.195528 25.042919
 182.400000 0.234264 26.437692 25.042919
 182.600000 0.269758 23.952159 25.042919
 182.800000 0.300841 14.963960 25.042919
 183.000000 0.295163 17.193681 25.042919
 183.200000 0.300965 15.671553 25.042919
 183.400000 0.315918 10.823526 25.042919
 183.600000 0.308378 12.923359 25.042919
 183.800000 0.288413 20.490150 25.042919
 184.000000 0.303882 14.530260 25.042919
 184.200000 0.313599 12.129078 25.042919
 184.400000 0.314548 11.858920 25.042919
 184.600000 0.304475 15.221298 25.042919
 184.800000 0.292591 19.694620 25.042919
 185.000000 0.306637 14.418834 25.198253
 185.200000 0.318218 11.595529 25.198253
 185.400000 0.321655 10.714789 25.198253
 185.600000 0.305347 15.811311 25.198253
 185.800000 0.289343 21.222050 25.198253
 186.000000 0.266529 24.410073 25.198253
 186.200000 0.257405 25.254041 25.198253
 186.400000 0.247827 25.766236 25.198253
 186.600000 0.245305 25.954082 25.198253
 186.800000 0.269708 24.834829 25.198253
 187.000000 0.297604 18.702856 25.198253
 187.200000 0.303098 17.381929 25.198253
 187.400000 0.292419 21.188737 25.198253
 187.600000 0.315729 12.670119 25.198253
 187.800000 0.308957 15.089473 25.198253
 188.000000 0.324361 10.246953 25.198253
 188.200000 0.311149 15.017684 25.198253
 188.400000 0.310329 15.285273 25.198253
 188.600000 0.309251 15.643809 25.198253
 188.800000 0.329698 10.141708 25.198253
 189.000000 0.357708 4.429707 25.198253
 189.200000 0.347253 7.571201 25.198253
 189.400000 0.348617 7.365574 25.198253
 189.600000 0.344437 7.989904 25.198253
 189.800000 0.336457 9.210223 25.198253
 190.000000 0.331311 10.091550 25.237243
 190.200000 0.337409 10.085123 25.237243
 190.400000 0.340099 9.578838 25.237243
 190.600000 0.326450 12.090303 25.237243
 190.800000 0.310535 15.651681 25.237243
 191.000000 0.328148 11.781278 25.237243
 191.200000 0.334357 11.601864 25.237243
 191.400000 0.339675 10.429482 25.237243
 191.600000 0.317354 14.705583 25.237243
 191.800000 0.297045 20.071333 25.237243
 192.000000 0.279596 24.054492 25.237243
 192.200000 0.281570 24.350296 25.237243
 192.400000 0.305473 17.662925 25.237243
 192.600000 0.326155 13.174263 25.237243
 192.800000 0.312031 15.870866 25.237243
 193.000000 0.291882 21.969108 25.237243
 193.200000 0.261001 25.551144 25.237243
 193.400000 0.255411 25.533057 25.237243
 193.600000 0.272361 25.626408 25.237243
 193.800000 0.279483 25.136648 25.237243
 194.000000 0.274455 25.543568 25.237243
 194.200000 0.263633 26.033491 25.237243
 194.400000 0.281889 25.318859 25.237243
 194.600000 0.298764 20.557756 25.237243
 194.800000 0.309501 16.875123 25.237243
 195.000000 0.312882 15.936880 25.357308
 195.200000 0.306998 18.453004 25.357308
 195.400000 0.317479 15.687152 25.357308
 195.600000 0.291641 23.301114 25.357308
 195.800000 0.284142 25.044980 25.357308
 196.000000 0.295493 22.158567 25.357308
 196.200000 0.325022 14.140975 25.357308
 196.400000 0.341596 10.128837 25.357308
 196.600000 0.342101 10.002133 25.357308
 196.800000 0.356119 6.625375 25.357308
 197.000000 0.341394 10.179584 25.357308
 197.200000 0.311473 17.687318 25.357308
 197.400000 0.299980 21.356797 25.357308
 197.600000 0.331475 13.534609 25.357308
 197.800000 0.348896 9.308082 25.357308
 198.000000 0.369240 3.832201 25.357308
 198.200000 0.383189 2.152986 25.357308
 198.400000 0.381403 2.499997 25.357308
 198.600000 0.387958 1.365432 25.357308
 198.800000 0.370383 5.031032 25.357308
 199.000000 0.377313 3.382370 25.357308
 199.200000 0.354593 9.125668 25.357308
 199.400000 0.355752 8.930891 25.357308
 199.600000 0.365636 7.280057 25.357308
 199.800000 0.356977 8.727903 25.357308
 200.000000 0.353538 9.305957 25.362069
 200.200000 0.319569 15.875875 25.362069
 200.400000 0.332701 13.813301 25.362069
 200.600000 0.337409 13.097020 25.362069
 200.800000 0.343942 12.057244 25.362069
 201.000000 0.343416 12.142579 25.362069
 201.200000 0.325955 15.331450 25.362069
 201.400000 0.325634 15.367396 25.362069
 201.600000 0.314671 17.060152 25.362069
 201.800000 0.310484 18.070325 25.362069
 202.000000 0.329526 14.946726 25.362069
 202.200000 0.320770 16.741236 25.362069
 202.400000 0.326983 16.104793 25.362069
 202.600000 0.356317 10.857748 25.362069
 202.800000 0.348996 12.564462 25.362069
 203.000000 0.347955 12.794838 25.362069
 203.200000 0.350361 13.234543 25.362069
 203.400000 0.370539 7.493606 25.362069
 203.600000 0.375081 6.107824 25.362069
 203.800000 0.361354 10.274232 25.362069
 204.000000 0.354878 12.093265 25.362069
 204.200000 0.381981 4.315794 25.362069
 204.400000 0.381687 4.402626 25.362069
 204.600000 0.386241 3.154850 25.362069
 204.800000 0.383143 3.981189 25.362069
 205.000000 0.386265 3.148937 25.333387
 205.200000 0.362452 11.278367 25.333387
 205.400000 0.353587 13.588639 25.333387
 205.600000 0.364793 10.614105 25.333387
 205.800000 0.373652 8.074039 25.333387
 206.000000 0.385963 4.745733 25.333387
 206.200000 0.374647 8.857627 25.333387
 206.400000 0.376235 8.493215 25.333387
 206.600000 0.376361 8.464279 25.333387
 206.800000 0.367466 10.506870 25.333387
 207.000000 0.361252 11.976041 25.333387
 207.200000 0.341052 16.194953 25.333387
 207.400000 0.324613 16.812115 25.333387
 207.600000 0.329945 16.650857 25.333387
 207.800000 0.330387 16.639698 25.333387
 208.000000 0.333835 16.544871 25.333387
 208.200000 0.331721 17.434401 25.333387
 208.400000 0.319835 17.647032 25.333387
 208.600000 0.302585 20.779815 25.333387
 208.800000 0.318240 17.744129 25.333387
 209.000000 0.327796 17.478456 25.333387
 209.200000 0.331004 18.231796 25.333387
 209.400000 0.335695 18.011410 25.333387
 209.600000 0.325184 18.289683 25.333387
 209.800000 0.328725 18.273756 25.333387
 210.000000 0.312676 18.864096 25.324043
 210.200000 0.304338 21.154242 25.324043
 210.400000 0.314337 19.425386 25.324043
 210.600000 0.311723 19.747390 25.324043
 210.800000 0.320675 18.980410 25.324043
 211.000000 0.334914 18.313470 25.324043
 211.200000 0.343430 17.901226 25.324043
 211.400000 0.348108 16.907019 25.324043
 211.600000 0.366416 11.909377 25.324043
 211.800000 0.379270 8.302670 25.324043
 212.000000 0.366118 11.994579 25.324043
 212.200000 0.364258 13.545888 25.324043
 212.400000 0.363973 13.625075 25.324043
 212.600000 0.351609 16.690272 25.324043
 212.800000 0.341469 18.515961 25.324043
 213.000000 0.351012 16.817642 25.324043
 213.200000 0.350614 17.728281 25.324043
 213.400000 0.346670 18.468737 25.324043
 213.600000 0.358585 15.782858 25.324043
 213.800000 0.360828 15.143531 25.324043
 214.000000 0.354365 16.882246 25.324043
 214.200000 0.326316 19.826183 25.324043
 214.400000 0.303358 21.475524 25.324043
 214.600000 0.299878 22.312551 25.324043
 214.800000 0.322356 19.687771 25.324043
 215.000000 0.336323 20.004966 25.311611
 215.200000 0.312589 20.134594 25.311611
 215.400000 0.287322 25.182836 25.311611
 215.600000 0.312253 20.160278 25.311611
 215.800000 0.355284 17.801158 25.311611
 216.000000 0.363837 15.044447 25.311611
 216.200000 0.386929 6.940762 25.311611
 216.400000 0.415132 0.523957 25.311611
 216.600000 0.409750 1.059485 25.311611
 216.800000 0.391698 5.277088 25.311611
 217.000000 0.386873 6.960938 25.311611
 217.200000 0.377055 11.808163 25.311611
 217.400000 0.379735 10.843552 25.311611
 217.600000 0.372922 13.276692 25.311611
 217.800000 0.374682 12.654869 25.311611
 218.000000 0.370226 14.214214 25.311611
 218.200000 0.376185 12.977868 25.311611
 218.400000 0.398758 4.267061 25.311611
 218.600000 0.403571 2.835099 25.311611
 218.800000 0.393249 6.231338 25.311611
 219.000000 0.407220 1.969307 25.311611
 219.200000 0.405289 3.992648 25.311611
 219.400000 0.393965 7.044781 25.311611
 219.600000 0.379874 11.850046 25.311611
 219.800000 0.389761 8.402159 25.311611
 220.000000 0.390943 8.011544 25.285569
 220.200000 0.385509 11.002590 25.285569
 220.400000 0.409328 3.724057 25.285569
 220.600000 0.425372 0.996372 25.285569
 220.800000 0.413625 2.770050 25.285569
 221.000000 0.409287 3.733896 25.285569
 221.200000 0.416548 3.533523 25.285569
 221.400000 0.404882 6.298440 25.285569
 221.600000 0.383512 11.976220 25.285569
 221.800000 0.374342 14.570820 25.285569
 222.000000 0.392415 9.538839 25.285569
 222.200000 0.402172 7.907230 25.285569
 222.400000 0.404388 7.253654 25.285569
 222.600000 0.424190 2.145638 25.285569
 222.800000 0.424793 2.033693 25.285569
 223.000000 0.412204 4.999508 25.285569
 223.200000 0.387731 12.268198 25.285569
 223.400000 0.383596 13.140137 25.285569
 223.600000 0.373071 15.473658 25.285569
 223.800000 0.381658 13.552120 25.285569
 224.000000 0.393579 11.013485 25.285569
 224.200000 0.417005 5.376317 25.285569
 224.400000 0.424034 3.335278 25.285569
 224.600000 0.442709 0.396307 25.285569
 224.800000 0.425443 2.975130 25.285569
 225.000000 0.412171 6.905196 25.254500
 225.200000 0.386107 13.839420 25.254500
 225.400000 0.359180 18.725605 25.254500
 225.600000 0.373790 15.800475 25.254500
 225.800000 0.391083 13.090147 25.254500
 226.000000 0.419458 5.770653 25.254500
 226.200000 0.402649 11.574390 25.254500
 226.400000 0.407565 10.563329 25.254500
 226.600000 0.427355 4.467202 25.254500
 226.800000 0.438997 1.512617 25.254500
 227.000000 0.451601 0.255958 25.254500
 227.200000 0.421160 6.764668 25.254500
 227.400000 0.385870 13.981928 25.254500
 227.600000 0.386277 13.929319 25.254500
 227.800000 0.400352 11.977954 25.254500
 228.000000 0.403228 11.472928 25.254500
 228.200000 0.398248 13.307455 25.254500
 228.400000 0.413219 9.998879 25.254500
 228.600000 0.411605 10.494036 25.254500
 228.800000 0.415722 9.178244 25.254500
 229.000000 0.423221 6.560375 25.254500
 229.200000 0.427014 6.588883 25.254500
 229.400000 0.433838 4.604952 25.254500
 229.600000 0.423184 7.879644 25.254500
 229.800000 0.406118 12.610226 25.254500
 230.000000 0.398882 13.570412 25.224216
 230.200000 0.402649 14.063455 25.224216
 230.400000 0.397291 14.671733 25.224216
 230.600000 0.394520 14.866059 25.224216
 230.800000 0.401845 14.177662 25.224216
 231.000000 0.396394 14.742116 25.224216
 231.200000 0.381683 15.997388 25.224216
 231.400000 0.369267 17.065970 25.224216
 231.600000 0.352944 19.816517 25.224216
 231.800000 0.343362 20.800965 25.224216
 232.000000 0.343260 20.806907 25.224216
 232.200000 0.352332 20.479630 25.224216
 232.400000 0.348424 21.034658 25.224216
 232.600000 0.359416 19.150248 25.224216
 232.800000 0.393315 15.822094 25.224216
 233.000000 0.392157 15.862068 25.224216
 233.200000 0.388304 16.764559 25.224216
 233.400000 0.377872 16.750828 25.224216
 233.600000 0.374103 16.958309 25.224216
 233.800000 0.380436 16.701344 25.224216
 234.000000 0.387497 16.759107 25.224216
 234.200000 0.415341 11.782445 25.224216
 234.400000 0.428140 6.528089 25.224216
 234.600000 0.422870 8.596025 25.224216
 234.800000 0.414566 12.100914 25.224216
 235.000000 0.446235 2.638180 25.208067
 235.200000 0.446038 4.212567 25.208067
 235.400000 0.438482 5.036809 25.208067
 235.600000 0.438134 5.086249 25.208067
 235.800000 0.452895 3.522457 25.208067
 236.000000 0.454304 3.357596 25.208067
 236.200000 0.409685 14.064559 25.208067
 236.400000 0.408239 14.539149 25.208067
 236.600000 0.434713 6.298327 25.208067
 236.800000 0.443809 5.604247 25.208067
 237.000000 0.457883 4.363780 25.208067
 237.200000 0.451507 6.472576 25.208067
 237.400000 0.435796 6.646483 25.208067
 237.600000 0.439195 6.507843 25.208067
 237.800000 0.425574 8.477222 25.208067
 238.000000 0.432752 6.952387 25.208067
 238.200000 0.451446 7.064885 25.208067
 238.400000 0.433443 8.148314 25.208067
 238.600000 0.441067 7.600513 25.208067
 238.800000 0.434978 7.979810 25.208067
 239.000000 0.442015 7.567680 25.208067
 239.200000 0.431697 9.371113 25.208067
 239.400000 0.403479 16.124142 25.208067
 239.600000 0.413339 13.534294 25.208067
 239.800000 0.402418 16.341925 25.208067
 240.000000 0.424233 10.587296 25.177724
