#! FIELDS time d metad.bias metad.rct
 0.000000 0.110644 0.000000 0.000000
 0.200000 0.100142 0.000000 0.000000
 0.400000 0.115325 0.000000 0.000000
 0.600000 0.111153 0.000000 0.000000
 0.800000 0.094598 0.000000 0.000000
 1.000000 0.088026 0.000000 0.000000
 1.200000 0.090849 1.719208 0.000000
 1.400000 0.107191 0.771810 0.000000
 1.600000 0.111109 0.533218 0.000000
 1.800000 0.101847 1.143524 0.000000
 2.000000 0.117175 0.261989 0.000000
 2.200000 0.128889 1.313736 0.000000
 2.400000 0.106152 2.161088 0.000000
 2.600000 0.099414 2.167365 0.000000
 2.800000 0.104289 2.165677 0.000000
 3.000000 0.092643 2.120501 0.000000
 3.200000 0.081946 2.952403 0.000000
 3.400000 0.087997 3.525512 0.000000
 3.600000 0.081385 2.884266 0.000000
 3.800000 0.082367 3.002168 0.000000
 4.000000 0.096231 3.704103 0.000000
 4.200000 0.111469 3.729585 0.000000
 4.400000 0.110410 3.870635 0.000000
 4.600000 0.090395 5.026886 0.000000
 4.800000 0.081950 3.894831 0.000000
 5.000000 0.076155 2.789598 1.518648
 5.200000 0.074081 3.925835 1.518648
 5.400000 0.083090 5.483373 1.518648
 5.600000 0.083083 5.482445 1.518648
 5.800000 0.081607 5.279461 1.518648
 6.000000 0.085481 5.748419 1.518648
 6.200000 0.096500 6.830260 1.518648
 6.400000 0.111892 4.045935 1.518648
 6.600000 0.100265 6.253189 1.518648
 6.800000 0.111647 4.090830 1.518648
 7.000000 0.108165 4.749337 1.518648
 7.200000 0.089010 7.919863 1.518648
 7.400000 0.111143 5.572319 1.518648
 7.600000 0.100531 7.450864 1.518648
 7.800000 0.093787 8.016144 1.518648
 8.000000 0.071901 4.458048 1.518648
 8.200000 0.092210 8.606861 1.518648
 8.400000 0.103619 7.139268 1.518648
 8.600000 0.097838 8.080951 1.518648
 8.800000 0.081086 7.963526 1.518648
 9.000000 0.093131 8.554976 1.518648
 9.200000 0.106747 7.320771 1.518648
 9.400000 0.095815 9.500754 1.518648
 9.600000 0.115810 5.004243 1.518648
 9.800000 0.148668 0.222704 1.518648
 10.000000 0.135690 1.162574 4.119283
 10.200000 0.120629 4.846781 4.119283
 10.400000 0.133851 3.045307 4.119283
 10.600000 0.139420 2.383398 4.119283
 10.800000 0.119422 5.046464 4.119283
 11.000000 0.104267 8.106445 4.119283
 11.200000 0.115749 6.613538 4.119283
 11.400000 0.131004 3.641333 4.119283
 11.600000 0.123819 4.874976 4.119283
 11.800000 0.112118 7.489122 4.119283
 12.000000 0.124088 4.823511 4.119283
 12.200000 0.136970 3.758316 4.119283
 12.400000 0.141227 2.963983 4.119283
 12.600000 0.137060 3.741233 4.119283
 12.800000 0.131633 4.788668 4.119283
 13.000000 0.104586 9.863425 4.119283
 13.200000 0.110746 9.810386 4.119283
 13.400000 0.116651 8.465857 4.119283
 13.600000 0.144392 2.442688 4.119283
 13.800000 0.148857 1.729456 4.119283
 14.000000 0.150012 1.566488 4.119283
 14.200000 0.120512 7.789377 4.119283
 14.400000 0.141485 4.358231 4.119283
 14.600000 0.126881 6.570089 4.119283
 14.800000 0.103836 11.118630 4.119283
 15.000000 0.124650 6.976307 6.407393
 15.200000 0.152686 3.053053 6.407393
 15.400000 0.137271 5.840243 6.407393
 15.600000 0.138408 5.622418 6.407393
 15.800000 0.145870 4.233253 6.407393
 16.000000 0.159210 2.044373 6.407393
 16.200000 0.132524 7.082150 6.407393
 16.400000 0.118067 9.497531 6.407393
 16.600000 0.113473 10.267482 6.407393
 16.800000 0.122537 8.730209 6.407393
 17.000000 0.133819 6.884985 6.407393
 17.200000 0.130069 8.716769 6.407393
 17.400000 0.150082 5.533318 6.407393
 17.600000 0.169941 2.119449 6.407393
 17.800000 0.152513 5.118486 6.407393
 18.000000 0.129589 8.783476 6.407393
 18.200000 0.104071 12.037394 6.407393
 18.400000 0.126397 10.369227 6.407393
 18.600000 0.160659 3.828062 6.407393
 18.800000 0.143259 7.453274 6.407393
 19.000000 0.114998 11.337259 6.407393
 19.200000 0.120860 11.881338 6.407393
 19.400000 0.127222 11.029963 6.407393
 19.600000 0.144677 7.298293 6.407393
 19.800000 0.149850 6.115522 6.407393
 20.000000 0.156421 4.696902 7.912393
 20.200000 0.146956 7.933447 7.912393
 20.400000 0.162142 4.865938 7.912393
 20.600000 0.176798 1.754751 7.912393
 20.800000 0.141271 8.949067 7.912393
 21.000000 0.127352 11.223722 7.912393
 21.200000 0.147468 8.271673 7.912393
 21.400000 0.174576 2.155194 7.912393
 21.600000 0.183269 0.870622 7.912393
 21.800000 0.173043 2.454201 7.912393
 22.000000 0.166465 3.907559 7.912393
 22.200000 0.154778 7.736556 7.912393
 22.400000 0.162262 6.321201 7.912393
 22.600000 0.158722 7.031166 7.912393
 22.800000 0.152838 8.059847 7.912393
 23.000000 0.154025 7.863386 7.912393
 23.200000 0.157403 8.477463 7.912393
 23.400000 0.174678 3.877580 7.912393
 23.600000 0.171517 4.781857 7.912393
 23.800000 0.167179 6.047367 7.912393
 24.000000 0.150411 9.650493 7.912393
 24.200000 0.142964 11.638906 7.912393
 24.400000 0.128372 12.867477 7.912393
 24.600000 0.124537 13.078387 7.912393
 24.800000 0.127279 12.935383 7.912393
 25.000000 0.134540 12.397958 9.449015
 25.200000 0.133108 13.520116 9.449015
 25.400000 0.133706 13.473831 9.449015
 25.600000 0.114341 13.693409 9.449015
 25.800000 0.092519 12.310031 9.449015
 26.000000 0.104929 13.337765 9.449015
 26.200000 0.126090 14.217554 9.449015
 26.400000 0.115792 14.486230 9.449015
 26.600000 0.084260 10.944747 9.449015
 26.800000 0.090836 12.658837 9.449015
 27.000000 0.101324 14.101080 9.449015
 27.200000 0.094974 14.263552 9.449015
 27.400000 0.109433 15.243802 9.449015
 27.600000 0.097608 14.662998 9.449015
 27.800000 0.079473 9.696733 9.449015
 28.000000 0.081754 10.545911 9.449015
 28.200000 0.075560 9.194269 9.449015
 28.400000 0.073883 8.494538 9.449015
 28.600000 0.088576 13.775288 9.449015
 28.800000 0.102671 15.532037 9.449015
 29.000000 0.105204 15.539023 9.449015
 29.200000 0.105052 16.416064 9.449015
 29.400000 0.124157 15.014469 9.449015
 29.600000 0.152045 11.063404 9.449015
 29.800000 0.136565 13.478178 9.449015
 30.000000 0.109733 16.267498 12.095381
 30.200000 0.100714 17.023987 12.095381
 30.400000 0.107863 17.193558 12.095381
 30.600000 0.091630 15.450272 12.095381
 30.800000 0.092904 15.769817 12.095381
 31.000000 0.101345 17.073604 12.095381
 31.200000 0.132463 14.381325 12.095381
 31.400000 0.131584 14.530595 12.095381
 31.600000 0.108027 17.929010 12.095381
 31.800000 0.113384 17.444896 12.095381
 32.000000 0.111781 17.625829 12.095381
 32.200000 0.102402 18.612396 12.095381
 32.400000 0.081661 12.456058 12.095381
 32.600000 0.060757 3.554846 12.095381
 32.800000 0.053649 1.755963 12.095381
 33.000000 0.065470 5.198516 12.095381
 33.200000 0.078864 12.092004 12.095381
 33.400000 0.080756 12.865895 12.095381
 33.600000 0.070809 8.725261 12.095381
 33.800000 0.059775 4.548228 12.095381
 34.000000 0.068050 7.601175 12.095381
 34.200000 0.059698 5.590966 12.095381
 34.400000 0.070743 9.925330 12.095381
 34.600000 0.068226 8.919158 12.095381
 34.800000 0.099221 18.498112 12.095381
 35.000000 0.115882 17.894501 14.118973
 35.200000 0.127604 16.250950 14.118973
 35.400000 0.143904 12.742214 14.118973
 35.600000 0.136974 14.117967 14.118973
 35.800000 0.129340 15.842564 14.118973
 36.000000 0.147726 12.018144 14.118973
 36.200000 0.139856 14.417222 14.118973
 36.400000 0.148856 12.819960 14.118973
 36.600000 0.169887 6.151409 14.118973
 36.800000 0.174855 4.352013 14.118973
 37.000000 0.175918 3.998566 14.118973
 37.200000 0.200193 0.574699 14.118973
 37.400000 0.172752 6.520620 14.118973
 37.600000 0.132216 15.790590 14.118973
 37.800000 0.110755 19.345403 14.118973
 38.000000 0.134454 15.387111 14.118973
 38.200000 0.151506 13.098065 14.118973
 38.400000 0.139055 15.462587 14.118973
 38.600000 0.139705 15.348809 14.118973
 38.800000 0.123229 18.191715 14.118973
 39.000000 0.133890 16.368100 14.118973
 39.200000 0.124240 18.715208 14.118973
 39.400000 0.111435 19.838126 14.118973
 39.600000 0.115536 19.632892 14.118973
 39.800000 0.124689 18.654960 14.118973
 40.000000 0.127417 18.266965 15.385980
 40.200000 0.140860 16.422240 15.385980
 40.400000 0.114670 20.231202 15.385980
 40.600000 0.111407 20.276996 15.385980
 40.800000 0.117840 20.076444 15.385980
 41.000000 0.093178 17.806731 15.385980
 41.200000 0.097467 19.585401 15.385980
 41.400000 0.127491 19.087961 15.385980
 41.600000 0.157265 12.018835 15.385980
 41.800000 0.159087 11.430742 15.385980
 42.000000 0.154670 12.818752 15.385980
 42.200000 0.164463 10.377158 15.385980
 42.400000 0.180093 4.417883 15.385980
 42.600000 0.179915 4.475161 15.385980
 42.800000 0.174451 6.408569 15.385980
 43.000000 0.175521 6.006627 15.385980
 43.200000 0.209821 0.228970 15.385980
 43.400000 0.185039 4.084934 15.385980
 43.600000 0.186696 3.599971 15.385980
 43.800000 0.187549 3.363125 15.385980
 44.000000 0.195041 1.679322 15.385980
 44.200000 0.166604 10.915135 15.385980
 44.400000 0.183788 5.695355 15.385980
 44.600000 0.204900 1.799374 15.385980
 44.800000 0.218845 0.498914 15.385980
 45.000000 0.229997 0.104530 15.873180
 45.200000 0.226294 1.876157 15.873180
 45.400000 0.207743 2.030926 15.873180
 45.600000 0.203856 2.314689 15.873180
 45.800000 0.206288 2.122728 15.873180
 46.000000 0.197251 3.082020 15.873180
 46.200000 0.205766 3.457997 15.873180
 46.400000 0.211335 2.857990 15.873180
 46.600000 0.179581 7.591788 15.873180
 46.800000 0.173978 8.981006 15.873180
 47.000000 0.179177 7.682871 15.873180
 47.200000 0.178446 9.092403 15.873180
 47.400000 0.167017 11.873196 15.873180
 47.600000 0.173161 10.350601 15.873180
 47.800000 0.187043 7.228725 15.873180
 48.000000 0.178456 9.090209 15.873180
 48.200000 0.201083 4.869072 15.873180
 48.400000 0.218634 2.435055 15.873180
 48.600000 0.211669 3.043366 15.873180
 48.800000 0.220752 2.325964 15.873180
 49.000000 0.221729 2.283556 15.873180
 49.200000 0.232501 3.100938 15.873180
 49.400000 0.221752 3.863338 15.873180
 49.600000 0.213610 4.193652 15.873180
 49.800000 0.232572 3.093437 15.873180
 50.000000 0.236910 2.585398 15.864390
 50.200000 0.214780 4.660170 15.864390
 50.400000 0.174333 11.196664 15.864390
 50.600000 0.197529 6.148159 15.864390
 50.800000 0.209238 4.766124 15.864390
 51.000000 0.207273 4.885176 15.864390
 51.200000 0.198876 7.117624 15.864390
 51.400000 0.171853 11.818501 15.864390
 51.600000 0.203916 6.571467 15.864390
 51.800000 0.207207 6.297780 15.864390
 52.000000 0.184455 9.357335 15.864390
 52.200000 0.180936 11.139813 15.864390
 52.400000 0.184682 10.469304 15.864390
 52.600000 0.181375 11.063214 15.864390
 52.800000 0.182715 10.825742 15.864390
 53.000000 0.202685 7.240679 15.864390
 53.200000 0.209354 7.592046 15.864390
 53.400000 0.208597 7.688947 15.864390
 53.600000 0.219613 6.491104 15.864390
 53.800000 0.200758 8.791365 15.864390
 54.000000 0.184790 11.070309 15.864390
 54.200000 0.199632 9.612471 15.864390
 54.400000 0.222919 6.226884 15.864390
 54.600000 0.217230 6.818213 15.864390
 54.800000 0.208599 7.990385 15.864390
 55.000000 0.207583 8.157551 15.877694
 55.200000 0.207656 9.362289 15.877694
 55.400000 0.215942 8.008155 15.877694
 55.600000 0.184024 12.592909 15.877694
 55.800000 0.201268 10.413087 15.877694
 56.000000 0.207906 9.320417 15.877694
 56.200000 0.184756 12.873897 15.877694
 56.400000 0.165570 14.152593 15.877694
 56.600000 0.167741 13.961440 15.877694
 56.800000 0.186224 12.785606 15.877694
 57.000000 0.180631 13.109370 15.877694
 57.200000 0.183594 13.898458 15.877694
 57.400000 0.184057 13.865433 15.877694
 57.600000 0.189396 13.405491 15.877694
 57.800000 0.194313 12.847847 15.877694
 58.000000 0.195614 12.678304 15.877694
 58.200000 0.196165 13.597863 15.877694
 58.400000 0.191292 14.160756 15.877694
 58.600000 0.184278 14.596574 15.877694
 58.800000 0.176988 14.723920 15.877694
 59.000000 0.170208 14.767152 15.877694
 59.200000 0.158448 15.924973 15.877694
 59.400000 0.157375 15.969790 15.877694
 59.600000 0.165260 15.742848 15.877694
 59.800000 0.177776 15.517089 15.877694
 60.000000 0.155562 16.059003 16.175910
 60.200000 0.123686 19.848721 16.175910
 60.400000 0.132713 18.853598 16.175910
 60.600000 0.157810 16.797065 16.175910
 60.800000 0.177791 15.800921 16.175910
 61.000000 0.176097 15.902216 16.175910
 61.200000 0.192520 14.851283 16.175910
 61.400000 0.213196 10.174110 16.175910
 61.600000 0.219704 8.593259 16.175910
 61.800000 0.195510 14.299338 16.175910
 62.000000 0.180304 16.462863 16.175910
 62.200000 0.180724 17.265906 16.175910
 62.400000 0.178460 17.444208 16.175910
 62.600000 0.165150 17.605924 16.175910
 62.800000 0.143122 17.873952 16.175910
 63.000000 0.165232 17.607505 16.175910
 63.200000 0.189272 16.305713 16.175910
 63.400000 0.213618 10.141641 16.175910
 63.600000 0.225601 7.269161 16.175910
 63.800000 0.206901 11.936011 16.175910
 64.000000 0.192756 15.552018 16.175910
 64.200000 0.218448 9.121683 16.175910
 64.400000 0.261957 0.601875 16.175910
 64.600000 0.265825 0.356060 16.175910
 64.800000 0.258964 0.867261 16.175910
 65.000000 0.263844 0.469847 16.640238
 65.200000 0.241910 4.309674 16.640238
 65.400000 0.257771 2.572615 16.640238
 65.600000 0.252080 3.023929 16.640238
 65.800000 0.239642 4.681470 16.640238
 66.000000 0.237364 5.077262 16.640238
 66.200000 0.237513 6.446330 16.640238
 66.400000 0.255659 3.385930 16.640238
 66.600000 0.251186 4.021464 16.640238
 66.800000 0.249198 4.339657 16.640238
 67.000000 0.243415 5.363927 16.640238
 67.200000 0.243064 6.806370 16.640238
 67.400000 0.229040 8.741525 16.640238
 67.600000 0.216938 10.379586 16.640238
 67.800000 0.222478 9.497573 16.640238
 68.000000 0.209012 12.179853 16.640238
 68.200000 0.219968 10.637608 16.640238
 68.400000 0.211754 12.493375 16.640238
 68.600000 0.213092 12.160725 16.640238
 68.800000 0.226064 9.595393 16.640238
 69.000000 0.235455 8.219416 16.640238
 69.200000 0.205150 14.357904 16.640238
 69.400000 0.184311 18.228720 16.640238
 69.600000 0.198024 15.987328 16.640238
 69.800000 0.223763 10.854243 16.640238
 70.000000 0.212322 12.718846 16.712200
 70.200000 0.181910 18.575576 16.712200
 70.400000 0.180422 18.660001 16.712200
 70.600000 0.204143 15.451296 16.712200
 70.800000 0.200136 16.236390 16.712200
 71.000000 0.195188 17.086863 16.712200
 71.200000 0.193805 18.111876 16.712200
 71.400000 0.185481 18.962107 16.712200
 71.600000 0.180213 19.166448 16.712200
 71.800000 0.174761 19.135407 16.712200
 72.000000 0.176002 19.160851 16.712200
 72.200000 0.153959 18.370927 16.712200
 72.400000 0.168558 19.539353 16.712200
 72.600000 0.160838 18.885668 16.712200
 72.800000 0.164011 19.164548 16.712200
 73.000000 0.137806 18.506027 16.712200
 73.200000 0.131516 19.775373 16.712200
 73.400000 0.137523 19.294821 16.712200
 73.600000 0.140455 19.086459 16.712200
 73.800000 0.147190 18.784259 16.712200
 74.000000 0.145190 18.841935 16.712200
 74.200000 0.151128 19.453674 16.712200
 74.400000 0.160232 19.540063 16.712200
 74.600000 0.128467 20.421637 16.712200
 74.800000 0.153273 19.437945 16.712200
 75.000000 0.151217 19.452646 17.803778
 75.200000 0.130550 20.606047 17.803778
 75.400000 0.119579 20.852247 17.803778
 75.600000 0.146084 20.260968 17.803778
 75.800000 0.150328 20.198826 17.803778
 76.000000 0.153243 20.167059 17.803778
 76.200000 0.170291 20.618464 17.803778
 76.400000 0.151930 20.890403 17.803778
 76.600000 0.146156 20.897042 17.803778
 76.800000 0.146320 20.897604 17.803778
 77.000000 0.129946 20.832349 17.803778
 77.200000 0.127556 21.520801 17.803778
 77.400000 0.140957 21.400052 17.803778
 77.600000 0.140141 21.416408 17.803778
 77.800000 0.115657 21.383613 17.803778
 78.000000 0.130346 21.523735 17.803778
 78.200000 0.145617 21.694419 17.803778
 78.400000 0.149717 21.479810 17.803778
 78.600000 0.175921 20.450425 17.803778
 78.800000 0.163657 20.850522 17.803778
 79.000000 0.155213 21.194200 17.803778
 79.200000 0.132187 22.391819 17.803778
 79.400000 0.150123 22.101106 17.803778
 79.600000 0.159800 21.639883 17.803778
 79.800000 0.148693 22.153405 17.803778
 80.000000 0.167691 21.209496 19.242824
 80.200000 0.174822 21.395821 19.242824
 80.400000 0.146710 22.472664 19.242824
 80.600000 0.142935 22.488980 19.242824
 80.800000 0.143855 22.486122 19.242824
 81.000000 0.128748 22.355436 19.242824
 81.200000 0.119150 22.519764 19.242824
 81.400000 0.122788 22.748333 19.242824
 81.600000 0.118689 22.487429 19.242824
 81.800000 0.128688 23.000257 19.242824
 82.000000 0.136851 23.043574 19.242824
 82.200000 0.141017 23.558443 19.242824
 82.400000 0.141602 23.535627 19.242824
 82.600000 0.135071 23.685018 19.242824
 82.800000 0.115321 22.456044 19.242824
 83.000000 0.100577 20.481386 19.242824
 83.200000 0.112410 22.665856 19.242824
 83.400000 0.141654 23.548772 19.242824
 83.600000 0.137356 23.695883 19.242824
 83.800000 0.167987 21.964803 19.242824
 84.000000 0.154690 22.819608 19.242824
 84.200000 0.140748 23.997300 19.242824
 84.400000 0.141209 23.990162 19.242824
 84.600000 0.155466 23.403770 19.242824
 84.800000 0.154177 23.484668 19.242824
 85.000000 0.161913 22.931038 20.629237
 85.200000 0.148271 24.204022 20.629237
 85.400000 0.143250 24.239094 20.629237
 85.600000 0.152877 24.087756 20.629237
 85.800000 0.169129 22.842579 20.629237
 86.000000 0.163208 23.450928 20.629237
 86.200000 0.150762 24.589147 20.629237
 86.400000 0.164061 23.988369 20.629237
 86.600000 0.166348 23.751318 20.629237
 86.800000 0.161549 24.202521 20.629237
 87.000000 0.165268 23.868213 20.629237
 87.200000 0.148738 24.911210 20.629237
 87.400000 0.131336 24.098092 20.629237
 87.600000 0.130393 24.039069 20.629237
 87.800000 0.112154 22.657296 20.629237
 88.000000 0.129802 24.000822 20.629237
 88.200000 0.161141 24.881108 20.629237
 88.400000 0.162461 24.779445 20.629237
 88.600000 0.136815 24.940430 20.629237
 88.800000 0.118800 23.647020 20.629237
 89.000000 0.122502 24.007159 20.629237
 89.200000 0.131092 25.191213 20.629237
 89.400000 0.144192 25.326894 20.629237
 89.600000 0.153756 25.242738 20.629237
 89.800000 0.156517 25.158470 20.629237
 90.000000 0.140514 25.333517 22.097528
 90.200000 0.124507 25.105329 22.097528
 90.400000 0.133928 25.791316 22.097528
 90.600000 0.124523 25.106995 22.097528
 90.800000 0.129275 25.535998 22.097528
 91.000000 0.138542 25.892332 22.097528
 91.200000 0.132640 26.248443 22.097528
 91.400000 0.129291 25.993606 22.097528
 91.600000 0.135849 26.393350 22.097528
 91.800000 0.159359 25.487397 22.097528
 92.000000 0.162532 25.134420 22.097528
 92.200000 0.177063 23.043368 22.097528
 92.400000 0.175091 23.488415 22.097528
 92.600000 0.178454 22.721667 22.097528
 92.800000 0.159707 26.013285 22.097528
 93.000000 0.160847 25.898203 22.097528
 93.200000 0.143156 26.935628 22.097528
 93.400000 0.152657 26.963384 22.097528
 93.600000 0.136785 26.699834 22.097528
 93.800000 0.135051 26.596814 22.097528
 94.000000 0.129853 26.160392 22.097528
 94.200000 0.137548 27.217233 22.097528
 94.400000 0.152124 27.156334 22.097528
 94.600000 0.140806 27.287959 22.097528
 94.800000 0.130717 26.791643 22.097528
 95.000000 0.138275 27.238974 23.673789
 95.200000 0.137961 27.750023 23.673789
 95.400000 0.141423 27.803118 23.673789
 95.600000 0.127309 26.809815 23.673789
 95.800000 0.139604 27.787554 23.673789
 96.000000 0.139282 27.782050 23.673789
 96.200000 0.145085 28.239736 23.673789
 96.400000 0.125999 26.952546 23.673789
 96.600000 0.105987 22.864634 23.673789
 96.800000 0.082436 15.378378 23.673789
 97.000000 0.090958 18.731846 23.673789
 97.200000 0.115324 24.983504 23.673789
 97.400000 0.133561 28.000229 23.673789
 97.600000 0.140408 28.305697 23.673789
 97.800000 0.148316 28.101294 23.673789
 98.000000 0.161618 26.742996 23.673789
 98.200000 0.193061 19.300357 23.673789
 98.400000 0.195000 18.794650 23.673789
 98.600000 0.198953 17.759396 23.673789
 98.800000 0.204854 16.180492 23.673789
 99.000000 0.171939 25.093064 23.673789
 99.200000 0.160972 27.811159 23.673789
 99.400000 0.136843 28.387832 23.673789
 99.600000 0.146549 28.642171 23.673789
 99.800000 0.158237 28.114771 23.673789
 100.000000 0.145107 28.643327 24.885393
 100.200000 0.120315 26.079058 24.885393
 100.400000 0.114927 24.976439 24.885393
 100.600000 0.114889 24.968987 24.885393
 100.800000 0.113599 24.720564 24.885393
 101.000000 0.151303 28.999988 24.885393
 101.200000 0.162293 28.252010 24.885393
 101.400000 0.160285 28.590067 24.885393
 101.600000 0.155111 29.219957 24.885393
 101.800000 0.159187 28.752180 24.885393
 102.000000 0.156353 29.099204 24.885393
 102.200000 0.146937 29.978653 24.885393
 102.400000 0.114099 24.845418 24.885393
 102.600000 0.101156 22.385625 24.885393
 102.800000 0.109043 23.898645 24.885393
 103.000000 0.137044 29.337899 24.885393
 103.200000 0.130969 28.864331 24.885393
 103.400000 0.121458 26.692337 24.885393
 103.600000 0.121607 26.728652 24.885393
 103.800000 0.129481 28.565560 24.885393
 104.000000 0.132327 29.115846 24.885393
 104.200000 0.119750 26.615069 24.885393
 104.400000 0.103634 23.011705 24.885393
 104.600000 0.116784 25.861880 24.885393
 104.800000 0.125420 28.082813 24.885393
 105.000000 0.140392 30.543100 26.543755
 105.200000 0.130399 29.586654 26.543755
 105.400000 0.106784 23.698589 26.543755
 105.600000 0.123817 27.917551 26.543755
 105.800000 0.132191 29.956282 26.543755
 106.000000 0.142065 31.068518 26.543755
 106.200000 0.157611 30.221623 26.543755
 106.400000 0.167500 27.777347 26.543755
 106.600000 0.156792 30.371961 26.543755
 106.800000 0.166165 28.168845 26.543755
 107.000000 0.184776 22.068155 26.543755
 107.200000 0.169799 27.466731 26.543755
 107.400000 0.164728 28.838499 26.543755
 107.600000 0.171677 26.913033 26.543755
 107.800000 0.187912 21.718790 26.543755
 108.000000 0.188696 21.470620 26.543755
 108.200000 0.187406 22.549497 26.543755
 108.400000 0.173990 26.619423 26.543755
 108.600000 0.156788 30.555270 26.543755
 108.800000 0.181540 24.373561 26.543755
 109.000000 0.182351 24.123971 26.543755
 109.200000 0.162835 29.698694 26.543755
 109.400000 0.136737 31.088322 26.543755
 109.600000 0.127100 29.063705 26.543755
 109.800000 0.130921 30.032042 26.543755
 110.000000 0.135903 30.972734 27.409418
 110.200000 0.153944 31.262027 27.409418
 110.400000 0.142062 31.940938 27.409418
 110.600000 0.157091 30.813800 27.409418
 110.800000 0.190292 22.156467 27.409418
 111.000000 0.190393 22.122800 27.409418
 111.200000 0.168840 28.688855 27.409418
 111.400000 0.167004 29.080953 27.409418
 111.600000 0.157861 30.752095 27.409418
 111.800000 0.150184 31.688460 27.409418
 112.000000 0.150402 31.669801 27.409418
 112.200000 0.136189 31.726285 27.409418
 112.400000 0.125841 29.174368 27.409418
 112.600000 0.099464 22.104494 27.409418
 112.800000 0.092373 20.007966 27.409418
 113.000000 0.093244 20.300950 27.409418
 113.200000 0.110207 24.954184 27.409418
 113.400000 0.138738 32.068525 27.409418
 113.600000 0.121117 27.790197 27.409418
 113.800000 0.111259 25.179037 27.409418
 114.000000 0.103228 23.569547 27.409418
 114.200000 0.114398 26.373332 27.409418
 114.400000 0.098942 23.217690 27.409418
 114.600000 0.100431 23.578518 27.409418
 114.800000 0.108972 25.269076 27.409418
 115.000000 0.143986 32.373803 28.176584
 115.200000 0.120404 28.011720 28.176584
 115.400000 0.115164 26.613285 28.176584
 115.600000 0.135343 32.009459 28.176584
 115.800000 0.117512 27.207671 28.176584
 116.000000 0.104845 24.512606 28.176584
 116.200000 0.106892 25.483758 28.176584
 116.400000 0.098725 23.705941 28.176584
 116.600000 0.106837 25.473600 28.176584
 116.800000 0.102248 24.565981 28.176584
 117.000000 0.086303 18.928939 28.176584
 117.200000 0.111001 26.427218 28.176584
 117.400000 0.113982 26.959178 28.176584
 117.600000 0.123926 29.349970 28.176584
 117.800000 0.113886 26.940760 28.176584
 118.000000 0.090674 21.633605 28.176584
 118.200000 0.101224 25.314661 28.176584
 118.400000 0.089758 21.919195 28.176584
 118.600000 0.082624 18.402306 28.176584
 118.800000 0.094094 23.555945 28.176584
 119.000000 0.107932 26.281788 28.176584
 119.200000 0.104330 26.331926 28.176584
 119.400000 0.123914 29.710009 28.176584
 119.600000 0.138703 32.603059 28.176584
 119.800000 0.089729 22.166402 28.176584
 120.000000 0.076490 14.985481 28.331363
 120.200000 0.064341 8.880755 28.331363
 120.400000 0.059133 6.277490 28.331363
 120.600000 0.077368 16.396663 28.331363
 120.800000 0.062421 7.876001 28.331363
 121.000000 0.059684 6.533392 28.331363
 121.200000 0.056105 6.233600 28.331363
 121.400000 0.057540 6.860261 28.331363
 121.600000 0.054770 5.676104 28.331363
 121.800000 0.058461 7.275222 28.331363
 122.000000 0.039933 1.401372 28.331363
 122.200000 0.061355 9.231115 28.331363
 122.400000 0.053822 6.365182 28.331363
 122.600000 0.059452 8.436459 28.331363
 122.800000 0.075332 16.058693 28.331363
 123.000000 0.085090 20.965332 28.331363
 123.200000 0.066838 12.072179 28.331363
 123.400000 0.060678 9.125127 28.331363
 123.600000 0.058439 8.172638 28.331363
 123.800000 0.071201 14.368617 28.331363
 124.000000 0.075229 16.558601 28.331363
 124.200000 0.059390 9.047219 28.331363
 124.400000 0.056190 7.662040 28.331363
 124.600000 0.052881 6.404786 28.331363
 124.800000 0.059106 8.917848 28.331363
 125.000000 0.055363 7.330692 28.318375
 125.200000 0.057808 9.588420 28.318375
 125.400000 0.056605 9.090830 28.318375
 125.600000 0.061705 11.296388 28.318375
 125.800000 0.062052 11.454592 28.318375
 126.000000 0.043475 4.712567 28.318375
 126.200000 0.063418 12.672487 28.318375
 126.400000 0.047998 7.358243 28.318375
 126.600000 0.061500 11.890897 28.318375
 126.800000 0.059419 11.082663 28.318375
 127.000000 0.065441 13.534017 28.318375
 127.200000 0.062082 13.058007 28.318375
 127.400000 0.063107 13.489400 28.318375
 127.600000 0.065062 14.327312 28.318375
 127.800000 0.045161 6.961076 28.318375
 128.000000 0.061404 12.776057 28.318375
 128.200000 0.041630 6.338508 28.318375
 128.400000 0.048534 8.701739 28.318375
 128.600000 0.060560 13.417909 28.318375
 128.800000 0.040288 5.913458 28.318375
 129.000000 0.060158 13.252204 28.318375
 129.200000 0.057067 12.938691 28.318375
 129.400000 0.042203 6.996190 28.318375
 129.600000 0.051384 10.575364 28.318375
 129.800000 0.058960 13.726661 28.318375
 130.000000 0.049662 9.873496 28.286435
 130.200000 0.057379 14.056197 28.286435
 130.400000 0.047108 9.965108 28.286435
 130.600000 0.054815 13.060968 28.286435
 130.800000 0.054508 12.940153 28.286435
 131.000000 0.045462 9.298209 28.286435
 131.200000 0.049928 12.214789 28.286435
 131.400000 0.043882 9.811715 28.286435
 131.600000 0.035766 6.505026 28.286435
 131.800000 0.049978 12.233907 28.286435
 132.000000 0.062596 16.596014 28.286435
 132.200000 0.072153 20.220491 28.286435
 132.400000 0.056306 15.297783 28.286435
 132.600000 0.049870 12.775108 28.286435
 132.800000 0.049091 12.449087 28.286435
 133.000000 0.030940 4.789712 28.286435
 133.200000 0.028711 5.414020 28.286435
 133.400000 0.050623 13.681886 28.286435
 133.600000 0.055729 15.443799 28.286435
 133.800000 0.042108 10.481241 28.286435
 134.000000 0.036706 8.377758 28.286435
 134.200000 0.052648 15.081483 28.286435
 134.400000 0.057567 16.499354 28.286435
 134.600000 0.054382 15.593708 28.286435
 134.800000 0.051973 14.878045 28.286435
 135.000000 0.056661 16.245968 28.252339
 135.200000 0.060960 18.234740 28.252339
 135.400000 0.086053 24.212110 28.252339
 135.600000 0.076022 21.720153 28.252339
 135.800000 0.061798 18.442308 28.252339
 136.000000 0.070930 20.542113 28.252339
 136.200000 0.076127 22.405227 28.252339
 136.400000 0.061800 19.024854 28.252339
 136.600000 0.061755 19.012737 28.252339
 136.800000 0.071005 21.259755 28.252339
 137.000000 0.080995 23.504579 28.252339
 137.200000 0.072477 22.112849 28.252339
 137.400000 0.062456 19.485257 28.252339
 137.600000 0.065322 20.285965 28.252339
 137.800000 0.056596 17.682449 28.252339
 138.000000 0.052685 16.348169 28.252339
 138.200000 0.043820 13.680726 28.252339
 138.400000 0.055170 18.040988 28.252339
 138.600000 0.054325 17.759943 28.252339
 138.800000 0.077652 23.557517 28.252339
 139.000000 0.082650 24.602493 28.252339
 139.200000 0.062397 20.387366 28.252339
 139.400000 0.048901 15.828091 28.252339
 139.600000 0.044301 13.909893 28.252339
 139.800000 0.049066 15.893383 28.252339
 140.000000 0.058478 19.230437 28.283280
 140.200000 0.068055 22.477110 28.283280
 140.400000 0.063384 21.364278 28.283280
 140.600000 0.080633 25.012456 28.283280
 140.800000 0.067469 22.346322 28.283280
 141.000000 0.063031 21.272780 28.283280
 141.200000 0.040188 12.638170 28.283280
 141.400000 0.039752 12.417578 28.283280
 141.600000 0.040147 12.617376 28.283280
 141.800000 0.033633 9.337648 28.283280
 142.000000 0.045473 15.265164 28.283280
 142.200000 0.051309 18.744904 28.283280
 142.400000 0.049752 18.099974 28.283280
 142.600000 0.042665 14.756502 28.283280
 142.800000 0.055530 20.306996 28.283280
 143.000000 0.042911 14.881703 28.283280
 143.200000 0.029719 8.586741 28.283280
 143.400000 0.055863 21.038670 28.283280
 143.600000 0.055424 20.907413 28.283280
 143.800000 0.029534 8.487891 28.283280
 144.000000 0.026112 6.740094 28.283280
 144.200000 0.039741 14.974901 28.283280
 144.400000 0.064728 23.121192 28.283280
 144.600000 0.091901 26.930825 28.283280
 144.800000 0.098222 27.346662 28.283280
 145.000000 0.069178 23.810620 28.281457
 145.200000 0.045668 17.861699 28.281457
 145.400000 0.043948 17.087424 28.281457
 145.600000 0.059382 22.575624 28.281457
 145.800000 0.073325 24.978185 28.281457
 146.000000 0.060872 22.925108 28.281457
 146.200000 0.051624 20.761762 28.281457
 146.400000 0.075977 25.693416 28.281457
 146.600000 0.069016 24.936830 28.281457
 146.800000 0.047621 19.121441 28.281457
 147.000000 0.056364 22.374748 28.281457
 147.200000 0.060872 24.172774 28.281457
 147.400000 0.056640 23.102682 28.281457
 147.600000 0.073160 25.751631 28.281457
 147.800000 0.076350 25.995768 28.281457
 148.000000 0.046296 19.043237 28.281457
 148.200000 0.038797 15.785819 28.281457
 148.400000 0.053214 22.650169 28.281457
 148.600000 0.046456 19.868944 28.281457
 148.800000 0.036971 14.725860 28.281457
 149.000000 0.032566 12.128667 28.281457
 149.200000 0.030655 12.024343 28.281457
 149.400000 0.032971 13.386355 28.281457
 149.600000 0.033343 13.604383 28.281457
 149.800000 0.044927 19.844782 28.281457
 150.000000 0.065991 25.439819 28.309257
 150.200000 0.071242 26.346102 28.309257
 150.400000 0.069341 26.248587 28.309257
 150.600000 0.087859 27.153687 28.309257
 150.800000 0.084980 26.981495 28.309257
 151.000000 0.084225 26.936831 28.309257
 151.200000 0.078893 27.153435 28.309257
 151.400000 0.077592 27.079814 28.309257
 151.600000 0.070152 26.631938 28.309257
 151.800000 0.074854 26.927116 28.309257
 152.000000 0.061202 25.558659 28.309257
 152.200000 0.049376 22.476427 28.309257
 152.400000 0.069101 27.039010 28.309257
 152.600000 0.086590 27.731800 28.309257
 152.800000 0.093846 27.921638 28.309257
 153.000000 0.087726 27.775372 28.309257
 153.200000 0.072665 27.524064 28.309257
 153.400000 0.080777 27.956239 28.309257
 153.600000 0.077735 27.799320 28.309257
 153.800000 0.093065 28.390373 28.309257
 154.000000 0.102943 28.099384 28.309257
 154.200000 0.102115 28.635700 28.309257
 154.400000 0.095478 28.812321 28.309257
 154.600000 0.108587 28.410181 28.309257
 154.800000 0.116722 28.785055 28.309257
 155.000000 0.084345 28.367309 28.573213
 155.200000 0.079683 28.520996 28.573213
 155.400000 0.093075 29.210723 28.573213
 155.600000 0.073602 28.034644 28.573213
 155.800000 0.065783 27.191268 28.573213
 156.000000 0.065314 27.122430 28.573213
 156.200000 0.088928 29.269309 28.573213
 156.400000 0.090368 29.297489 28.573213
 156.600000 0.084314 29.093642 28.573213
 156.800000 0.069785 28.179298 28.573213
 157.000000 0.083984 29.077623 28.573213
 157.200000 0.090277 29.734926 28.573213
 157.400000 0.067086 28.141067 28.573213
 157.600000 0.075977 29.051054 28.573213
 157.800000 0.069407 28.441685 28.573213
 158.000000 0.069774 28.483902 28.573213
 158.200000 0.075587 29.477691 28.573213
 158.400000 0.092042 29.886580 28.573213
 158.600000 0.106197 28.836167 28.573213
 158.800000 0.118259 29.054941 28.573213
 159.000000 0.102650 29.133726 28.573213
 159.200000 0.103815 29.506077 28.573213
 159.400000 0.119857 29.529443 28.573213
 159.600000 0.112960 29.016241 28.573213
 159.800000 0.119817 29.523989 28.573213
 160.000000 0.121019 29.697684 29.027854
 160.200000 0.123639 30.600679 29.027854
 160.400000 0.102559 29.838143 29.027854
 160.600000 0.100117 30.012626 29.027854
 160.800000 0.062694 27.824382 29.027854
 161.000000 0.079519 29.852683 29.027854
 161.200000 0.099697 30.227382 29.027854
 161.400000 0.099585 30.236627 29.027854
 161.600000 0.116162 29.608948 29.027854
 161.800000 0.109701 29.487106 29.027854
 162.000000 0.099529 30.241203 29.027854
 162.200000 0.071663 29.711373 29.027854
 162.400000 0.073939 29.977832 29.027854
 162.600000 0.101106 30.560011 29.027854
 162.800000 0.120371 30.250440 29.027854
 163.000000 0.110702 29.804872 29.027854
 163.200000 0.098322 31.119104 29.027854
 163.400000 0.074284 30.038404 29.027854
 163.600000 0.063765 28.351142 29.027854
 163.800000 0.041806 19.000396 29.027854
 164.000000 0.042287 19.281345 29.027854
 164.200000 0.043874 20.929045 29.027854
 164.400000 0.038749 17.895010 29.027854
 164.600000 0.044771 21.425740 29.027854
 164.800000 0.050357 24.228606 29.027854
 165.000000 0.056264 26.581989 29.423667
 165.200000 0.056334 27.141506 29.423667
 165.400000 0.052694 25.758987 29.423667
 165.600000 0.059324 28.062069 29.423667
 165.800000 0.082369 30.929382 29.423667
 166.000000 0.086197 31.141715 29.423667
 166.200000 0.076094 30.857905 29.423667
 166.400000 0.069997 30.227975 29.423667
 166.600000 0.070351 30.271195 29.423667
 166.800000 0.077251 30.958099 29.423667
 167.000000 0.084543 31.490629 29.423667
 167.200000 0.098783 31.682782 29.423667
 167.400000 0.106816 30.803119 29.423667
 167.600000 0.105952 30.894594 29.423667
 167.800000 0.092992 32.063212 29.423667
 168.000000 0.081639 31.724063 29.423667
 168.200000 0.078139 31.839854 29.423667
 168.400000 0.076372 31.653621 29.423667
 168.600000 0.068226 30.516662 29.423667
 168.800000 0.079402 31.961215 29.423667
 169.000000 0.068817 30.618653 29.423667
 169.200000 0.086345 32.644134 29.423667
 169.400000 0.088367 32.657056 29.423667
 169.600000 0.102534 31.477615 29.423667
 169.800000 0.124205 31.169190 29.423667
 170.000000 0.121139 30.777867 30.062695
 170.200000 0.104589 31.444541 30.062695
 170.400000 0.101829 31.766177 30.062695
 170.600000 0.090100 32.681936 30.062695
 170.800000 0.099518 32.030935 30.062695
 171.000000 0.117202 30.892575 30.062695
 171.200000 0.114070 31.237657 30.062695
 171.400000 0.119070 31.459947 30.062695
 171.600000 0.121518 31.688347 30.062695
 171.800000 0.116838 31.315847 30.062695
 172.000000 0.123377 31.898999 30.062695
 172.200000 0.137272 33.599875 30.062695
 172.400000 0.137808 33.609228 30.062695
 172.600000 0.127672 32.849692 30.062695
 172.800000 0.141587 33.562889 30.062695
 173.000000 0.149739 32.852239 30.062695
 173.200000 0.159759 31.423071 30.062695
 173.400000 0.153514 32.675569 30.062695
 173.600000 0.135959 33.826086 30.062695
 173.800000 0.139721 33.934303 30.062695
 174.000000 0.136660 33.861202 30.062695
 174.200000 0.102355 32.162007 30.062695
 174.400000 0.105201 31.945413 30.062695
 174.600000 0.123609 32.702736 30.062695
 174.800000 0.125105 32.926097 30.062695
 175.000000 0.127603 33.299836 30.928866
 175.200000 0.125472 33.374625 30.928866
 175.400000 0.130362 34.072320 30.928866
 175.600000 0.147282 34.014769 30.928866
 175.800000 0.155103 32.641367 30.928866
 176.000000 0.145263 34.251713 30.928866
 176.200000 0.158327 32.180412 30.928866
 176.400000 0.155575 32.840596 30.928866
 176.600000 0.138890 34.957256 30.928866
 176.800000 0.107944 31.964991 30.928866
 177.000000 0.101870 32.296770 30.928866
 177.200000 0.127333 33.940709 30.928866
 177.400000 0.121657 33.077227 30.928866
 177.600000 0.105720 32.459062 30.928866
 177.800000 0.112287 32.286045 30.928866
 178.000000 0.115234 32.400148 30.928866
 178.200000 0.101849 32.990686 30.928866
 178.400000 0.111211 32.676620 30.928866
 178.600000 0.110969 32.675290 30.928866
 178.800000 0.117412 32.978817 30.928866
 179.000000 0.113997 32.747325 30.928866
 179.200000 0.116431 33.298460 30.928866
 179.400000 0.135190 35.172121 30.928866
 179.600000 0.119037 33.524728 30.928866
 179.800000 0.143573 34.919606 30.928866
 180.000000 0.140387 35.145813 31.779216
 180.200000 0.126100 34.594565 31.779216
 180.400000 0.122935 34.150860 31.779216
 180.600000 0.104129 33.218926 31.779216
 180.800000 0.120820 33.870736 31.779216
 181.000000 0.114262 33.246257 31.779216
 181.200000 0.123033 34.499800 31.779216
 181.400000 0.120097 34.150034 31.779216
 181.600000 0.120709 34.219555 31.779216
 181.800000 0.094423 33.604851 31.779216
 182.000000 0.099362 33.617690 31.779216
 182.200000 0.098197 34.017407 31.779216
 182.400000 0.131887 35.526336 31.779216
 182.600000 0.134291 35.659163 31.779216
 182.800000 0.151161 34.110064 31.779216
 183.000000 0.140952 35.571338 31.779216
 183.200000 0.135478 36.030613 31.779216
 183.400000 0.150598 34.518435 31.779216
 183.600000 0.158847 32.410466 31.779216
 183.800000 0.162164 31.450144 31.779216
 184.000000 0.164748 30.683156 31.779216
 184.200000 0.174457 28.157457 31.779216
 184.400000 0.191297 22.585329 31.779216
 184.600000 0.197502 20.296496 31.779216
 184.800000 0.177103 27.327292 31.779216
 185.000000 0.167142 30.407745 32.442126
 185.200000 0.145840 35.760565 32.442126
 185.400000 0.150655 35.039107 32.442126
 185.600000 0.158797 33.223572 32.442126
 185.800000 0.150068 35.143288 32.442126
 186.000000 0.157403 33.575423 32.442126
 186.200000 0.185388 24.919566 32.442126
 186.400000 0.189586 23.377583 32.442126
 186.600000 0.182563 25.935251 32.442126
 186.800000 0.192273 22.370607 32.442126
 187.000000 0.218239 13.096295 32.442126
 187.200000 0.232758 10.877054 32.442126
 187.400000 0.245431 7.657954 32.442126
 187.600000 0.279178 1.164990 32.442126
 187.800000 0.270619 2.172190 32.442126
 188.000000 0.276229 1.474268 32.442126
 188.200000 0.270995 3.662555 32.442126
 188.400000 0.249294 6.900421 32.442126
 188.600000 0.266141 4.146755 32.442126
 188.800000 0.271059 3.656199 32.442126
 189.000000 0.257213 5.291974 32.442126
 189.200000 0.253791 7.262471 32.442126
 189.400000 0.255968 6.882805 32.442126
 189.600000 0.265636 5.379417 32.442126
 189.800000 0.262226 5.887386 32.442126
 190.000000 0.292597 1.259116 32.552945
 190.200000 0.291969 2.985919 32.552945
 190.400000 0.284245 3.835457 32.552945
 190.600000 0.298638 2.201244 32.552945
 190.800000 0.334938 0.027650 32.552945
 191.000000 0.320359 0.314299 32.552945
 191.200000 0.313090 2.264363 32.552945
 191.400000 0.319041 2.091022 32.552945
 191.600000 0.307631 2.406398 32.552945
 191.800000 0.305326 2.482925 32.552945
 192.000000 0.302786 2.586274 32.552945
 192.200000 0.283745 4.667258 32.552945
 192.400000 0.244845 8.994172 32.552945
 192.600000 0.245614 8.841532 32.552945
 192.800000 0.284437 4.646772 32.552945
 193.000000 0.315368 3.301956 32.552945
 193.200000 0.331829 2.401148 32.552945
 193.400000 0.326143 3.366177 32.552945
 193.600000 0.328585 2.951659 32.552945
 193.800000 0.323168 3.846180 32.552945
 194.000000 0.336808 1.621102 32.552945
 194.200000 0.349626 1.500966 32.552945
 194.400000 0.339062 2.924285 32.552945
 194.600000 0.326374 4.605055 32.552945
 194.800000 0.325260 4.722348 32.552945
 195.000000 0.311886 5.468084 32.518015
 195.200000 0.300630 6.286584 32.518015
 195.400000 0.306538 6.718960 32.518015
 195.600000 0.308681 6.805439 32.518015
 195.800000 0.298122 6.054576 32.518015
 196.000000 0.282080 5.036423 32.518015
 196.200000 0.257124 7.147635 32.518015
 196.400000 0.267925 6.483758 32.518015
 196.600000 0.282471 6.438283 32.518015
 196.800000 0.291711 6.617055 32.518015
 197.000000 0.294405 6.705008 32.518015
 197.200000 0.309837 7.845397 32.518015
 197.400000 0.327115 5.472239 32.518015
 197.600000 0.341350 2.799683 32.518015
 197.800000 0.350123 1.493824 32.518015
 198.000000 0.348596 1.690378 32.518015
 198.200000 0.343066 4.029024 32.518015
 198.400000 0.319544 7.023395 32.518015
 198.600000 0.309513 7.918339 32.518015
 198.800000 0.299330 8.122580 32.518015
 199.000000 0.302265 8.133236 32.518015
 199.200000 0.299564 9.323766 32.518015
 199.400000 0.291762 8.849487 32.518015
 199.600000 0.276002 7.276955 32.518015
 199.800000 0.271021 6.949962 32.518015
 200.000000 0.274433 7.155946 32.483405
 200.200000 0.288199 9.335650 32.483405
 200.400000 0.304143 9.497616 32.483405
 200.600000 0.282168 8.974210 32.483405
 200.800000 0.263001 7.805354 32.483405
 201.000000 0.260546 7.784019 32.483405
 201.200000 0.274871 9.243302 32.483405
 201.400000 0.308010 9.232776 32.483405
 201.600000 0.337798 4.753737 32.483405
 201.800000 0.338516 4.657178 32.483405
 202.000000 0.333771 5.316586 32.483405
 202.200000 0.330324 7.182938 32.483405
 202.400000 0.331440 7.029273 32.483405
 202.600000 0.345259 4.796854 32.483405
 202.800000 0.344665 4.906409 32.483405
 203.000000 0.339451 5.817916 32.483405
 203.200000 0.309516 9.639339 32.483405
 203.400000 0.287817 9.561632 32.483405
 203.600000 0.277890 9.311754 32.483405
 203.800000 0.292014 9.678379 32.483405
 204.000000 0.305938 9.754184 32.483405
 204.200000 0.310564 10.676151 32.483405
 204.400000 0.312046 10.570609 32.483405
 204.600000 0.313031 10.491607 32.483405
 204.800000 0.310775 10.662131 32.483405
 205.000000 0.328919 8.776381 32.449623
 205.200000 0.380270 0.233704 32.449623
 205.400000 0.382678 0.154794 32.449623
 205.600000 0.342095 7.561575 32.449623
 205.800000 0.319081 10.853966 32.449623
 206.000000 0.317662 10.943115 32.449623
 206.200000 0.327815 10.942589 32.449623
 206.400000 0.324272 11.422371 32.449623
 206.600000 0.326374 11.150958 32.449623
 206.800000 0.335280 9.558775 32.449623
 207.000000 0.345460 6.873423 32.449623
 207.200000 0.321740 12.064526 32.449623
 207.400000 0.319207 12.191260 32.449623
 207.600000 0.304083 11.953009 32.449623
 207.800000 0.294340 10.976264 32.449623
 208.000000 0.277393 9.512183 32.449623
 208.200000 0.266676 9.995591 32.449623
 208.400000 0.290170 11.313703 32.449623
 208.600000 0.309957 12.369966 32.449623
 208.800000 0.308264 12.338783 32.449623
 209.000000 0.308233 12.338044 32.449623
 209.200000 0.284388 11.283917 32.449623
 209.400000 0.275349 10.636532 32.449623
 209.600000 0.276795 10.736812 32.449623
 209.800000 0.283510 11.214825 32.449623
 210.000000 0.287756 11.571527 32.416678
 210.200000 0.292487 13.034428 32.416678
 210.400000 0.300744 13.612184 32.416678
 210.600000 0.313644 13.553851 32.416678
 210.800000 0.330552 11.630096 32.416678
 211.000000 0.347660 7.519367 32.416678
 211.200000 0.342595 10.223897 32.416678
 211.400000 0.346732 9.062623 32.416678
 211.600000 0.317240 13.442007 32.416678
 211.800000 0.291673 12.964958 32.416678
 212.000000 0.285322 12.391455 32.416678
 212.200000 0.277418 12.480293 32.416678
 212.400000 0.301374 14.217705 32.416678
 212.600000 0.303018 14.219631 32.416678
 212.800000 0.329611 12.394664 32.416678
 213.000000 0.340922 10.622279 32.416678
 213.200000 0.349901 8.939857 32.416678
 213.400000 0.341260 11.635028 32.416678
 213.600000 0.324671 13.493991 32.416678
 213.800000 0.294527 14.042648 32.416678
 214.000000 0.284293 13.299224 32.416678
 214.200000 0.278784 13.568269 32.416678
 214.400000 0.271170 12.211338 32.416678
 214.600000 0.270881 12.155258 32.416678
 214.800000 0.270576 12.096203 32.416678
 215.000000 0.269575 11.902349 32.384345
 215.200000 0.276193 14.078506 32.384345
 215.400000 0.292831 15.087337 32.384345
 215.600000 0.313606 14.177439 32.384345
 215.800000 0.345937 10.334792 32.384345
 216.000000 0.320079 13.775718 32.384345
 216.200000 0.302322 15.290124 32.384345
 216.400000 0.304162 15.273217 32.384345
 216.600000 0.305077 15.261876 32.384345
 216.800000 0.303943 15.275621 32.384345
 217.000000 0.288330 15.159271 32.384345
 217.200000 0.287283 16.006971 32.384345
 217.400000 0.286281 15.954477 32.384345
 217.600000 0.288721 16.063263 32.384345
 217.800000 0.277824 15.015337 32.384345
 218.000000 0.277306 14.928510 32.384345
 218.200000 0.279849 16.210231 32.384345
 218.400000 0.283638 16.581272 32.384345
 218.600000 0.283248 16.553693 32.384345
 218.800000 0.279975 16.226399 32.384345
 219.000000 0.252427 10.624836 32.384345
 219.200000 0.245130 11.445587 32.384345
 219.400000 0.264743 13.654779 32.384345
 219.600000 0.296258 16.489235 32.384345
 219.800000 0.322153 14.672376 32.384345
 220.000000 0.335562 13.215969 32.352572
 220.200000 0.338819 13.527465 32.352572
 220.400000 0.318340 15.460524 32.352572
 220.600000 0.326633 15.117041 32.352572
 220.800000 0.347059 10.873952 32.352572
 221.000000 0.330117 14.870328 32.352572
 221.200000 0.307259 16.191485 32.352572
 221.400000 0.293000 16.720748 32.352572
 221.600000 0.294917 16.645421 32.352572
 221.800000 0.308205 16.173746 32.352572
 222.000000 0.315441 16.121889 32.352572
 222.200000 0.310194 16.948326 32.352572
 222.400000 0.297857 16.946041 32.352572
 222.600000 0.293491 16.994181 32.352572
 222.800000 0.276903 16.074560 32.352572
 223.000000 0.283595 16.796483 32.352572
 223.200000 0.298324 17.452056 32.352572
 223.400000 0.321497 16.931646 32.352572
 223.600000 0.350659 9.755977 32.352572
 223.800000 0.329494 16.379998 32.352572
 224.000000 0.314470 17.072253 32.352572
 224.200000 0.300190 17.893030 32.352572
 224.400000 0.310240 17.904449 32.352572
 224.600000 0.309249 17.901507 32.352572
 224.800000 0.306006 17.886976 32.352572
 225.000000 0.303863 17.881595 32.322092
 225.200000 0.302750 18.668853 32.322092
 225.400000 0.298596 18.648668 32.322092
 225.600000 0.297834 18.642659 32.322092
 225.800000 0.295604 18.619641 32.322092
 226.000000 0.303709 18.670508 32.322092
 226.200000 0.305425 19.426387 32.322092
 226.400000 0.294496 19.235169 32.322092
 226.600000 0.302821 19.429485 32.322092
 226.800000 0.322052 18.368444 32.322092
 227.000000 0.342546 13.496654 32.322092
 227.200000 0.356786 7.418157 32.322092
 227.400000 0.345052 13.391615 32.322092
 227.600000 0.328724 17.998147 32.322092
 227.800000 0.330131 17.787784 32.322092
 228.000000 0.353268 9.259219 32.322092
 228.200000 0.359474 7.152604 32.322092
 228.400000 0.369484 2.956919 32.322092
 228.600000 0.370250 2.722514 32.322092
 228.800000 0.353308 10.396318 32.322092
 229.000000 0.340976 15.882280 32.322092
 229.200000 0.349388 13.151436 32.322092
 229.400000 0.363743 5.398688 32.322092
 229.600000 0.366282 4.285997 32.322092
 229.800000 0.361385 6.551823 32.322092
 230.000000 0.347956 13.877744 32.291871
 230.200000 0.371164 2.855743 32.291871
 230.400000 0.359879 8.025260 32.291871
 230.600000 0.358236 8.976042 32.291871
 230.800000 0.363981 5.820574 32.291871
 231.000000 0.361913 6.895661 32.291871
 231.200000 0.364048 7.061352 32.291871
 231.400000 0.340404 18.212216 32.291871
 231.600000 0.336760 18.880531 32.291871
 231.800000 0.340411 18.210478 32.291871
 232.000000 0.328348 19.448195 32.291871
 232.200000 0.304466 19.733121 32.291871
 232.400000 0.308522 19.872743 32.291871
 232.600000 0.316274 20.079114 32.291871
 232.800000 0.317332 20.101577 32.291871
 233.000000 0.327471 20.198198 32.291871
 233.200000 0.319373 20.756433 32.291871
 233.400000 0.315292 20.568753 32.291871
 233.600000 0.293729 19.314864 32.291871
 233.800000 0.302553 19.838504 32.291871
 234.000000 0.290604 19.095456 32.291871
 234.200000 0.282613 18.868793 32.291871
 234.400000 0.269105 15.496679 32.291871
 234.600000 0.276731 17.617813 32.291871
 234.800000 0.275561 17.318761 32.291871
 235.000000 0.276036 17.441771 32.262500
 235.200000 0.278702 18.879647 32.262500
 235.400000 0.286005 20.023410 32.262500
 235.600000 0.287645 20.166571 32.262500
 235.800000 0.292626 20.418938 32.262500
 236.000000 0.292884 20.426186 32.262500
 236.200000 0.298460 21.170631 32.262500
 236.400000 0.305099 21.084543 32.262500
 236.600000 0.324020 21.042053 32.262500
 236.800000 0.321096 21.040016 32.262500
 237.000000 0.310600 21.024834 32.262500
 237.200000 0.319176 21.613259 32.262500
 237.400000 0.319101 21.614545 32.262500
 237.600000 0.306970 21.725920 32.262500
 237.800000 0.294440 21.545209 32.262500
 238.000000 0.294781 21.558908 32.262500
 238.200000 0.301001 22.316643 32.262500
 238.400000 0.293152 22.151610 32.262500
 238.600000 0.275996 18.961016 32.262500
 238.800000 0.274225 18.380786 32.262500
 239.000000 0.268713 16.446720 32.262500
 239.200000 0.252830 12.633234 32.262500
 239.400000 0.255038 13.061870 32.262500
 239.600000 0.262511 15.126309 32.262500
 239.800000 0.242149 11.752350 32.262500
 240.000000 0.236327 11.882823 32.234264
 240.200000 0.250163 12.908187 32.234264
 240.400000 0.258887 14.348876 32.234264
 240.600000 0.258513 14.257813 32.234264
 240.800000 0.275345 19.547243 32.234264
 241.000000 0.272533 18.669744 32.234264
 241.200000 0.270800 18.852137 32.234264
 241.400000 0.258536 14.755827 32.234264
 241.600000 0.264885 16.766984 32.234264
 241.800000 0.253086 13.557544 32.234264
 242.000000 0.254474 13.807036 32.234264
 242.200000 0.271069 19.456208 32.234264
 242.400000 0.256662 15.214792 32.234264
 242.600000 0.256286 15.130201 32.234264
 242.800000 0.252105 14.338998 32.234264
 243.000000 0.244802 13.593803 32.234264
 243.200000 0.248633 14.815724 32.234264
 243.400000 0.250502 14.997437 32.234264
 243.600000 0.243717 14.491868 32.234264
 243.800000 0.235148 14.191831 32.234264
 244.000000 0.247375 14.714704 32.234264
 244.200000 0.264508 18.266291 32.234264
 244.400000 0.233769 14.763735 32.234264
 244.600000 0.224475 14.570072 32.234264
 244.800000 0.236890 14.948343 32.234264
 245.000000 0.240153 15.150489 32.203959
 245.200000 0.254436 16.901274 32.203959
 245.400000 0.251771 16.675086 32.203959
 245.600000 0.243411 16.224523 32.203959
 245.800000 0.220640 15.197664 32.203959
 246.000000 0.219680 15.267384 32.203959
 246.200000 0.235045 16.201774 32.203959
 246.400000 0.238504 16.336086 32.203959
 246.600000 0.235044 16.201730 32.203959
 246.800000 0.253493 16.881711 32.203959
 247.000000 0.256840 17.210369 32.203959
 247.200000 0.238367 16.711356 32.203959
 247.400000 0.219733 16.186244 32.203959
 247.600000 0.218497 16.291207 32.203959
 247.800000 0.236677 16.596901 32.203959
 248.000000 0.251472 17.508363 32.203959
 248.200000 0.220445 16.230219 32.203959
 248.400000 0.215284 16.721961 32.203959
 248.600000 0.221443 16.188575 32.203959
 248.800000 0.219522 16.283969 32.203959
 249.000000 0.219716 16.271404 32.203959
 249.200000 0.215683 17.485271 32.203959
 249.400000 0.216974 17.344004 32.203959
 249.600000 0.224977 16.970209 32.203959
 249.800000 0.215222 17.541191 32.203959
 250.000000 0.221916 17.013329 32.174409
 250.200000 0.224397 17.778278 32.174409
 250.400000 0.220193 17.905448 32.174409
 250.600000 0.213807 18.438389 32.174409
 250.800000 0.231282 17.860172 32.174409
 251.000000 0.234638 17.970142 32.174409
 251.200000 0.237406 18.838383 32.174409
 251.400000 0.219394 18.417121 32.174409
 251.600000 0.218118 18.459662 32.174409
 251.800000 0.227187 18.472228 32.174409
 252.000000 0.230043 18.576843 32.174409
 252.200000 0.232181 19.420054 32.174409
 252.400000 0.213962 19.153422 32.174409
 252.600000 0.214623 19.118628 32.174409
 252.800000 0.241884 19.465733 32.174409
 253.000000 0.264344 19.934919 32.174409
 253.200000 0.253662 19.763302 32.174409
 253.400000 0.255000 19.817021 32.174409
 253.600000 0.259805 20.147891 32.174409
 253.800000 0.229197 19.352264 32.174409
 254.000000 0.218974 19.017536 32.174409
 254.200000 0.212694 19.921946 32.174409
 254.400000 0.212171 19.950116 32.174409
 254.600000 0.231387 19.988139 32.174409
 254.800000 0.252065 19.782815 32.174409
 255.000000 0.231974 19.996856 32.146892
 255.200000 0.227322 20.588571 32.146892
 255.400000 0.250160 20.116623 32.146892
 255.600000 0.252023 20.075421 32.146892
 255.800000 0.276907 22.352026 32.146892
 256.000000 0.276322 22.287612 32.146892
 256.200000 0.269136 21.930212 32.146892
 256.400000 0.265731 21.403470 32.146892
 256.600000 0.252266 20.250597 32.146892
 256.800000 0.243909 20.467307 32.146892
 257.000000 0.248749 20.285311 32.146892
 257.200000 0.247431 21.031281 32.146892
 257.400000 0.258782 21.117404 32.146892
 257.600000 0.268635 22.145331 32.146892
 257.800000 0.276316 23.065311 32.146892
 258.000000 0.280822 23.393086 32.146892
 258.200000 0.265219 22.073865 32.146892
 258.400000 0.251023 21.034847 32.146892
 258.600000 0.246828 21.095992 32.146892
 258.800000 0.248285 21.064204 32.146892
 259.000000 0.255639 21.128264 32.146892
 259.200000 0.253899 21.746242 32.146892
 259.400000 0.234421 21.442944 32.146892
 259.600000 0.232724 21.346106 32.146892
 259.800000 0.239377 21.623828 32.146892
 260.000000 0.249233 21.671693 32.123322
 260.200000 0.263986 22.896635 32.123322
 260.400000 0.271184 23.604648 32.123322
 260.600000 0.272610 23.742742 32.123322
 260.800000 0.268100 23.290675 32.123322
 261.000000 0.274826 23.936812 32.123322
 261.200000 0.275226 24.570841 32.123322
 261.400000 0.264709 23.440379 32.123322
 261.600000 0.247811 22.450992 32.123322
 261.800000 0.256891 22.752838 32.123322
 262.000000 0.262135 23.166852 32.123322
 262.200000 0.252152 23.048446 32.123322
 262.400000 0.247816 22.845986 32.123322
 262.600000 0.252255 23.053781 32.123322
 262.800000 0.260075 23.596735 32.123322
 263.000000 0.251924 23.036679 32.123322
 263.200000 0.264214 24.450956 32.123322
 263.400000 0.296434 23.676029 32.123322
 263.600000 0.318226 21.879410 32.123322
 263.800000 0.324788 21.576276 32.123322
 264.000000 0.322664 21.677398 32.123322
 264.200000 0.334008 21.264947 32.123322
 264.400000 0.315520 22.609275 32.123322
 264.600000 0.295310 23.938861 32.123322
 264.800000 0.291494 24.358620 32.123322
 265.000000 0.314720 22.637056 32.103245
 265.200000 0.342765 18.926142 32.103245
 265.400000 0.348485 16.208656 32.103245
 265.600000 0.370371 4.243520 32.103245
 265.800000 0.379749 1.566706 32.103245
 266.000000 0.368484 5.019092 32.103245
 266.200000 0.371067 5.356573 32.103245
 266.400000 0.356763 12.380867 32.103245
 266.600000 0.363766 8.634204 32.103245
 266.800000 0.395989 0.389565 32.103245
 267.000000 0.400935 0.179563 32.103245
 267.200000 0.393600 2.085430 32.103245
 267.400000 0.387078 2.364469 32.103245
 267.600000 0.371000 5.616693 32.103245
 267.800000 0.366837 7.282046 32.103245
 268.000000 0.378580 3.486358 32.103245
 268.200000 0.377655 5.179795 32.103245
 268.400000 0.385514 3.835858 32.103245
 268.600000 0.375059 5.787502 32.103245
 268.800000 0.361554 10.612870 32.103245
 269.000000 0.375835 5.596080 32.103245
 269.200000 0.381308 5.746085 32.103245
 269.400000 0.404647 2.320569 32.103245
 269.600000 0.396262 3.312534 32.103245
 269.800000 0.403164 2.486649 32.103245
 270.000000 0.399290 2.936432 32.072696
 270.200000 0.393211 5.135253 32.072696
 270.400000 0.374762 7.624502 32.072696
 270.600000 0.367468 9.472029 32.072696
 270.800000 0.383249 6.228205 32.072696
 271.000000 0.386087 5.882528 32.072696
 271.200000 0.395661 5.979318 32.072696
 271.400000 0.408650 3.580844 32.072696
 271.600000 0.402982 4.709602 32.072696
 271.800000 0.388945 6.892492 32.072696
 272.000000 0.378414 8.125059 32.072696
 272.200000 0.389804 7.699604 32.072696
 272.400000 0.374796 9.814902 32.072696
 272.600000 0.373828 9.948302 32.072696
 272.800000 0.356735 14.185396 32.072696
 273.000000 0.365797 11.396545 32.072696
 273.200000 0.387541 8.439548 32.072696
 273.400000 0.395607 6.762548 32.072696
 273.600000 0.370728 11.418557 32.072696
 273.800000 0.351273 17.002038 32.072696
 274.000000 0.360283 13.924393 32.072696
 274.200000 0.374009 11.447945 32.072696
 274.400000 0.376031 11.026504 32.072696
 274.600000 0.371765 11.928295 32.072696
 274.800000 0.365822 13.322963 32.072696
 275.000000 0.378836 10.447888 32.043803
 275.200000 0.384844 10.210096 32.043803
 275.400000 0.380925 11.104186 32.043803
 275.600000 0.382689 10.712272 32.043803
 275.800000 0.373609 12.566228 32.043803
 276.000000 0.346476 19.411272 32.043803
 276.200000 0.339771 21.728683 32.043803
 276.400000 0.342323 21.207750 32.043803
 276.600000 0.363739 14.913498 32.043803
 276.800000 0.355141 17.437966 32.043803
 277.000000 0.353869 17.849563 32.043803
 277.200000 0.363751 15.546015 32.043803
 277.400000 0.351928 19.262278 32.043803
 277.600000 0.347533 20.566482 32.043803
 277.800000 0.346938 20.726790 32.043803
 278.000000 0.366547 14.777363 32.043803
 278.200000 0.381363 11.757997 32.043803
 278.400000 0.384836 10.761242 32.043803
 278.600000 0.377247 12.892276 32.043803
 278.800000 0.382175 11.527966 32.043803
 279.000000 0.361707 17.004736 32.043803
 279.200000 0.370643 15.303936 32.043803
 279.400000 0.393536 8.260588 32.043803
 279.600000 0.406661 4.444618 32.043803
 279.800000 0.399563 6.436329 32.043803
 280.000000 0.378512 12.987065 32.017708
 280.200000 0.385109 11.813801 32.017708
 280.400000 0.389152 10.399673 32.017708
 280.600000 0.384323 12.082932 32.017708
 280.800000 0.365052 17.538472 32.017708
 281.000000 0.361040 18.510104 32.017708
 281.200000 0.378475 14.369436 32.017708
 281.400000 0.377463 14.705733 32.017708
 281.600000 0.401059 6.336531 32.017708
 281.800000 0.423923 1.030146 32.017708
 282.000000 0.409456 3.844281 32.017708
 282.200000 0.402925 7.082672 32.017708
 282.400000 0.408447 5.587680 32.017708
 282.600000 0.376389 15.181735 32.017708
 282.800000 0.368751 17.340626 32.017708
 283.000000 0.382358 13.307083 32.017708
 283.200000 0.373704 16.793007 32.017708
 283.400000 0.381932 14.411063 32.017708
 283.600000 0.408961 5.649664 32.017708
 283.800000 0.395018 9.999751 32.017708
 284.000000 0.385864 13.114537 32.017708
 284.200000 0.396559 10.245588 32.017708
 284.400000 0.397793 9.796220 32.017708
 284.600000 0.399408 9.212611 32.017708
 284.800000 0.402938 7.965066 32.017708
 285.000000 0.406953 6.601175 31.990286
 285.200000 0.387531 14.079902 31.990286
 285.400000 0.392482 12.556653 31.990286
 285.600000 0.393759 12.155977 31.990286
 285.800000 0.387501 14.088782 31.990286
 286.000000 0.365874 19.043239 31.990286
 286.200000 0.373245 18.360141 31.990286
 286.400000 0.360015 20.766690 31.990286
 286.600000 0.340493 23.163155 31.990286
 286.800000 0.346444 22.693487 31.990286
 287.000000 0.356818 21.273004 31.990286
 287.200000 0.349676 22.920720 31.990286
 287.400000 0.344797 23.347468 31.990286
 287.600000 0.350062 22.877831 31.990286
 287.800000 0.367162 20.099327 31.990286
 288.000000 0.339766 23.553487 31.990286
 288.200000 0.317572 23.591240 31.990286
 288.400000 0.326347 23.828520 31.990286
 288.600000 0.335307 24.153887 31.990286
 288.800000 0.309262 23.571643 31.990286
 289.000000 0.300530 23.855880 31.990286
 289.200000 0.289834 25.165923 31.990286
 289.400000 0.283708 25.461735 31.990286
 289.600000 0.262161 24.311579 31.990286
 289.800000 0.273315 25.235411 31.990286
 290.000000 0.291998 25.022231 31.972624
 290.200000 0.300947 24.917673 31.972624
 290.400000 0.295574 25.330730 31.972624
 290.600000 0.307115 24.500769 31.972624
 290.800000 0.318175 24.027640 31.972624
 291.000000 0.312799 24.204347 31.972624
 291.200000 0.317867 24.596643 31.972624
 291.400000 0.341826 24.208823 31.972624
 291.600000 0.358694 21.931183 31.972624
 291.800000 0.357767 22.104706 31.972624
 292.000000 0.345295 23.948125 31.972624
 292.200000 0.360395 21.967392 31.972624
 292.400000 0.378886 17.264857 31.972624
 292.600000 0.394340 12.125516 31.972624
 292.800000 0.394113 12.202056 31.972624
 293.000000 0.377519 17.677851 31.972624
 293.200000 0.364457 21.599046 31.972624
 293.400000 0.358679 22.699098 31.972624
 293.600000 0.377800 18.390133 31.972624
 293.800000 0.402025 9.773288 31.972624
 294.000000 0.392677 13.164150 31.972624
 294.200000 0.396329 12.765637 31.972624
 294.400000 0.404092 9.771141 31.972624
 294.600000 0.385860 16.564242 31.972624
 294.800000 0.390894 14.793992 31.972624
 295.000000 0.410198 7.400243 31.951334
 295.200000 0.406645 9.999448 31.951334
 295.400000 0.417337 5.917817 31.951334
 295.600000 0.436521 0.923727 31.951334
 295.800000 0.423967 3.626115 31.951334
 296.000000 0.428899 2.277115 31.951334
 296.200000 0.433435 2.879067 31.951334
 296.400000 0.422101 5.651102 31.951334
 296.600000 0.416264 7.430307 31.951334
 296.800000 0.400133 12.559927 31.951334
 297.000000 0.408624 9.891056 31.951334
 297.200000 0.399336 13.735310 31.951334
 297.400000 0.417513 7.981392 31.951334
 297.600000 0.421869 6.480036 31.951334
 297.800000 0.432223 3.447647 31.951334
 298.000000 0.409395 10.767852 31.951334
 298.200000 0.427763 5.140710 31.951334
 298.400000 0.441799 1.718536 31.951334
 298.600000 0.442726 1.574765 31.951334
 298.800000 0.405006 13.174338 31.951334
 299.000000 0.400504 14.326179 31.951334
 299.200000 0.403335 14.531626 31.951334
 299.400000 0.401729 14.951194 31.951334
 299.600000 0.420911 7.975414 31.951334
 299.800000 0.461189 0.156265 31.951334
 300.000000 0.446823 1.047649 31.924003
 300.200000 0.430562 5.310702 31.924003
 300.400000 0.411785 11.844134 31.924003
 300.600000 0.428470 5.859423 31.924003
 300.800000 0.447133 2.683003 31.924003
 301.000000 0.444315 3.006952 31.924003
 301.200000 0.433198 5.875727 31.924003
 301.400000 0.434886 5.635841 31.924003
 301.600000 0.434421 5.699282 31.924003
 301.800000 0.426586 7.169541 31.924003
 302.000000 0.426967 7.076942 31.924003
 302.200000 0.415931 11.489200 31.924003
 302.400000 0.408167 13.773279 31.924003
 302.600000 0.403908 14.826167 31.924003
 302.800000 0.390239 17.404914 31.924003
 303.000000 0.402842 15.062638 31.924003
 303.200000 0.434242 6.957618 31.924003
 303.400000 0.430588 7.710776 31.924003
 303.600000 0.414836 12.475884 31.924003
 303.800000 0.431646 7.479371 31.924003
 304.000000 0.420305 10.608169 31.924003
 304.200000 0.426553 9.709259 31.924003
 304.400000 0.430022 8.723564 31.924003
 304.600000 0.434064 7.707371 31.924003
 304.800000 0.438285 6.761534 31.924003
 305.000000 0.432224 8.153173 31.897014
 305.200000 0.429921 9.953445 31.897014
 305.400000 0.421645 12.205229 31.897014
 305.600000 0.432954 9.188932 31.897014
 305.800000 0.459361 2.701242 31.897014
 306.000000 0.462952 1.992715 31.897014
 306.200000 0.445544 6.892499 31.897014
 306.400000 0.429050 10.300956 31.897014
 306.600000 0.435355 8.890736 31.897014
 306.800000 0.456087 4.877636 31.897014
 307.000000 0.456935 4.716408 31.897014
 307.200000 0.453200 6.803510 31.897014
 307.400000 0.451868 7.023014 31.897014
 307.600000 0.450927 7.172945 31.897014
 307.800000 0.460459 5.431771 31.897014
 308.000000 0.442969 8.303115 31.897014
 308.200000 0.440774 9.795778 31.897014
 308.400000 0.461890 5.674315 31.897014
 308.600000 0.490092 0.470696 31.897014
 308.800000 0.461419 5.796106 31.897014
 309.000000 0.425438 11.976302 31.897014
 309.200000 0.418695 14.366136 31.897014
 309.400000 0.405465 16.730167 31.897014
 309.600000 0.399566 17.381351 31.897014
 309.800000 0.409199 16.182312 31.897014
 310.000000 0.411427 15.801494 31.870603
 310.200000 0.392405 18.427211 31.870603
 310.400000 0.382010 19.416775 31.870603
 310.600000 0.383359 19.255091 31.870603
 310.800000 0.374489 20.420709 31.870603
 311.000000 0.367823 21.374445 31.870603
 311.200000 0.376424 20.725271 31.870603
 311.400000 0.391245 18.705221 31.870603
 311.600000 0.386170 19.265476 31.870603
 311.800000 0.397196 18.249161 31.870603
 312.000000 0.408503 17.158718 31.870603
 312.200000 0.408238 18.012467 31.870603
 312.400000 0.401669 18.659473 31.870603
 312.600000 0.387854 19.374099 31.870603
 312.800000 0.382813 19.915699 31.870603
 313.000000 0.366327 22.283600 31.870603
 313.200000 0.340745 25.159703 31.870603
 313.400000 0.342890 25.152375 31.870603
 313.600000 0.344899 25.106337 31.870603
 313.800000 0.338908 25.135937 31.870603
 314.000000 0.345190 25.096394 31.870603
 314.200000 0.358710 24.312847 31.870603
 314.400000 0.366133 23.175163 31.870603
 314.600000 0.371075 22.342945 31.870603
 314.800000 0.365723 23.241599 31.870603
 315.000000 0.361513 23.900598 31.853724
 315.200000 0.363719 24.157577 31.853724
 315.400000 0.349733 25.835120 31.853724
 315.600000 0.323928 24.902108 31.853724
 315.800000 0.338944 25.854995 31.853724
 316.000000 0.359917 24.738241 31.853724
 316.200000 0.366592 24.196425 31.853724
 316.400000 0.383532 20.555656 31.853724
 316.600000 0.394306 19.181761 31.853724
 316.800000 0.383673 20.529236 31.853724
 317.000000 0.396583 19.035403 31.853724
 317.200000 0.397905 19.704740 31.853724
 317.400000 0.416169 16.747075 31.853724
 317.600000 0.433745 12.054581 31.853724
 317.800000 0.444145 9.949719 31.853724
 318.000000 0.448575 9.027223 31.853724
 318.200000 0.463383 6.045643 31.853724
 318.400000 0.465486 5.386291 31.853724
 318.600000 0.458621 7.534755 31.853724
 318.800000 0.451507 9.516888 31.853724
 319.000000 0.431973 13.084599 31.853724
 319.200000 0.393821 19.990524 31.853724
 319.400000 0.391324 20.159282 31.853724
 319.600000 0.388057 20.464684 31.853724
 319.800000 0.383270 21.113469 31.853724
 320.000000 0.409023 18.775302 31.832412
 320.200000 0.419253 17.327863 31.832412
 320.400000 0.440705 12.555447 31.832412
 320.600000 0.423347 16.285484 31.832412
 320.800000 0.407896 19.695352 31.832412
 321.000000 0.397574 20.361487 31.832412
 321.200000 0.394825 21.112711 31.832412
 321.400000 0.416215 18.410050 31.832412
 321.600000 0.422081 16.790887 31.832412
 321.800000 0.417657 18.018543 31.832412
 322.000000 0.407487 20.316471 31.832412
 322.200000 0.406437 21.173182 31.832412
 322.400000 0.377767 22.586675 31.832412
 322.600000 0.369231 23.973719 31.832412
 322.800000 0.403087 21.499255 31.832412
 323.000000 0.415721 19.150011 31.832412
 323.200000 0.419823 18.639634 31.832412
 323.400000 0.421088 18.233128 31.832412
 323.600000 0.429125 15.732510 31.832412
 323.800000 0.434464 14.305732 31.832412
 324.000000 0.442698 12.334926 31.832412
 324.200000 0.432473 15.614053 31.832412
 324.400000 0.423319 17.951659 31.832412
 324.600000 0.431879 15.748636 31.832412
 324.800000 0.432915 15.515294 31.832412
 325.000000 0.415201 20.229080 31.810019
 325.200000 0.425390 17.939164 31.810019
 325.400000 0.433338 15.762813 31.810019
 325.600000 0.428302 17.093273 31.810019
 325.800000 0.401262 22.539050 31.810019
 326.000000 0.376856 22.772325 31.810019
 326.200000 0.384510 22.550334 31.810019
 326.400000 0.387251 22.406830 31.810019
 326.600000 0.399208 22.663238 31.810019
 326.800000 0.398258 22.630137 31.810019
 327.000000 0.412239 21.664682 31.810019
 327.200000 0.409570 22.809774 31.810019
 327.400000 0.399134 23.115630 31.810019
 327.600000 0.382967 22.772035 31.810019
 327.800000 0.378959 23.175213 31.810019
 328.000000 0.365267 25.095346 31.810019
 328.200000 0.372056 24.654475 31.810019
 328.400000 0.391373 22.754007 31.810019
 328.600000 0.395661 22.954376 31.810019
 328.800000 0.390048 22.730800 31.810019
 329.000000 0.394413 22.881948 31.810019
 329.200000 0.401115 23.814835 31.810019
 329.400000 0.415485 21.775189 31.810019
 329.600000 0.425311 18.495120 31.810019
 329.800000 0.440846 14.054267 31.810019
 330.000000 0.458277 8.465800 31.793847
 330.200000 0.446640 13.336775 31.793847
 330.400000 0.412467 22.599985 31.793847
 330.600000 0.377939 24.048405 31.793847
 330.800000 0.373197 24.698381 31.793847
 331.000000 0.371159 24.989116 31.793847
 331.200000 0.374399 25.089036 31.793847
 331.400000 0.390393 23.595888 31.793847
 331.600000 0.392408 23.623096 31.793847
 331.800000 0.386784 23.673410 31.793847
 332.000000 0.389452 23.598839 31.793847
 332.200000 0.396112 24.306759 31.793847
 332.400000 0.404711 24.158945 31.793847
 332.600000 0.386228 24.298993 31.793847
 332.800000 0.386252 24.297912 31.793847
 333.000000 0.380484 24.737303 31.793847
 333.200000 0.421501 19.933709 31.793847
 333.400000 0.465286 6.932435 31.793847
 333.600000 0.460594 8.777415 31.793847
 333.800000 0.461498 8.423371 31.793847
 334.000000 0.476093 3.154156 31.793847
 334.200000 0.460385 9.736135 31.793847
 334.400000 0.432477 16.570420 31.793847
 334.600000 0.443565 14.209575 31.793847
 334.800000 0.454334 11.606803 31.793847
 335.000000 0.446535 13.578693 31.779791
 335.200000 0.428265 18.172484 31.779791
 335.400000 0.428178 18.195255 31.779791
 335.600000 0.414599 22.342987 31.779791
 335.800000 0.426427 18.670951 31.779791
 336.000000 0.417214 21.549091 31.779791
 336.200000 0.384599 25.010020 31.779791
 336.400000 0.373200 26.131490 31.779791
 336.600000 0.374516 25.991136 31.779791
 336.800000 0.378323 25.574665 31.779791
 337.000000 0.385630 24.948260 31.779791
 337.200000 0.383660 25.646254 31.779791
 337.400000 0.378461 26.073506 31.779791
 337.600000 0.357496 27.207073 31.779791
 337.800000 0.346880 26.954543 31.779791
 338.000000 0.336499 26.027990 31.779791
 338.200000 0.348829 27.446314 31.779791
 338.400000 0.340880 27.012989 31.779791
 338.600000 0.322822 25.270377 31.779791
 338.800000 0.318531 25.108439 31.779791
 339.000000 0.328376 25.689436 31.779791
 339.200000 0.327669 26.179881 31.779791
 339.400000 0.352377 27.637880 31.779791
 339.600000 0.372868 26.600650 31.779791
 339.800000 0.365752 27.120476 31.779791
 340.000000 0.357390 27.499763 31.780631
 340.200000 0.338008 27.414331 31.780631
 340.400000 0.326683 26.152430 31.780631
 340.600000 0.319576 25.625630 31.780631
 340.800000 0.314466 25.434561 31.780631
 341.000000 0.316615 25.496784 31.780631
 341.200000 0.322912 26.346869 31.780631
 341.400000 0.342138 27.918593 31.780631
 341.600000 0.341554 27.882291 31.780631
 341.800000 0.324307 26.432843 31.780631
 342.000000 0.320393 26.214470 31.780631
 342.200000 0.337291 27.843496 31.780631
 342.400000 0.346928 28.234813 31.780631
 342.600000 0.330499 27.359228 31.780631
 342.800000 0.320993 26.787663 31.780631
 343.000000 0.321944 26.834389 31.780631
 343.200000 0.305587 26.454302 31.780631
 343.400000 0.319373 27.232770 31.780631
 343.600000 0.343522 28.347372 31.780631
 343.800000 0.347449 28.364146 31.780631
 344.000000 0.361095 27.891012 31.780631
 344.200000 0.357790 28.557929 31.780631
 344.400000 0.326715 27.640432 31.780631
 344.600000 0.302005 26.295840 31.780631
 344.800000 0.297652 26.183583 31.780631
 345.000000 0.295142 26.160240 31.792169
 345.200000 0.291708 26.696697 31.792169
 345.400000 0.253912 23.803560 31.792169
 345.600000 0.258509 24.116933 31.792169
 345.800000 0.257079 24.010163 31.792169
 346.000000 0.262172 24.439614 31.792169
 346.200000 0.254170 24.329976 31.792169
 346.400000 0.271682 26.009894 31.792169
 346.600000 0.285833 26.793240 31.792169
 346.800000 0.301183 26.789149 31.792169
 347.000000 0.288817 26.797361 31.792169
 347.200000 0.268224 25.861902 31.792169
 347.400000 0.270042 26.086964 31.792169
 347.600000 0.275061 26.663818 31.792169
 347.800000 0.266432 25.640077 31.792169
 348.000000 0.258245 24.731299 31.792169
 348.200000 0.267377 26.239608 31.792169
 348.400000 0.280163 27.295419 31.792169
 348.600000 0.308334 27.205278 31.792169
 348.800000 0.305263 27.174270 31.792169
 349.000000 0.295341 27.265503 31.792169
 349.200000 0.288723 27.872118 31.792169
 349.400000 0.291398 27.856811 31.792169
 349.600000 0.288302 27.871303 31.792169
 349.800000 0.286178 27.850627 31.792169
 350.000000 0.278708 27.504151 31.798440
 350.200000 0.290581 28.240743 31.798440
 350.400000 0.299234 27.898447 31.798440
 350.600000 0.301066 27.827340 31.798440
 350.800000 0.319583 27.613068 31.798440
 351.000000 0.311836 27.594704 31.798440
 351.200000 0.322627 28.057216 31.798440
 351.400000 0.342094 28.618712 31.798440
 351.600000 0.343110 28.648401 31.798440
 351.800000 0.312221 28.103769 31.798440
 352.000000 0.283011 28.330112 31.798440
 352.200000 0.266869 26.929597 31.798440
 352.400000 0.257349 25.547240 31.798440
 352.600000 0.261926 26.176257 31.798440
 352.800000 0.272730 27.821165 31.798440
 353.000000 0.262756 26.298989 31.798440
 353.200000 0.268218 27.648203 31.798440
 353.400000 0.276593 28.673453 31.798440
 353.600000 0.286077 29.067057 31.798440
 353.800000 0.271917 28.153894 31.798440
 354.000000 0.291388 28.928310 31.798440
 354.200000 0.312163 28.363976 31.798440
 354.400000 0.309496 28.462194 31.798440
 354.600000 0.304359 28.695105 31.798440
 354.800000 0.326372 28.124063 31.798440
 355.000000 0.339781 28.540859 31.830004
 355.200000 0.308205 28.567583 31.830004
 355.400000 0.292039 29.384894 31.830004
 355.600000 0.286832 29.519907 31.830004
 355.800000 0.297757 29.078114 31.830004
 356.000000 0.298212 29.051836 31.830004
 356.200000 0.292399 29.813665 31.830004
 356.400000 0.286704 29.877562 31.830004
 356.600000 0.287499 29.886443 31.830004
 356.800000 0.293454 29.773712 31.830004
 357.000000 0.294186 29.742059 31.830004
 357.200000 0.318673 28.676775 31.830004
 357.400000 0.307325 29.315227 31.830004
 357.600000 0.288964 30.324176 31.830004
 357.800000 0.283981 30.162009 31.830004
 358.000000 0.294031 30.214187 31.830004
 358.200000 0.292654 30.721086 31.830004
 358.400000 0.277562 29.758626 31.830004
 358.600000 0.262687 27.036932 31.830004
 358.800000 0.267515 27.929745 31.830004
 359.000000 0.282738 30.416335 31.830004
 359.200000 0.273182 29.374495 31.830004
 359.400000 0.254099 25.722227 31.830004
 359.600000 0.274297 29.593709 31.830004
 359.800000 0.294823 30.958187 31.830004
 360.000000 0.289853 31.164698 31.909321
 360.200000 0.281397 31.098668 31.909321
 360.400000 0.288049 31.594682 31.909321
 360.600000 0.292652 31.512973 31.909321
 360.800000 0.281538 31.116736 31.909321
 361.000000 0.263437 27.459988 31.909321
 361.200000 0.254485 26.240513 31.909321
 361.400000 0.268785 29.111019 31.909321
 361.600000 0.285422 31.664374 31.909321
 361.800000 0.306508 30.067759 31.909321
 362.000000 0.317980 28.930119 31.909321
 362.200000 0.324588 29.102540 31.909321
 362.400000 0.303425 30.757719 31.909321
 362.600000 0.313057 29.787773 31.909321
 362.800000 0.299953 31.122536 31.909321
 363.000000 0.305094 30.578223 31.909321
 363.200000 0.312584 30.225215 31.909321
 363.400000 0.327040 29.208103 31.909321
 363.600000 0.326415 29.225773 31.909321
 363.800000 0.342083 29.266332 31.909321
 364.000000 0.324987 29.277473 31.909321
 364.200000 0.326675 29.690018 31.909321
 364.400000 0.335074 29.560569 31.909321
 364.600000 0.336158 29.555942 31.909321
 364.800000 0.322811 29.853841 31.909321
 365.000000 0.323975 29.796933 31.997224
 365.200000 0.316132 30.684605 31.997224
 365.400000 0.312157 30.938463 31.997224
 365.600000 0.321182 30.399861 31.997224
 365.800000 0.338554 29.835066 31.997224
 366.000000 0.361563 28.588250 31.997224
 366.200000 0.363989 28.847057 31.997224
 366.400000 0.354920 29.540210 31.997224
 366.600000 0.349619 29.776254 31.997224
 366.800000 0.328746 30.118739 31.997224
 367.000000 0.304461 31.478179 31.997224
 367.200000 0.299190 32.243786 31.997224
 367.400000 0.301301 32.121789 31.997224
 367.600000 0.315291 31.070973 31.997224
 367.800000 0.323465 30.495951 31.997224
 368.000000 0.333516 30.097903 31.997224
 368.200000 0.337962 30.463444 31.997224
 368.400000 0.344385 30.274311 31.997224
 368.600000 0.343174 30.318333 31.997224
 368.800000 0.329983 30.636121 31.997224
 369.000000 0.328399 30.679624 31.997224
 369.200000 0.320158 31.404600 31.997224
 369.400000 0.324005 31.265593 31.997224
 369.600000 0.342928 30.605542 31.997224
 369.800000 0.348827 30.253753 31.997224
 370.000000 0.354717 29.815346 32.099753
 370.200000 0.359151 29.874646 32.099753
 370.400000 0.358080 29.980288 32.099753
 370.600000 0.366845 28.914939 32.099753
 370.800000 0.355266 30.233063 32.099753
 371.000000 0.341567 30.988736 32.099753
 371.200000 0.336960 31.513431 32.099753
 371.400000 0.328671 31.523627 32.099753
 371.600000 0.319419 31.607929 32.099753
 371.800000 0.299297 32.345894 32.099753
 372.000000 0.311463 31.826632 32.099753
 372.200000 0.295243 32.693929 32.099753
 372.400000 0.275247 30.580774 32.099753
 372.600000 0.273313 30.169971 32.099753
 372.800000 0.257331 26.769312 32.099753
 373.000000 0.265191 28.371823 32.099753
 373.200000 0.274444 30.820850 32.099753
 373.400000 0.264868 28.796170 32.099753
 373.600000 0.263680 28.538436 32.099753
 373.800000 0.265992 29.040509 32.099753
 374.000000 0.285288 32.408872 32.099753
 374.200000 0.265906 29.200532 32.099753
 374.400000 0.261329 28.147615 32.099753
 374.600000 0.267463 29.563951 32.099753
 374.800000 0.270586 30.287823 32.099753
 375.000000 0.267946 29.676943 32.239952
 375.200000 0.264584 29.348240 32.239952
 375.400000 0.265575 29.584428 32.239952
 375.600000 0.262070 28.747174 32.239952
 375.800000 0.251904 26.411630 32.239952
 376.000000 0.240341 23.997096 32.239952
 376.200000 0.235891 23.696449 32.239952
 376.400000 0.232598 23.024418 32.239952
 376.600000 0.239937 24.516852 32.239952
 376.800000 0.249145 26.318770 32.239952
 377.000000 0.267406 30.134031 32.239952
 377.200000 0.269991 31.148316 32.239952
 377.400000 0.257015 28.245387 32.239952
 377.600000 0.255902 27.998160 32.239952
 377.800000 0.249101 26.526792 32.239952
 378.000000 0.249855 26.686571 32.239952
 378.200000 0.248984 27.034220 32.239952
 378.400000 0.258973 29.126516 32.239952
 378.600000 0.254010 28.095356 32.239952
 378.800000 0.261069 29.560669 32.239952
 379.000000 0.251783 27.628059 32.239952
 379.200000 0.238816 25.122434 32.239952
 379.400000 0.237912 24.894332 32.239952
 379.600000 0.239949 25.406715 32.239952
 379.800000 0.253641 28.525431 32.239952
 380.000000 0.263151 30.376144 32.310843
 380.200000 0.264702 31.114530 32.310843
 380.400000 0.255135 29.220351 32.310843
 380.600000 0.244786 26.796517 32.310843
 380.800000 0.236004 24.498260 32.310843
 381.000000 0.246252 27.163164 32.310843
 381.200000 0.267998 31.872673 32.310843
 381.400000 0.277315 33.057980 32.310843
 381.600000 0.279380 33.239712 32.310843
 381.800000 0.277092 33.036101 32.310843
 382.000000 0.268102 31.888336 32.310843
 382.200000 0.257323 30.405093 32.310843
 382.400000 0.257955 30.531954 32.310843
 382.600000 0.242992 26.951216 32.310843
 382.800000 0.246257 27.832262 32.310843
 383.000000 0.267330 32.193633 32.310843
 383.200000 0.272336 33.285153 32.310843
 383.400000 0.252332 29.579266 32.310843
 383.600000 0.226857 22.491176 32.310843
 383.800000 0.230184 23.337299 32.310843
 384.000000 0.230279 23.362879 32.310843
 384.200000 0.212818 20.853442 32.310843
 384.400000 0.204055 21.084292 32.310843
 384.600000 0.218046 21.348808 32.310843
 384.800000 0.219444 21.556565 32.310843
 385.000000 0.222660 22.141047 32.398502
 385.200000 0.219047 22.128525 32.398502
 385.400000 0.214357 21.510673 32.398502
 385.600000 0.224292 23.137412 32.398502
 385.800000 0.240717 27.198076 32.398502
 386.000000 0.261668 31.716439 32.398502
 386.200000 0.242266 27.761467 32.398502
 386.400000 0.215561 21.641975 32.398502
 386.600000 0.215610 21.647785 32.398502
 386.800000 0.244123 28.239122 32.398502
 387.000000 0.235283 25.919488 32.398502
 387.200000 0.216216 21.967003 32.398502
 387.400000 0.219008 22.434428 32.398502
 387.600000 0.236728 26.852970 32.398502
 387.800000 0.248952 29.799407 32.398502
 388.000000 0.233750 26.060390 32.398502
 388.200000 0.222758 23.635333 32.398502
 388.400000 0.212535 21.735382 32.398502
 388.600000 0.220039 22.994278 32.398502
 388.800000 0.231456 25.982076 32.398502
 389.000000 0.232185 26.182598 32.398502
 389.200000 0.230892 26.369754 32.398502
 389.400000 0.238811 28.405195 32.398502
 389.600000 0.244581 29.619804 32.398502
 389.800000 0.245801 29.851360 32.398502
 390.000000 0.234049 27.229918 32.461587
 390.200000 0.226941 25.713406 32.461587
 390.400000 0.227301 25.821267 32.461587
 390.600000 0.233292 27.548185 32.461587
 390.800000 0.242804 29.706422 32.461587
 391.000000 0.231290 26.992006 32.461587
 391.200000 0.230696 27.347692 32.461587
 391.400000 0.232017 27.722486 32.461587
 391.600000 0.227711 26.454869 32.461587
 391.800000 0.247703 30.830257 32.461587
 392.000000 0.258782 32.241850 32.461587
 392.200000 0.267769 33.640992 32.461587
 392.400000 0.269656 33.801956 32.461587
 392.600000 0.257615 32.512792 32.461587
 392.800000 0.249280 31.381738 32.461587
 393.000000 0.245317 30.769653 32.461587
 393.200000 0.244677 31.106981 32.461587
 393.400000 0.248837 31.748930 32.461587
 393.600000 0.255329 32.574031 32.461587
 393.800000 0.265121 33.569657 32.461587
 394.000000 0.284949 34.190589 32.461587
 394.200000 0.297103 33.651539 32.461587
 394.400000 0.305489 32.881420 32.461587
 394.600000 0.316802 32.149967 32.461587
 394.800000 0.277893 34.615204 32.461587
 395.000000 0.284418 34.590763 32.681689
 395.200000 0.286738 34.861908 32.681689
 395.400000 0.278514 34.976616 32.681689
 395.600000 0.267996 34.209317 32.681689
 395.800000 0.252940 32.368851 32.681689
 396.000000 0.259104 33.164197 32.681689
 396.200000 0.280659 35.157332 32.681689
 396.400000 0.280031 35.159764 32.681689
 396.600000 0.261714 33.879405 32.681689
 396.800000 0.269016 34.635366 32.681689
 397.000000 0.258232 33.453807 32.681689
 397.200000 0.274455 35.232107 32.681689
 397.400000 0.290374 34.685835 32.681689
 397.600000 0.291763 34.545071 32.681689
 397.800000 0.302648 33.314234 32.681689
 398.000000 0.315305 32.268828 32.681689
 398.200000 0.317004 32.588217 32.681689
 398.400000 0.296003 34.251134 32.681689
 398.600000 0.281930 35.287151 32.681689
 398.800000 0.288328 34.954116 32.681689
 399.000000 0.284868 35.173865 32.681689
 399.200000 0.276000 35.595733 32.681689
 399.400000 0.260921 34.274933 32.681689
 399.600000 0.251080 32.839701 32.681689
 399.800000 0.263491 34.586701 32.681689
 400.000000 0.277208 35.634314 33.025839
 400.200000 0.304244 33.692818 33.025839
 400.400000 0.302176 33.924354 33.025839
 400.600000 0.305887 33.521837 33.025839
 400.800000 0.297866 34.452833 33.025839
 401.000000 0.286885 35.708517 33.025839
 401.200000 0.296315 34.943696 33.025839
 401.400000 0.289440 35.823914 33.025839
 401.600000 0.292041 35.521093 33.025839
 401.800000 0.298928 34.576712 33.025839
 402.000000 0.296794 34.876501 33.025839
 402.200000 0.313971 33.097216 33.025839
 402.400000 0.299436 34.870333 33.025839
 402.600000 0.303174 34.346101 33.025839
 402.800000 0.289540 36.142394 33.025839
 403.000000 0.278459 36.495595 33.025839
 403.200000 0.258525 34.341875 33.025839
 403.400000 0.240273 30.680916 33.025839
 403.600000 0.240088 30.633763 33.025839
 403.800000 0.260773 34.721656 33.025839
 404.000000 0.266313 35.601971 33.025839
 404.200000 0.267836 36.178100 33.025839
 404.400000 0.258794 34.703775 33.025839
 404.600000 0.277695 37.075699 33.025839
 404.800000 0.290525 36.389069 33.025839
 405.000000 0.288855 36.592170 33.556749
 405.200000 0.286222 37.192264 33.556749
 405.400000 0.285985 37.210885 33.556749
 405.600000 0.304435 34.466286 33.556749
 405.800000 0.296665 35.774193 33.556749
 406.000000 0.273961 37.066950 33.556749
 406.200000 0.246404 32.298701 33.556749
 406.400000 0.238552 30.316011 33.556749
 406.600000 0.217777 23.617001 33.556749
 406.800000 0.204794 21.787076 33.556749
 407.000000 0.218978 23.954821 33.556749
 407.200000 0.212755 23.030449 33.556749
 407.400000 0.220197 24.918128 33.556749
 407.600000 0.224647 26.333076 33.556749
 407.800000 0.239459 30.803697 33.556749
 408.000000 0.258506 34.909999 33.556749
 408.200000 0.274335 37.648476 33.556749
 408.400000 0.286722 37.446419 33.556749
 408.600000 0.294113 36.355879 33.556749
 408.800000 0.308636 33.872548 33.556749
 409.000000 0.305057 34.410493 33.556749
 409.200000 0.303080 35.112394 33.556749
 409.400000 0.293142 36.800546 33.556749
 409.600000 0.293964 36.669431 33.556749
 409.800000 0.285079 37.761131 33.556749
 410.000000 0.255496 34.667577 33.947254
 410.200000 0.252174 34.326181 33.947254
 410.400000 0.263517 36.555327 33.947254
 410.600000 0.263614 36.571356 33.947254
 410.800000 0.250682 33.991283 33.947254
 411.000000 0.269136 37.369408 33.947254
 411.200000 0.280710 38.273637 33.947254
 411.400000 0.301299 35.449333 33.947254
 411.600000 0.290022 37.403098 33.947254
 411.800000 0.282742 38.179719 33.947254
 412.000000 0.292188 37.066402 33.947254
 412.200000 0.303611 35.299440 33.947254
 412.400000 0.295526 36.818397 33.947254
 412.600000 0.287082 38.108805 33.947254
 412.800000 0.287182 38.097798 33.947254
 413.000000 0.267626 37.592733 33.947254
 413.200000 0.287410 38.209214 33.947254
 413.400000 0.290543 37.761076 33.947254
 413.600000 0.290209 37.813629 33.947254
 413.800000 0.307578 34.615056 33.947254
 414.000000 0.298759 36.248622 33.947254
 414.200000 0.299270 36.496714 33.947254
 414.400000 0.313653 33.905630 33.947254
 414.600000 0.318858 33.199429 33.947254
 414.800000 0.302133 35.934265 33.947254
 415.000000 0.290712 38.035581 34.621835
 415.200000 0.277332 39.106533 34.621835
 415.400000 0.273564 38.835344 34.621835
 415.600000 0.270228 38.446810 34.621835
 415.800000 0.271902 38.657876 34.621835
 416.000000 0.273644 38.843026 34.621835
 416.200000 0.306098 35.397145 34.621835
 416.400000 0.316397 33.593017 34.621835
 416.600000 0.324870 32.588292 34.621835
 416.800000 0.315529 33.720812 34.621835
 417.000000 0.290398 38.569427 34.621835
 417.200000 0.263641 37.652423 34.621835
 417.400000 0.249614 34.153565 34.621835
 417.600000 0.244098 32.642905 34.621835
 417.800000 0.240561 31.629836 34.621835
 418.000000 0.261824 37.248559 34.621835
 418.200000 0.280771 39.855280 34.621835
 418.400000 0.296029 37.842254 34.621835
 418.600000 0.292405 38.581313 34.621835
 418.800000 0.277310 39.816100 34.621835
 419.000000 0.295237 38.011752 34.621835
 419.200000 0.302758 36.606663 34.621835
 419.400000 0.291075 39.132046 34.621835
 419.600000 0.292636 38.854551 34.621835
 419.800000 0.300666 37.100982 34.621835
 420.000000 0.309803 35.017108 35.300290
 420.200000 0.310393 35.262372 35.300290
 420.400000 0.311312 35.074592 35.300290
 420.600000 0.325356 32.820873 35.300290
 420.800000 0.314032 34.542893 35.300290
 421.000000 0.308913 35.572444 35.300290
 421.200000 0.287469 39.896289 35.300290
 421.400000 0.278963 40.130621 35.300290
 421.600000 0.312844 35.116989 35.300290
 421.800000 0.315998 34.505435 35.300290
 422.000000 0.312591 35.167826 35.300290
 422.200000 0.303724 37.362427 35.300290
 422.400000 0.312022 35.648379 35.300290
 422.600000 0.318501 34.394709 35.300290
 422.800000 0.322121 33.767907 35.300290
 423.000000 0.327459 32.988900 35.300290
 423.200000 0.335798 32.500849 35.300290
 423.400000 0.334460 32.626405 35.300290
 423.600000 0.321501 34.242371 35.300290
 423.800000 0.315382 35.271021 35.300290
 424.000000 0.317244 34.945068 35.300290
 424.200000 0.320037 34.839413 35.300290
 424.400000 0.331834 33.118361 35.300290
 424.600000 0.329086 33.463034 35.300290
 424.800000 0.320015 34.843131 35.300290
 425.000000 0.306223 37.274191 35.665694
 425.200000 0.317656 35.491873 35.665694
 425.400000 0.299731 38.726413 35.665694
 425.600000 0.309011 37.098192 35.665694
 425.800000 0.312915 36.374244 35.665694
 426.000000 0.322151 34.679800 35.665694
 426.200000 0.320255 35.387871 35.665694
 426.400000 0.312640 36.730758 35.665694
 426.600000 0.324950 34.569339 35.665694
 426.800000 0.340827 32.356916 35.665694
 427.000000 0.340074 32.445062 35.665694
 427.200000 0.320998 35.439462 35.665694
 427.400000 0.330376 34.042951 35.665694
 427.600000 0.355120 30.936953 35.665694
 427.800000 0.354012 31.092976 35.665694
 428.000000 0.330030 34.089031 35.665694
 428.200000 0.325368 35.118708 35.665694
 428.400000 0.327823 34.773021 35.665694
 428.600000 0.323205 35.433222 35.665694
 428.800000 0.342825 32.797374 35.665694
 429.000000 0.335629 33.739579 35.665694
 429.200000 0.310587 37.405029 35.665694
 429.400000 0.317227 36.502657 35.665694
 429.600000 0.319658 36.178882 35.665694
 429.800000 0.334023 34.334447 35.665694
 430.000000 0.321816 35.892583 35.850608
 430.200000 0.315401 37.070154 35.850608
 430.400000 0.334228 34.559459 35.850608
 430.600000 0.343638 33.146771 35.850608
 430.800000 0.318006 36.741331 35.850608
 431.000000 0.316624 36.916174 35.850608
 431.200000 0.316194 37.308202 35.850608
 431.400000 0.307929 38.290216 35.850608
 431.600000 0.307436 38.346951 35.850608
 431.800000 0.318273 37.043129 35.850608
 432.000000 0.331128 35.201775 35.850608
 432.200000 0.330747 35.623647 35.850608
 432.400000 0.344305 33.348078 35.850608
 432.600000 0.361944 30.108508 35.850608
 432.800000 0.344642 33.286032 35.850608
 433.000000 0.337639 34.526779 35.850608
 433.200000 0.344121 33.724121 35.850608
 433.400000 0.313947 37.881565 35.850608
 433.600000 0.295747 39.689714 35.850608
 433.800000 0.292918 39.952950 35.850608
 434.000000 0.310160 38.239764 35.850608
 434.200000 0.315024 38.080627 35.850608
 434.400000 0.331420 35.983654 35.850608
 434.600000 0.338059 34.887672 35.850608
 434.800000 0.337942 34.908472 35.850608
 435.000000 0.336327 35.188998 36.156809
 435.200000 0.331876 36.262711 36.156809
 435.400000 0.324599 37.225987 36.156809
 435.600000 0.308759 38.756576 36.156809
 435.800000 0.327424 36.875482 36.156809
 436.000000 0.348562 33.119117 36.156809
 436.200000 0.335252 36.004375 36.156809
 436.400000 0.334284 36.146300 36.156809
 436.600000 0.323217 37.482901 36.156809
 436.800000 0.316330 38.133175 36.156809
 437.000000 0.335318 35.994620 36.156809
 437.200000 0.348584 33.752692 36.156809
 437.400000 0.355820 32.044600 36.156809
 437.600000 0.344641 34.635075 36.156809
 437.800000 0.341378 35.305103 36.156809
 438.000000 0.354160 32.438797 36.156809
 438.200000 0.382244 26.484560 36.156809
 438.400000 0.365558 30.132525 36.156809
 438.600000 0.332737 36.857842 36.156809
 438.800000 0.351293 33.525198 36.156809
 439.000000 0.359534 31.569852 36.156809
 439.200000 0.373269 28.590495 36.156809
 439.400000 0.376247 27.870382 36.156809
 439.600000 0.375079 28.147661 36.156809
 439.800000 0.397951 25.434647 36.156809
 440.000000 0.412656 23.633685 36.243631
 440.200000 0.408232 25.188268 36.243631
 440.400000 0.374392 28.336533 36.243631
 440.600000 0.376254 27.899819 36.243631
 440.800000 0.379874 27.125559 36.243631
 441.000000 0.375027 28.185421 36.243631
 441.200000 0.379102 27.760639 36.243631
 441.400000 0.349655 34.362599 36.243631
 441.600000 0.328396 37.372609 36.243631
 441.800000 0.340889 35.912168 36.243631
 442.000000 0.364279 31.232798 36.243631
 442.200000 0.374522 29.148458 36.243631
 442.400000 0.391656 26.172632 36.243631
 442.600000 0.373961 29.291152 36.243631
 442.800000 0.372222 29.734667 36.243631
 443.000000 0.388080 26.459327 36.243631
 443.200000 0.385941 27.259714 36.243631
 443.400000 0.345584 35.338200 36.243631
 443.600000 0.346848 35.130876 36.243631
 443.800000 0.319816 38.071241 36.243631
 444.000000 0.315800 38.351277 36.243631
 444.200000 0.310873 38.993379 36.243631
 444.400000 0.313185 38.843554 36.243631
 444.600000 0.304926 39.382164 36.243631
 444.800000 0.298599 39.833300 36.243631
 445.000000 0.291652 40.299987 36.511111
 445.200000 0.289589 40.686813 36.511111
 445.400000 0.295254 40.355291 36.511111
 445.600000 0.295331 40.349634 36.511111
 445.800000 0.291889 40.577502 36.511111
 446.000000 0.294682 40.396825 36.511111
 446.200000 0.299282 40.314625 36.511111
 446.400000 0.288357 40.992319 36.511111
 446.600000 0.280727 40.821899 36.511111
 446.800000 0.264262 38.258570 36.511111
 447.000000 0.284774 40.996700 36.511111
 447.200000 0.329681 37.523412 36.511111
 447.400000 0.352721 34.113837 36.511111
 447.600000 0.353607 33.946429 36.511111
 447.800000 0.345507 35.394960 36.511111
 448.000000 0.352875 34.084884 36.511111
 448.200000 0.352909 34.461767 36.511111
 448.400000 0.348278 35.285808 36.511111
 448.600000 0.324650 38.107899 36.511111
 448.800000 0.338118 36.751188 36.511111
 449.000000 0.333814 37.230057 36.511111
 449.200000 0.322903 38.523978 36.511111
 449.400000 0.328510 38.062605 36.511111
 449.600000 0.323001 38.516236 36.511111
 449.800000 0.315519 39.087678 36.511111
 450.000000 0.327224 38.171911 36.975490
 450.200000 0.344687 36.279290 36.975490
 450.400000 0.360831 32.959887 36.975490
 450.600000 0.345702 36.096810 36.975490
 450.800000 0.343387 36.505106 36.975490
 451.000000 0.340545 36.964227 36.975490
 451.200000 0.318144 39.266287 36.975490
 451.400000 0.329975 38.510585 36.975490
 451.600000 0.355534 34.328283 36.975490
 451.800000 0.359284 33.460064 36.975490
 452.000000 0.344984 36.549271 36.975490
 452.200000 0.356393 34.388059 36.975490
 452.400000 0.390330 26.809012 36.975490
 452.600000 0.392800 26.642423 36.975490
 452.800000 0.375376 29.505910 36.975490
 453.000000 0.380112 28.373021 36.975490
 453.200000 0.384120 28.066481 36.975490
 453.400000 0.379472 29.009826 36.975490
 453.600000 0.392797 26.988122 36.975490
 453.800000 0.388978 27.346813 36.975490
 454.000000 0.391689 27.075882 36.975490
 454.200000 0.369940 31.502982 36.975490
 454.400000 0.361312 33.460987 36.975490
 454.600000 0.376956 29.917574 36.975490
 454.800000 0.372299 30.962671 36.975490
 455.000000 0.388790 27.883181 37.055947
 455.200000 0.389531 28.307385 37.055947
 455.400000 0.361980 33.412070 37.055947
 455.600000 0.329918 38.723325 37.055947
 455.800000 0.337593 38.031056 37.055947
 456.000000 0.373433 31.002607 37.055947
 456.200000 0.377866 30.529719 37.055947
 456.400000 0.387723 28.792999 37.055947
 456.600000 0.387424 28.835037 37.055947
 456.800000 0.395512 27.927441 37.055947
 457.000000 0.387604 28.809677 37.055947
 457.200000 0.403381 27.309717 37.055947
 457.400000 0.419557 22.336050 37.055947
 457.600000 0.448293 14.240568 37.055947
 457.800000 0.433738 17.544659 37.055947
 458.000000 0.418558 22.729719 37.055947
 458.200000 0.413667 25.176913 37.055947
 458.400000 0.429294 19.279891 37.055947
 458.600000 0.442576 15.751974 37.055947
 458.800000 0.472106 6.092079 37.055947
 459.000000 0.475953 4.852841 37.055947
 459.200000 0.476244 6.174409 37.055947
 459.400000 0.483639 4.061801 37.055947
 459.600000 0.462512 10.531381 37.055947
 459.800000 0.459020 11.630529 37.055947
 460.000000 0.480324 4.972330 37.048654
