#! FIELDS time d metad.bias metad.rct
 0.000000 0.240992 0.000000 0.000000
 0.200000 0.231028 0.000000 0.000000
 0.400000 0.251413 0.000000 0.000000
 0.600000 0.257432 0.000000 0.000000
 0.800000 0.254892 0.000000 0.000000
 1.000000 0.242329 0.000000 0.000000
 1.200000 0.230445 1.277654 0.000000
 1.400000 0.224281 0.846770 0.000000
 1.600000 0.241675 1.748325 0.000000
 1.800000 0.262891 0.681869 0.000000
 2.000000 0.260190 0.859632 0.000000
 2.200000 0.252362 2.868013 0.000000
 2.400000 0.240347 2.435015 0.000000
 2.600000 0.252116 2.870534 0.000000
 2.800000 0.265292 2.129205 0.000000
 3.000000 0.261773 2.428308 0.000000
 3.200000 0.265163 3.672002 0.000000
 3.400000 0.291617 0.403640 0.000000
 3.600000 0.273973 2.416595 0.000000
 3.800000 0.265372 3.647798 0.000000
 4.000000 0.267998 3.313260 0.000000
 4.200000 0.267773 4.853698 0.000000
 4.400000 0.267093 4.941832 0.000000
 4.600000 0.254397 5.219509 0.000000
 4.800000 0.246795 4.310292 0.000000
 5.000000 0.251192 4.904225 1.718129
 5.200000 0.261549 6.499923 1.718129
 5.400000 0.293512 0.683151 1.718129
 5.600000 0.296847 0.427163 1.718129
 5.800000 0.304679 0.113956 1.718129
 6.000000 0.298569 0.328860 1.718129
 6.200000 0.298378 2.063195 1.718129
 6.400000 0.295898 2.187753 1.718129
 6.600000 0.298028 2.081041 1.718129
 6.800000 0.272194 5.036166 1.718129
 7.000000 0.277431 4.065800 1.718129
 7.200000 0.291283 3.394898 1.718129
 7.400000 0.290831 3.450452 1.718129
 7.600000 0.300349 2.411841 1.718129
 7.800000 0.283427 4.503057 1.718129
 8.000000 0.288106 3.805526 1.718129
 8.200000 0.297144 3.970999 1.718129
 8.400000 0.306436 2.504618 1.718129
 8.600000 0.309986 1.970634 1.718129
 8.800000 0.311504 1.756268 1.718129
 9.000000 0.316891 1.095715 1.718129
 9.200000 0.309965 3.471442 1.718129
 9.400000 0.324365 1.947150 1.718129
 9.600000 0.313254 3.141166 1.718129
 9.800000 0.318428 2.597288 1.718129
 10.000000 0.306727 3.783612 3.187390
 10.200000 0.302511 5.597865 3.187390
 10.400000 0.295407 5.941878 3.187390
 10.600000 0.275130 7.131132 3.187390
 10.800000 0.267241 7.672919 3.187390
 11.000000 0.285202 6.377203 3.187390
 11.200000 0.299691 6.585367 3.187390
 11.400000 0.288905 7.468530 3.187390
 11.600000 0.294854 7.032857 3.187390
 11.800000 0.258946 7.896678 3.187390
 12.000000 0.220882 0.902203 3.187390
 12.200000 0.225437 3.069326 3.187390
 12.400000 0.249434 6.736861 3.187390
 12.600000 0.252633 7.229582 3.187390
 12.800000 0.243673 5.743063 3.187390
 13.000000 0.242193 5.482931 3.187390
 13.200000 0.226424 3.968205 3.187390
 13.400000 0.234526 5.431124 3.187390
 13.600000 0.235348 5.586199 3.187390
 13.800000 0.240444 6.541023 3.187390
 14.000000 0.239171 6.306827 3.187390
 14.200000 0.224682 4.505835 3.187390
 14.400000 0.236686 7.143054 3.187390
 14.600000 0.241779 8.082257 3.187390
 14.800000 0.253036 9.202856 3.187390
 15.000000 0.255508 9.260844 5.342586
 15.200000 0.263493 10.098677 5.342586
 15.400000 0.275097 8.869620 5.342586
 15.600000 0.274899 8.891265 5.342586
 15.800000 0.281971 8.172328 5.342586
 16.000000 0.278974 8.461368 5.342586
 16.200000 0.283098 9.225520 5.342586
 16.400000 0.286006 8.891804 5.342586
 16.600000 0.293200 7.978616 5.342586
 16.800000 0.288243 8.620842 5.342586
 17.000000 0.279770 9.580957 5.342586
 17.200000 0.305967 6.320211 5.342586
 17.400000 0.311326 5.272210 5.342586
 17.600000 0.314416 4.661996 5.342586
 17.800000 0.297501 7.946878 5.342586
 18.000000 0.283936 10.230327 5.342586
 18.200000 0.309319 5.929791 5.342586
 18.400000 0.339383 0.715692 5.342586
 18.600000 0.314857 4.705756 5.342586
 18.800000 0.301917 7.643478 5.342586
 19.000000 0.294662 9.334516 5.342586
 19.200000 0.292816 10.888786 5.342586
 19.400000 0.325060 2.794824 5.342586
 19.600000 0.326068 2.594570 5.342586
 19.800000 0.313625 5.490945 5.342586
 20.000000 0.325065 2.793780 7.626032
 20.200000 0.325233 4.305006 7.626032
 20.400000 0.334472 2.512451 7.626032
 20.600000 0.345973 0.889778 7.626032
 20.800000 0.354935 0.279546 7.626032
 21.000000 0.325848 4.180745 7.626032
 21.200000 0.306725 8.729444 7.626032
 21.400000 0.345678 1.523990 7.626032
 21.600000 0.350546 0.885578 7.626032
 21.800000 0.332977 4.081369 7.626032
 22.000000 0.304862 9.034522 7.626032
 22.200000 0.298520 11.226271 7.626032
 22.400000 0.300852 10.862253 7.626032
 22.600000 0.283487 12.749743 7.626032
 22.800000 0.296497 11.524627 7.626032
 23.000000 0.318895 7.643192 7.626032
 23.200000 0.355804 0.500056 7.626032
 23.400000 0.335636 4.289393 7.626032
 23.600000 0.346273 1.690580 7.626032
 23.800000 0.343880 2.164038 7.626032
 24.000000 0.333297 4.985458 7.626032
 24.200000 0.328292 7.815515 7.626032
 24.400000 0.353054 1.327012 7.626032
 24.600000 0.378886 0.011313 7.626032
 24.800000 0.388972 0.000000 7.626032
 25.000000 0.389959 0.000000 8.355229
 25.200000 0.377960 1.284707 8.355229
 25.400000 0.364003 0.683752 8.355229
 25.600000 0.342202 3.720865 8.355229
 25.800000 0.331497 6.921166 8.355229
 26.000000 0.338395 4.830067 8.355229
 26.200000 0.347657 3.530696 8.355229
 26.400000 0.352521 2.389242 8.355229
 26.600000 0.383180 1.596274 8.355229
 26.800000 0.358478 1.434853 8.355229
 27.000000 0.356989 1.624557 8.355229
 27.200000 0.361791 2.676487 8.355229
 27.400000 0.352426 3.962586 8.355229
 27.600000 0.346308 5.157661 8.355229
 27.800000 0.352865 3.887523 8.355229
 28.000000 0.372462 2.004148 8.355229
 28.200000 0.350720 4.826459 8.355229
 28.400000 0.332701 8.359726 8.355229
 28.600000 0.340959 6.554819 8.355229
 28.800000 0.314830 10.740527 8.355229
 29.000000 0.316591 10.620982 8.355229
 29.200000 0.319236 11.480651 8.355229
 29.400000 0.337028 7.846174 8.355229
 29.600000 0.345482 5.822083 8.355229
 29.800000 0.343658 6.212291 8.355229
 30.000000 0.340535 6.949175 8.932745
 30.200000 0.332945 10.038932 8.932745
 30.400000 0.325453 11.366047 8.932745
 30.600000 0.305829 12.214780 8.932745
 30.800000 0.289700 12.775718 8.932745
 31.000000 0.305584 12.217911 8.932745
 31.200000 0.301503 13.280206 8.932745
 31.400000 0.290402 13.356011 8.932745
 31.600000 0.301297 13.282333 8.932745
 31.800000 0.300917 13.286204 8.932745
 32.000000 0.297178 13.321309 8.932745
 32.200000 0.287565 14.126782 8.932745
 32.400000 0.280260 13.658083 8.932745
 32.600000 0.282614 13.838960 8.932745
 32.800000 0.303742 14.134008 8.932745
 33.000000 0.302269 14.184668 8.932745
 33.200000 0.282201 14.188012 8.932745
 33.400000 0.280782 14.032375 8.932745
 33.600000 0.277725 13.683646 8.932745
 33.800000 0.273620 13.207323 8.932745
 34.000000 0.268959 12.698740 8.932745
 34.200000 0.271773 13.976869 8.932745
 34.400000 0.270785 13.879261 8.932745
 34.600000 0.255738 12.025754 8.932745
 34.800000 0.263719 13.109633 8.932745
 35.000000 0.278294 14.568220 11.399138
 35.200000 0.284142 15.831623 11.399138
 35.400000 0.282968 15.782500 11.399138
 35.600000 0.281842 15.725295 11.399138
 35.800000 0.300209 15.587182 11.399138
 36.000000 0.296479 15.776759 11.399138
 36.200000 0.288958 16.691282 11.399138
 36.400000 0.290538 16.725140 11.399138
 36.600000 0.276399 15.667998 11.399138
 36.800000 0.264744 13.927979 11.399138
 37.000000 0.270418 14.829298 11.399138
 37.200000 0.254912 12.709928 11.399138
 37.400000 0.260020 13.834573 11.399138
 37.600000 0.263122 14.460419 11.399138
 37.800000 0.265501 14.909065 11.399138
 38.000000 0.287854 17.112977 11.399138
 38.200000 0.287094 17.923829 11.399138
 38.400000 0.273615 16.698452 11.399138
 38.600000 0.286827 17.920150 11.399138
 38.800000 0.288045 17.929881 11.399138
 39.000000 0.296648 17.518271 11.399138
 39.200000 0.298275 18.153271 11.399138
 39.400000 0.312678 15.592047 11.399138
 39.600000 0.331506 10.891959 11.399138
 39.800000 0.340381 8.407534 11.399138
 40.000000 0.337517 9.200455 13.632846
 40.200000 0.325516 13.353138 13.632846
 40.400000 0.324457 13.578304 13.632846
 40.600000 0.336971 10.514943 13.632846
 40.800000 0.324666 13.534315 13.632846
 41.000000 0.357087 5.403403 13.632846
 41.200000 0.349789 8.175225 13.632846
 41.400000 0.340553 10.246682 13.632846
 41.600000 0.336957 11.076124 13.632846
 41.800000 0.363748 5.730762 13.632846
 42.000000 0.348798 8.384599 13.632846
 42.200000 0.337262 11.901967 13.632846
 42.400000 0.339100 11.560386 13.632846
 42.600000 0.345340 10.319731 13.632846
 42.800000 0.356016 8.040087 13.632846
 43.000000 0.359128 7.385448 13.632846
 43.200000 0.374277 5.461071 13.632846
 43.400000 0.360612 8.335297 13.632846
 43.600000 0.328638 13.524712 13.632846
 43.800000 0.320137 14.750504 13.632846
 44.000000 0.311542 16.167620 13.632846
 44.200000 0.315339 16.346318 13.632846
 44.400000 0.317753 15.907875 13.632846
 44.600000 0.325959 14.433938 13.632846
 44.800000 0.315966 16.233090 13.632846
 45.000000 0.327393 14.183994 14.300050
 45.200000 0.332459 14.200301 14.300050
 45.400000 0.335689 13.586190 14.300050
 45.600000 0.315755 16.959354 14.300050
 45.800000 0.304282 18.426208 14.300050
 46.000000 0.308522 17.942991 14.300050
 46.200000 0.305196 19.097910 14.300050
 46.400000 0.289931 19.345467 14.300050
 46.600000 0.289719 19.330816 14.300050
 46.800000 0.293355 19.513962 14.300050
 47.000000 0.305080 19.108981 14.300050
 47.200000 0.309653 19.297812 14.300050
 47.400000 0.310812 19.120694 14.300050
 47.600000 0.306691 19.686706 14.300050
 47.800000 0.300827 20.146810 14.300050
 48.000000 0.295158 20.150092 14.300050
 48.200000 0.296035 20.889631 14.300050
 48.400000 0.310954 19.507293 14.300050
 48.600000 0.314771 18.730810 14.300050
 48.800000 0.338502 13.211503 14.300050
 49.000000 0.339808 12.921656 14.300050
 49.200000 0.319055 18.141520 14.300050
 49.400000 0.300337 20.865495 14.300050
 49.600000 0.284766 19.716663 14.300050
 49.800000 0.284417 19.656089 14.300050
 50.000000 0.316693 18.606052 16.333802
 50.200000 0.353258 10.729357 16.333802
 50.400000 0.366394 7.324312 16.333802
 50.600000 0.355879 10.042585 16.333802
 50.800000 0.358528 9.345737 16.333802
 51.000000 0.340325 14.011012 16.333802
 51.200000 0.344570 13.857374 16.333802
 51.400000 0.359820 9.409158 16.333802
 51.600000 0.377691 4.915501 16.333802
 51.800000 0.381477 4.248431 16.333802
 52.000000 0.364406 8.079580 16.333802
 52.200000 0.325984 18.031635 16.333802
 52.400000 0.324789 18.245201 16.333802
 52.600000 0.339586 15.437426 16.333802
 52.800000 0.373099 6.895695 16.333802
 53.000000 0.392663 2.861353 16.333802
 53.200000 0.405379 2.292517 16.333802
 53.400000 0.399963 3.209600 16.333802
 53.600000 0.409369 1.672031 16.333802
 53.800000 0.407120 2.012597 16.333802
 54.000000 0.405424 2.285200 16.333802
 54.200000 0.405794 3.804931 16.333802
 54.400000 0.399589 4.738822 16.333802
 54.600000 0.399688 4.725603 16.333802
 54.800000 0.375981 7.212664 16.333802
 55.000000 0.380193 6.636342 16.431943
 55.200000 0.384502 7.443993 16.431943
 55.400000 0.380914 7.854276 16.431943
 55.600000 0.398551 5.487306 16.431943
 55.800000 0.380831 7.864008 16.431943
 56.000000 0.359724 11.259896 16.431943
 56.200000 0.357230 12.816609 16.431943
 56.400000 0.378137 8.684210 16.431943
 56.600000 0.392260 6.578550 16.431943
 56.800000 0.412121 2.862286 16.431943
 57.000000 0.421037 1.409720 16.431943
 57.200000 0.405235 5.168868 16.431943
 57.400000 0.386546 7.534000 16.431943
 57.600000 0.375305 9.185223 16.431943
 57.800000 0.376805 8.927055 16.431943
 58.000000 0.386869 7.493752 16.431943
 58.200000 0.389874 8.354020 16.431943
 58.400000 0.410992 4.732335 16.431943
 58.600000 0.416743 3.793374 16.431943
 58.800000 0.396745 7.293711 16.431943
 59.000000 0.370520 10.775794 16.431943
 59.200000 0.376151 11.017591 16.431943
 59.400000 0.385809 9.520351 16.431943
 59.600000 0.385576 9.558611 16.431943
 59.800000 0.388245 9.109874 16.431943
 60.000000 0.375519 11.112600 16.466313
 60.200000 0.352324 14.666114 16.466313
 60.400000 0.357144 14.236922 16.466313
 60.600000 0.367582 13.220664 16.466313
 60.800000 0.379157 11.599481 16.466313
 61.000000 0.382031 11.094422 16.466313
 61.200000 0.394348 9.240093 16.466313
 61.400000 0.383783 11.824887 16.466313
 61.600000 0.397783 8.287815 16.466313
 61.800000 0.415628 4.091782 16.466313
 62.000000 0.430077 1.913058 16.466313
 62.200000 0.408283 6.133320 16.466313
 62.400000 0.402803 7.227716 16.466313
 62.600000 0.408559 6.085981 16.466313
 62.800000 0.388076 10.902884 16.466313
 63.000000 0.419682 4.667121 16.466313
 63.200000 0.444296 1.937082 16.466313
 63.400000 0.403940 7.796187 16.466313
 63.600000 0.382811 12.090589 16.466313
 63.800000 0.386839 11.314026 16.466313
 64.000000 0.400485 8.394693 16.466313
 64.200000 0.392186 11.184389 16.466313
 64.400000 0.417326 6.957001 16.466313
 64.600000 0.425313 5.709403 16.466313
 64.800000 0.428397 5.139053 16.466313
 65.000000 0.429633 4.896494 16.447564
 65.200000 0.428462 6.529151 16.447564
 65.400000 0.456925 0.742786 16.447564
 65.600000 0.464889 0.224354 16.447564
 65.800000 0.447041 2.231090 16.447564
 66.000000 0.433624 5.431938 16.447564
 66.200000 0.455199 1.413686 16.447564
 66.400000 0.461364 0.642256 16.447564
 66.600000 0.448036 2.898819 16.447564
 66.800000 0.444188 3.919476 16.447564
 67.000000 0.418423 8.686006 16.447564
 67.200000 0.403448 10.260409 16.447564
 67.400000 0.391006 11.692254 16.447564
 67.600000 0.410145 9.991694 16.447564
 67.800000 0.405293 10.148562 16.447564
 68.000000 0.399913 10.563615 16.447564
 68.200000 0.379423 13.561665 16.447564
 68.400000 0.390781 12.631563 16.447564
 68.600000 0.407726 11.002036 16.447564
 68.800000 0.407984 10.985496 16.447564
 69.000000 0.422590 9.967617 16.447564
 69.200000 0.439027 6.498113 16.447564
 69.400000 0.457587 1.170289 16.447564
 69.600000 0.450852 2.543284 16.447564
 69.800000 0.440778 5.840431 16.447564
 70.000000 0.445722 4.072460 16.433154
 70.200000 0.456798 2.404916 16.433154
 70.400000 0.457088 2.342263 16.433154
 70.600000 0.445777 5.513737 16.433154
 70.800000 0.444379 5.985168 16.433154
 71.000000 0.450926 3.898217 16.433154
 71.200000 0.463979 2.169678 16.433154
 71.400000 0.469916 1.218796 16.433154
 71.600000 0.441139 8.287131 16.433154
 71.800000 0.438962 8.910450 16.433154
 72.000000 0.459173 3.188462 16.433154
 72.200000 0.449238 7.082475 16.433154
 72.400000 0.423987 11.787738 16.433154
 72.600000 0.390447 12.776940 16.433154
 72.800000 0.368311 14.076825 16.433154
 73.000000 0.355510 14.625298 16.433154
 73.200000 0.374091 14.267947 16.433154
 73.400000 0.393153 12.580539 16.433154
 73.600000 0.409785 11.772112 16.433154
 73.800000 0.404220 11.828453 16.433154
 74.000000 0.403257 11.862401 16.433154
 74.200000 0.412466 12.667670 16.433154
 74.400000 0.386130 13.780383 16.433154
 74.600000 0.374191 14.416179 16.433154
 74.800000 0.356654 15.479027 16.433154
 75.000000 0.373428 14.461470 16.541500
 75.200000 0.410967 12.728676 16.541500
 75.400000 0.403725 12.994145 16.541500
 75.600000 0.378684 15.025777 16.541500
 75.800000 0.384936 14.525735 16.541500
 76.000000 0.394640 13.658248 16.541500
 76.200000 0.384084 15.341562 16.541500
 76.400000 0.376921 15.625377 16.541500
 76.600000 0.357225 15.999938 16.541500
 76.800000 0.345119 16.328377 16.541500
 77.000000 0.344636 16.354279 16.541500
 77.200000 0.355614 16.665630 16.541500
 77.400000 0.338776 17.546251 16.541500
 77.600000 0.318743 19.558270 16.541500
 77.800000 0.333991 17.891107 16.541500
 78.000000 0.350867 16.881550 16.541500
 78.200000 0.362172 16.992587 16.541500
 78.400000 0.370871 16.311727 16.541500
 78.600000 0.384455 15.412001 16.541500
 78.800000 0.385715 15.328065 16.541500
 79.000000 0.362457 16.970717 16.541500
 79.200000 0.370147 17.085777 16.541500
 79.400000 0.364926 17.586966 16.541500
 79.600000 0.357416 18.111086 16.541500
 79.800000 0.357357 18.114026 16.541500
 80.000000 0.359841 17.975312 17.081911
 80.200000 0.356177 18.930452 17.081911
 80.400000 0.361563 18.639817 17.081911
 80.600000 0.346219 18.875959 17.081911
 80.800000 0.330696 18.707628 17.081911
 81.000000 0.321690 19.338807 17.081911
 81.200000 0.329096 19.427034 17.081911
 81.400000 0.332253 19.241722 17.081911
 81.600000 0.352107 19.074739 17.081911
 81.800000 0.371156 17.577573 17.081911
 82.000000 0.351045 19.082126 17.081911
 82.200000 0.353932 19.781674 17.081911
 82.400000 0.358651 19.520835 17.081911
 82.600000 0.380319 16.494949 17.081911
 82.800000 0.384005 16.012211 17.081911
 83.000000 0.398876 14.298548 17.081911
 83.200000 0.386464 16.366813 17.081911
 83.400000 0.355183 19.746984 17.081911
 83.600000 0.372224 17.901590 17.081911
 83.800000 0.367574 18.543777 17.081911
 84.000000 0.372912 17.808717 17.081911
 84.200000 0.364856 19.589644 17.081911
 84.400000 0.352049 20.126825 17.081911
 84.600000 0.331186 19.622511 17.081911
 84.800000 0.320278 20.316826 17.081911
 85.000000 0.322457 20.121828 18.035540
 85.200000 0.324831 20.641643 18.035540
 85.400000 0.330959 20.236283 18.035540
 85.600000 0.311752 21.688880 18.035540
 85.800000 0.319779 21.066972 18.035540
 86.000000 0.343358 20.088043 18.035540
 86.200000 0.340589 20.752824 18.035540
 86.400000 0.337247 20.708530 18.035540
 86.600000 0.338481 20.721364 18.035540
 86.800000 0.329747 20.774411 18.035540
 87.000000 0.329700 20.775747 18.035540
 87.200000 0.312822 22.077839 18.035540
 87.400000 0.301169 21.988587 18.035540
 87.600000 0.316029 21.977610 18.035540
 87.800000 0.321425 21.764105 18.035540
 88.000000 0.344885 21.243416 18.035540
 88.200000 0.366562 19.899132 18.035540
 88.400000 0.375593 18.396737 18.035540
 88.600000 0.374286 18.605372 18.035540
 88.800000 0.358883 21.033870 18.035540
 89.000000 0.344102 21.931421 18.035540
 89.200000 0.329951 22.297266 18.035540
 89.400000 0.322772 22.178038 18.035540
 89.600000 0.317346 22.186591 18.035540
 89.800000 0.323860 22.186800 18.035540
 90.000000 0.358877 21.439696 19.370751
 90.200000 0.360991 21.775925 19.370751
 90.400000 0.394852 15.943884 19.370751
 90.600000 0.391216 16.415852 19.370751
 90.800000 0.390266 16.540244 19.370751
 91.000000 0.377784 18.416606 19.370751
 91.200000 0.380179 18.759901 19.370751
 91.400000 0.391024 16.962277 19.370751
 91.600000 0.374580 19.782216 19.370751
 91.800000 0.369164 20.806171 19.370751
 92.000000 0.378306 19.092740 19.370751
 92.200000 0.378841 19.743836 19.370751
 92.400000 0.372630 20.847502 19.370751
 92.600000 0.389112 17.848021 19.370751
 92.800000 0.389286 17.814923 19.370751
 93.000000 0.382212 19.131765 19.370751
 93.200000 0.383913 19.561019 19.370751
 93.400000 0.388395 18.668959 19.370751
 93.600000 0.388780 18.588744 19.370751
 93.800000 0.395825 17.061423 19.370751
 94.000000 0.381789 19.955034 19.370751
 94.200000 0.359631 23.191615 19.370751
 94.400000 0.379794 21.021249 19.370751
 94.600000 0.379764 21.026209 19.370751
 94.800000 0.386216 19.801299 19.370751
 95.000000 0.387091 19.612512 20.013712
 95.200000 0.394660 18.458182 20.013712
 95.400000 0.398584 17.387149 20.013712
 95.600000 0.421910 12.925788 20.013712
 95.800000 0.452359 6.331073 20.013712
 96.000000 0.464685 3.457542 20.013712
 96.200000 0.437083 10.337081 20.013712
 96.400000 0.451396 7.577316 20.013712
 96.600000 0.481478 1.573865 20.013712
 96.800000 0.478161 2.125074 20.013712
 97.000000 0.465084 4.870684 20.013712
 97.200000 0.448891 8.822124 20.013712
 97.400000 0.402434 16.369409 20.013712
 97.600000 0.409432 14.801447 20.013712
 97.800000 0.419258 13.313933 20.013712
 98.000000 0.416329 13.700805 20.013712
 98.200000 0.413149 15.090831 20.013712
 98.400000 0.416149 14.675921 20.013712
 98.600000 0.430133 12.385546 20.013712
 98.800000 0.441030 10.173162 20.013712
 99.000000 0.440073 10.352750 20.013712
 99.200000 0.445603 10.425795 20.013712
 99.400000 0.430737 13.171914 20.013712
 99.600000 0.439984 11.473008 20.013712
 99.800000 0.438787 11.701808 20.013712
 100.000000 0.444235 10.675589 19.998140
