#! FIELDS time d metad.bias metad.rct
 0.000000 0.240992 0.000000 0.000000
 0.200000 0.235610 0.000000 0.000000
 0.400000 0.240491 0.000000 0.000000
 0.600000 0.258973 0.000000 0.000000
 0.800000 0.261782 0.000000 0.000000
 1.000000 0.244659 0.000000 0.000000
 1.200000 0.225696 0.785158 0.000000
 1.400000 0.191346 0.000106 0.000000
 1.600000 0.205520 0.054883 0.000000
 1.800000 0.248261 1.700185 0.000000
 2.000000 0.260922 0.970825 0.000000
 2.200000 0.295936 0.108574 0.000000
 2.400000 0.294269 0.142615 0.000000
 2.600000 0.300715 0.046511 0.000000
 2.800000 0.318490 0.000000 0.000000
 3.000000 0.320436 0.000000 0.000000
 3.200000 0.291349 0.485881 0.000000
 3.400000 0.276464 1.180689 0.000000
 3.600000 0.302002 0.856822 0.000000
 3.800000 0.335859 1.030155 0.000000
 4.000000 0.324499 1.686858 0.000000
 4.200000 0.289382 0.595654 0.000000
 4.400000 0.292644 0.662448 0.000000
 4.600000 0.291932 0.639528 0.000000
 4.800000 0.284700 0.665378 0.000000
 5.000000 0.281238 0.830609 1.007466
 5.200000 0.301027 1.979053 1.007466
 5.400000 0.308857 2.553238 1.007466
 5.600000 0.263153 3.287631 1.007466
 5.800000 0.271504 3.027127 1.007466
 6.000000 0.299547 1.922775 1.007466
 6.200000 0.291394 3.350985 1.007466
 6.400000 0.281609 3.278887 1.007466
 6.600000 0.265088 3.357655 1.007466
 6.800000 0.252995 3.249954 1.007466
 7.000000 0.272790 3.295801 1.007466
 7.200000 0.273291 4.803083 1.007466
 7.400000 0.267258 4.750999 1.007466
 7.600000 0.275052 4.778314 1.007466
 7.800000 0.272860 4.806409 1.007466
 8.000000 0.264394 4.653964 1.007466
 8.200000 0.244309 3.559329 1.007466
 8.400000 0.235643 2.168071 1.007466
 8.600000 0.231788 1.630184 1.007466
 8.800000 0.236982 2.370174 1.007466
 9.000000 0.253234 4.980121 1.007466
 9.200000 0.255951 6.724694 1.007466
 9.400000 0.254195 6.513799 1.007466
 9.600000 0.246327 5.155566 1.007466
 9.800000 0.270036 6.874018 1.007466
 10.000000 0.300471 3.915202 2.922603
 10.200000 0.319040 4.709230 2.922603
 10.400000 0.317606 4.820807 2.922603
 10.600000 0.291544 5.599287 2.922603
 10.800000 0.281866 6.161729 2.922603
 11.000000 0.306052 5.293529 2.922603
 11.200000 0.312920 6.334689 2.922603
 11.400000 0.318975 5.667577 2.922603
 11.600000 0.317236 5.893394 2.922603
 11.800000 0.343986 1.294059 2.922603
 12.000000 0.360230 0.140720 2.922603
 12.200000 0.336810 2.945289 2.922603
 12.400000 0.327391 4.407989 2.922603
 12.600000 0.324279 4.921836 2.922603
 12.800000 0.316092 6.047011 2.922603
 13.000000 0.311355 6.456483 2.922603
 13.200000 0.299878 7.643238 2.922603
 13.400000 0.295955 7.343784 2.922603
 13.600000 0.287101 6.782184 2.922603
 13.800000 0.283498 6.716804 2.922603
 14.000000 0.303002 7.823831 2.922603
 14.200000 0.316408 8.080213 2.922603
 14.400000 0.324226 6.290503 2.922603
 14.600000 0.327051 5.563105 2.922603
 14.800000 0.332013 4.338121 2.922603
 15.000000 0.351388 2.043134 4.456109
 15.200000 0.321693 7.147648 4.456109
 15.400000 0.308594 9.067967 4.456109
 15.600000 0.313476 8.627219 4.456109
 15.800000 0.289149 7.674965 4.456109
 16.000000 0.284595 7.304946 4.456109
 16.200000 0.299237 9.579140 4.456109
 16.400000 0.316424 8.310875 4.456109
 16.600000 0.331637 5.102085 4.456109
 16.800000 0.347908 3.712799 4.456109
 17.000000 0.346670 3.740475 4.456109
 17.200000 0.330668 6.115726 4.456109
 17.400000 0.327814 6.518183 4.456109
 17.600000 0.338930 5.427916 4.456109
 17.800000 0.350947 5.073084 4.456109
 18.000000 0.355409 4.765106 4.456109
 18.200000 0.354194 6.278463 4.456109
 18.400000 0.344740 6.362835 4.456109
 18.600000 0.316594 8.521510 4.456109
 18.800000 0.331306 6.424030 4.456109
 19.000000 0.323174 7.442033 4.456109
 19.200000 0.313821 9.962167 4.456109
 19.400000 0.294463 9.492863 4.456109
 19.600000 0.275217 8.200978 4.456109
 19.800000 0.269551 8.041927 4.456109
 20.000000 0.295762 9.621203 6.302600
 20.200000 0.281945 9.198953 6.302600
 20.400000 0.277113 8.781485 6.302600
 20.600000 0.264763 7.958441 6.302600
 20.800000 0.265279 7.998437 6.302600
 21.000000 0.245600 5.048235 6.302600
 21.200000 0.259186 8.339304 6.302600
 21.400000 0.270209 8.690149 6.302600
 21.600000 0.284030 9.464173 6.302600
 21.800000 0.295095 10.697838 6.302600
 22.000000 0.279468 9.077519 6.302600
 22.200000 0.271349 9.724881 6.302600
 22.400000 0.267319 9.472746 6.302600
 22.600000 0.272243 9.779704 6.302600
 22.800000 0.287039 10.812475 6.302600
 23.000000 0.274784 9.937068 6.302600
 23.200000 0.259881 9.563021 6.302600
 23.400000 0.246028 6.810089 6.302600
 23.600000 0.252128 8.206064 6.302600
 23.800000 0.265802 10.309774 6.302600
 24.000000 0.246313 6.880907 6.302600
 24.200000 0.217183 0.850951 6.302600
 24.400000 0.227006 2.588372 6.302600
 24.600000 0.226285 2.417466 6.302600
 24.800000 0.247693 8.499813 6.302600
 25.000000 0.235868 5.114963 7.723679
 25.200000 0.235586 6.420420 7.723679
 25.400000 0.240293 7.823156 7.723679
 25.600000 0.269134 11.155641 7.723679
 25.800000 0.284761 11.585968 7.723679
 26.000000 0.270395 11.192624 7.723679
 26.200000 0.301411 11.910635 7.723679
 26.400000 0.317981 9.923506 7.723679
 26.600000 0.288799 12.195428 7.723679
 26.800000 0.268154 12.176898 7.723679
 27.000000 0.281668 12.303062 7.723679
 27.200000 0.270835 13.046803 7.723679
 27.400000 0.283676 13.276559 7.723679
 27.600000 0.302313 12.256560 7.723679
 27.800000 0.300281 12.426663 7.723679
 28.000000 0.288195 13.124323 7.723679
 28.200000 0.291588 13.919271 7.723679
 28.400000 0.272543 13.712086 7.723679
 28.600000 0.260011 12.166327 7.723679
 28.800000 0.280585 14.182938 7.723679
 29.000000 0.283035 14.210235 7.723679
 29.200000 0.294569 14.389866 7.723679
 29.400000 0.293009 14.565571 7.723679
 29.600000 0.301526 13.415397 7.723679
 29.800000 0.299288 13.758753 7.723679
 30.000000 0.275674 14.785931 10.712554
 30.200000 0.268830 14.735982 10.712554
 30.400000 0.267773 14.544726 10.712554
 30.600000 0.271281 15.141251 10.712554
 30.800000 0.294397 14.824811 10.712554
 31.000000 0.310246 11.892537 10.712554
 31.200000 0.317991 11.084335 10.712554
 31.400000 0.300700 14.610597 10.712554
 31.600000 0.308105 13.358903 10.712554
 31.800000 0.321720 10.121837 10.712554
 32.000000 0.316591 11.439764 10.712554
 32.200000 0.333258 8.239051 10.712554
 32.400000 0.343902 7.102310 10.712554
 32.600000 0.337707 7.578547 10.712554
 32.800000 0.321226 11.251080 10.712554
 33.000000 0.303648 14.881321 10.712554
 33.200000 0.295826 16.439288 10.712554
 33.400000 0.299561 16.190894 10.712554
 33.600000 0.323138 11.102451 10.712554
 33.800000 0.341015 7.313527 10.712554
 34.000000 0.327542 9.771005 10.712554
 34.200000 0.318846 13.399985 10.712554
 34.400000 0.329874 10.259523 10.712554
 34.600000 0.351771 7.000906 10.712554
 34.800000 0.350255 7.157570 10.712554
 35.000000 0.325212 11.578092 12.240106
 35.200000 0.317940 14.567603 12.240106
 35.400000 0.342215 8.476115 12.240106
 35.600000 0.343837 8.237811 12.240106
 35.800000 0.348882 7.587857 12.240106
 36.000000 0.341558 8.579583 12.240106
 36.200000 0.330588 11.964921 12.240106
 36.400000 0.362751 5.687430 12.240106
 36.600000 0.390702 0.373145 12.240106
 36.800000 0.412888 0.000356 12.240106
 37.000000 0.421603 0.000000 12.240106
 37.200000 0.391866 0.552556 12.240106
 37.400000 0.368383 4.148042 12.240106
 37.600000 0.380019 1.548199 12.240106
 37.800000 0.378780 1.752580 12.240106
 38.000000 0.373630 2.808320 12.240106
 38.200000 0.401699 1.036130 12.240106
 38.400000 0.381710 2.636086 12.240106
 38.600000 0.354870 8.278697 12.240106
 38.800000 0.355732 8.150529 12.240106
 39.000000 0.386347 1.886487 12.240106
 39.200000 0.391718 2.808898 12.240106
 39.400000 0.365364 6.905394 12.240106
 39.600000 0.364697 7.017861 12.240106
 39.800000 0.387413 3.349721 12.240106
 40.000000 0.385750 3.578653 12.299359
 40.200000 0.371213 6.822959 12.299359
 40.400000 0.346289 9.425087 12.299359
 40.600000 0.356043 8.516618 12.299359
 40.800000 0.374550 6.447220 12.299359
 41.000000 0.373817 6.529482 12.299359
 41.200000 0.362185 8.829607 12.299359
 41.400000 0.336522 10.799135 12.299359
 41.600000 0.333790 11.309071 12.299359
 41.800000 0.341138 10.135555 12.299359
 42.000000 0.355920 9.169520 12.299359
 42.200000 0.352903 10.447653 12.299359
 42.400000 0.338053 11.121804 12.299359
 42.600000 0.347590 10.577703 12.299359
 42.800000 0.365134 9.591695 12.299359
 43.000000 0.379010 7.523102 12.299359
 43.200000 0.382204 8.137257 12.299359
 43.400000 0.382484 8.076414 12.299359
 43.600000 0.388785 6.539950 12.299359
 43.800000 0.397660 4.287859 12.299359
 44.000000 0.403591 3.160199 12.299359
 44.200000 0.387162 7.792748 12.299359
 44.400000 0.386669 7.887775 12.299359
 44.600000 0.379050 9.163867 12.299359
 44.800000 0.394628 6.285427 12.299359
 45.000000 0.379189 9.144517 12.385299
 45.200000 0.364762 11.212326 12.385299
 45.400000 0.351544 10.930125 12.385299
 45.600000 0.338020 11.177703 12.385299
 45.800000 0.353174 10.980861 12.385299
 46.000000 0.360505 11.181417 12.385299
 46.200000 0.356958 12.133339 12.385299
 46.400000 0.332339 12.144903 12.385299
 46.600000 0.335021 11.785483 12.385299
 46.800000 0.341465 11.401685 12.385299
 47.000000 0.345580 11.475871 12.385299
 47.200000 0.346675 12.572091 12.385299
 47.400000 0.359169 12.910187 12.385299
 47.600000 0.350264 12.735501 12.385299
 47.800000 0.323463 14.221173 12.385299
 48.000000 0.319181 14.963630 12.385299
 48.200000 0.338876 12.802675 12.385299
 48.400000 0.349821 12.825901 12.385299
 48.600000 0.346534 12.734858 12.385299
 48.800000 0.333733 13.272192 12.385299
 49.000000 0.332602 13.427424 12.385299
 49.200000 0.343025 13.448262 12.385299
 49.400000 0.357307 13.201577 12.385299
 49.600000 0.335628 13.996742 12.385299
 49.800000 0.344211 13.409333 12.385299
 50.000000 0.357203 13.204801 13.275053
 50.200000 0.352664 14.223924 13.275053
 50.400000 0.369334 13.070381 13.275053
 50.600000 0.368093 13.247079 13.275053
 50.800000 0.377393 11.614524 13.275053
 51.000000 0.388324 8.847630 13.275053
 51.200000 0.398881 6.935105 13.275053
 51.400000 0.397232 7.404943 13.275053
 51.600000 0.379219 12.191699 13.275053
 51.800000 0.393516 8.505282 13.275053
 52.000000 0.390177 9.496928 13.275053
 52.200000 0.379563 13.017981 13.275053
 52.400000 0.381078 12.774942 13.275053
 52.600000 0.394357 9.356292 13.275053
 52.800000 0.401421 7.116421 13.275053
 53.000000 0.420396 3.108757 13.275053
 53.200000 0.439732 1.587850 13.275053
 53.400000 0.417024 5.085712 13.275053
 53.600000 0.425399 3.898343 13.275053
 53.800000 0.424650 4.014237 13.275053
 54.000000 0.397346 8.860185 13.275053
 54.200000 0.404024 8.264656 13.275053
 54.400000 0.413079 6.296378 13.275053
 54.600000 0.413523 6.213469 13.275053
 54.800000 0.412194 6.464908 13.275053
 55.000000 0.411936 6.514884 13.402229
 55.200000 0.419772 6.244118 13.402229
 55.400000 0.420981 5.981531 13.402229
 55.600000 0.399745 10.324945 13.402229
 55.800000 0.392338 11.926398 13.402229
 56.000000 0.377037 13.934658 13.402229
 56.200000 0.387282 13.594685 13.402229
 56.400000 0.387636 13.525763 13.402229
 56.600000 0.384007 14.157997 13.402229
 56.800000 0.401628 10.158403 13.402229
 57.000000 0.383116 14.286187 13.402229
 57.200000 0.409699 8.536133 13.402229
 57.400000 0.426185 4.807062 13.402229
 57.600000 0.449875 0.573191 13.402229
 57.800000 0.457655 0.171155 13.402229
 58.000000 0.438705 2.024300 13.402229
 58.200000 0.419987 6.987454 13.402229
 58.400000 0.401892 10.592199 13.402229
 58.600000 0.408792 8.963817 13.402229
 58.800000 0.382830 15.250951 13.402229
 59.000000 0.383164 15.205752 13.402229
 59.200000 0.401684 11.061315 13.402229
 59.400000 0.399038 11.879248 13.402229
 59.600000 0.408203 9.306174 13.402229
 59.800000 0.407293 9.525061 13.402229
 60.000000 0.401940 10.984713 13.921675
