#! FIELDS time d metad.bias metad.rct
 0.000000 0.240992 0.000000 0.000000
 0.200000 0.240899 0.000000 0.000000
 0.400000 0.252129 0.000000 0.000000
 0.600000 0.237185 0.000000 0.000000
 0.800000 0.239905 0.000000 0.000000
 1.000000 0.252052 0.000000 0.000000
 1.200000 0.246213 1.622058 0.000000
 1.400000 0.232024 0.715663 0.000000
 1.600000 0.259720 1.535242 0.000000
 1.800000 0.245759 1.602317 0.000000
 2.000000 0.247719 1.678363 0.000000
 2.200000 0.231891 1.636512 0.000000
 2.400000 0.218916 0.403782 0.000000
 2.600000 0.215682 0.252507 0.000000
 2.800000 0.219695 0.448737 0.000000
 3.000000 0.225022 0.857104 0.000000
 3.200000 0.235838 3.458162 0.000000
 3.400000 0.247484 3.841029 0.000000
 3.600000 0.249746 3.769174 0.000000
 3.800000 0.247110 3.847457 0.000000
 4.000000 0.226594 2.687546 0.000000
 4.200000 0.218532 3.259959 0.000000
 4.400000 0.214466 2.641981 0.000000
 4.600000 0.219341 3.376532 0.000000
 4.800000 0.234913 4.721927 0.000000
 5.000000 0.220802 3.578623 1.502346
 5.200000 0.225178 5.531624 1.502346
 5.400000 0.225822 5.577421 1.502346
 5.600000 0.204542 2.044984 1.502346
 5.800000 0.189020 0.311485 1.502346
 6.000000 0.187936 0.262016 1.502346
 6.200000 0.206290 3.185814 1.502346
 6.400000 0.261728 2.681059 1.502346
 6.600000 0.271901 1.192068 1.502346
 6.800000 0.248864 4.574569 1.502346
 7.000000 0.223535 5.489407 1.502346
 7.200000 0.222799 6.794845 1.502346
 7.400000 0.219418 6.380984 1.502346
 7.600000 0.225984 7.006340 1.502346
 7.800000 0.211261 4.857985 1.502346
 8.000000 0.198144 2.765242 1.502346
 8.200000 0.203556 4.888191 1.502346
 8.400000 0.181459 2.512217 1.502346
 8.600000 0.180719 2.416402 1.502346
 8.800000 0.199936 4.491222 1.502346
 9.000000 0.198735 4.370337 1.502346
 9.200000 0.199962 5.929427 1.502346
 9.400000 0.195641 5.482940 1.502346
 9.600000 0.210527 6.865048 1.502346
 9.800000 0.191660 4.978292 1.502346
 10.000000 0.187127 4.273838 3.287274
 10.200000 0.200014 6.933727 3.287274
 10.400000 0.202710 7.023234 3.287274
 10.600000 0.197682 6.833302 3.287274
 10.800000 0.200783 6.961310 3.287274
 11.000000 0.202602 7.019939 3.287274
 11.200000 0.200783 8.232002 3.287274
 11.400000 0.203608 8.327555 3.287274
 11.600000 0.209047 8.398770 3.287274
 11.800000 0.233328 7.205240 3.287274
 12.000000 0.238617 6.473374 3.287274
 12.200000 0.226784 8.875624 3.287274
 12.400000 0.255171 4.582298 3.287274
 12.600000 0.267093 2.069852 3.287274
 12.800000 0.239390 7.670218 3.287274
 13.000000 0.233816 8.387922 3.287274
 13.200000 0.217115 9.486429 3.287274
 13.400000 0.193587 7.664698 3.287274
 13.600000 0.173905 3.093678 3.287274
 13.800000 0.164449 1.237209 3.287274
 14.000000 0.167243 1.681534 3.287274
 14.200000 0.187787 7.258456 3.287274
 14.400000 0.214975 9.326144 3.287274
 14.600000 0.208762 8.904872 3.287274
 14.800000 0.202705 8.609826 3.287274
 15.000000 0.203866 8.662401 5.677135
 15.200000 0.206471 9.955938 5.677135
 15.400000 0.222142 10.390910 5.677135
 15.600000 0.211782 10.128508 5.677135
 15.800000 0.223002 10.393076 5.677135
 16.000000 0.229764 10.157211 5.677135
 16.200000 0.233288 10.899870 5.677135
 16.400000 0.253123 5.895891 5.677135
 16.600000 0.263798 2.944333 5.677135
 16.800000 0.236644 10.348646 5.677135
 17.000000 0.213908 10.831903 5.677135
 17.200000 0.170464 4.004108 5.677135
 17.400000 0.161340 2.368234 5.677135
 17.600000 0.157917 1.876909 5.677135
 17.800000 0.152649 1.242757 5.677135
 18.000000 0.157150 1.775444 5.677135
 18.200000 0.172084 5.331245 5.677135
 18.400000 0.153737 2.937069 5.677135
 18.600000 0.143607 1.578998 5.677135
 18.800000 0.144855 1.734835 5.677135
 19.000000 0.146250 1.915669 5.677135
 19.200000 0.159523 4.781606 5.677135
 19.400000 0.159884 4.803719 5.677135
 19.600000 0.163172 4.998310 5.677135
 19.800000 0.146988 3.618721 5.677135
 20.000000 0.155629 4.512999 7.157526
 20.200000 0.180583 7.325282 7.157526
 20.400000 0.164243 6.275873 7.157526
 20.600000 0.147194 4.866716 7.157526
 20.800000 0.143611 4.199117 7.157526
 21.000000 0.145985 4.650895 7.157526
 21.200000 0.152552 6.939656 7.157526
 21.400000 0.147925 6.401591 7.157526
 21.600000 0.135316 3.631277 7.157526
 21.800000 0.152918 6.966863 7.157526
 22.000000 0.163737 6.973201 7.157526
 22.200000 0.157612 8.309140 7.157526
 22.400000 0.164548 8.221078 7.157526
 22.600000 0.160169 8.343710 7.157526
 22.800000 0.157519 8.305950 7.157526
 23.000000 0.155454 8.196525 7.157526
 23.200000 0.136197 4.614860 7.157526
 23.400000 0.142736 6.741812 7.157526
 23.600000 0.160966 9.471001 7.157526
 23.800000 0.169914 8.722563 7.157526
 24.000000 0.181991 8.480180 7.157526
 24.200000 0.184625 9.878847 7.157526
 24.400000 0.165763 9.788781 7.157526
 24.600000 0.177544 9.476749 7.157526
 24.800000 0.167727 9.693720 7.157526
 25.000000 0.150022 8.792180 8.001773
 25.200000 0.134215 4.674744 8.001773
 25.400000 0.138951 6.431558 8.001773
 25.600000 0.141901 7.529846 8.001773
 25.800000 0.161634 10.791217 8.001773
 26.000000 0.165668 10.478669 8.001773
 26.200000 0.173286 10.792420 8.001773
 26.400000 0.168011 11.338704 8.001773
 26.600000 0.169470 11.181183 8.001773
 26.800000 0.166153 11.529875 8.001773
 27.000000 0.135165 5.153659 8.001773
 27.200000 0.136736 7.149592 8.001773
 27.400000 0.144138 9.867895 8.001773
 27.600000 0.137894 7.596496 8.001773
 27.800000 0.126724 3.599491 8.001773
 28.000000 0.137336 7.381422 8.001773
 28.200000 0.140727 9.898063 8.001773
 28.400000 0.165195 12.026516 8.001773
 28.600000 0.160434 12.596181 8.001773
 28.800000 0.137942 8.873696 8.001773
 29.000000 0.138911 9.239462 8.001773
 29.200000 0.137339 9.795394 8.001773
 29.400000 0.123535 4.223284 8.001773
 29.600000 0.137359 9.803232 8.001773
 29.800000 0.149831 13.200934 8.001773
 30.000000 0.150765 13.297970 9.431937
 30.200000 0.155786 14.332607 9.431937
 30.400000 0.139380 11.297144 9.431937
 30.600000 0.125707 5.257829 9.431937
 30.800000 0.122959 4.195204 9.431937
 31.000000 0.150423 14.232809 9.431937
 31.200000 0.143706 13.682913 9.431937
 31.400000 0.160230 14.577078 9.431937
 31.600000 0.156265 15.161069 9.431937
 31.800000 0.163262 13.922199 9.431937
 32.000000 0.170041 12.273763 9.431937
 32.200000 0.186054 11.198067 9.431937
 32.400000 0.183308 11.304585 9.431937
 32.600000 0.172069 12.837663 9.431937
 32.800000 0.170177 13.255601 9.431937
 33.000000 0.192626 11.209767 9.431937
 33.200000 0.179508 12.338863 9.431937
 33.400000 0.164085 14.833888 9.431937
 33.600000 0.149998 15.544996 9.431937
 33.800000 0.148088 15.181698 9.431937
 34.000000 0.136153 10.588955 9.431937
 34.200000 0.132702 9.919066 9.431937
 34.400000 0.128684 7.834190 9.431937
 34.600000 0.139368 13.190228 9.431937
 34.800000 0.132829 9.985072 9.431937
 35.000000 0.133825 10.501280 11.407498
 35.200000 0.136600 12.977982 11.407498
 35.400000 0.143283 15.621096 11.407498
 35.600000 0.141111 14.895509 11.407498
 35.800000 0.138079 13.659858 11.407498
 36.000000 0.148673 16.747055 11.407498
 36.200000 0.178086 12.601444 11.407498
 36.400000 0.172505 13.503786 11.407498
 36.600000 0.160942 16.473149 11.407498
 36.800000 0.171102 13.814231 11.407498
 37.000000 0.174794 13.066172 11.407498
 37.200000 0.179529 13.389372 11.407498
 37.400000 0.172393 14.492780 11.407498
 37.600000 0.193160 12.751619 11.407498
 37.800000 0.194789 12.715358 11.407498
 38.000000 0.202146 12.534194 11.407498
 38.200000 0.175483 14.134158 11.407498
 38.400000 0.173147 14.496823 11.407498
 38.600000 0.181155 13.609112 11.407498
 38.800000 0.175933 14.073945 11.407498
 39.000000 0.191458 13.564126 11.407498
 39.200000 0.186277 14.401873 11.407498
 39.400000 0.191077 14.514171 11.407498
 39.600000 0.169824 15.480138 11.407498
 39.800000 0.162120 17.027535 11.407498
 40.000000 0.157512 17.791457 13.319457
 40.200000 0.189065 14.556285 13.319457
 40.400000 0.207317 13.940229 13.319457
 40.600000 0.204223 14.152827 13.319457
 40.800000 0.168656 16.298974 13.319457
 41.000000 0.164587 17.235081 13.319457
 41.200000 0.188472 14.776408 13.319457
 41.400000 0.172797 16.167853 13.319457
 41.600000 0.194450 14.685381 13.319457
 41.800000 0.175342 15.707500 13.319457
 42.000000 0.176160 15.580320 13.319457
 42.200000 0.175033 16.630066 13.319457
 42.400000 0.186693 15.485663 13.319457
 42.600000 0.180758 15.896048 13.319457
 42.800000 0.176181 16.451396 13.319457
 43.000000 0.165812 18.449276 13.319457
 43.200000 0.167919 18.769954 13.319457
 43.400000 0.183675 16.039445 13.319457
 43.600000 0.195563 15.137102 13.319457
 43.800000 0.215435 13.459161 13.319457
 44.000000 0.204902 14.290027 13.319457
 44.200000 0.194539 15.945484 13.319457
 44.400000 0.187362 16.192151 13.319457
 44.600000 0.183127 16.416003 13.319457
 44.800000 0.187393 16.190972 13.319457
 45.000000 0.177198 17.049231 15.375807
 45.200000 0.178459 17.692910 15.375807
 45.400000 0.179388 17.573464 15.375807
 45.600000 0.177801 17.782549 15.375807
 45.800000 0.192732 16.493673 15.375807
 46.000000 0.202082 15.673354 15.375807
 46.200000 0.184290 17.501960 15.375807
 46.400000 0.168222 19.499539 15.375807
 46.600000 0.178813 17.906662 15.375807
 46.800000 0.176402 18.186239 15.375807
 47.000000 0.187855 17.364321 15.375807
 47.200000 0.180274 18.478927 15.375807
 47.400000 0.172778 19.204673 15.375807
 47.600000 0.186357 18.217906 15.375807
 47.800000 0.190802 18.068129 15.375807
 48.000000 0.201048 17.198542 15.375807
 48.200000 0.177196 18.942572 15.375807
 48.400000 0.178724 18.854091 15.375807
 48.600000 0.174522 19.159814 15.375807
 48.800000 0.178297 18.876228 15.375807
 49.000000 0.204420 17.508828 15.375807
 49.200000 0.206852 17.877501 15.375807
 49.400000 0.175523 19.193620 15.375807
 49.600000 0.180088 19.010279 15.375807
 49.800000 0.176239 19.147444 15.375807
 50.000000 0.184232 19.045611 16.649504
 50.200000 0.175190 19.841677 16.649504
 50.400000 0.185385 19.824556 16.649504
 50.600000 0.168864 20.318467 16.649504
 50.800000 0.154374 20.798737 16.649504
 51.000000 0.158103 21.012141 16.649504
 51.200000 0.183978 19.942513 16.649504
 51.400000 0.168089 20.941938 16.649504
 51.600000 0.159208 21.695892 16.649504
 51.800000 0.160179 21.670312 16.649504
 52.000000 0.159438 21.691722 16.649504
 52.200000 0.159193 22.361914 16.649504
 52.400000 0.173105 20.817950 16.649504
 52.600000 0.165719 21.830877 16.649504
 52.800000 0.167725 21.557166 16.649504
 53.000000 0.172406 20.905808 16.649504
 53.200000 0.166229 22.397269 16.649504
 53.400000 0.169403 21.994124 16.649504
 53.600000 0.177632 21.016903 16.649504
 53.800000 0.163643 22.657930 16.649504
 54.000000 0.157228 22.750169 16.649504
 54.200000 0.170154 22.331268 16.649504
 54.400000 0.165263 23.054678 16.649504
 54.600000 0.158437 23.444896 16.649504
 54.800000 0.138534 16.210213 16.649504
 55.000000 0.138878 16.428642 18.688354
 55.200000 0.144452 20.427858 18.688354
 55.400000 0.121603 6.089771 18.688354
 55.600000 0.115401 3.317869 18.688354
 55.800000 0.138002 16.709781 18.688354
 56.000000 0.133767 13.860152 18.688354
 56.200000 0.131974 13.560926 18.688354
 56.400000 0.140491 19.117534 18.688354
 56.600000 0.164815 23.406201 18.688354
 56.800000 0.164519 23.451792 18.688354
 57.000000 0.173243 21.935553 18.688354
 57.200000 0.175163 22.289938 18.688354
 57.400000 0.181832 21.463955 18.688354
 57.600000 0.189484 20.868260 18.688354
 57.800000 0.198639 19.864376 18.688354
 58.000000 0.178636 21.811036 18.688354
 58.200000 0.181672 22.128233 18.688354
 58.400000 0.186205 21.687408 18.688354
 58.600000 0.194922 20.738124 18.688354
 58.800000 0.209281 17.730025 18.688354
 59.000000 0.228107 13.289594 18.688354
 59.200000 0.271285 1.479307 18.688354
 59.400000 0.281392 0.409780 18.688354
 59.600000 0.266130 2.456688 18.688354
 59.800000 0.234816 12.452656 18.688354
 60.000000 0.227428 14.417455 19.764188
 60.200000 0.248506 8.127836 19.764188
 60.400000 0.247573 8.490969 19.764188
 60.600000 0.248907 7.972993 19.764188
 60.800000 0.235437 13.062116 19.764188
 61.000000 0.226753 15.492339 19.764188
 61.200000 0.204768 19.718620 19.764188
 61.400000 0.178835 22.458412 19.764188
 61.600000 0.176529 22.748384 19.764188
 61.800000 0.203088 19.963464 19.764188
 62.000000 0.207694 19.286805 19.764188
 62.200000 0.232633 14.951883 19.764188
 62.400000 0.251054 7.398165 19.764188
 62.600000 0.254862 5.923215 19.764188
 62.800000 0.246625 9.249490 19.764188
 63.000000 0.246260 9.405996 19.764188
 63.200000 0.259117 5.250575 19.764188
 63.400000 0.277517 0.834355 19.764188
 63.600000 0.262814 3.977728 19.764188
 63.800000 0.250321 8.806049 19.764188
 64.000000 0.264539 3.445198 19.764188
 64.200000 0.270354 3.364843 19.764188
 64.400000 0.264612 4.924634 19.764188
 64.600000 0.252672 8.902580 19.764188
 64.800000 0.241526 13.003601 19.764188
 65.000000 0.260536 6.190769 19.895876
 65.200000 0.279005 2.242842 19.895876
 65.400000 0.261825 7.101467 19.895876
 65.600000 0.246989 11.881662 19.895876
 65.800000 0.225213 17.626018 19.895876
 66.000000 0.209214 19.856489 19.895876
 66.200000 0.195598 21.940847 19.895876
 66.400000 0.191658 22.087094 19.895876
 66.600000 0.184248 22.306948 19.895876
 66.800000 0.184765 22.284921 19.895876
 67.000000 0.176808 22.867949 19.895876
 67.200000 0.158335 25.012995 19.895876
 67.400000 0.182655 22.972046 19.895876
 67.600000 0.192492 22.427958 19.895876
 67.800000 0.189004 22.608431 19.895876
 68.000000 0.170906 24.215177 19.895876
 68.200000 0.164653 25.436753 19.895876
 68.400000 0.189786 22.838649 19.895876
 68.600000 0.196974 22.252000 19.895876
 68.800000 0.178043 23.901121 19.895876
 69.000000 0.180999 23.572801 19.895876
 69.200000 0.178052 24.500700 19.895876
 69.400000 0.175010 24.843359 19.895876
 69.600000 0.203902 21.625665 19.895876
 69.800000 0.217197 19.462009 19.895876
 70.000000 0.241953 13.531494 21.184435
 70.200000 0.237699 15.779594 21.184435
 70.400000 0.236594 16.089806 21.184435
 70.600000 0.212664 20.340144 21.184435
 70.800000 0.206011 21.342841 21.184435
 71.000000 0.185305 23.764336 21.184435
 71.200000 0.177099 25.129330 21.184435
 71.400000 0.181290 24.741015 21.184435
 71.600000 0.189835 23.930188 21.184435
 71.800000 0.186292 24.278791 21.184435
 72.000000 0.171650 25.620397 21.184435
 72.200000 0.161170 26.399806 21.184435
 72.400000 0.171389 26.200812 21.184435
 72.600000 0.175352 25.833530 21.184435
 72.800000 0.201599 22.409742 21.184435
 73.000000 0.216183 19.922779 21.184435
 73.200000 0.212815 21.144771 21.184435
 73.400000 0.217373 20.465166 21.184435
 73.600000 0.217651 20.423453 21.184435
 73.800000 0.191175 24.204556 21.184435
 74.000000 0.191907 24.122940 21.184435
 74.200000 0.175744 26.145110 21.184435
 74.400000 0.178535 25.929591 21.184435
 74.600000 0.190060 24.919438 21.184435
 74.800000 0.191888 24.722586 21.184435
 75.000000 0.183131 25.554752 22.627987
 75.200000 0.167255 26.932993 22.627987
 75.400000 0.150067 24.179756 22.627987
 75.600000 0.164781 26.890985 22.627987
 75.800000 0.191147 25.290349 22.627987
 76.000000 0.180464 26.326398 22.627987
 76.200000 0.178870 26.979953 22.627987
 76.400000 0.175197 27.182283 22.627987
 76.600000 0.180784 26.843876 22.627987
 76.800000 0.187509 26.191032 22.627987
 77.000000 0.193351 25.370047 22.627987
 77.200000 0.177288 27.394681 22.627987
 77.400000 0.180897 27.235302 22.627987
 77.600000 0.176377 27.423171 22.627987
 77.800000 0.194716 25.703309 22.627987
 78.000000 0.178539 27.348102 22.627987
 78.200000 0.164161 27.577450 22.627987
 78.400000 0.162646 27.413468 22.627987
 78.600000 0.148232 23.580477 22.627987
 78.800000 0.130832 12.815830 22.627987
 79.000000 0.116268 4.119478 22.627987
 79.200000 0.138369 18.562325 22.627987
 79.400000 0.135384 16.683442 22.627987
 79.600000 0.132758 14.979881 22.627987
 79.800000 0.117944 6.316076 22.627987
 80.000000 0.122462 8.605807 23.696684
 80.200000 0.116195 6.638230 23.696684
 80.400000 0.120725 8.861234 23.696684
 80.600000 0.134201 16.796870 23.696684
 80.800000 0.123618 10.444703 23.696684
 81.000000 0.109616 4.056149 23.696684
 81.200000 0.122676 10.915793 23.696684
 81.400000 0.129111 14.318945 23.696684
 81.600000 0.123887 11.525098 23.696684
 81.800000 0.113709 6.975993 23.696684
 82.000000 0.121642 10.409197 23.696684
 82.200000 0.131487 16.534920 23.696684
 82.400000 0.110080 6.489454 23.696684
 82.600000 0.119174 10.339660 23.696684
 82.800000 0.126131 13.748715 23.696684
 83.000000 0.107661 5.600924 23.696684
 83.200000 0.120097 11.737901 23.696684
 83.400000 0.114609 9.535351 23.696684
 83.600000 0.118328 11.008247 23.696684
 83.800000 0.118866 11.228363 23.696684
 84.000000 0.119427 11.459506 23.696684
 84.200000 0.120478 12.945496 23.696684
 84.400000 0.115781 11.011310 23.696684
 84.600000 0.126643 15.557465 23.696684
 84.800000 0.125201 14.937048 23.696684
 85.000000 0.117650 11.777208 23.722587
 85.200000 0.109714 9.453612 23.722587
 85.400000 0.119959 13.753372 23.722587
 85.600000 0.122358 14.717218 23.722587
 85.800000 0.129181 17.433110 23.722587
 86.000000 0.129916 17.726496 23.722587
 86.200000 0.119662 14.262052 23.722587
 86.400000 0.118075 13.568437 23.722587
 86.600000 0.120542 14.642149 23.722587
 86.800000 0.134012 20.131459 23.722587
 87.000000 0.122688 15.556199 23.722587
 87.200000 0.106943 9.003652 23.722587
 87.400000 0.096984 4.552007 23.722587
 87.600000 0.110472 10.750455 23.722587
 87.800000 0.130962 19.688908 23.722587
 88.000000 0.122031 16.152415 23.722587
 88.200000 0.134630 21.604901 23.722587
 88.400000 0.149780 25.708260 23.722587
 88.600000 0.136349 22.141574 23.722587
 88.800000 0.113709 13.070931 23.722587
 89.000000 0.117476 14.941626 23.722587
 89.200000 0.105592 9.467176 23.722587
 89.400000 0.107729 10.659723 23.722587
 89.600000 0.104234 8.720708 23.722587
 89.800000 0.101827 7.440112 23.722587
 90.000000 0.117172 15.694827 23.882181
 90.200000 0.110360 12.912269 23.882181
 90.400000 0.108211 11.657185 23.882181
 90.600000 0.138623 23.469324 23.882181
 90.800000 0.137421 23.187123 23.882181
 91.000000 0.133102 22.131040 23.882181
 91.200000 0.139430 24.254153 23.882181
 91.400000 0.129279 21.737661 23.882181
 91.600000 0.138858 24.130675 23.882181
 91.800000 0.121779 19.080403 23.882181
 92.000000 0.127707 21.255907 23.882181
 92.200000 0.133539 23.523685 23.882181
 92.400000 0.140185 24.894979 23.882181
 92.600000 0.135954 24.061144 23.882181
 92.800000 0.138048 24.488254 23.882181
 93.000000 0.112622 14.859180 23.882181
 93.200000 0.108920 13.435821 23.882181
 93.400000 0.113400 16.228424 23.882181
 93.600000 0.113780 16.452251 23.882181
 93.800000 0.102622 9.369417 23.882181
 94.000000 0.113339 16.192244 23.882181
 94.200000 0.103335 10.499249 23.882181
 94.400000 0.101829 9.511745 23.882181
 94.600000 0.106216 12.435440 23.882181
 94.800000 0.108061 13.678443 23.882181
 95.000000 0.124941 22.258844 24.185694
 95.200000 0.129934 24.137956 24.185694
 95.400000 0.118624 20.447015 24.185694
 95.600000 0.105958 12.552266 24.185694
 95.800000 0.119386 20.804968 24.185694
 96.000000 0.114307 18.112591 24.185694
 96.200000 0.096752 6.949314 24.185694
 96.400000 0.114303 18.891338 24.185694
 96.600000 0.115127 19.374171 24.185694
 96.800000 0.133275 25.067578 24.185694
 97.000000 0.135884 25.363955 24.185694
 97.200000 0.124276 23.745902 24.185694
 97.400000 0.110653 16.687590 24.185694
 97.600000 0.096907 7.060403 24.185694
 97.800000 0.101538 10.098407 24.185694
 98.000000 0.109298 15.731063 24.185694
 98.200000 0.114674 20.132875 24.185694
 98.400000 0.116311 21.052251 24.185694
 98.600000 0.111508 18.134550 24.185694
 98.800000 0.118354 22.077877 24.185694
 99.000000 0.117110 21.469680 24.185694
 99.200000 0.114246 20.538999 24.185694
 99.400000 0.117291 22.233706 24.185694
 99.600000 0.137874 26.524706 24.185694
 99.800000 0.144795 26.891302 24.185694
 100.000000 0.158222 27.725323 24.799640
 100.200000 0.135662 26.565469 24.799640
 100.400000 0.128593 25.807249 24.799640
 100.600000 0.133544 26.391940 24.799640
 100.800000 0.148191 27.504416 24.799640
 101.000000 0.157147 28.174143 24.799640
 101.200000 0.154608 28.500536 24.799640
 101.400000 0.145719 27.677432 24.799640
 101.600000 0.141460 27.269501 24.799640
 101.800000 0.148044 27.907241 24.799640
 102.000000 0.142098 27.329023 24.799640
 102.200000 0.138269 27.481576 24.799640
 102.400000 0.116610 22.026675 24.799640
 102.600000 0.111932 19.126147 24.799640
 102.800000 0.113259 20.014560 24.799640
 103.000000 0.108504 16.641364 24.799640
 103.200000 0.119894 24.257049 24.799640
 103.400000 0.122184 25.083533 24.799640
 103.600000 0.118995 23.882525 24.799640
 103.800000 0.119047 23.904815 24.799640
 104.000000 0.117382 23.136869 24.799640
 104.200000 0.118857 24.443743 24.799640
 104.400000 0.119327 24.643429 24.799640
 104.600000 0.123584 26.076748 24.799640
 104.800000 0.143787 28.186885 24.799640
 105.000000 0.162866 29.082079 25.771019
 105.200000 0.178817 28.539962 25.771019
 105.400000 0.146174 28.611133 25.771019
 105.600000 0.160374 29.549785 25.771019
 105.800000 0.146276 28.620285 25.771019
 106.000000 0.141927 28.242235 25.771019
 106.200000 0.134621 28.127430 25.771019
 106.400000 0.128069 27.326759 25.771019
 106.600000 0.140002 28.581141 25.771019
 106.800000 0.140673 28.636171 25.771019
 107.000000 0.137444 28.371708 25.771019
 107.200000 0.136830 28.814649 25.771019
 107.400000 0.141753 29.199683 25.771019
 107.600000 0.138089 28.918910 25.771019
 107.800000 0.149850 29.723851 25.771019
 108.000000 0.145526 29.463499 25.771019
 108.200000 0.149843 30.175354 25.771019
 108.400000 0.137899 29.317318 25.771019
 108.600000 0.173318 29.221843 25.771019
 108.800000 0.204947 23.639335 25.771019
 109.000000 0.205595 23.477783 25.771019
 109.200000 0.200683 25.286856 25.771019
 109.400000 0.193432 26.799603 25.771019
 109.600000 0.174177 29.198521 25.771019
 109.800000 0.166514 29.877648 25.771019
 110.000000 0.154301 30.304407 26.883289
 110.200000 0.159094 30.701545 26.883289
 110.400000 0.157359 30.749054 26.883289
 110.600000 0.153234 30.739151 26.883289
 110.800000 0.140675 29.866476 26.883289
 111.000000 0.159470 30.687263 26.883289
 111.200000 0.149450 30.944905 26.883289
 111.400000 0.144305 30.481140 26.883289
 111.600000 0.156660 31.197784 26.883289
 111.800000 0.168170 30.418553 26.883289
 112.000000 0.173064 29.808463 26.883289
 112.200000 0.167620 30.915601 26.883289
 112.400000 0.174388 30.096193 26.883289
 112.600000 0.163531 31.262545 26.883289
 112.800000 0.159958 31.428871 26.883289
 113.000000 0.163665 31.253731 26.883289
 113.200000 0.151309 31.533375 26.883289
 113.400000 0.141461 30.357381 26.883289
 113.600000 0.136587 29.660086 26.883289
 113.800000 0.136143 29.593931 26.883289
 114.000000 0.135109 29.436716 26.883289
 114.200000 0.128770 28.735837 26.883289
 114.400000 0.143607 31.051923 26.883289
 114.600000 0.158360 32.006436 26.883289
 114.800000 0.163665 31.764889 26.883289
 115.000000 0.171433 30.884275 28.205678
 115.200000 0.165716 31.996001 28.205678
 115.400000 0.180284 29.876525 28.205678
 115.600000 0.184240 29.142443 28.205678
 115.800000 0.178602 30.175823 28.205678
 116.000000 0.161041 32.273989 28.205678
 116.200000 0.169121 31.992903 28.205678
 116.400000 0.187935 28.498824 28.205678
 116.600000 0.178929 30.322083 28.205678
 116.800000 0.169962 31.874628 28.205678
 117.000000 0.205188 24.291471 28.205678
 117.200000 0.196769 26.985583 28.205678
 117.400000 0.202154 25.675508 28.205678
 117.600000 0.179755 30.302091 28.205678
 117.800000 0.156761 32.685383 28.205678
 118.000000 0.149427 32.110088 28.205678
 118.200000 0.134350 30.146465 28.205678
 118.400000 0.127486 28.607879 28.205678
 118.600000 0.143220 31.669396 28.205678
 118.800000 0.154249 32.955609 28.205678
 119.000000 0.173116 31.558802 28.205678
 119.200000 0.184560 29.778455 28.205678
 119.400000 0.174635 31.718576 28.205678
 119.600000 0.193607 27.853217 28.205678
 119.800000 0.189976 28.651889 28.205678
 120.000000 0.187261 29.222430 29.240673
 120.200000 0.193792 28.243967 29.240673
 120.400000 0.197163 27.397508 29.240673
 120.600000 0.173120 32.292174 29.240673
 120.800000 0.176264 31.781885 29.240673
 121.000000 0.188205 29.500981 29.240673
 121.200000 0.196494 27.974707 29.240673
 121.400000 0.181440 31.275291 29.240673
 121.600000 0.162978 33.474890 29.240673
 121.800000 0.149546 32.702043 29.240673
 122.000000 0.163475 33.458104 29.240673
 122.200000 0.165195 33.766684 29.240673
 122.400000 0.166248 33.693109 29.240673
 122.600000 0.172410 32.998900 29.240673
 122.800000 0.185365 30.683358 29.240673
 123.000000 0.177787 32.137856 29.240673
 123.200000 0.171571 33.499037 29.240673
 123.400000 0.173195 33.283691 29.240673
 123.600000 0.194895 28.661214 29.240673
 123.800000 0.182154 31.730573 29.240673
 124.000000 0.162860 34.126842 29.240673
 124.200000 0.154016 33.969067 29.240673
 124.400000 0.139768 31.391832 29.240673
 124.600000 0.140980 31.636295 29.240673
 124.800000 0.140030 31.444681 29.240673
 125.000000 0.151190 33.560228 30.485425
 125.200000 0.158678 34.757254 30.485425
 125.400000 0.160326 34.810317 30.485425
 125.600000 0.151682 34.029725 30.485425
 125.800000 0.140838 31.916762 30.485425
 126.000000 0.136095 30.885222 30.485425
 126.200000 0.142674 32.712284 30.485425
 126.400000 0.131514 30.260005 30.485425
 126.600000 0.142719 32.721311 30.485425
 126.800000 0.149691 33.994612 30.485425
 127.000000 0.153984 34.567428 30.485425
 127.200000 0.156932 35.184662 30.485425
 127.400000 0.175563 33.444647 30.485425
 127.600000 0.193452 29.127544 30.485425
 127.800000 0.193721 29.051341 30.485425
 128.000000 0.194344 28.872587 30.485425
 128.200000 0.185442 31.632543 30.485425
 128.400000 0.208276 24.831014 30.485425
 128.600000 0.214287 22.925166 30.485425
 128.800000 0.202813 26.675180 30.485425
 129.000000 0.211991 23.628283 30.485425
 129.200000 0.236281 16.802693 30.485425
 129.400000 0.236754 16.639885 30.485425
 129.600000 0.222976 20.970530 30.485425
 129.800000 0.196958 28.945927 30.485425
 130.000000 0.192370 30.169108 31.149135
 130.200000 0.181967 32.837239 31.149135
 130.400000 0.197878 29.108552 31.149135
 130.600000 0.201030 28.124757 31.149135
 130.800000 0.192489 30.595703 31.149135
 131.000000 0.175355 33.971977 31.149135
 131.200000 0.188486 31.794854 31.149135
 131.400000 0.193753 30.452201 31.149135
 131.600000 0.204176 27.142855 31.149135
 131.800000 0.196487 29.660508 31.149135
 132.000000 0.217726 22.611790 31.149135
 132.200000 0.220942 22.261044 31.149135
 132.400000 0.216437 23.649577 31.149135
 132.600000 0.215920 23.810253 31.149135
 132.800000 0.211645 25.155807 31.149135
 133.000000 0.204325 27.519907 31.149135
 133.200000 0.214947 24.513028 31.149135
 133.400000 0.209185 26.434080 31.149135
 133.600000 0.214883 24.534235 31.149135
 133.800000 0.209856 26.209490 31.149135
 134.000000 0.224612 21.319497 31.149135
 134.200000 0.217364 24.316672 31.149135
 134.400000 0.219727 23.579986 31.149135
 134.600000 0.205932 27.824163 31.149135
 134.800000 0.197917 30.093964 31.149135
 135.000000 0.205925 27.826073 31.503749
 135.200000 0.222408 23.001075 31.503749
 135.400000 0.235259 18.141075 31.503749
 135.600000 0.244708 14.230679 31.503749
 135.800000 0.242318 15.217195 31.503749
 136.000000 0.211312 26.654311 31.503749
 136.200000 0.212523 26.799867 31.503749
 136.400000 0.253157 10.850043 31.503749
 136.600000 0.248423 12.744381 31.503749
 136.800000 0.230702 20.193651 31.503749
 137.000000 0.215896 25.685744 31.503749
 137.200000 0.240470 16.208288 31.503749
 137.400000 0.261020 7.846359 31.503749
 137.600000 0.238772 16.963085 31.503749
 137.800000 0.250160 12.081978 31.503749
 138.000000 0.256194 9.680640 31.503749
 138.200000 0.269408 5.671627 31.503749
 138.400000 0.261882 8.584796 31.503749
 138.600000 0.255436 11.111303 31.503749
 138.800000 0.234643 19.209165 31.503749
 139.000000 0.246964 14.345215 31.503749
 139.200000 0.273536 4.422507 31.503749
 139.400000 0.272778 4.691246 31.503749
 139.600000 0.247229 15.167970 31.503749
 139.800000 0.231277 21.105284 31.503749
 140.000000 0.243818 16.456662 31.539419
 140.200000 0.266159 7.584960 31.539419
 140.400000 0.254123 13.105456 31.539419
 140.600000 0.257318 11.668361 31.539419
 140.800000 0.264638 8.276562 31.539419
 141.000000 0.274604 4.157764 31.539419
 141.200000 0.236886 19.851327 31.539419
 141.400000 0.226217 23.350157 31.539419
 141.600000 0.216089 26.468151 31.539419
 141.800000 0.184479 33.315074 31.539419
 142.000000 0.189067 32.662708 31.539419
 142.200000 0.210571 28.218167 31.539419
 142.400000 0.222346 24.598993 31.539419
 142.600000 0.200844 30.857234 31.539419
 142.800000 0.197241 31.655549 31.539419
 143.000000 0.193151 32.425447 31.539419
 143.200000 0.205327 30.011778 31.539419
 143.400000 0.203051 30.645524 31.539419
 143.600000 0.188515 33.544815 31.539419
 143.800000 0.203889 30.416924 31.539419
 144.000000 0.203192 30.607505 31.539419
 144.200000 0.212086 28.327890 31.539419
 144.400000 0.205829 30.307482 31.539419
 144.600000 0.195263 32.842913 31.539419
 144.800000 0.193296 33.173139 31.539419
 145.000000 0.200478 31.750090 32.008139
 145.200000 0.231273 21.869102 32.008139
 145.400000 0.227224 23.284552 32.008139
 145.600000 0.215290 27.516298 32.008139
 145.800000 0.207880 30.059804 32.008139
 146.000000 0.197433 32.844598 32.008139
 146.200000 0.194501 33.765987 32.008139
 146.400000 0.213099 28.524523 32.008139
 146.600000 0.214086 28.161452 32.008139
 146.800000 0.187788 34.532535 32.008139
 147.000000 0.171084 35.598003 32.008139
 147.200000 0.182195 35.198449 32.008139
 147.400000 0.184509 35.016314 32.008139
 147.600000 0.173851 35.790792 32.008139
 147.800000 0.170478 35.988091 32.008139
 148.000000 0.166965 36.121766 32.008139
 148.200000 0.209826 29.721361 32.008139
 148.400000 0.206318 30.928379 32.008139
 148.600000 0.175421 35.984385 32.008139
 148.800000 0.171982 36.237348 32.008139
 149.000000 0.169957 36.357036 32.008139
 149.200000 0.174475 36.389512 32.008139
 149.400000 0.174973 36.347255 32.008139
 149.600000 0.167729 36.793870 32.008139
 149.800000 0.175226 36.325533 32.008139
 150.000000 0.175977 36.259783 33.134165
 150.200000 0.189738 35.005465 33.134165
 150.400000 0.220615 25.746018 33.134165
 150.600000 0.226812 23.488342 33.134165
 150.800000 0.220528 25.778231 33.134165
 151.000000 0.200950 32.656664 33.134165
 151.200000 0.188121 35.521210 33.134165
 151.400000 0.186568 35.704021 33.134165
 151.600000 0.169805 37.077728 33.134165
 151.800000 0.198588 33.683254 33.134165
 152.000000 0.198365 33.737297 33.134165
 152.200000 0.214304 28.599462 33.134165
 152.400000 0.223797 24.797784 33.134165
 152.600000 0.232301 21.612052 33.134165
 152.800000 0.227078 23.543579 33.134165
 153.000000 0.219557 26.470389 33.134165
 153.200000 0.221097 26.391797 33.134165
 153.400000 0.218428 27.461039 33.134165
 153.600000 0.203654 32.931105 33.134165
 153.800000 0.168196 37.171952 33.134165
 154.000000 0.169981 37.136887 33.134165
 154.200000 0.181464 36.707472 33.134165
 154.400000 0.175316 37.198744 33.134165
 154.600000 0.165061 37.460860 33.134165
 154.800000 0.168325 37.503179 33.134165
 155.000000 0.159793 37.048663 33.859609
 155.200000 0.143628 33.781198 33.859609
 155.400000 0.140399 32.899250 33.859609
 155.600000 0.143537 33.756281 33.859609
 155.800000 0.148342 35.052861 33.859609
 156.000000 0.144788 34.098097 33.859609
 156.200000 0.151652 36.228054 33.859609
 156.400000 0.138939 32.860250 33.859609
 156.600000 0.142310 33.798308 33.859609
 156.800000 0.165161 37.931434 33.859609
 157.000000 0.178368 37.156742 33.859609
 157.200000 0.162020 37.990764 33.859609
 157.400000 0.162185 38.003691 33.859609
 157.600000 0.163930 38.112180 33.859609
 157.800000 0.155706 37.152769 33.859609
 158.000000 0.151197 36.188056 33.859609
 158.200000 0.135106 31.992055 33.859609
 158.400000 0.135357 32.066340 33.859609
 158.600000 0.143629 34.493074 33.859609
 158.800000 0.144399 34.715008 33.859609
 159.000000 0.135650 32.152988 33.859609
 159.200000 0.128374 30.260329 33.859609
 159.400000 0.129439 30.630055 33.859609
 159.600000 0.130371 30.941761 33.859609
 159.800000 0.138594 33.428520 33.859609
 160.000000 0.157059 37.861458 34.712948
 160.200000 0.157275 38.215225 34.712948
 160.400000 0.171436 38.415223 34.712948
 160.600000 0.183939 36.993591 34.712948
 160.800000 0.173950 38.177438 34.712948
 161.000000 0.157804 38.284890 34.712948
 161.200000 0.125333 29.168701 34.712948
 161.400000 0.119627 26.401028 34.712948
 161.600000 0.102692 13.487619 34.712948
 161.800000 0.094683 7.334649 34.712948
 162.000000 0.115169 23.607522 34.712948
 162.200000 0.122310 28.350719 34.712948
 162.400000 0.114855 23.999982 34.712948
 162.600000 0.102925 14.122650 34.712948
 162.800000 0.105455 16.344267 34.712948
 163.000000 0.108447 18.951404 34.712948
 163.200000 0.118508 26.952165 34.712948
 163.400000 0.142426 35.081995 34.712948
 163.600000 0.139610 34.283627 34.712948
 163.800000 0.145379 35.911897 34.712948
 164.000000 0.140275 34.471522 34.712948
 164.200000 0.136726 33.843564 34.712948
 164.400000 0.125327 30.279835 34.712948
 164.600000 0.128308 31.336102 34.712948
 164.800000 0.141875 35.300323 34.712948
 165.000000 0.163098 39.117020 35.307770
 165.200000 0.187170 36.699147 35.307770
 165.400000 0.181103 37.601997 35.307770
 165.600000 0.183207 37.292024 35.307770
 165.800000 0.164050 39.424877 35.307770
 166.000000 0.173963 38.619062 35.307770
 166.200000 0.160902 39.567995 35.307770
 166.400000 0.140053 34.903017 35.307770
 166.600000 0.111833 22.538899 35.307770
 166.800000 0.094379 7.855564 35.307770
 167.000000 0.098223 10.790121 35.307770
 167.200000 0.111495 23.003058 35.307770
 167.400000 0.098275 11.914201 35.307770
 167.600000 0.100051 13.396561 35.307770
 167.800000 0.093893 8.555635 35.307770
 168.000000 0.099517 12.946079 35.307770
 168.200000 0.098780 13.312169 35.307770
 168.400000 0.092716 8.632138 35.307770
 168.600000 0.101365 15.496168 35.307770
 168.800000 0.104539 18.205791 35.307770
 169.000000 0.099311 13.755969 35.307770
 169.200000 0.096291 12.222688 35.307770
 169.400000 0.103417 18.163968 35.307770
 169.600000 0.105587 19.957386 35.307770
 169.800000 0.112062 24.777046 35.307770
 170.000000 0.122510 30.000721 35.548737
 170.200000 0.126319 31.678944 35.548737
 170.400000 0.139335 35.010985 35.548737
 170.600000 0.137681 34.581373 35.548737
 170.800000 0.133710 33.584512 35.548737
 171.000000 0.124089 30.998383 35.548737
 171.200000 0.142864 36.155834 35.548737
 171.400000 0.155182 38.956697 35.548737
 171.600000 0.147933 37.428984 35.548737
 171.800000 0.145925 36.930837 35.548737
 172.000000 0.148857 37.650936 35.548737
 172.200000 0.116511 28.242576 35.548737
 172.400000 0.093104 9.892995 35.548737
 172.600000 0.097057 13.034211 35.548737
 172.800000 0.102744 17.953194 35.548737
 173.000000 0.116399 28.181205 35.548737
 173.200000 0.122371 31.376534 35.548737
 173.400000 0.130549 33.678754 35.548737
 173.600000 0.134780 34.634828 35.548737
 173.800000 0.143685 36.766894 35.548737
 174.000000 0.136869 35.113086 35.548737
 174.200000 0.113281 26.889537 35.548737
 174.400000 0.097434 13.585342 35.548737
 174.600000 0.093879 10.646404 35.548737
 174.800000 0.085414 5.113078 35.548737
 175.000000 0.096860 13.092635 35.891995
 175.200000 0.092840 10.787128 35.891995
 175.400000 0.102769 19.235331 35.891995
 175.600000 0.089243 8.182654 35.891995
 175.800000 0.092445 10.484128 35.891995
 176.000000 0.096639 13.881710 35.891995
 176.200000 0.104153 21.268902 35.891995
 176.400000 0.107757 24.158309 35.891995
 176.600000 0.114098 28.411078 35.891995
 176.800000 0.124673 32.740684 35.891995
 177.000000 0.135577 35.244540 35.891995
 177.200000 0.128859 34.115246 35.891995
 177.400000 0.135043 35.492182 35.891995
 177.600000 0.147049 38.163147 35.891995
 177.800000 0.140094 36.609716 35.891995
 178.000000 0.130274 34.443802 35.891995
 178.200000 0.116438 30.062011 35.891995
 178.400000 0.139970 36.887824 35.891995
 178.600000 0.134978 35.837008 35.891995
 178.800000 0.143127 37.557740 35.891995
 179.000000 0.121794 32.418313 35.891995
 179.200000 0.104789 22.145651 35.891995
 179.400000 0.088692 8.681022 35.891995
 179.600000 0.099245 17.260449 35.891995
 179.800000 0.096279 14.655136 35.891995
 180.000000 0.094606 13.232757 36.112410
 180.200000 0.079039 4.056249 36.112410
 180.400000 0.068371 1.078585 36.112410
 180.600000 0.094107 13.788097 36.112410
 180.800000 0.089528 10.185616 36.112410
 181.000000 0.092147 12.194175 36.112410
 181.200000 0.098822 18.738423 36.112410
 181.400000 0.074837 3.058084 36.112410
 181.600000 0.093345 14.173358 36.112410
 181.800000 0.101994 21.383599 36.112410
 182.000000 0.086394 8.952320 36.112410
 182.200000 0.075557 4.216416 36.112410
 182.400000 0.100075 20.565245 36.112410
 182.600000 0.105153 24.447415 36.112410
 182.800000 0.083223 8.095457 36.112410
 183.000000 0.075803 4.317199 36.112410
 183.200000 0.082455 8.947922 36.112410
 183.400000 0.089882 13.524415 36.112410
 183.600000 0.078922 7.145769 36.112410
 183.800000 0.090271 13.790187 36.112410
 184.000000 0.092018 15.006865 36.112410
 184.200000 0.096537 19.159430 36.112410
 184.400000 0.086793 12.345103 36.112410
 184.600000 0.093677 17.087117 36.112410
 184.800000 0.085004 11.208387 36.112410
 185.000000 0.078490 7.539149 36.082578
 185.200000 0.091235 16.223153 36.082578
 185.400000 0.099853 22.021027 36.082578
 185.600000 0.070406 5.207571 36.082578
 185.800000 0.080104 9.618038 36.082578
 186.000000 0.095216 18.869858 36.082578
 186.200000 0.106150 26.731394 36.082578
 186.400000 0.109644 28.703446 36.082578
 186.600000 0.093605 18.538214 36.082578
 186.800000 0.088362 15.066743 36.082578
 187.000000 0.096253 20.325355 36.082578
 187.200000 0.084918 13.423201 36.082578
 187.400000 0.090070 16.831697 36.082578
 187.600000 0.094984 20.173564 36.082578
 187.800000 0.085592 13.857969 36.082578
 188.000000 0.085804 13.995383 36.082578
 188.200000 0.078954 10.651449 36.082578
 188.400000 0.083262 13.299515 36.082578
 188.600000 0.091197 18.474401 36.082578
 188.800000 0.097635 22.648852 36.082578
 189.000000 0.101373 24.955091 36.082578
 189.200000 0.099512 24.394138 36.082578
 189.400000 0.104681 27.431113 36.082578
 189.600000 0.098419 23.707164 36.082578
 189.800000 0.104004 27.055439 36.082578
 190.000000 0.088322 16.975268 36.075683
 190.200000 0.093901 21.522089 36.075683
 190.400000 0.087448 17.201042 36.075683
 190.600000 0.087949 17.542664 36.075683
 190.800000 0.100355 25.509435 36.075683
 191.000000 0.109760 30.284284 36.075683
 191.200000 0.110355 30.987956 36.075683
 191.400000 0.109533 30.641086 36.075683
 191.600000 0.092788 21.032832 36.075683
 191.800000 0.089907 19.060347 36.075683
 192.000000 0.095076 22.561005 36.075683
 192.200000 0.108278 30.518659 36.075683
 192.400000 0.095145 23.247080 36.075683
 192.600000 0.102874 27.893709 36.075683
 192.800000 0.097099 24.506292 36.075683
 193.000000 0.100174 26.378905 36.075683
 193.200000 0.096314 24.529295 36.075683
 193.400000 0.097638 25.377640 36.075683
 193.600000 0.086135 17.320288 36.075683
 193.800000 0.083553 15.416141 36.075683
 194.000000 0.072684 8.102614 36.075683
 194.200000 0.090688 21.248010 36.075683
 194.400000 0.092985 22.768662 36.075683
 194.600000 0.089129 20.192418 36.075683
 194.800000 0.093941 23.387778 36.075683
 195.000000 0.106659 30.376780 36.109218
 195.200000 0.113011 33.141565 36.109218
 195.400000 0.131825 36.122243 36.109218
 195.600000 0.112799 33.079077 36.109218
 195.800000 0.101570 28.332268 36.109218
 196.000000 0.101777 28.443943 36.109218
 196.200000 0.095078 24.892800 36.109218
 196.400000 0.081979 15.597994 36.109218
 196.600000 0.096996 26.131693 36.109218
 196.800000 0.101467 28.769239 36.109218
 197.000000 0.105245 30.669470 36.109218
 197.200000 0.099187 27.883535 36.109218
 197.400000 0.093919 24.454267 36.109218
 197.600000 0.101752 29.357586 36.109218
 197.800000 0.108089 32.319688 36.109218
 198.000000 0.115640 34.509957 36.109218
 198.200000 0.110187 33.422686 36.109218
 198.400000 0.112400 34.108114 36.109218
 198.600000 0.107705 32.496341 36.109218
 198.800000 0.109949 33.341123 36.109218
 199.000000 0.116011 34.959286 36.109218
 199.200000 0.099542 28.508999 36.109218
 199.400000 0.086181 18.934322 36.109218
 199.600000 0.099011 28.174057 36.109218
 199.800000 0.110968 34.028041 36.109218
 200.000000 0.098206 27.655093 36.233314
 200.200000 0.101649 30.275098 36.233314
 200.400000 0.100550 29.633224 36.233314
 200.600000 0.099390 28.922892 36.233314
 200.800000 0.075658 11.527338 36.233314
 201.000000 0.090849 22.911563 36.233314
 201.200000 0.098558 28.946322 36.233314
 201.400000 0.101246 30.539031 36.233314
 201.600000 0.100246 29.968293 36.233314
 201.800000 0.115681 35.680770 36.233314
 202.000000 0.110739 34.573321 36.233314
 202.200000 0.123002 36.659755 36.233314
 202.400000 0.133502 36.979035 36.233314
 202.600000 0.137310 37.276423 36.233314
 202.800000 0.139849 37.558988 36.233314
 203.000000 0.130319 36.838144 36.233314
 203.200000 0.133058 37.287838 36.233314
 203.400000 0.118633 36.647952 36.233314
 203.600000 0.113510 35.820221 36.233314
 203.800000 0.104924 32.833804 36.233314
 204.000000 0.114383 36.006207 36.233314
 204.200000 0.119126 37.032667 36.233314
 204.400000 0.135423 37.560671 36.233314
 204.600000 0.112001 35.798292 36.233314
 204.800000 0.126743 37.331721 36.233314
 205.000000 0.133146 37.452845 36.554015
 205.200000 0.127451 37.646491 36.554015
 205.400000 0.142069 38.446033 36.554015
 205.600000 0.129606 37.686390 36.554015
 205.800000 0.144192 38.692779 36.554015
 206.000000 0.151014 39.543605 36.554015
 206.200000 0.150342 39.763907 36.554015
 206.400000 0.140578 38.524194 36.554015
 206.600000 0.131855 37.872915 36.554015
 206.800000 0.132833 37.915523 36.554015
 207.000000 0.139639 38.423106 36.554015
 207.200000 0.138633 38.638396 36.554015
 207.400000 0.130558 38.087988 36.554015
 207.600000 0.124680 37.838794 36.554015
 207.800000 0.143189 39.143142 36.554015
 208.000000 0.130526 38.086572 36.554015
 208.200000 0.129837 38.377263 36.554015
 208.400000 0.127125 38.260136 36.554015
 208.600000 0.133112 38.532224 36.554015
 208.800000 0.144135 39.470894 36.554015
 209.000000 0.150707 40.177840 36.554015
 209.200000 0.131357 38.571855 36.554015
 209.400000 0.123299 38.102772 36.554015
 209.600000 0.111559 36.009352 36.554015
 209.800000 0.114174 36.743103 36.554015
 210.000000 0.125951 38.278769 37.299399
 210.200000 0.133297 38.972869 37.299399
 210.400000 0.136534 39.182383 37.299399
 210.600000 0.145060 39.986241 37.299399
 210.800000 0.141016 39.568415 37.299399
 211.000000 0.119315 37.985282 37.299399
 211.200000 0.114023 37.240002 37.299399
 211.400000 0.143203 39.880914 37.299399
 211.600000 0.138635 39.489449 37.299399
 211.800000 0.118434 38.175656 37.299399
 212.000000 0.130517 39.072050 37.299399
 212.200000 0.112111 36.818601 37.299399
 212.400000 0.115243 37.731150 37.299399
 212.600000 0.119659 38.590873 37.299399
 212.800000 0.112671 37.001511 37.299399
 213.000000 0.092649 25.336063 37.299399
 213.200000 0.108135 35.592671 37.299399
 213.400000 0.127913 39.312452 37.299399
 213.600000 0.150334 40.683593 37.299399
 213.800000 0.134948 39.562576 37.299399
 214.000000 0.118040 38.462456 37.299399
 214.200000 0.094673 27.555869 37.299399
 214.400000 0.103923 33.746654 37.299399
 214.600000 0.117353 38.659316 37.299399
 214.800000 0.136472 39.783597 37.299399
 215.000000 0.138089 39.854082 37.770889
 215.200000 0.131162 39.903915 37.770889
 215.400000 0.123362 39.553262 37.770889
 215.600000 0.141211 40.323511 37.770889
 215.800000 0.137952 40.144058 37.770889
 216.000000 0.152445 41.032405 37.770889
 216.200000 0.149321 41.141329 37.770889
 216.400000 0.141788 40.578357 37.770889
 216.600000 0.139591 40.422674 37.770889
 216.800000 0.149708 41.166318 37.770889
 217.000000 0.147638 41.024857 37.770889
 217.200000 0.175363 39.175925 37.770889
 217.400000 0.170557 40.094793 37.770889
 217.600000 0.175509 39.147509 37.770889
 217.800000 0.176626 38.930910 37.770889
 218.000000 0.159814 41.505829 37.770889
 218.200000 0.152726 41.837442 37.770889
 218.400000 0.169426 40.522468 37.770889
 218.600000 0.195601 35.344705 37.770889
 218.800000 0.186552 37.150213 37.770889
 219.000000 0.165810 41.134518 37.770889
 219.200000 0.170140 40.656407 37.770889
 219.400000 0.173262 40.016612 37.770889
 219.600000 0.165485 41.462674 37.770889
 219.800000 0.150117 41.854665 37.770889
 220.000000 0.156380 42.133300 38.653403
 220.200000 0.148580 41.958849 38.653403
 220.400000 0.127680 40.060810 38.653403
 220.600000 0.134379 40.512829 38.653403
 220.800000 0.141355 41.168790 38.653403
 221.000000 0.152401 42.269373 38.653403
 221.200000 0.151369 42.465534 38.653403
 221.400000 0.136730 40.860966 38.653403
 221.600000 0.144228 41.720361 38.653403
 221.800000 0.149422 42.299465 38.653403
 222.000000 0.145488 41.871154 38.653403
 222.200000 0.150083 42.618952 38.653403
 222.400000 0.163849 42.243837 38.653403
 222.600000 0.157624 42.834969 38.653403
 222.800000 0.132901 40.709999 38.653403
 223.000000 0.120398 39.453654 38.653403
 223.200000 0.139172 41.503602 38.653403
 223.400000 0.135582 41.148728 38.653403
 223.600000 0.135363 41.129004 38.653403
 223.800000 0.149987 42.653498 38.653403
 224.000000 0.159205 42.762510 38.653403
 224.200000 0.147670 42.640177 38.653403
 224.400000 0.141786 41.927861 38.653403
 224.600000 0.146900 42.554452 38.653403
 224.800000 0.146175 42.469816 38.653403
 225.000000 0.124725 40.297671 39.382428
 225.200000 0.135921 41.477438 39.382428
 225.400000 0.133581 41.281560 39.382428
 225.600000 0.120081 39.991306 39.382428
 225.800000 0.118481 39.700312 39.382428
 226.000000 0.137429 41.617657 39.382428
 226.200000 0.142109 42.377561 39.382428
 226.400000 0.135335 41.697196 39.382428
 226.600000 0.141243 42.283813 39.382428
 226.800000 0.173341 40.471979 39.382428
 227.000000 0.170134 41.263143 39.382428
 227.200000 0.161517 43.135792 39.382428
 227.400000 0.151315 43.339950 39.382428
 227.600000 0.143464 42.580927 39.382428
 227.800000 0.141637 42.371757 39.382428
 228.000000 0.139962 42.183385 39.382428
 228.200000 0.127950 41.287813 39.382428
 228.400000 0.141167 42.584716 39.382428
 228.600000 0.123245 40.751159 39.382428
 228.800000 0.134059 41.848886 39.382428
 229.000000 0.130263 41.503859 39.382428
 229.200000 0.120686 40.577180 39.382428
 229.400000 0.132729 41.998666 39.382428
 229.600000 0.127057 41.468353 39.382428
 229.800000 0.116617 39.656703 39.382428
 230.000000 0.127303 41.494145 40.090011
 230.200000 0.135201 42.458233 40.090011
 230.400000 0.153330 43.766431 40.090011
 230.600000 0.167555 42.194540 40.090011
 230.800000 0.177765 39.620010 40.090011
 231.000000 0.159552 43.506911 40.090011
 231.200000 0.136967 42.687108 40.090011
 231.400000 0.156073 43.980320 40.090011
 231.600000 0.174448 40.635814 40.090011
 231.800000 0.173388 40.924220 40.090011
 232.000000 0.157607 43.911293 40.090011
 232.200000 0.151217 44.157491 40.090011
 232.400000 0.162529 43.620797 40.090011
 232.600000 0.176084 40.307332 40.090011
 232.800000 0.190666 36.670236 40.090011
 233.000000 0.162596 43.610279 40.090011
 233.200000 0.154684 44.466223 40.090011
 233.400000 0.145795 43.859095 40.090011
 233.600000 0.125582 41.632626 40.090011
 233.800000 0.139520 43.126356 40.090011
 234.000000 0.147512 44.040849 40.090011
 234.200000 0.153663 44.677409 40.090011
 234.400000 0.153973 44.681988 40.090011
 234.600000 0.147186 44.254018 40.090011
 234.800000 0.135651 42.879967 40.090011
 235.000000 0.122627 41.264317 40.863926
 235.200000 0.130041 42.505817 40.863926
 235.400000 0.119347 40.884035 40.863926
 235.600000 0.126182 42.068104 40.863926
 235.800000 0.129916 42.492878 40.863926
 236.000000 0.141149 43.672285 40.863926
 236.200000 0.140588 43.858065 40.863926
 236.400000 0.143513 44.188360 40.863926
 236.600000 0.153748 44.886361 40.863926
 236.800000 0.172584 41.580715 40.863926
 237.000000 0.187070 37.564569 40.863926
 237.200000 0.178947 39.976288 40.863926
 237.400000 0.181552 39.273190 40.863926
 237.600000 0.175002 41.091211 40.863926
 237.800000 0.160575 44.496193 40.863926
 238.000000 0.140379 43.836121 40.863926
 238.200000 0.148096 44.861631 40.863926
 238.400000 0.139789 44.016303 40.863926
 238.600000 0.119675 41.144002 40.863926
 238.800000 0.122306 41.720005 40.863926
 239.000000 0.141730 44.238857 40.863926
 239.200000 0.130541 43.136582 40.863926
 239.400000 0.138634 44.122137 40.863926
 239.600000 0.164659 43.947868 40.863926
 239.800000 0.174744 41.204215 40.863926
 240.000000 0.159567 44.846888 41.582270
 240.200000 0.170466 42.633873 41.582270
 240.400000 0.186036 38.196576 41.582270
 240.600000 0.187909 37.734473 41.582270
 240.800000 0.180907 39.543697 41.582270
 241.000000 0.176251 40.891848 41.582270
 241.200000 0.168761 43.373665 41.582270
 241.400000 0.173729 41.934162 41.582270
 241.600000 0.186125 38.402232 41.582270
 241.800000 0.187836 37.962291 41.582270
 242.000000 0.187563 38.032027 41.582270
 242.200000 0.180334 40.262464 41.582270
 242.400000 0.191487 37.343696 41.582270
 242.600000 0.171438 42.795319 41.582270
 242.800000 0.155332 45.578543 41.582270
 243.000000 0.145330 45.047810 41.582270
 243.200000 0.125284 42.488743 41.582270
 243.400000 0.127424 42.849080 41.582270
 243.600000 0.138042 44.356819 41.582270
 243.800000 0.140460 44.682693 41.582270
 244.000000 0.157328 45.659940 41.582270
 244.200000 0.158491 45.787912 41.582270
 244.400000 0.163994 44.929517 41.582270
 244.600000 0.183012 39.598073 41.582270
 244.800000 0.171260 43.046133 41.582270
 245.000000 0.158209 45.815108 42.238521
 245.200000 0.179973 40.530617 42.238521
 245.400000 0.171347 43.175441 42.238521
 245.600000 0.179735 40.601131 42.238521
 245.800000 0.168122 44.116678 42.238521
 246.000000 0.172318 42.878637 42.238521
 246.200000 0.204022 33.457118 42.238521
 246.400000 0.209085 31.455371 42.238521
 246.600000 0.189928 37.925811 42.238521
 246.800000 0.152689 46.327375 42.238521
 247.000000 0.163881 45.385813 42.238521
 247.200000 0.179912 40.907179 42.238521
 247.400000 0.153409 46.529825 42.238521
 247.600000 0.170024 44.040827 42.238521
 247.800000 0.170691 43.839682 42.238521
 248.000000 0.167558 44.742224 42.238521
 248.200000 0.186701 38.990792 42.238521
 248.400000 0.193719 36.947330 42.238521
 248.600000 0.168084 44.837404 42.238521
 248.800000 0.169368 44.471164 42.238521
 249.000000 0.173925 43.041082 42.238521
 249.200000 0.160647 46.554179 42.238521
 249.400000 0.156559 46.833667 42.238521
 249.600000 0.162348 46.320723 42.238521
 249.800000 0.187879 38.813866 42.238521
 250.000000 0.176963 42.291928 42.877546
 250.200000 0.153516 46.866357 42.877546
 250.400000 0.168878 45.086479 42.877546
 250.600000 0.163389 46.322007 42.877546
 250.800000 0.177264 42.457679 42.877546
 251.000000 0.184752 40.000089 42.877546
 251.200000 0.171247 44.597614 42.877546
 251.400000 0.153441 46.894973 42.877546
 251.600000 0.152529 46.831267 42.877546
 251.800000 0.161708 46.664970 42.877546
 252.000000 0.174265 43.678955 42.877546
 252.200000 0.163136 46.657799 42.877546
 252.400000 0.132971 43.843299 42.877546
 252.600000 0.131890 43.668216 42.877546
 252.800000 0.143369 45.628111 42.877546
 253.000000 0.142960 45.556780 42.877546
 253.200000 0.138488 44.988254 42.877546
 253.400000 0.146556 46.384028 42.877546
 253.600000 0.123945 42.390219 42.877546
 253.800000 0.127606 43.098651 42.877546
 254.000000 0.122583 42.094224 42.877546
 254.200000 0.129305 43.642242 42.877546
 254.400000 0.155159 47.272857 42.877546
 254.600000 0.170716 45.035859 42.877546
 254.800000 0.182134 41.358892 42.877546
 255.000000 0.168565 45.623613 43.418835
 255.200000 0.176215 43.525168 43.418835
 255.400000 0.184048 40.860605 43.418835
 255.600000 0.194751 37.249010 43.418835
 255.800000 0.193363 37.729467 43.418835
 256.000000 0.171987 44.885867 43.418835
 256.200000 0.187137 39.963625 43.418835
 256.400000 0.173534 44.639307 43.418835
 256.600000 0.180651 42.218116 43.418835
 256.800000 0.211432 30.599124 43.418835
 257.000000 0.236188 20.504537 43.418835
 257.200000 0.244897 17.835743 43.418835
 257.400000 0.243158 18.521474 43.418835
 257.600000 0.265799 9.073247 43.418835
 257.800000 0.260314 11.411143 43.418835
 258.000000 0.253097 14.488888 43.418835
 258.200000 0.251471 16.080437 43.418835
 258.400000 0.245324 18.468838 43.418835
 258.600000 0.248816 17.142952 43.418835
 258.800000 0.270874 7.474335 43.418835
 259.000000 0.270416 7.669118 43.418835
 259.200000 0.287699 2.737189 43.418835
 259.400000 0.289666 2.268702 43.418835
 259.600000 0.289832 2.231689 43.418835
 259.800000 0.274517 7.195810 43.418835
 260.000000 0.271156 8.597382 43.523406
 260.200000 0.275076 8.122209 43.523406
 260.400000 0.297157 1.245312 43.523406
 260.600000 0.280251 5.995478 43.523406
 260.800000 0.281963 5.337720 43.523406
 261.000000 0.310801 0.153626 43.523406
 261.200000 0.286611 4.192483 43.523406
 261.400000 0.310508 1.899992 43.523406
 261.600000 0.314974 1.737649 43.523406
 261.800000 0.323391 1.226276 43.523406
 262.000000 0.326262 1.021459 43.523406
 262.200000 0.301979 2.564529 43.523406
 262.400000 0.283965 4.984400 43.523406
 262.600000 0.292346 3.099319 43.523406
 262.800000 0.333406 2.048572 43.523406
 263.000000 0.339565 1.401037 43.523406
 263.200000 0.318861 3.641837 43.523406
 263.400000 0.295865 2.746056 43.523406
 263.600000 0.304624 2.731832 43.523406
 263.800000 0.308461 2.965489 43.523406
 264.000000 0.311910 3.212143 43.523406
 264.200000 0.304876 4.102854 43.523406
 264.400000 0.307125 4.317328 43.523406
 264.600000 0.322933 4.934852 43.523406
 264.800000 0.305507 4.162333 43.523406
 265.000000 0.298281 3.634465 43.493492
 265.200000 0.314603 5.713457 43.493492
 265.400000 0.336028 3.845419 43.493492
 265.600000 0.359132 0.863037 43.493492
 265.800000 0.364229 0.488304 43.493492
 266.000000 0.336765 3.744275 43.493492
 266.200000 0.335616 5.378227 43.493492
 266.400000 0.327781 6.100015 43.493492
 266.600000 0.324914 6.231736 43.493492
 266.800000 0.343646 4.096627 43.493492
 267.000000 0.340899 4.585484 43.493492
 267.200000 0.361730 1.564913 43.493492
 267.400000 0.341566 5.896066 43.493492
 267.600000 0.328506 7.069557 43.493492
 267.800000 0.327849 7.072371 43.493492
 268.000000 0.325056 7.042300 43.493492
 268.200000 0.317559 7.841894 43.493492
 268.400000 0.309046 6.781231 43.493492
 268.600000 0.294600 5.265800 43.493492
 268.800000 0.288395 5.522308 43.493492
 269.000000 0.304322 6.124802 43.493492
 269.200000 0.291485 6.216908 43.493492
 269.400000 0.287487 6.338062 43.493492
 269.600000 0.276051 8.635251 43.493492
 269.800000 0.286590 6.415280 43.493492
 270.000000 0.293021 6.258639 43.464415
 270.200000 0.338675 7.308068 43.464415
 270.400000 0.371798 0.444214 43.464415
 270.600000 0.368127 0.751183 43.464415
 270.800000 0.369365 0.633789 43.464415
 271.000000 0.364021 1.257139 43.464415
 271.200000 0.377490 1.275422 43.464415
 271.400000 0.394981 0.193800 43.464415
 271.600000 0.389197 0.411435 43.464415
 271.800000 0.345606 6.389562 43.464415
 272.000000 0.333860 8.378196 43.464415
 272.200000 0.332127 9.759964 43.464415
 272.400000 0.344208 7.625856 43.464415
 272.600000 0.359289 3.949728 43.464415
 272.800000 0.351652 5.715163 43.464415
 273.000000 0.352241 5.566487 43.464415
 273.200000 0.362843 4.336531 43.464415
 273.400000 0.359659 5.082934 43.464415
 273.600000 0.356474 5.865650 43.464415
 273.800000 0.361526 4.640140 43.464415
 274.000000 0.363496 4.188811 43.464415
 274.200000 0.341493 9.814452 43.464415
 274.400000 0.328212 10.457372 43.464415
 274.600000 0.329351 10.478040 43.464415
 274.800000 0.295496 7.761603 43.464415
 275.000000 0.283874 7.864830 43.435174
 275.200000 0.292744 8.632368 43.435174
 275.400000 0.312428 9.638193 43.435174
 275.600000 0.294015 8.643090 43.435174
 275.800000 0.321096 10.176764 43.435174
 276.000000 0.303582 9.069544 43.435174
 276.200000 0.296459 9.747010 43.435174
 276.400000 0.292162 9.506543 43.435174
 276.600000 0.285618 9.490543 43.435174
 276.800000 0.297227 9.799346 43.435174
 277.000000 0.291977 9.499153 43.435174
 277.200000 0.259763 14.981560 43.435174
 277.400000 0.279591 10.850882 43.435174
 277.600000 0.291534 10.628534 43.435174
 277.800000 0.304091 11.095562 43.435174
 278.000000 0.298832 10.944256 43.435174
 278.200000 0.292220 11.630054 43.435174
 278.400000 0.295249 11.832292 43.435174
 278.600000 0.290553 11.517385 43.435174
 278.800000 0.294337 11.773637 43.435174
 279.000000 0.275745 11.646593 43.435174
 279.200000 0.276559 12.598217 43.435174
 279.400000 0.288261 12.113353 43.435174
 279.600000 0.287419 12.104842 43.435174
 279.800000 0.279535 12.333642 43.435174
 280.000000 0.285779 12.103838 43.406309
 280.200000 0.316111 11.719614 43.406309
 280.400000 0.297275 13.079350 43.406309
 280.600000 0.275716 13.506169 43.406309
 280.800000 0.287382 13.119416 43.406309
 281.000000 0.296614 13.093451 43.406309
 281.200000 0.321622 11.576280 43.406309
 281.400000 0.313408 12.474015 43.406309
 281.600000 0.307673 13.222475 43.406309
 281.800000 0.324328 11.365489 43.406309
 282.000000 0.314724 12.306821 43.406309
 282.200000 0.305173 14.338517 43.406309
 282.400000 0.334034 11.145809 43.406309
 282.600000 0.327046 11.905140 43.406309
 282.800000 0.312555 13.586073 43.406309
 283.000000 0.300148 14.564291 43.406309
 283.200000 0.296621 15.446909 43.406309
 283.400000 0.284299 14.485019 43.406309
 283.600000 0.282817 14.373835 43.406309
 283.800000 0.293015 15.248176 43.406309
 284.000000 0.299309 15.487551 43.406309
 284.200000 0.274512 14.395725 43.406309
 284.400000 0.260796 15.738850 43.406309
 284.600000 0.283565 14.933252 43.406309
 284.800000 0.303706 16.164089 43.406309
 285.000000 0.316691 14.017984 43.379066
 285.200000 0.325914 13.186707 43.379066
 285.400000 0.324984 13.356518 43.379066
 285.600000 0.333534 11.842044 43.379066
 285.800000 0.311948 15.836490 43.379066
 286.000000 0.325422 13.276267 43.379066
 286.200000 0.316585 15.790130 43.379066
 286.400000 0.315632 15.943499 43.379066
 286.600000 0.331638 13.063936 43.379066
 286.800000 0.331465 13.098471 43.379066
 287.000000 0.340664 11.103997 43.379066
 287.200000 0.330607 14.119666 43.379066
 287.400000 0.303494 17.197255 43.379066
 287.600000 0.282225 14.871155 43.379066
 287.800000 0.273141 14.426937 43.379066
 288.000000 0.271123 14.502258 43.379066
 288.200000 0.294155 16.851472 43.379066
 288.400000 0.288839 16.247094 43.379066
 288.600000 0.271903 15.381516 43.379066
 288.800000 0.283727 15.695890 43.379066
 289.000000 0.269005 15.554850 43.379066
 289.200000 0.275041 16.109189 43.379066
 289.400000 0.261390 17.147844 43.379066
 289.600000 0.295723 17.176251 43.379066
 289.800000 0.325405 14.883298 43.379066
 290.000000 0.333913 13.564241 43.351198
 290.200000 0.358380 7.661053 43.351198
 290.400000 0.371124 4.099552 43.351198
 290.600000 0.346788 11.280295 43.351198
 290.800000 0.326650 15.558552 43.351198
 291.000000 0.303450 17.466930 43.351198
 291.200000 0.330764 15.182215 43.351198
 291.400000 0.324486 16.095114 43.351198
 291.600000 0.324684 16.068745 43.351198
 291.800000 0.354812 8.760058 43.351198
 292.000000 0.361412 6.758264 43.351198
 292.200000 0.390606 0.872002 43.351198
 292.400000 0.384116 1.847701 43.351198
 292.600000 0.392251 0.700842 43.351198
 292.800000 0.371810 4.945916 43.351198
 293.000000 0.369996 5.486234 43.351198
 293.200000 0.365514 8.145831 43.351198
 293.400000 0.366757 7.800589 43.351198
 293.600000 0.375103 5.289402 43.351198
 293.800000 0.386906 2.090974 43.351198
 294.000000 0.367366 7.627497 43.351198
 294.200000 0.362760 10.064474 43.351198
 294.400000 0.328366 15.732930 43.351198
 294.600000 0.320410 16.671467 43.351198
 294.800000 0.325513 16.065867 43.351198
 295.000000 0.335106 14.869924 43.323915
 295.200000 0.355054 11.961956 43.323915
 295.400000 0.359207 11.071700 43.323915
 295.600000 0.359060 11.104507 43.323915
 295.800000 0.377521 5.554925 43.323915
 296.000000 0.362150 10.380348 43.323915
 296.200000 0.346995 14.276703 43.323915
 296.400000 0.340232 15.319252 43.323915
 296.600000 0.340028 15.348583 43.323915
 296.800000 0.341871 15.077831 43.323915
 297.000000 0.347039 14.269622 43.323915
 297.200000 0.352204 14.305178 43.323915
 297.400000 0.354824 13.797434 43.323915
 297.600000 0.353460 14.067681 43.323915
 297.800000 0.329889 16.988915 43.323915
 298.000000 0.300070 18.280911 43.323915
 298.200000 0.292616 18.279084 43.323915
 298.400000 0.280381 16.669739 43.323915
 298.600000 0.277223 16.485046 43.323915
 298.800000 0.277892 16.513120 43.323915
 299.000000 0.263830 16.950871 43.323915
 299.200000 0.289499 18.000507 43.323915
 299.400000 0.280216 17.108966 43.323915
 299.600000 0.268820 17.363712 43.323915
 299.800000 0.286904 17.674372 43.323915
 300.000000 0.289667 18.022447 43.297215
 300.200000 0.291738 19.071652 43.297215
 300.400000 0.285797 18.307382 43.297215
 300.600000 0.267702 17.714571 43.297215
 300.800000 0.272717 17.544337 43.297215
 301.000000 0.297662 19.629361 43.297215
 301.200000 0.332808 16.953218 43.297215
 301.400000 0.346976 15.212716 43.297215
 301.600000 0.334988 16.760249 43.297215
 301.800000 0.315641 18.741056 43.297215
 302.000000 0.339863 16.233927 43.297215
 302.200000 0.345280 16.275047 43.297215
 302.400000 0.345203 16.288416 43.297215
 302.600000 0.368588 10.057245 43.297215
 302.800000 0.385020 3.520828 43.297215
 303.000000 0.376783 6.665186 43.297215
 303.200000 0.392426 2.341051 43.297215
 303.400000 0.385922 4.312457 43.297215
 303.600000 0.382588 5.569492 43.297215
 303.800000 0.372578 9.690043 43.297215
 304.000000 0.376661 8.016932 43.297215
 304.200000 0.396927 1.893958 43.297215
 304.400000 0.387816 4.593589 43.297215
 304.600000 0.382704 6.652468 43.297215
 304.800000 0.391681 3.271020 43.297215
 305.000000 0.364814 13.284953 43.270818
 305.200000 0.336566 17.662342 43.270818
 305.400000 0.321720 18.339773 43.270818
 305.600000 0.329507 17.956626 43.270818
 305.800000 0.330377 17.927705 43.270818
 306.000000 0.347507 16.743408 43.270818
 306.200000 0.340014 18.164094 43.270818
 306.400000 0.347673 17.556540 43.270818
 306.600000 0.352534 16.998769 43.270818
 306.800000 0.345805 17.738264 43.270818
 307.000000 0.342842 17.985409 43.270818
 307.200000 0.337002 19.014057 43.270818
 307.400000 0.320526 18.860672 43.270818
 307.600000 0.334291 19.008601 43.270818
 307.800000 0.336805 19.015907 43.270818
 308.000000 0.334603 19.012395 43.270818
 308.200000 0.344714 19.212592 43.270818
 308.400000 0.354317 17.664260 43.270818
 308.600000 0.359682 16.488221 43.270818
 308.800000 0.362251 15.812932 43.270818
 309.000000 0.341889 19.502854 43.270818
 309.200000 0.308408 20.245468 43.270818
 309.400000 0.291934 19.791858 43.270818
 309.600000 0.296870 20.365779 43.270818
 309.800000 0.287411 19.091952 43.270818
 310.000000 0.297538 20.416784 43.245381
 310.200000 0.304247 21.146203 43.245381
 310.400000 0.336780 20.472836 43.245381
 310.600000 0.326074 19.974423 43.245381
 310.800000 0.320512 19.825527 43.245381
 311.000000 0.323533 19.860153 43.245381
 311.200000 0.323224 20.573362 43.245381
 311.400000 0.307342 21.299556 43.245381
 311.600000 0.325752 20.671410 43.245381
 311.800000 0.349510 19.333701 43.245381
 312.000000 0.370923 12.891895 43.245381
 312.200000 0.381556 8.541434 43.245381
 312.400000 0.388928 4.958010 43.245381
 312.600000 0.383794 7.384076 43.245381
 312.800000 0.359848 17.592155 43.245381
 313.000000 0.363500 16.600947 43.245381
 313.200000 0.385848 6.639377 43.245381
 313.400000 0.411802 0.245745 43.245381
 313.600000 0.402778 1.072024 43.245381
 313.800000 0.392670 3.621961 43.245381
 314.000000 0.384294 7.450158 43.245381
 314.200000 0.392254 4.867265 43.245381
 314.400000 0.398246 2.759671 43.245381
 314.600000 0.403714 1.479476 43.245381
 314.800000 0.388615 6.502017 43.245381
 315.000000 0.403581 1.504000 43.218683
 315.200000 0.402791 3.290157 43.218683
 315.400000 0.396037 4.889845 43.218683
 315.600000 0.407461 2.489016 43.218683
 315.800000 0.410480 2.057736 43.218683
 316.000000 0.385314 8.944986 43.218683
 316.200000 0.373657 15.346454 43.218683
 316.400000 0.360555 18.914413 43.218683
 316.600000 0.355323 19.677866 43.218683
 316.800000 0.365539 17.911054 43.218683
 317.000000 0.380370 12.426503 43.218683
 317.200000 0.393507 7.365496 43.218683
 317.400000 0.405840 3.441296 43.218683
 317.600000 0.419215 1.202177 43.218683
 317.800000 0.416067 1.587445 43.218683
 318.000000 0.388691 9.472272 43.218683
 318.200000 0.395469 7.630322 43.218683
 318.400000 0.410536 2.861856 43.218683
 318.600000 0.394779 7.915807 43.218683
 318.800000 0.419988 1.246504 43.218683
 319.000000 0.392348 8.960934 43.218683
 319.200000 0.406566 4.586337 43.218683
 319.400000 0.426286 0.716310 43.218683
 319.600000 0.413907 2.592991 43.218683
 319.800000 0.394897 9.023907 43.218683
 320.000000 0.409749 3.638108 43.191697
 320.200000 0.421327 2.372144 43.191697
 320.400000 0.428840 1.175554 43.191697
 320.600000 0.427502 1.351615 43.191697
 320.800000 0.421260 2.385155 43.191697
 321.000000 0.444580 0.134162 43.191697
 321.200000 0.452105 1.563882 43.191697
 321.400000 0.452110 1.563619 43.191697
 321.600000 0.419592 3.151324 43.191697
 321.800000 0.408574 5.551411 43.191697
 322.000000 0.429706 2.133121 43.191697
 322.200000 0.431238 3.654869 43.191697
 322.400000 0.429328 3.742326 43.191697
 322.600000 0.417467 4.654346 43.191697
 322.800000 0.413814 5.164176 43.191697
 323.000000 0.412294 5.417412 43.191697
 323.200000 0.411848 6.870572 43.191697
 323.400000 0.410176 7.171753 43.191697
 323.600000 0.425217 4.912812 43.191697
 323.800000 0.419450 5.659678 43.191697
 324.000000 0.416050 6.167965 43.191697
 324.200000 0.411576 8.190271 43.191697
 324.400000 0.427767 5.605985 43.191697
 324.600000 0.425183 6.020894 43.191697
 324.800000 0.424004 6.212540 43.191697
 325.000000 0.435482 4.445204 43.165311
 325.200000 0.428239 6.808482 43.165311
 325.400000 0.413721 8.360655 43.165311
 325.600000 0.404619 9.438680 43.165311
 325.800000 0.399418 10.289640 43.165311
 326.000000 0.398207 10.528199 43.165311
 326.200000 0.398963 11.470624 43.165311
 326.400000 0.401849 10.922837 43.165311
 326.600000 0.399965 11.274493 43.165311
 326.800000 0.403934 10.554768 43.165311
 327.000000 0.393958 12.553546 43.165311
 327.200000 0.398346 12.553031 43.165311
 327.400000 0.406285 10.873829 43.165311
 327.600000 0.420604 8.207371 43.165311
 327.800000 0.410930 9.952505 43.165311
 328.000000 0.412835 9.587019 43.165311
 328.200000 0.406547 11.866428 43.165311
 328.400000 0.399762 13.022133 43.165311
 328.600000 0.415414 10.231860 43.165311
 328.800000 0.432731 6.837834 43.165311
 329.000000 0.394488 13.969121 43.165311
 329.200000 0.393730 15.051888 43.165311
 329.400000 0.410821 11.623589 43.165311
 329.600000 0.423899 8.685246 43.165311
 329.800000 0.416191 10.408486 43.165311
 330.000000 0.438122 5.814294 43.139505
 330.200000 0.429542 8.652917 43.139505
 330.400000 0.406584 12.683900 43.139505
 330.600000 0.377211 18.169969 43.139505
 330.800000 0.356308 20.093088 43.139505
 331.000000 0.347940 20.698505 43.139505
 331.200000 0.358773 20.488021 43.139505
 331.400000 0.360826 20.320955 43.139505
 331.600000 0.363566 20.085708 43.139505
 331.800000 0.382743 17.220424 43.139505
 332.000000 0.376846 18.337770 43.139505
 332.200000 0.382211 18.050601 43.139505
 332.400000 0.389787 16.358486 43.139505
 332.600000 0.398405 14.479138 43.139505
 332.800000 0.409847 12.132052 43.139505
 333.000000 0.414537 11.207685 43.139505
 333.200000 0.406249 13.770477 43.139505
 333.400000 0.388892 16.805108 43.139505
 333.600000 0.387301 17.122474 43.139505
 333.800000 0.399955 14.814925 43.139505
 334.000000 0.411540 12.835383 43.139505
 334.200000 0.419070 12.255463 43.139505
 334.400000 0.416495 12.825839 43.139505
 334.600000 0.413957 13.356289 43.139505
 334.800000 0.414394 13.267669 43.139505
 335.000000 0.418859 12.303375 43.114714
 335.200000 0.432638 9.694604 43.114714
 335.400000 0.441204 7.211838 43.114714
 335.600000 0.447985 5.200168 43.114714
 335.800000 0.422269 12.499047 43.114714
 336.000000 0.403325 15.700522 43.114714
 336.200000 0.369016 20.283508 43.114714
 336.400000 0.352804 21.197414 43.114714
 336.600000 0.355710 21.027872 43.114714
 336.800000 0.374628 19.706842 43.114714
 337.000000 0.395266 17.204661 43.114714
 337.200000 0.405575 16.981535 43.114714
 337.400000 0.375218 19.965172 43.114714
 337.600000 0.383236 19.113603 43.114714
 337.800000 0.394449 18.081319 43.114714
 338.000000 0.404400 17.140660 43.114714
 338.200000 0.421462 13.719224 43.114714
 338.400000 0.432099 10.169085 43.114714
 338.600000 0.421076 13.847310 43.114714
 338.800000 0.406591 17.638636 43.114714
 339.000000 0.423234 13.125275 43.114714
 339.200000 0.449089 5.113699 43.114714
 339.400000 0.437704 8.994719 43.114714
 339.600000 0.441345 7.716464 43.114714
 339.800000 0.442307 7.382211 43.114714
 340.000000 0.451730 4.299371 43.089970
 340.200000 0.461813 2.972918 43.089970
 340.400000 0.473255 0.955815 43.089970
 340.600000 0.481267 0.320856 43.089970
 340.800000 0.470381 1.327098 43.089970
 341.000000 0.466692 1.935291 43.089970
 341.200000 0.465396 3.784507 43.089970
 341.400000 0.458757 5.138068 43.089970
 341.600000 0.438180 10.047713 43.089970
 341.800000 0.450666 6.968565 43.089970
 342.000000 0.466217 3.629355 43.089970
 342.200000 0.471847 4.027296 43.089970
 342.400000 0.445209 8.833080 43.089970
 342.600000 0.422104 14.713676 43.089970
 342.800000 0.450352 7.892251 43.089970
 343.000000 0.453870 7.285082 43.089970
 343.200000 0.426727 13.584665 43.089970
 343.400000 0.424728 14.123484 43.089970
 343.600000 0.445577 9.848104 43.089970
 343.800000 0.449644 9.232958 43.089970
 344.000000 0.442857 10.263313 43.089970
 344.200000 0.422883 15.086005 43.089970
 344.400000 0.424541 14.699147 43.089970
 344.600000 0.436497 12.357463 43.089970
 344.800000 0.449691 10.223973 43.089970
 345.000000 0.452095 9.761560 43.065008
 345.200000 0.460420 8.843754 43.065008
 345.400000 0.447916 11.632155 43.065008
 345.600000 0.438074 12.838592 43.065008
 345.800000 0.427314 14.364576 43.065008
 346.000000 0.405521 18.356370 43.065008
 346.200000 0.399601 19.444774 43.065008
 346.400000 0.400474 19.422718 43.065008
 346.600000 0.408689 18.757767 43.065008
 346.800000 0.405810 19.101507 43.065008
 347.000000 0.403925 19.258194 43.065008
 347.200000 0.392928 20.046075 43.065008
 347.400000 0.381811 20.019306 43.065008
 347.600000 0.385861 19.943426 43.065008
 347.800000 0.397745 20.154297 43.065008
 348.000000 0.395681 20.119245 43.065008
 348.200000 0.406805 20.268243 43.065008
 348.400000 0.392490 20.732471 43.065008
 348.600000 0.360749 20.906922 43.065008
 348.800000 0.366535 20.789885 43.065008
 349.000000 0.380836 20.489222 43.065008
 349.200000 0.380279 21.195830 43.065008
 349.400000 0.391597 21.242404 43.065008
 349.600000 0.395086 21.265344 43.065008
 349.800000 0.393354 21.258971 43.065008
 350.000000 0.373862 21.253384 43.041328
 350.200000 0.370855 21.926377 43.041328
 350.400000 0.360750 21.655686 43.041328
 350.600000 0.380479 21.810243 43.041328
 350.800000 0.414128 18.763461 43.041328
 351.000000 0.414098 18.772155 43.041328
 351.200000 0.421030 17.366867 43.041328
 351.400000 0.397403 21.845913 43.041328
 351.600000 0.396552 21.852821 43.041328
 351.800000 0.402350 21.654681 43.041328
 352.000000 0.408126 20.937123 43.041328
 352.200000 0.397679 22.382401 43.041328
 352.400000 0.401654 22.328091 43.041328
 352.600000 0.397551 22.380905 43.041328
 352.800000 0.405456 22.024799 43.041328
 353.000000 0.417856 18.949149 43.041328
 353.200000 0.426115 16.767092 43.041328
 353.400000 0.410390 21.824530 43.041328
 353.600000 0.416748 20.073420 43.041328
 353.800000 0.443970 12.530096 43.041328
 354.000000 0.450042 11.422404 43.041328
 354.200000 0.446373 13.132218 43.041328
 354.400000 0.440316 14.017238 43.041328
 354.600000 0.420024 19.080783 43.041328
 354.800000 0.404875 22.616809 43.041328
 355.000000 0.426484 16.947025 43.017724
 355.200000 0.447424 13.267458 43.017724
 355.400000 0.429956 16.768415 43.017724
 355.600000 0.434652 15.636524 43.017724
 355.800000 0.426563 17.745537 43.017724
 356.000000 0.436153 15.325911 43.017724
 356.200000 0.446575 14.128099 43.017724
 356.400000 0.460541 9.944571 43.017724
 356.600000 0.459612 10.281818 43.017724
 356.800000 0.480986 2.863111 43.017724
 357.000000 0.480655 2.948527 43.017724
 357.200000 0.470702 7.353403 43.017724
 357.400000 0.447980 13.942895 43.017724
 357.600000 0.439382 15.615360 43.017724
 357.800000 0.429047 17.808953 43.017724
 358.000000 0.443198 14.908638 43.017724
 358.200000 0.425071 19.314024 43.017724
 358.400000 0.421717 20.164012 43.017724
 358.600000 0.444270 15.601891 43.017724
 358.800000 0.444546 15.546829 43.017724
 359.000000 0.433869 17.432461 43.017724
 359.200000 0.409896 22.885757 43.017724
 359.400000 0.414651 22.213352 43.017724
 359.600000 0.415995 21.964837 43.017724
 359.800000 0.382379 22.051817 43.017724
 360.000000 0.360679 21.657077 42.993857
