#! FIELDS time d metad.bias metad.rct
 0.000000 0.240992 0.000000 0.000000
 0.200000 0.241571 0.000000 0.000000
 0.400000 0.256327 0.000000 0.000000
 0.600000 0.263476 0.000000 0.000000
 0.800000 0.243834 0.000000 0.000000
 1.000000 0.241867 0.000000 0.000000
 1.200000 0.248771 1.573776 0.000000
 1.400000 0.243744 1.736309 0.000000
 1.600000 0.250907 1.458818 0.000000
 1.800000 0.261111 0.766601 0.000000
 2.000000 0.264862 0.538048 0.000000
 2.200000 0.266257 2.165293 0.000000
 2.400000 0.263365 2.324508 0.000000
 2.600000 0.239195 2.115052 0.000000
 2.800000 0.250590 2.562542 0.000000
 3.000000 0.246718 2.481005 0.000000
 3.200000 0.227089 1.808272 0.000000
 3.400000 0.240880 3.672158 0.000000
 3.600000 0.265648 2.906803 0.000000
 3.800000 0.282697 0.966138 0.000000
 4.000000 0.321080 0.000000 0.000000
 4.200000 0.331531 1.372122 0.000000
 4.400000 0.346835 0.398137 0.000000
 4.600000 0.325591 1.672470 0.000000
 4.800000 0.300641 0.785833 0.000000
 5.000000 0.286605 0.776895 1.073330
 5.200000 0.304954 1.823467 1.073330
 5.400000 0.315616 1.897430 1.073330
 5.600000 0.315425 1.896437 1.073330
 5.800000 0.319459 1.890341 1.073330
 6.000000 0.314255 1.888321 1.073330
 6.200000 0.288556 2.736187 1.073330
 6.400000 0.275534 3.063860 1.073330
 6.600000 0.281992 2.854036 1.073330
 6.800000 0.278094 2.970645 1.073330
 7.000000 0.278328 2.962767 1.073330
 7.200000 0.283033 4.288078 1.073330
 7.400000 0.293176 3.675276 1.073330
 7.600000 0.313476 3.583753 1.073330
 7.800000 0.290130 3.851599 1.073330
 8.000000 0.290848 3.807591 1.073330
 8.200000 0.279973 5.570002 1.073330
 8.400000 0.280932 5.579853 1.073330
 8.600000 0.293728 5.096908 1.073330
 8.800000 0.304436 4.437572 1.073330
 9.000000 0.347864 0.480554 1.073330
 9.200000 0.360636 1.252236 1.073330
 9.400000 0.366622 0.796321 1.073330
 9.600000 0.369035 0.637737 1.073330
 9.800000 0.350207 2.042915 1.073330
 10.000000 0.333604 3.053200 2.403243
 10.200000 0.316495 4.874182 2.403243
 10.400000 0.292109 5.235766 2.403243
 10.600000 0.294092 5.116381 2.403243
 10.800000 0.299213 4.839148 2.403243
 11.000000 0.300137 4.800386 2.403243
 11.200000 0.299974 6.219856 2.403243
 11.400000 0.296866 6.336365 2.403243
 11.600000 0.295823 6.370473 2.403243
 11.800000 0.341463 3.926984 2.403243
 12.000000 0.362629 1.326564 2.403243
 12.200000 0.359454 3.303825 2.403243
 12.400000 0.321077 5.518901 2.403243
 12.600000 0.304539 6.040565 2.403243
 12.800000 0.315323 5.697893 2.403243
 13.000000 0.304543 6.040400 2.403243
 13.200000 0.299962 7.496430 2.403243
 13.400000 0.291050 7.363783 2.403243
 13.600000 0.281007 6.594357 2.403243
 13.800000 0.283285 6.815904 2.403243
 14.000000 0.293088 7.440732 2.403243
 14.200000 0.311986 7.541416 2.403243
 14.400000 0.346733 4.274062 2.403243
 14.600000 0.332224 5.298759 2.403243
 14.800000 0.313512 7.362687 2.403243
 15.000000 0.316444 7.012990 4.569810
 15.200000 0.314783 8.484380 4.569810
 15.400000 0.305315 9.219004 4.569810
 15.600000 0.306601 9.157649 4.569810
 15.800000 0.304869 9.237246 4.569810
 16.000000 0.298287 9.307699 4.569810
 16.200000 0.288769 9.624115 4.569810
 16.400000 0.318853 8.439866 4.569810
 16.600000 0.335620 5.629327 4.569810
 16.800000 0.348076 4.329313 4.569810
 17.000000 0.339248 5.175173 4.569810
 17.200000 0.341525 6.301618 4.569810
 17.400000 0.326650 8.025693 4.569810
 17.600000 0.322240 8.569109 4.569810
 17.800000 0.327454 7.928457 4.569810
 18.000000 0.314907 9.465945 4.569810
 18.200000 0.292247 10.452342 4.569810
 18.400000 0.258617 4.887125 4.569810
 18.600000 0.271494 6.307163 4.569810
 18.800000 0.288784 9.878831 4.569810
 19.000000 0.305889 11.282190 4.569810
 19.200000 0.297148 11.918407 4.569810
 19.400000 0.288590 10.386509 4.569810
 19.600000 0.255454 4.732149 4.569810
 19.800000 0.258611 4.892136 4.569810
 20.000000 0.277322 7.623136 7.267067
 20.200000 0.288441 11.298806 7.267067
 20.400000 0.293787 12.108747 7.267067
 20.600000 0.290791 11.695738 7.267067
 20.800000 0.279379 9.354809 7.267067
 21.000000 0.253286 4.978667 7.267067
 21.200000 0.257719 6.713972 7.267067
 21.400000 0.263043 7.141102 7.267067
 21.600000 0.291487 11.853661 7.267067
 21.800000 0.295244 12.294763 7.267067
 22.000000 0.296786 12.427491 7.267067
 22.200000 0.297464 13.480944 7.267067
 22.400000 0.322645 10.326502 7.267067
 22.600000 0.315807 11.849417 7.267067
 22.800000 0.322897 10.268433 7.267067
 23.000000 0.335145 7.686131 7.267067
 23.200000 0.338739 8.266721 7.267067
 23.400000 0.354399 5.212825 7.267067
 23.600000 0.346006 6.878351 7.267067
 23.800000 0.315149 12.493722 7.267067
 24.000000 0.319646 11.740301 7.267067
 24.200000 0.318940 12.899686 7.267067
 24.400000 0.312184 13.843556 7.267067
 24.600000 0.288521 12.389962 7.267067
 24.800000 0.276723 9.565096 7.267067
 25.000000 0.263142 7.229887 9.051777
 25.200000 0.276010 10.277774 9.051777
 25.400000 0.287484 12.498526 9.051777
 25.600000 0.290360 13.015780 9.051777
 25.800000 0.269553 9.260515 9.051777
 26.000000 0.270085 9.334133 9.051777
 26.200000 0.296275 14.098186 9.051777
 26.400000 0.307715 14.242807 9.051777
 26.600000 0.308976 14.160470 9.051777
 26.800000 0.314347 13.605664 9.051777
 27.000000 0.322950 12.161025 9.051777
 27.200000 0.338855 9.280330 9.051777
 27.400000 0.321074 13.530963 9.051777
 27.600000 0.326228 12.486228 9.051777
 27.800000 0.327292 12.242875 9.051777
 28.000000 0.341410 8.602479 9.051777
 28.200000 0.327097 13.043982 9.051777
 28.400000 0.333539 11.728192 9.051777
 28.600000 0.334894 11.418882 9.051777
 28.800000 0.328921 12.698533 9.051777
 29.000000 0.334692 11.465637 9.051777
 29.200000 0.335985 12.208293 9.051777
 29.400000 0.316213 15.042379 9.051777
 29.600000 0.336285 12.134521 9.051777
 29.800000 0.344526 9.802182 9.051777
 30.000000 0.366705 3.316134 10.397168
 30.200000 0.364891 5.233442 10.397168
 30.400000 0.355854 7.367784 10.397168
 30.600000 0.350699 8.681967 10.397168
 30.800000 0.369615 4.187435 10.397168
 31.000000 0.363076 5.647239 10.397168
 31.200000 0.363802 6.840225 10.397168
 31.400000 0.343123 11.230743 10.397168
 31.600000 0.346771 10.468737 10.397168
 31.800000 0.336892 12.483836 10.397168
 32.000000 0.333746 13.060875 10.397168
 32.200000 0.349217 10.531455 10.397168
 32.400000 0.368651 5.729826 10.397168
 32.600000 0.375278 4.005756 10.397168
 32.800000 0.385353 1.768331 10.397168
 33.000000 0.390557 0.996191 10.397168
 33.200000 0.391898 2.510964 10.397168
 33.400000 0.392095 2.488066 10.397168
 33.600000 0.377236 4.642950 10.397168
 33.800000 0.379698 4.215932 10.397168
 34.000000 0.389986 2.739552 10.397168
 34.200000 0.387921 4.532331 10.397168
 34.400000 0.347713 10.956471 10.397168
 34.600000 0.362321 7.900402 10.397168
 34.800000 0.381818 5.206239 10.397168
 35.000000 0.402347 2.505418 10.860278
 35.200000 0.375060 6.281466 10.860278
 35.400000 0.373536 6.424125 10.860278
 35.600000 0.366383 7.302758 10.860278
 35.800000 0.380343 5.899681 10.860278
 36.000000 0.370509 6.755418 10.860278
 36.200000 0.362747 9.003268 10.860278
 36.400000 0.382548 6.717968 10.860278
 36.600000 0.370846 8.010395 10.860278
 36.800000 0.384134 6.558469 10.860278
 37.000000 0.399692 4.654219 10.860278
 37.200000 0.384555 7.369941 10.860278
 37.400000 0.376586 7.779571 10.860278
 37.600000 0.363620 8.969319 10.860278
 37.800000 0.375755 7.836018 10.860278
 38.000000 0.376859 7.761722 10.860278
 38.200000 0.363901 9.789772 10.860278
 38.400000 0.357341 10.280604 10.860278
 38.600000 0.392265 7.686149 10.860278
 38.800000 0.408624 4.376128 10.860278
 39.000000 0.399468 6.508748 10.860278
 39.200000 0.373077 9.515364 10.860278
 39.400000 0.369993 9.613091 10.860278
 39.600000 0.368566 9.663801 10.860278
 39.800000 0.380540 9.342377 10.860278
 40.000000 0.380738 9.338413 11.032175
 40.200000 0.369118 10.498281 11.032175
 40.400000 0.382049 10.461775 11.032175
 40.600000 0.409672 5.329751 11.032175
 40.800000 0.400248 8.151587 11.032175
 41.000000 0.396938 8.917596 11.032175
 41.200000 0.395340 10.396869 11.032175
 41.400000 0.374137 10.902434 11.032175
 41.600000 0.357991 10.650146 11.032175
 41.800000 0.376122 10.984559 11.032175
 42.000000 0.384768 11.206701 11.032175
 42.200000 0.384292 12.268149 11.032175
 42.400000 0.351596 11.222014 11.032175
 42.600000 0.346884 11.825921 11.032175
 42.800000 0.360403 10.868894 11.032175
 43.000000 0.367112 11.174851 11.032175
 43.200000 0.357010 11.731184 11.032175
 43.400000 0.361828 11.901580 11.032175
 43.600000 0.360123 11.819062 11.032175
 43.800000 0.361561 11.887377 11.032175
 44.000000 0.363753 12.014561 11.032175
 44.200000 0.345980 12.868733 11.032175
 44.400000 0.349690 12.634971 11.032175
 44.600000 0.336629 13.972984 11.032175
 44.800000 0.344236 13.031698 11.032175
 45.000000 0.350707 12.600777 11.799107
 45.200000 0.364072 13.729868 11.799107
 45.400000 0.334694 14.792807 11.799107
 45.600000 0.306814 15.331399 11.799107
 45.800000 0.307602 15.374376 11.799107
 46.000000 0.287138 13.104917 11.799107
 46.200000 0.297231 15.286009 11.799107
 46.400000 0.289609 14.448456 11.799107
 46.600000 0.282682 13.328305 11.799107
 46.800000 0.271354 11.228466 11.799107
 47.000000 0.253532 8.151343 11.799107
 47.200000 0.247168 7.983809 11.799107
 47.400000 0.238022 5.416637 11.799107
 47.600000 0.253102 9.287798 11.799107
 47.800000 0.263579 10.850516 11.799107
 48.000000 0.260040 10.395987 11.799107
 48.200000 0.250505 9.660984 11.799107
 48.400000 0.257149 11.061305 11.799107
 48.600000 0.277341 13.251348 11.799107
 48.800000 0.311825 15.795592 11.799107
 49.000000 0.299390 15.483031 11.799107
 49.200000 0.295749 16.095181 11.799107
 49.400000 0.284495 14.614634 11.799107
 49.600000 0.285656 14.794211 11.799107
 49.800000 0.284789 14.660287 11.799107
 50.000000 0.268159 12.464545 12.714769
 50.200000 0.236789 5.492048 12.714769
 50.400000 0.236857 5.515362 12.714769
 50.600000 0.228514 2.933843 12.714769
 50.800000 0.246416 8.872193 12.714769
 51.000000 0.284356 15.152840 12.714769
 51.200000 0.287401 16.372220 12.714769
 51.400000 0.287034 16.335205 12.714769
 51.600000 0.309703 16.711758 12.714769
 51.800000 0.303156 16.973525 12.714769
 52.000000 0.306776 16.851756 12.714769
 52.200000 0.302806 17.778982 12.714769
 52.400000 0.278775 15.505186 12.714769
 52.600000 0.258517 12.319618 12.714769
 52.800000 0.263302 13.234160 12.714769
 53.000000 0.261038 12.827496 12.714769
 53.200000 0.249766 10.749923 12.714769
 53.400000 0.235953 5.450644 12.714769
 53.600000 0.236380 5.609193 12.714769
 53.800000 0.236240 5.557000 12.714769
 54.000000 0.251159 11.225844 12.714769
 54.200000 0.276152 15.985553 12.714769
 54.400000 0.287603 17.014397 12.714769
 54.600000 0.305003 17.751706 12.714769
 54.800000 0.309447 17.541739 12.714769
 55.000000 0.303010 17.795801 14.156132
 55.200000 0.280101 16.545928 14.156132
 55.400000 0.285784 17.245810 14.156132
 55.600000 0.273563 15.918800 14.156132
 55.800000 0.278255 16.348408 14.156132
 56.000000 0.308711 18.323101 14.156132
 56.200000 0.325396 16.749725 14.156132
 56.400000 0.315300 18.359148 14.156132
 56.600000 0.326109 16.630577 14.156132
 56.800000 0.349388 13.680146 14.156132
 57.000000 0.341029 14.389376 14.156132
 57.200000 0.345172 14.849165 14.156132
 57.400000 0.343990 14.974147 14.156132
 57.600000 0.334061 16.175424 14.156132
 57.800000 0.357265 14.091050 14.156132
 58.000000 0.375949 13.801102 14.156132
 58.200000 0.361885 14.635949 14.156132
 58.400000 0.350201 14.625286 14.156132
 58.600000 0.360910 14.606957 14.156132
 58.800000 0.334170 16.179454 14.156132
 59.000000 0.327699 16.989625 14.156132
 59.200000 0.335668 16.708635 14.156132
 59.400000 0.347819 15.091968 14.156132
 59.600000 0.390393 13.150440 14.156132
 59.800000 0.401578 9.822764 14.156132
 60.000000 0.423622 1.894272 15.166973
 60.200000 0.427022 2.817634 15.166973
 60.400000 0.409298 7.687313 15.166973
 60.600000 0.417744 4.970157 15.166973
 60.800000 0.424683 3.277055 15.166973
 61.000000 0.444972 0.634298 15.166973
 61.200000 0.451629 1.825689 15.166973
 61.400000 0.464126 0.789985 15.166973
 61.600000 0.455073 1.531507 15.166973
 61.800000 0.452903 1.717674 15.166973
 62.000000 0.448587 2.071912 15.166973
 62.200000 0.435712 4.011887 15.166973
 62.400000 0.454410 3.068433 15.166973
 62.600000 0.452577 3.285545 15.166973
 62.800000 0.460743 2.197972 15.166973
 63.000000 0.463789 1.767957 15.166973
 63.200000 0.444560 4.611905 15.166973
 63.400000 0.425319 4.400470 15.166973
 63.600000 0.432484 4.205263 15.166973
 63.800000 0.427756 4.256359 15.166973
 64.000000 0.444713 4.615136 15.166973
 64.200000 0.464425 3.896336 15.166973
 64.400000 0.463955 3.986644 15.166973
 64.600000 0.468425 3.126417 15.166973
 64.800000 0.482113 1.030981 15.166973
 65.000000 0.470683 2.705974 15.118340
 65.200000 0.476069 3.259517 15.118340
 65.400000 0.455049 6.375034 15.118340
 65.600000 0.422350 5.180437 15.118340
 65.800000 0.400158 10.860910 15.118340
 66.000000 0.420606 5.353249 15.118340
 66.200000 0.426778 6.284115 15.118340
 66.400000 0.414806 7.667361 15.118340
 66.600000 0.417805 7.121347 15.118340
 66.800000 0.420135 6.789050 15.118340
 67.000000 0.427061 6.276041 15.118340
 67.200000 0.391966 13.283189 15.118340
 67.400000 0.412846 8.932912 15.118340
 67.600000 0.419031 8.082331 15.118340
 67.800000 0.428434 7.568211 15.118340
 68.000000 0.411947 9.092961 15.118340
 68.200000 0.402595 12.071040 15.118340
 68.400000 0.422382 8.722911 15.118340
 68.600000 0.448538 7.305474 15.118340
 68.800000 0.449053 7.268924 15.118340
 69.000000 0.433632 7.937486 15.118340
 69.200000 0.418391 9.945639 15.118340
 69.400000 0.431127 9.262246 15.118340
 69.600000 0.437498 8.987319 15.118340
 69.800000 0.424346 9.540646 15.118340
 70.000000 0.429101 9.336708 15.129421
 70.200000 0.434534 10.210031 15.129421
 70.400000 0.442447 9.435639 15.129421
 70.600000 0.453758 7.652008 15.129421
 70.800000 0.464503 5.593798 15.129421
 71.000000 0.445696 8.991668 15.129421
 71.200000 0.432668 11.129946 15.129421
 71.400000 0.452536 8.927072 15.129421
 71.600000 0.440781 10.748088 15.129421
 71.800000 0.429501 11.129463 15.129421
 72.000000 0.418522 11.059215 15.129421
 72.200000 0.429230 11.955434 15.129421
 72.400000 0.423008 12.070110 15.129421
 72.600000 0.415706 12.195900 15.129421
 72.800000 0.424312 12.054714 15.129421
 73.000000 0.415303 12.208794 15.129421
 73.200000 0.407980 13.510770 15.129421
 73.400000 0.384932 14.660323 15.129421
 73.600000 0.389952 14.456733 15.129421
 73.800000 0.395357 14.188691 15.129421
 74.000000 0.406747 13.569724 15.129421
 74.200000 0.423855 13.421591 15.129421
 74.400000 0.429679 12.878152 15.129421
 74.600000 0.396036 14.893067 15.129421
 74.800000 0.370565 14.933718 15.129421
 75.000000 0.361853 14.706072 15.340330
 75.200000 0.363117 15.644844 15.340330
 75.400000 0.408713 14.430303 15.340330
 75.600000 0.418886 13.798007 15.340330
 75.800000 0.444426 10.771888 15.340330
 76.000000 0.472083 4.322147 15.340330
 76.200000 0.428932 12.975326 15.340330
 76.400000 0.392373 15.057484 15.340330
 76.600000 0.403853 14.673449 15.340330
 76.800000 0.414629 14.079984 15.340330
 77.000000 0.413044 14.178838 15.340330
 77.200000 0.403357 15.450529 15.340330
 77.400000 0.396282 15.449658 15.340330
 77.600000 0.395975 15.447085 15.340330
 77.800000 0.396294 15.449751 15.340330
 78.000000 0.385192 15.424324 15.340330
 78.200000 0.373564 16.327694 15.340330
 78.400000 0.354038 15.588132 15.340330
 78.600000 0.357837 15.687088 15.340330
 78.800000 0.344028 15.986452 15.340330
 79.000000 0.365985 16.086906 15.340330
 79.200000 0.395651 16.253775 15.340330
 79.400000 0.405981 15.764376 15.340330
 79.600000 0.389310 16.506183 15.340330
 79.800000 0.384769 16.698820 15.340330
 80.000000 0.374847 17.061151 15.790740
 80.200000 0.384718 17.359844 15.790740
 80.400000 0.396740 16.491529 15.790740
 80.600000 0.392409 16.792043 15.790740
 80.800000 0.393878 16.688188 15.790740
 81.000000 0.385767 17.282651 15.790740
 81.200000 0.395833 17.199898 15.790740
 81.400000 0.426084 13.916952 15.790740
 81.600000 0.439579 11.933200 15.790740
 81.800000 0.427079 13.783195 15.790740
 82.000000 0.408692 15.907320 15.790740
 82.200000 0.406805 16.954896 15.790740
 82.400000 0.413450 16.229924 15.790740
 82.600000 0.432714 13.223990 15.790740
 82.800000 0.436103 12.638081 15.790740
 83.000000 0.431564 13.422410 15.790740
 83.200000 0.429062 14.800390 15.790740
 83.400000 0.406877 17.195125 15.790740
 83.600000 0.416418 16.419563 15.790740
 83.800000 0.428428 14.901082 15.790740
 84.000000 0.440089 12.765100 15.790740
 84.200000 0.432264 15.127809 15.790740
 84.400000 0.432618 15.075763 15.790740
 84.600000 0.428376 15.639370 15.790740
 84.800000 0.421417 16.331978 15.790740
 85.000000 0.414953 16.800500 16.295913
 85.200000 0.428034 16.245328 16.295913
 85.400000 0.432043 15.591545 16.295913
 85.600000 0.458944 9.145838 16.295913
 85.800000 0.460256 8.813685 16.295913
 86.000000 0.442974 13.277339 16.295913
 86.200000 0.433973 16.046849 16.295913
 86.400000 0.402435 18.124111 16.295913
 86.600000 0.383932 18.540887 16.295913
 86.800000 0.384533 18.524992 16.295913
 87.000000 0.371811 18.466541 16.295913
 87.200000 0.371094 19.192219 16.295913
 87.400000 0.376360 19.352416 16.295913
 87.600000 0.400440 18.278053 16.295913
 87.800000 0.391417 18.657934 16.295913
 88.000000 0.392200 18.615783 16.295913
 88.200000 0.409979 18.378418 16.295913
 88.400000 0.404450 18.708990 16.295913
 88.600000 0.412834 18.193676 16.295913
 88.800000 0.414417 18.085332 16.295913
 89.000000 0.410121 18.369453 16.295913
 89.200000 0.415717 18.713218 16.295913
 89.400000 0.421058 18.167538 16.295913
 89.600000 0.409768 19.163592 16.295913
 89.800000 0.420306 18.251984 16.295913
 90.000000 0.423083 17.926484 17.112104
 90.200000 0.407003 19.758518 17.112104
 90.400000 0.384699 19.936085 17.112104
 90.600000 0.390255 19.871293 17.112104
 90.800000 0.415060 19.453667 17.112104
 91.000000 0.399121 19.816244 17.112104
 91.200000 0.397465 20.540599 17.112104
 91.400000 0.397064 20.539480 17.112104
 91.600000 0.396055 20.534817 17.112104
 91.800000 0.419096 19.440134 17.112104
 92.000000 0.430508 17.649774 17.112104
 92.200000 0.428119 18.884105 17.112104
 92.400000 0.405247 20.640859 17.112104
 92.600000 0.417348 20.179587 17.112104
 92.800000 0.399121 20.628068 17.112104
 93.000000 0.412375 20.470248 17.112104
 93.200000 0.415375 21.003223 17.112104
 93.400000 0.420820 20.473100 17.112104
 93.600000 0.421470 20.390125 17.112104
 93.800000 0.428302 19.252160 17.112104
 94.000000 0.439771 16.319392 17.112104
 94.200000 0.452739 12.525794 17.112104
 94.400000 0.444821 15.485357 17.112104
 94.600000 0.451801 12.882015 17.112104
 94.800000 0.416052 21.194327 17.112104
 95.000000 0.395273 20.953973 18.203210
 95.200000 0.373602 20.140335 18.203210
 95.400000 0.382596 20.924724 18.203210
 95.600000 0.385851 21.131698 18.203210
 95.800000 0.369306 19.571730 18.203210
 96.000000 0.370090 19.686659 18.203210
 96.200000 0.400807 21.921555 18.203210
 96.400000 0.413177 21.657811 18.203210
 96.600000 0.429374 19.746522 18.203210
 96.800000 0.410547 21.788720 18.203210
 97.000000 0.401280 21.925880 18.203210
 97.200000 0.411563 22.264122 18.203210
 97.400000 0.391628 22.255788 18.203210
 97.600000 0.391397 22.244060 18.203210
 97.800000 0.390308 22.187577 18.203210
 98.000000 0.401503 22.586511 18.203210
 98.200000 0.409540 22.947715 18.203210
 98.400000 0.408199 23.040725 18.203210
 98.600000 0.404331 23.204962 18.203210
 98.800000 0.418982 21.857611 18.203210
 99.000000 0.421313 21.494898 18.203210
 99.200000 0.420312 22.324751 18.203210
 99.400000 0.426602 21.176946 18.203210
 99.600000 0.428730 20.704772 18.203210
 99.800000 0.419188 22.491825 18.203210
 100.000000 0.397090 23.289678 19.700651
 100.200000 0.387497 23.002185 19.700651
 100.400000 0.405157 24.095148 19.700651
 100.600000 0.401216 24.094132 19.700651
 100.800000 0.366096 19.910057 19.700651
 101.000000 0.368023 20.295700 19.700651
 101.200000 0.383306 22.945148 19.700651
 101.400000 0.375719 22.194486 19.700651
 101.600000 0.378035 22.450334 19.700651
 101.800000 0.386400 23.212589 19.700651
 102.000000 0.381713 22.803095 19.700651
 102.200000 0.394206 24.288987 19.700651
 102.400000 0.390255 24.077990 19.700651
 102.600000 0.388274 23.948864 19.700651
 102.800000 0.403626 24.374700 19.700651
 103.000000 0.425794 21.450616 19.700651
 103.200000 0.436747 19.058087 19.700651
 103.400000 0.443388 16.580759 19.700651
 103.600000 0.411088 24.269721 19.700651
 103.800000 0.418862 23.387739 19.700651
 104.000000 0.428265 21.550077 19.700651
 104.200000 0.395121 24.466421 19.700651
 104.400000 0.377263 22.978197 19.700651
 104.600000 0.385723 23.794553 19.700651
 104.800000 0.364156 20.505824 19.700651
 105.000000 0.353159 17.864076 20.650995
 105.200000 0.380721 23.498291 20.650995
 105.400000 0.388094 24.032110 20.650995
 105.600000 0.391463 24.257484 20.650995
 105.800000 0.381037 23.523490 20.650995
 106.000000 0.365362 21.371000 20.650995
 106.200000 0.367578 22.488058 20.650995
 106.400000 0.367541 22.481099 20.650995
 106.600000 0.380651 23.893918 20.650995
 106.800000 0.404081 24.799575 20.650995
 107.000000 0.408989 24.715467 20.650995
 107.200000 0.406560 25.353806 20.650995
 107.400000 0.405404 25.359783 20.650995
 107.600000 0.400280 25.244050 20.650995
 107.800000 0.390759 24.649559 20.650995
 108.000000 0.398723 25.170704 20.650995
 108.200000 0.411256 25.590380 20.650995
 108.400000 0.391687 25.225067 20.650995
 108.600000 0.389637 25.046029 20.650995
 108.800000 0.377424 23.968358 20.650995
 109.000000 0.371943 23.312771 20.650995
 109.200000 0.388595 25.287287 20.650995
 109.400000 0.374907 24.306055 20.650995
 109.600000 0.351053 18.953798 20.650995
 109.800000 0.350840 18.909959 20.650995
 110.000000 0.353956 19.619471 21.808333
 110.200000 0.360022 21.930962 21.808333
 110.400000 0.355850 20.832015 21.808333
 110.600000 0.329864 18.217881 21.808333
 110.800000 0.345587 18.699981 21.808333
 111.000000 0.357704 21.319446 21.808333
 111.200000 0.366169 23.952289 21.808333
 111.400000 0.367279 24.139421 21.808333
 111.600000 0.342075 18.716916 21.808333
 111.800000 0.310831 19.490599 21.808333
 112.000000 0.329743 18.341418 21.808333
 112.200000 0.343269 19.370478 21.808333
 112.400000 0.331207 19.073774 21.808333
 112.600000 0.321880 19.430984 21.808333
 112.800000 0.361362 23.014887 21.808333
 113.000000 0.360435 22.797901 21.808333
 113.200000 0.351580 21.208917 21.808333
 113.400000 0.343427 19.718266 21.808333
 113.600000 0.370331 25.083481 21.808333
 113.800000 0.367645 24.791847 21.808333
 114.000000 0.342811 19.645899 21.808333
 114.200000 0.339909 20.094385 21.808333
 114.400000 0.370415 25.223675 21.808333
 114.600000 0.373972 25.387102 21.808333
 114.800000 0.346825 20.926095 21.808333
 115.000000 0.339202 20.039465 22.261959
 115.200000 0.345177 21.337823 22.261959
 115.400000 0.360478 24.067070 22.261959
 115.600000 0.347849 21.705263 22.261959
 115.800000 0.364143 24.674041 22.261959
 116.000000 0.340722 20.877002 22.261959
 116.200000 0.328907 20.756173 22.261959
 116.400000 0.321078 20.378001 22.261959
 116.600000 0.319151 20.313943 22.261959
 116.800000 0.340643 21.560828 22.261959
 117.000000 0.355816 23.572323 22.261959
 117.200000 0.355452 24.121752 22.261959
 117.400000 0.337347 21.589740 22.261959
 117.600000 0.332315 21.142672 22.261959
 117.800000 0.338033 21.656403 22.261959
 118.000000 0.337924 21.645637 22.261959
 118.200000 0.333542 21.885547 22.261959
 118.400000 0.331034 21.639393 22.261959
 118.600000 0.315945 20.475380 22.261959
 118.800000 0.311136 20.273972 22.261959
 119.000000 0.315310 20.445929 22.261959
 119.200000 0.332039 22.114950 22.261959
 119.400000 0.332146 22.122441 22.261959
 119.600000 0.336657 22.444296 22.261959
 119.800000 0.337389 22.497982 22.261959
 120.000000 0.335456 22.357804 22.739167
 120.200000 0.344196 23.612177 22.739167
 120.400000 0.368787 25.866071 22.739167
 120.600000 0.373968 25.845080 22.739167
 120.800000 0.384281 25.567263 22.739167
 121.000000 0.364904 25.702598 22.739167
 121.200000 0.351425 24.646082 22.739167
 121.400000 0.346972 24.107815 22.739167
 121.600000 0.358748 25.642316 22.739167
 121.800000 0.352446 24.782510 22.739167
 122.000000 0.345498 23.953426 22.739167
 122.200000 0.329841 22.950141 22.739167
 122.400000 0.337768 23.799574 22.739167
 122.600000 0.364617 26.507165 22.739167
 122.800000 0.380647 25.993985 22.739167
 123.000000 0.382673 25.891092 22.739167
 123.200000 0.399011 26.273109 22.739167
 123.400000 0.397460 26.274776 22.739167
 123.600000 0.370712 26.950700 22.739167
 123.800000 0.372118 26.929850 22.739167
 124.000000 0.376338 26.768982 22.739167
 124.200000 0.399504 26.430931 22.739167
 124.400000 0.397139 26.476485 22.739167
 124.600000 0.373698 27.406577 22.739167
 124.800000 0.375046 27.358980 22.739167
 125.000000 0.365284 27.220508 23.958470
 125.200000 0.354156 26.189512 23.958470
 125.400000 0.343132 24.557601 23.958470
 125.600000 0.357497 26.744862 23.958470
 125.800000 0.342819 24.518931 23.958470
 126.000000 0.360934 27.263966 23.958470
 126.200000 0.374226 28.175929 23.958470
 126.400000 0.380945 27.546771 23.958470
 126.600000 0.396216 26.583635 23.958470
 126.800000 0.408820 25.975469 23.958470
 127.000000 0.405907 26.193255 23.958470
 127.200000 0.428657 22.621367 23.958470
 127.400000 0.429721 22.293717 23.958470
 127.600000 0.394260 27.045037 23.958470
 127.800000 0.389118 27.158245 23.958470
 128.000000 0.402139 26.918364 23.958470
 128.200000 0.387342 27.557128 23.958470
 128.400000 0.385891 27.605535 23.958470
 128.600000 0.370217 28.448505 23.958470
 128.800000 0.351992 26.265176 23.958470
 129.000000 0.356713 27.121952 23.958470
 129.200000 0.409625 26.897666 23.958470
 129.400000 0.433498 21.088446 23.958470
 129.600000 0.442267 17.555310 23.958470
 129.800000 0.439647 18.675584 23.958470
 130.000000 0.440551 18.294291 24.861035
 130.200000 0.458085 11.133987 24.861035
 130.400000 0.446390 16.446496 24.861035
 130.600000 0.460979 9.974515 24.861035
 130.800000 0.448043 15.671684 24.861035
 131.000000 0.455779 12.115731 24.861035
 131.200000 0.441665 19.243514 24.861035
 131.400000 0.436970 20.983733 24.861035
 131.600000 0.436907 21.005739 24.861035
 131.800000 0.445450 17.687788 24.861035
 132.000000 0.449831 15.773169 24.861035
 132.200000 0.448089 17.405407 24.861035
 132.400000 0.454339 14.596061 24.861035
 132.600000 0.466839 9.110669 24.861035
 132.800000 0.480154 4.361843 24.861035
 133.000000 0.478830 4.770852 24.861035
 133.200000 0.469193 9.328158 24.861035
 133.400000 0.461129 12.230207 24.861035
 133.600000 0.458661 13.197819 24.861035
 133.800000 0.453468 15.331168 24.861035
 134.000000 0.472128 8.346648 24.861035
 134.200000 0.475553 8.405572 24.861035
 134.400000 0.472114 9.557980 24.861035
 134.600000 0.462037 12.845268 24.861035
 134.800000 0.439755 20.831191 24.861035
 135.000000 0.446762 18.401464 24.878330
 135.200000 0.450356 17.805132 24.878330
 135.400000 0.453029 16.756642 24.878330
 135.600000 0.450354 17.806109 24.878330
 135.800000 0.463880 12.635264 24.878330
 136.000000 0.470454 10.322716 24.878330
 136.200000 0.460656 14.706605 24.878330
 136.400000 0.459438 15.114508 24.878330
 136.600000 0.452396 17.540010 24.878330
 136.800000 0.463590 13.734495 24.878330
 137.000000 0.444356 20.276225 24.878330
 137.200000 0.453229 17.843510 24.878330
 137.400000 0.458591 15.851821 24.878330
 137.600000 0.477180 9.008208 24.878330
 137.800000 0.469490 11.935156 24.878330
 138.000000 0.450717 18.776124 24.878330
 138.200000 0.454107 18.255100 24.878330
 138.400000 0.465526 13.821540 24.878330
 138.600000 0.468493 12.670690 24.878330
 138.800000 0.457582 16.906616 24.878330
 139.000000 0.459456 16.174746 24.878330
 139.200000 0.470113 12.696621 24.878330
 139.400000 0.480608 8.049883 24.878330
 139.600000 0.465778 14.502902 24.878330
 139.800000 0.448544 20.967930 24.878330
 140.000000 0.453529 19.264227 24.947621
