#! FIELDS time d metad.bias metad.rct
 0.000000 0.240992 0.000000 0.000000
 0.200000 0.236575 0.000000 0.000000
 0.400000 0.235166 0.000000 0.000000
 0.600000 0.240096 0.000000 0.000000
 0.800000 0.226238 0.000000 0.000000
 1.000000 0.231686 0.000000 0.000000
 1.200000 0.239106 1.548083 0.000000
 1.400000 0.272955 0.036447 0.000000
 1.600000 0.282235 0.002612 0.000000
 1.800000 0.293554 0.000000 0.000000
 2.000000 0.292812 0.000000 0.000000
 2.200000 0.286814 1.615297 0.000000
 2.400000 0.304380 1.298949 0.000000
 2.600000 0.303014 1.387892 0.000000
 2.800000 0.303972 1.326022 0.000000
 3.000000 0.288610 1.682537 0.000000
 3.200000 0.302036 2.534540 0.000000
 3.400000 0.303058 2.404928 0.000000
 3.600000 0.284215 3.040008 0.000000
 3.800000 0.283126 2.940010 0.000000
 4.000000 0.312494 1.192712 0.000000
 4.200000 0.325250 1.399949 0.000000
 4.400000 0.321363 1.822799 0.000000
 4.600000 0.322073 1.742859 0.000000
 4.800000 0.330943 0.870258 0.000000
 5.000000 0.350683 0.061847 0.982981
 5.200000 0.343593 1.753286 0.982981
 5.400000 0.299998 3.950583 0.982981
 5.600000 0.316929 2.472677 0.982981
 5.800000 0.315352 2.627753 0.982981
 6.000000 0.306298 3.517628 0.982981
 6.200000 0.303286 5.224184 0.982981
 6.400000 0.303912 5.189612 0.982981
 6.600000 0.319252 3.286017 0.982981
 6.800000 0.329324 2.097427 0.982981
 7.000000 0.326483 2.350646 0.982981
 7.200000 0.310324 5.460563 0.982981
 7.400000 0.296840 5.492431 0.982981
 7.600000 0.311818 5.360112 0.982981
 7.800000 0.319102 4.704315 0.982981
 8.000000 0.310751 5.433370 0.982981
 8.200000 0.310222 6.839793 0.982981
 8.400000 0.302733 6.888859 0.982981
 8.600000 0.284114 4.112962 0.982981
 8.800000 0.270635 1.584036 0.982981
 9.000000 0.282600 3.792808 0.982981
 9.200000 0.286157 5.978817 0.982981
 9.400000 0.307977 7.287880 0.982981
 9.600000 0.337390 3.279327 0.982981
 9.800000 0.337572 3.261417 0.982981
 10.000000 0.350015 2.331931 2.863555
 10.200000 0.362393 2.498403 2.863555
 10.400000 0.366882 1.848359 2.863555
 10.600000 0.344836 4.161311 2.863555
 10.800000 0.331108 4.742826 2.863555
 11.000000 0.346197 4.110874 2.863555
 11.200000 0.362378 3.313840 2.863555
 11.400000 0.348618 5.433554 2.863555
 11.600000 0.336294 5.600035 2.863555
 11.800000 0.335720 5.595342 2.863555
 12.000000 0.355665 4.588857 2.863555
 12.200000 0.363637 4.294807 2.863555
 12.400000 0.355203 6.089349 2.863555
 12.600000 0.340628 6.505336 2.863555
 12.800000 0.333885 6.085289 2.863555
 13.000000 0.339526 6.433114 2.863555
 13.200000 0.349878 7.691290 2.863555
 13.400000 0.365408 4.147933 2.863555
 13.600000 0.365926 4.001567 2.863555
 13.800000 0.345908 7.933215 2.863555
 14.000000 0.336262 7.499251 2.863555
 14.200000 0.332373 8.409051 2.863555
 14.400000 0.317721 7.653524 2.863555
 14.600000 0.317962 7.654292 2.863555
 14.800000 0.325866 7.893589 2.863555
 15.000000 0.350174 8.473978 4.981687
 15.200000 0.357394 7.882916 4.981687
 15.400000 0.330444 8.740256 4.981687
 15.600000 0.317732 7.767159 4.981687
 15.800000 0.307171 7.746661 4.981687
 16.000000 0.302425 7.675164 4.981687
 16.200000 0.306969 8.933254 4.981687
 16.400000 0.310656 8.812099 4.981687
 16.600000 0.316339 8.554185 4.981687
 16.800000 0.308761 8.885125 4.981687
 17.000000 0.287971 7.084231 4.981687
 17.200000 0.259881 1.425129 4.981687
 17.400000 0.258587 1.306209 4.981687
 17.600000 0.270086 3.297687 4.981687
 17.800000 0.264916 2.145947 4.981687
 18.000000 0.292488 9.178113 4.981687
 18.200000 0.332545 9.232136 4.981687
 18.400000 0.332540 9.231572 4.981687
 18.600000 0.313600 9.400837 4.981687
 18.800000 0.311082 9.719294 4.981687
 19.000000 0.306929 10.237615 4.981687
 19.200000 0.298996 11.737185 4.981687
 19.400000 0.304265 11.603494 4.981687
 19.600000 0.311078 10.787333 4.981687
 19.800000 0.316243 10.016533 4.981687
 20.000000 0.320178 9.538118 7.309675
 20.200000 0.297655 12.044261 7.309675
 20.400000 0.293766 11.496730 7.309675
 20.600000 0.268195 3.182108 7.309675
 20.800000 0.282431 8.202235 7.309675
 21.000000 0.276311 5.883988 7.309675
 21.200000 0.257211 1.879220 7.309675
 21.400000 0.265499 3.544734 7.309675
 21.600000 0.263736 3.085745 7.309675
 21.800000 0.266302 3.771167 7.309675
 22.000000 0.260910 2.465630 7.309675
 22.200000 0.253177 2.888815 7.309675
 22.400000 0.251516 2.729295 7.309675
 22.600000 0.280453 9.425505 7.309675
 22.800000 0.292325 12.142190 7.309675
 23.000000 0.311374 11.793466 7.309675
 23.200000 0.317846 11.901990 7.309675
 23.400000 0.314165 12.446035 7.309675
 23.600000 0.315399 12.265330 7.309675
 23.800000 0.308439 13.158118 7.309675
 24.000000 0.325662 10.956574 7.309675
 24.200000 0.348749 10.458484 7.309675
 24.400000 0.351767 9.781950 7.309675
 24.600000 0.334031 11.605769 7.309675
 24.800000 0.336914 11.530013 7.309675
 25.000000 0.337430 11.515385 9.231737
 25.200000 0.324905 12.833432 9.231737
 25.400000 0.312877 13.647807 9.231737
 25.600000 0.322617 12.954387 9.231737
 25.800000 0.339268 12.492339 9.231737
 26.000000 0.322673 12.951061 9.231737
 26.200000 0.302648 14.270372 9.231737
 26.400000 0.314034 14.401237 9.231737
 26.600000 0.312758 14.445204 9.231737
 26.800000 0.322917 13.919550 9.231737
 27.000000 0.333003 13.413572 9.231737
 27.200000 0.338230 14.015921 9.231737
 27.400000 0.333425 14.356167 9.231737
 27.600000 0.331199 14.451411 9.231737
 27.800000 0.342163 13.512360 9.231737
 28.000000 0.338716 13.966653 9.231737
 28.200000 0.309711 14.930718 9.231737
 28.400000 0.276253 8.210665 9.231737
 28.600000 0.272299 6.953151 9.231737
 28.800000 0.291382 12.647938 9.231737
 29.000000 0.272582 7.040318 9.231737
 29.200000 0.256976 4.108597 9.231737
 29.400000 0.258848 4.500621 9.231737
 29.600000 0.259044 4.543903 9.231737
 29.800000 0.258782 4.486113 9.231737
 30.000000 0.270133 7.564245 11.032919
 30.200000 0.278971 11.312961 11.032919
 30.400000 0.282250 12.082679 11.032919
 30.600000 0.258655 5.389767 11.032919
 30.800000 0.249327 3.417551 11.032919
 31.000000 0.257502 5.090237 11.032919
 31.200000 0.254167 5.667234 11.032919
 31.400000 0.276375 11.265052 11.032919
 31.600000 0.277927 11.597470 11.032919
 31.800000 0.284053 12.750160 11.032919
 32.000000 0.266996 8.986533 11.032919
 32.200000 0.277627 12.446212 11.032919
 32.400000 0.253173 6.203171 11.032919
 32.600000 0.243498 3.976402 11.032919
 32.800000 0.268592 10.566149 11.032919
 33.000000 0.257512 7.447672 11.032919
 33.200000 0.268861 11.575491 11.032919
 33.400000 0.284925 13.700662 11.032919
 33.600000 0.304219 14.882667 11.032919
 33.800000 0.289496 14.066073 11.032919
 34.000000 0.263427 10.344335 11.032919
 34.200000 0.250696 7.446825 11.032919
 34.400000 0.244500 5.519051 11.032919
 34.600000 0.259131 10.234156 11.032919
 34.800000 0.274857 13.415106 11.032919
 35.000000 0.282471 13.970231 11.746515
 35.200000 0.322401 15.247319 11.746515
 35.400000 0.339953 14.762028 11.746515
 35.600000 0.328251 15.290143 11.746515
 35.800000 0.325792 15.274764 11.746515
 36.000000 0.305618 15.235159 11.746515
 36.200000 0.286192 15.449200 11.746515
 36.400000 0.276957 14.625993 11.746515
 36.600000 0.259617 10.681808 11.746515
 36.800000 0.264388 12.157575 11.746515
 37.000000 0.270524 13.617258 11.746515
 37.200000 0.287700 16.038541 11.746515
 37.400000 0.282492 15.873385 11.746515
 37.600000 0.271277 14.713895 11.746515
 37.800000 0.268851 14.219189 11.746515
 38.000000 0.287962 16.044347 11.746515
 38.200000 0.302120 16.747640 11.746515
 38.400000 0.322150 15.791360 11.746515
 38.600000 0.325288 15.682538 11.746515
 38.800000 0.321660 15.810675 11.746515
 39.000000 0.311266 16.331163 11.746515
 39.200000 0.323257 16.363729 11.746515
 39.400000 0.331182 15.850426 11.746515
 39.600000 0.327700 16.074291 11.746515
 39.800000 0.333457 15.685024 11.746515
 40.000000 0.329455 15.963222 13.730388
 40.200000 0.302145 17.611743 13.730388
 40.400000 0.279020 16.472090 13.730388
 40.600000 0.281515 16.727809 13.730388
 40.800000 0.285156 17.006791 13.730388
 41.000000 0.285102 17.003275 13.730388
 41.200000 0.307039 17.919330 13.730388
 41.400000 0.329821 16.807043 13.730388
 41.600000 0.324805 17.101991 13.730388
 41.800000 0.314372 17.630026 13.730388
 42.000000 0.301973 18.044563 13.730388
 42.200000 0.300930 18.843996 13.730388
 42.400000 0.309943 18.497973 13.730388
 42.600000 0.305663 18.719759 13.730388
 42.800000 0.300647 18.847204 13.730388
 43.000000 0.284921 18.221525 13.730388
 43.200000 0.271744 16.479261 13.730388
 43.400000 0.282415 18.713631 13.730388
 43.600000 0.286496 19.138547 13.730388
 43.800000 0.297120 19.404166 13.730388
 44.000000 0.306838 18.934933 13.730388
 44.200000 0.323238 17.912118 13.730388
 44.400000 0.349150 13.056180 13.730388
 44.600000 0.365149 5.731696 13.730388
 44.800000 0.369342 4.028959 13.730388
 45.000000 0.364483 6.027310 15.557887
 45.200000 0.376535 2.853147 15.557887
 45.400000 0.356804 10.854680 15.557887
 45.600000 0.351584 12.995066 15.557887
 45.800000 0.351643 12.973294 15.557887
 46.000000 0.356381 11.039815 15.557887
 46.200000 0.361358 9.801719 15.557887
 46.400000 0.378632 2.664388 15.557887
 46.600000 0.372999 4.524703 15.557887
 46.800000 0.367850 6.704453 15.557887
 47.000000 0.349128 14.807718 15.557887
 47.200000 0.372124 5.144959 15.557887
 47.400000 0.375259 3.902909 15.557887
 47.600000 0.360488 10.897980 15.557887
 47.800000 0.376439 3.487436 15.557887
 48.000000 0.385707 1.216317 15.557887
 48.200000 0.377058 4.684506 15.557887
 48.400000 0.368931 7.479322 15.557887
 48.600000 0.360260 11.405046 15.557887
 48.800000 0.395555 1.611016 15.557887
 49.000000 0.369080 7.418056 15.557887
 49.200000 0.360412 12.398244 15.557887
 49.400000 0.390735 2.608020 15.557887
 49.600000 0.385195 3.661814 15.557887
 49.800000 0.385120 3.677870 15.557887
 50.000000 0.375078 6.418850 15.789531
 50.200000 0.371299 9.064613 15.789531
 50.400000 0.403081 1.228676 15.789531
 50.600000 0.405514 0.955647 15.789531
 50.800000 0.388323 3.925421 15.789531
 51.000000 0.389791 3.582020 15.789531
 51.200000 0.393708 4.186255 15.789531
 51.400000 0.384531 6.286522 15.789531
 51.600000 0.386621 5.801797 15.789531
 51.800000 0.402665 2.311755 15.789531
 52.000000 0.404389 2.003923 15.789531
 52.200000 0.386395 6.631812 15.789531
 52.400000 0.378633 8.075399 15.789531
 52.600000 0.379054 7.986884 15.789531
 52.800000 0.394512 5.294875 15.789531
 53.000000 0.398439 4.631990 15.789531
 53.200000 0.373714 9.599618 15.789531
 53.400000 0.384246 7.909829 15.789531
 53.600000 0.385965 7.711193 15.789531
 53.800000 0.376425 9.049486 15.789531
 54.000000 0.364804 12.060769 15.789531
 54.200000 0.378889 9.286183 15.789531
 54.400000 0.396539 6.475098 15.789531
 54.600000 0.389680 7.544787 15.789531
 54.800000 0.391833 7.227626 15.789531
 55.000000 0.408633 4.026655 15.829321
 55.200000 0.411716 4.786959 15.829321
 55.400000 0.374787 10.301348 15.829321
 55.600000 0.363357 13.560724 15.829321
 55.800000 0.372968 10.733694 15.829321
 56.000000 0.400206 7.051839 15.829321
 56.200000 0.413182 5.319350 15.829321
 56.400000 0.422275 2.812219 15.829321
 56.600000 0.408410 6.638439 15.829321
 56.800000 0.397301 8.695232 15.829321
 57.000000 0.385776 9.376253 15.829321
 57.200000 0.362490 14.231884 15.829321
 57.400000 0.374049 11.597637 15.829321
 57.600000 0.377058 11.183506 15.829321
 57.800000 0.367373 12.957689 15.829321
 58.000000 0.361473 14.509181 15.829321
 58.200000 0.376666 11.778769 15.829321
 58.400000 0.377195 11.696165 15.829321
 58.600000 0.394975 9.934263 15.829321
 58.800000 0.391388 10.321395 15.829321
 59.000000 0.402858 8.506958 15.829321
 59.200000 0.414931 5.851461 15.829321
 59.400000 0.416408 5.324157 15.829321
 59.600000 0.428402 1.836573 15.829321
 59.800000 0.439220 0.424294 15.829321
 60.000000 0.423532 3.023416 15.934541
 60.200000 0.409370 8.790997 15.934541
 60.400000 0.406835 9.447970 15.934541
 60.600000 0.397799 11.004053 15.934541
 60.800000 0.376740 12.037181 15.934541
 61.000000 0.390595 11.383752 15.934541
 61.200000 0.395484 12.192518 15.934541
 61.400000 0.382921 12.468415 15.934541
 61.600000 0.375738 12.815476 15.934541
 61.800000 0.376575 12.738250 15.934541
 62.000000 0.388903 12.459485 15.934541
 62.200000 0.393641 13.280219 15.934541
 62.400000 0.406454 10.646919 15.934541
 62.600000 0.405953 10.805545 15.934541
 62.800000 0.407282 10.377914 15.934541
 63.000000 0.431278 2.688156 15.934541
 63.200000 0.418795 7.363644 15.934541
 63.400000 0.411373 9.594347 15.934541
 63.600000 0.411974 9.410716 15.934541
 63.800000 0.408496 10.457188 15.934541
 64.000000 0.430382 4.436595 15.934541
 64.200000 0.434035 5.054441 15.934541
 64.400000 0.432836 5.325632 15.934541
 64.600000 0.447181 2.188686 15.934541
 64.800000 0.446079 2.399971 15.934541
 65.000000 0.414551 9.444333 15.966079
 65.200000 0.407205 12.281686 15.966079
 65.400000 0.363755 15.291000 15.966079
 65.600000 0.370190 14.087668 15.966079
 65.800000 0.362032 15.671241 15.966079
 66.000000 0.390949 13.838520 15.966079
 66.200000 0.407543 12.723328 15.966079
 66.400000 0.412381 11.460291 15.966079
 66.600000 0.406558 12.961180 15.966079
 66.800000 0.399639 14.287906 15.966079
 67.000000 0.358276 16.587021 15.966079
 67.200000 0.366028 15.783213 15.966079
 67.400000 0.401074 14.084912 15.966079
 67.600000 0.412437 11.445078 15.966079
 67.800000 0.441793 3.513916 15.966079
 68.000000 0.436646 4.852016 15.966079
 68.200000 0.420242 10.079260 15.966079
 68.400000 0.413508 11.579653 15.966079
 68.600000 0.391050 14.871579 15.966079
 68.800000 0.374128 14.622573 15.966079
 69.000000 0.378768 14.458956 15.966079
 69.200000 0.377307 15.386599 15.966079
 69.400000 0.366564 16.337944 15.966079
 69.600000 0.380994 15.404117 15.966079
 69.800000 0.410801 12.295471 15.966079
 70.000000 0.421000 9.931959 16.249529
 70.200000 0.414661 12.394559 16.249529
 70.400000 0.410434 13.261604 16.249529
 70.600000 0.401586 14.860365 16.249529
 70.800000 0.385407 15.579551 16.249529
 71.000000 0.373267 15.558203 16.249529
 71.200000 0.366430 17.147668 16.249529
 71.400000 0.396334 15.727187 16.249529
 71.600000 0.414884 12.365363 16.249529
 71.800000 0.412708 12.823892 16.249529
 72.000000 0.405375 14.325086 16.249529
 72.200000 0.405985 15.130495 16.249529
 72.400000 0.376805 16.408148 16.249529
 72.600000 0.345133 19.057375 16.249529
 72.800000 0.365708 17.272492 16.249529
 73.000000 0.341487 18.893491 16.249529
 73.200000 0.346902 19.795760 16.249529
 73.400000 0.360105 18.417031 16.249529
 73.600000 0.372438 16.663663 16.249529
 73.800000 0.365742 17.470928 16.249529
 74.000000 0.381021 16.468310 16.249529
 74.200000 0.375090 17.282943 16.249529
 74.400000 0.372089 17.395324 16.249529
 74.600000 0.380379 17.295299 16.249529
 74.800000 0.398031 16.789821 16.249529
 75.000000 0.373485 17.330210 16.967242
 75.200000 0.377857 18.036965 16.967242
 75.400000 0.418915 12.165069 16.967242
 75.600000 0.417164 12.616242 16.967242
 75.800000 0.395268 17.384873 16.967242
 76.000000 0.373079 18.155149 16.967242
 76.200000 0.364152 19.491411 16.967242
 76.400000 0.359507 19.857682 16.967242
 76.600000 0.361775 19.681337 16.967242
 76.800000 0.352608 20.232613 16.967242
 77.000000 0.365854 19.361174 16.967242
 77.200000 0.360121 20.497790 16.967242
 77.400000 0.344618 20.345967 16.967242
 77.600000 0.356904 20.656846 16.967242
 77.800000 0.376644 19.381134 16.967242
 78.000000 0.381755 19.099215 16.967242
 78.200000 0.392032 18.806904 16.967242
 78.400000 0.405901 15.727948 16.967242
 78.600000 0.398509 17.575957 16.967242
 78.800000 0.379369 19.969571 16.967242
 79.000000 0.367991 20.431923 16.967242
 79.200000 0.383604 20.137812 16.967242
 79.400000 0.403254 16.467646 16.967242
 79.600000 0.422111 11.351625 16.967242
 79.800000 0.408197 15.123305 16.967242
 80.000000 0.414753 13.321864 17.957173
 80.200000 0.407813 16.097820 17.957173
 80.400000 0.421842 12.288308 17.957173
 80.600000 0.438970 6.508885 17.957173
 80.800000 0.452286 2.378081 17.957173
 81.000000 0.439834 6.199374 17.957173
 81.200000 0.427254 11.545154 17.957173
 81.400000 0.410063 15.710421 17.957173
 81.600000 0.401162 17.697853 17.957173
 81.800000 0.421128 13.107078 17.957173
 82.000000 0.430671 10.571876 17.957173
 82.200000 0.419162 14.390976 17.957173
 82.400000 0.403623 17.386480 17.957173
 82.600000 0.381482 20.415591 17.957173
 82.800000 0.372003 20.960449 17.957173
 83.000000 0.379698 20.535773 17.957173
 83.200000 0.376578 21.408763 17.957173
 83.400000 0.359875 21.669342 17.957173
 83.600000 0.364198 21.692095 17.957173
 83.800000 0.372894 21.549328 17.957173
 84.000000 0.376208 21.425800 17.957173
 84.200000 0.380524 21.828252 17.957173
 84.400000 0.385070 21.351811 17.957173
 84.600000 0.365048 22.198982 17.957173
 84.800000 0.365387 22.205489 17.957173
 85.000000 0.363297 22.158396 18.874809
 85.200000 0.362477 22.786283 18.874809
 85.400000 0.367074 22.862215 18.874809
 85.600000 0.359406 22.651465 18.874809
 85.800000 0.352312 22.063737 18.874809
 86.000000 0.358658 22.608338 18.874809
 86.200000 0.358758 23.253578 18.874809
 86.400000 0.346357 21.729708 18.874809
 86.600000 0.329710 19.048785 18.874809
 86.800000 0.351463 22.536330 18.874809
 87.000000 0.327651 18.900967 18.874809
 87.200000 0.322091 19.506881 18.874809
 87.400000 0.332984 20.111725 18.874809
 87.600000 0.331542 19.959600 18.874809
 87.800000 0.334517 20.295412 18.874809
 88.000000 0.317676 19.593001 18.874809
 88.200000 0.332251 20.487358 18.874809
 88.400000 0.358755 23.355765 18.874809
 88.600000 0.360178 23.410364 18.874809
 88.800000 0.350113 22.658420 18.874809
 89.000000 0.330180 20.350583 18.874809
 89.200000 0.349812 22.923278 18.874809
 89.400000 0.335360 21.434366 18.874809
 89.600000 0.340476 21.947682 18.874809
 89.800000 0.314059 20.844494 18.874809
 90.000000 0.324759 20.853080 19.892847
 90.200000 0.333625 21.869460 19.892847
 90.400000 0.342232 22.490398 19.892847
 90.600000 0.344595 22.686869 19.892847
 90.800000 0.335065 21.954202 19.892847
 91.000000 0.337832 22.141407 19.892847
 91.200000 0.327820 22.143279 19.892847
 91.400000 0.311893 21.474416 19.892847
 91.600000 0.324891 21.996475 19.892847
 91.800000 0.319508 21.773528 19.892847
 92.000000 0.318961 21.753173 19.892847
 92.200000 0.310812 21.999008 19.892847
 92.400000 0.338688 23.136138 19.892847
 92.600000 0.354116 23.757110 19.892847
 92.800000 0.364832 23.666975 19.892847
 93.000000 0.361232 23.759779 19.892847
 93.200000 0.346155 23.866908 19.892847
 93.400000 0.340106 23.431460 19.892847
 93.600000 0.351996 24.213982 19.892847
 93.800000 0.340180 23.436725 19.892847
 94.000000 0.356866 24.368506 19.892847
 94.200000 0.339361 23.677241 19.892847
 94.400000 0.313884 22.196682 19.892847
 94.600000 0.327684 22.833369 19.892847
 94.800000 0.334638 23.271936 19.892847
 95.000000 0.330129 22.967226 21.234118
 95.200000 0.342405 24.418903 21.234118
 95.400000 0.342620 24.434585 21.234118
 95.600000 0.328004 23.472560 21.234118
 95.800000 0.339737 24.224792 21.234118
 96.000000 0.335314 23.917091 21.234118
 96.200000 0.329045 24.085259 21.234118
 96.400000 0.358002 25.273283 21.234118
 96.600000 0.360275 25.187930 21.234118
 96.800000 0.333294 24.384957 21.234118
 97.000000 0.324946 23.771237 21.234118
 97.200000 0.296706 20.966497 21.234118
 97.400000 0.289166 20.032223 21.234118
 97.600000 0.282654 19.065201 21.234118
 97.800000 0.286426 19.655866 21.234118
 98.000000 0.305876 22.158666 21.234118
 98.200000 0.308605 23.170438 21.234118
 98.400000 0.310401 23.393298 21.234118
 98.600000 0.310665 23.425094 21.234118
 98.800000 0.312656 23.656436 21.234118
 99.000000 0.303801 22.524581 21.234118
 99.200000 0.288216 20.604721 21.234118
 99.400000 0.306827 23.567397 21.234118
 99.600000 0.319121 24.658535 21.234118
 99.800000 0.319201 24.662781 21.234118
 100.000000 0.318017 24.596104 22.275146
 100.200000 0.328569 25.466154 22.275146
 100.400000 0.338663 25.461386 22.275146
 100.600000 0.344051 25.484145 22.275146
 100.800000 0.347535 25.498611 22.275146
 101.000000 0.359386 25.279997 22.275146
 101.200000 0.375766 23.926358 22.275146
 101.400000 0.403496 17.779994 22.275146
 101.600000 0.420463 14.157171 22.275146
 101.800000 0.410839 16.115498 22.275146
 102.000000 0.409971 16.302181 22.275146
 102.200000 0.412038 16.700625 22.275146
 102.400000 0.415783 15.882791 22.275146
 102.600000 0.420613 14.784074 22.275146
 102.800000 0.412457 16.609630 22.275146
 103.000000 0.382198 22.865772 22.275146
 103.200000 0.396397 20.471419 22.275146
 103.400000 0.412602 16.658146 22.275146
 103.600000 0.429233 12.455819 22.275146
 103.800000 0.437055 9.668682 22.275146
 104.000000 0.448313 5.123350 22.275146
 104.200000 0.462657 2.107342 22.275146
 104.400000 0.443594 8.323835 22.275146
 104.600000 0.440911 9.338724 22.275146
 104.800000 0.439519 9.849977 22.275146
 105.000000 0.454618 4.276017 22.677864
 105.200000 0.439757 10.648131 22.677864
 105.400000 0.415965 16.074799 22.677864
 105.600000 0.420145 15.256427 22.677864
 105.800000 0.418599 15.555616 22.677864
 106.000000 0.414573 16.355693 22.677864
 106.200000 0.412270 17.667834 22.677864
 106.400000 0.404318 19.272986 22.677864
 106.600000 0.398871 20.376147 22.677864
 106.800000 0.413676 17.382848 22.677864
 107.000000 0.414747 17.164889 22.677864
 107.200000 0.409174 19.053256 22.677864
 107.400000 0.412212 18.482636 22.677864
 107.600000 0.436678 12.115859 22.677864
 107.800000 0.466704 2.409610 22.677864
 108.000000 0.472305 1.399388 22.677864
 108.200000 0.447474 8.690323 22.677864
 108.400000 0.444001 9.810239 22.677864
 108.600000 0.448594 8.338859 22.677864
 108.800000 0.458423 5.627663 22.677864
 109.000000 0.478533 2.181826 22.677864
 109.200000 0.459055 6.162179 22.677864
 109.400000 0.428246 14.754919 22.677864
 109.600000 0.406848 19.472065 22.677864
 109.800000 0.411620 18.596319 22.677864
 110.000000 0.397223 21.120797 22.762327
 110.200000 0.387521 23.327834 22.762327
 110.400000 0.417851 17.587846 22.762327
 110.600000 0.395070 22.162788 22.762327
 110.800000 0.379370 24.430414 22.762327
 111.000000 0.384686 23.730675 22.762327
 111.200000 0.415669 18.180600 22.762327
 111.400000 0.454385 7.081163 22.762327
 111.600000 0.452651 7.484808 22.762327
 111.800000 0.461733 5.739512 22.762327
 112.000000 0.464878 5.321150 22.762327
 112.200000 0.432998 13.560532 22.762327
 112.400000 0.436642 12.504704 22.762327
 112.600000 0.462239 7.026451 22.762327
 112.800000 0.459058 7.442016 22.762327
 113.000000 0.429209 14.640511 22.762327
 113.200000 0.419182 18.042490 22.762327
 113.400000 0.418021 18.294428 22.762327
 113.600000 0.432260 14.665961 22.762327
 113.800000 0.445661 10.518898 22.762327
 114.000000 0.429403 15.497544 22.762327
 114.200000 0.414255 19.605496 22.762327
 114.400000 0.426163 17.232739 22.762327
 114.600000 0.436478 14.147601 22.762327
 114.800000 0.446244 10.819082 22.762327
 115.000000 0.453907 8.708721 22.907567
 115.200000 0.461016 8.430922 22.907567
 115.400000 0.433522 15.598613 22.907567
 115.600000 0.415920 19.369404 22.907567
 115.800000 0.401266 21.730967 22.907567
 116.000000 0.390452 23.515317 22.907567
 116.200000 0.396238 23.145641 22.907567
 116.400000 0.393798 23.578766 22.907567
 116.600000 0.423934 17.970256 22.907567
 116.800000 0.417988 19.136276 22.907567
 117.000000 0.420074 18.745261 22.907567
 117.200000 0.417051 20.052397 22.907567
 117.400000 0.429638 17.266030 22.907567
 117.600000 0.434291 15.873969 22.907567
 117.800000 0.441061 13.665704 22.907567
 118.000000 0.451883 10.451427 22.907567
 118.200000 0.453509 11.141415 22.907567
 118.400000 0.440812 14.583717 22.907567
 118.600000 0.419649 19.692389 22.907567
 118.800000 0.409121 21.335072 22.907567
 119.000000 0.408458 21.435213 22.907567
 119.200000 0.425411 18.946888 22.907567
 119.400000 0.436329 15.980127 22.907567
 119.600000 0.462445 9.032448 22.907567
 119.800000 0.448582 12.430471 22.907567
 120.000000 0.429852 17.820932 23.143662
