#! FIELDS time d metad.bias metad.rct
 0.000000 0.240696 0.000000 0.000000
 0.200000 0.240514 0.000000 0.000000
 0.400000 0.249923 0.000000 0.000000
 0.600000 0.260630 0.000000 0.000000
 0.800000 0.249535 0.000000 0.000000
 1.000000 0.238520 0.000000 0.000000
 1.200000 0.244252 1.626570 0.000000
 1.400000 0.231220 1.554136 0.000000
 1.600000 0.229862 1.480957 0.000000
 1.800000 0.233444 1.652419 0.000000
 2.000000 0.231573 1.571655 0.000000
 2.200000 0.251189 1.916035 0.000000
 2.400000 0.246012 2.569835 0.000000
 2.600000 0.234020 3.282881 0.000000
 2.800000 0.227371 2.895582 0.000000
 3.000000 0.224085 2.540272 0.000000
 3.200000 0.235155 4.481638 0.000000
 3.400000 0.252429 2.015608 0.000000
 3.600000 0.234620 4.510531 0.000000
 3.800000 0.241454 3.827468 0.000000
 4.000000 0.248839 2.618521 0.000000
 4.200000 0.250851 3.818916 0.000000
 4.400000 0.241889 5.163362 0.000000
 4.600000 0.245765 4.671583 0.000000
 4.800000 0.251636 3.675414 0.000000
 5.000000 0.250760 3.835455 1.672752
 5.200000 0.230406 5.883974 1.672752
 5.400000 0.252154 5.048644 1.672752
 5.600000 0.255990 4.255564 1.672752
 5.800000 0.252015 5.075559 1.672752
 6.000000 0.258199 3.773603 1.672752
 6.200000 0.269593 2.650048 1.672752
 6.400000 0.277297 1.288510 1.672752
 6.600000 0.281581 0.782365 1.672752
 6.800000 0.261647 4.465921 1.672752
 7.000000 0.241377 7.214055 1.672752
 7.200000 0.249926 7.806707 1.672752
 7.400000 0.251063 7.605570 1.672752
 7.600000 0.266721 3.583396 1.672752
 7.800000 0.278075 1.244684 1.672752
 8.000000 0.257354 6.154157 1.672752
 8.200000 0.269275 3.909960 1.672752
 8.400000 0.271209 3.361328 1.672752
 8.600000 0.268114 4.253880 1.672752
 8.800000 0.249832 8.995142 1.672752
 9.000000 0.244906 9.336465 1.672752
 9.200000 0.244831 10.491841 1.672752
 9.400000 0.246667 10.425710 1.672752
 9.600000 0.230509 8.134151 1.672752
 9.800000 0.231983 8.555380 1.672752
 10.000000 0.245783 10.469523 5.264530
 10.200000 0.265092 6.126101 5.264530
 10.400000 0.271543 3.756463 5.264530
 10.600000 0.277477 2.093941 5.264530
 10.800000 0.266468 5.587973 5.264530
 11.000000 0.271096 3.904622 5.264530
 11.200000 0.281529 2.454362 5.264530
 11.400000 0.288372 1.253356 5.264530
 11.600000 0.289005 1.169414 5.264530
 11.800000 0.286146 1.583218 5.264530
 12.000000 0.265496 7.338499 5.264530
 12.200000 0.266891 8.095252 5.264530
 12.400000 0.291119 1.210372 5.264530
 12.600000 0.283352 2.698825 5.264530
 12.800000 0.287866 1.736872 5.264530
 13.000000 0.280890 3.339990 5.264530
 13.200000 0.280476 4.963149 5.264530
 13.400000 0.270103 8.079142 5.264530
 13.600000 0.257837 11.507702 5.264530
 13.800000 0.248315 12.623165 5.264530
 14.000000 0.269131 8.381057 5.264530
 14.200000 0.289175 3.295132 5.264530
 14.400000 0.271218 8.925504 5.264530
 14.600000 0.285356 4.350278 5.264530
 14.800000 0.276220 7.274275 5.264530
 15.000000 0.272753 8.425750 7.633051
 15.200000 0.276231 8.440698 7.633051
 15.400000 0.272645 9.663690 7.633051
 15.600000 0.266663 11.434704 7.633051
 15.800000 0.249776 13.484256 7.633051
 16.000000 0.250127 13.497759 7.633051
 16.200000 0.266985 11.859372 7.633051
 16.400000 0.279028 7.591126 7.633051
 16.600000 0.275409 8.959026 7.633051
 16.800000 0.273333 9.724918 7.633051
 17.000000 0.262645 13.042645 7.633051
 17.200000 0.267646 12.582584 7.633051
 17.400000 0.255234 15.169550 7.633051
 17.600000 0.242546 13.842638 7.633051
 17.800000 0.247918 14.920137 7.633051
 18.000000 0.252599 15.245592 7.633051
 18.200000 0.243261 14.756959 7.633051
 18.400000 0.226097 7.799401 7.633051
 18.600000 0.220843 5.620953 7.633051
 18.800000 0.232071 10.471116 7.633051
 19.000000 0.237878 12.933486 7.633051
 19.200000 0.232270 11.476908 7.633051
 19.400000 0.213561 3.443419 7.633051
 19.600000 0.227294 9.093169 7.633051
 19.800000 0.226142 8.542917 7.633051
 20.000000 0.209845 2.415927 10.699751
 20.200000 0.210082 4.045650 10.699751
 20.400000 0.216663 5.901570 10.699751
 20.600000 0.213296 4.892467 10.699751
 20.800000 0.216192 5.752598 10.699751
 21.000000 0.222769 8.062101 10.699751
 21.200000 0.230790 12.425495 10.699751
 21.400000 0.249455 16.984301 10.699751
 21.600000 0.244145 16.448536 10.699751
 21.800000 0.243772 16.382685 10.699751
 22.000000 0.237334 14.754295 10.699751
 22.200000 0.219056 8.314192 10.699751
 22.400000 0.213319 6.151160 10.699751
 22.600000 0.223634 10.216920 10.699751
 22.800000 0.221894 9.480908 10.699751
 23.000000 0.214748 6.661576 10.699751
 23.200000 0.222283 10.790804 10.699751
 23.400000 0.229171 13.396662 10.699751
 23.600000 0.235873 15.660983 10.699751
 23.800000 0.217811 9.094111 10.699751
 24.000000 0.225523 12.029091 10.699751
 24.200000 0.228106 14.011375 10.699751
 24.400000 0.220166 10.943438 10.699751
 24.600000 0.219791 10.792196 10.699751
 24.800000 0.212824 7.983816 10.699751
 25.000000 0.212717 7.941608 12.444322
 25.200000 0.212583 9.116819 12.444322
 25.400000 0.196707 3.317307 12.444322
 25.600000 0.202572 5.237845 12.444322
 25.800000 0.197776 3.634900 12.444322
 26.000000 0.213972 9.665913 12.444322
 26.200000 0.224139 14.343305 12.444322
 26.400000 0.218239 12.404790 12.444322
 26.600000 0.211528 9.820641 12.444322
 26.800000 0.221706 13.583522 12.444322
 27.000000 0.224895 14.567941 12.444322
 27.200000 0.227941 16.317422 12.444322
 27.400000 0.227533 16.212499 12.444322
 27.600000 0.216900 12.712940 12.444322
 27.800000 0.226880 16.040401 12.444322
 28.000000 0.233733 17.577086 12.444322
 28.200000 0.253217 18.196024 12.444322
 28.400000 0.241003 19.201699 12.444322
 28.600000 0.229740 17.527158 12.444322
 28.800000 0.220282 14.519904 12.444322
 29.000000 0.241439 19.218992 12.444322
 29.200000 0.252130 18.986735 12.444322
 29.400000 0.239699 19.865801 12.444322
 29.600000 0.223842 16.181911 12.444322
 29.800000 0.223255 15.964757 12.444322
 30.000000 0.227991 17.570436 14.910256
 30.200000 0.229009 18.668522 14.910256
 30.400000 0.226455 17.882841 14.910256
 30.600000 0.223216 16.710843 14.910256
 30.800000 0.209866 10.375125 14.910256
 31.000000 0.218729 14.798967 14.910256
 31.200000 0.221547 16.924943 14.910256
 31.400000 0.223498 17.680459 14.910256
 31.600000 0.215210 13.995698 14.910256
 31.800000 0.232186 20.067540 14.910256
 32.000000 0.239731 20.795350 14.910256
 32.200000 0.233052 20.842751 14.910256
 32.400000 0.228262 19.707956 14.910256
 32.600000 0.210662 11.677607 14.910256
 32.800000 0.209856 11.223630 14.910256
 33.000000 0.206872 9.547374 14.910256
 33.200000 0.219466 17.118277 14.910256
 33.400000 0.225952 19.481331 14.910256
 33.600000 0.221344 17.885762 14.910256
 33.800000 0.215288 15.194975 14.910256
 34.000000 0.240808 21.573288 14.910256
 34.200000 0.245392 21.833037 14.910256
 34.400000 0.245464 21.822227 14.910256
 34.600000 0.244712 21.928697 14.910256
 34.800000 0.226830 20.170192 14.910256
 35.000000 0.213772 14.563271 16.988404
 35.200000 0.213281 15.216290 16.988404
 35.400000 0.213068 15.101796 16.988404
 35.600000 0.237748 22.458806 16.988404
 35.800000 0.255038 19.342233 16.988404
 36.000000 0.239837 22.458475 16.988404
 36.200000 0.222050 19.565858 16.988404
 36.400000 0.226010 20.985352 16.988404
 36.600000 0.220914 19.098872 16.988404
 36.800000 0.215153 16.358735 16.988404
 37.000000 0.237945 23.101777 16.988404
 37.200000 0.254824 20.140614 16.988404
 37.400000 0.262962 16.443187 16.988404
 37.600000 0.253464 20.679219 16.988404
 37.800000 0.259827 17.941087 16.988404
 38.000000 0.259968 17.875218 16.988404
 38.200000 0.243913 23.787868 16.988404
 38.400000 0.254017 21.193381 16.988404
 38.600000 0.253254 21.473346 16.988404
 38.800000 0.235135 23.736186 16.988404
 39.000000 0.240887 24.023401 16.988404
 39.200000 0.243389 24.439788 16.988404
 39.400000 0.238439 24.609368 16.988404
 39.600000 0.227263 22.318421 16.988404
 39.800000 0.229865 23.144454 16.988404
 40.000000 0.231800 23.652366 19.581475
 40.200000 0.211825 15.013762 19.581475
 40.400000 0.212888 15.669173 19.581475
 40.600000 0.224781 21.937936 19.581475
 40.800000 0.224922 21.996291 19.581475
 41.000000 0.226234 22.519475 19.581475
 41.200000 0.217881 19.128543 19.581475
 41.400000 0.221490 21.060507 19.581475
 41.600000 0.220285 20.443860 19.581475
 41.800000 0.235165 25.430305 19.581475
 42.000000 0.215403 17.669106 19.581475
 42.200000 0.214429 17.865340 19.581475
 42.400000 0.235991 25.822760 19.581475
 42.600000 0.247676 24.324486 19.581475
 42.800000 0.246963 24.533072 19.581475
 43.000000 0.249605 23.695444 19.581475
 43.200000 0.264959 16.807805 19.581475
 43.400000 0.265220 16.659068 19.581475
 43.600000 0.254579 22.274571 19.581475
 43.800000 0.247533 24.970730 19.581475
 44.000000 0.242093 26.107877 19.581475
 44.200000 0.253455 23.190115 19.581475
 44.400000 0.276979 10.055370 19.581475
 44.600000 0.275874 10.661313 19.581475
 44.800000 0.268852 14.692407 19.581475
 45.000000 0.274361 11.508089 21.420808
 45.200000 0.284502 7.127490 21.420808
 45.400000 0.285039 6.868946 21.420808
 45.600000 0.279779 9.555331 21.420808
 45.800000 0.294465 3.124804 21.420808
 46.000000 0.297693 2.236088 21.420808
 46.200000 0.281539 9.508865 21.420808
 46.400000 0.274690 12.857307 21.420808
 46.600000 0.273677 13.380434 21.420808
 46.800000 0.275960 12.208549 21.420808
 47.000000 0.272487 14.000572 21.420808
 47.200000 0.253197 24.119532 21.420808
 47.400000 0.231895 26.093122 21.420808
 47.600000 0.258376 21.956796 21.420808
 47.800000 0.283465 9.365100 21.420808
 48.000000 0.288134 7.299266 21.420808
 48.200000 0.281185 11.599234 21.420808
 48.400000 0.278142 13.006348 21.420808
 48.600000 0.275822 14.095750 21.420808
 48.800000 0.265968 18.724697 21.420808
 49.000000 0.272331 15.745149 21.420808
 49.200000 0.260597 21.803510 21.420808
 49.400000 0.272900 16.343314 21.420808
 49.600000 0.286538 9.784413 21.420808
 49.800000 0.272554 16.507304 21.420808
 50.000000 0.267403 18.880301 21.912515
 50.200000 0.277256 14.851075 21.912515
 50.400000 0.284129 11.315820 21.912515
 50.600000 0.281715 12.549161 21.912515
 50.800000 0.279327 13.783037 21.912515
 51.000000 0.266371 20.092779 21.912515
 51.200000 0.269111 19.561519 21.912515
 51.400000 0.276880 15.602971 21.912515
 51.600000 0.280527 13.620217 21.912515
 51.800000 0.270799 18.751250 21.912515
 52.000000 0.250593 26.208020 21.912515
 52.200000 0.261413 23.260753 21.912515
 52.400000 0.277907 15.150578 21.912515
 52.600000 0.300929 4.369638 21.912515
 52.800000 0.293054 7.312598 21.912515
 53.000000 0.287788 9.796078 21.912515
 53.200000 0.300267 5.380669 21.912515
 53.400000 0.287550 11.047903 21.912515
 53.600000 0.266515 21.466164 21.912515
 53.800000 0.271835 19.078705 21.912515
 54.000000 0.279279 15.350167 21.912515
 54.200000 0.308061 3.083799 21.912515
 54.400000 0.297526 6.862027 21.912515
 54.600000 0.281349 15.143525 21.912515
 54.800000 0.271186 20.147834 21.912515
 55.000000 0.274620 18.568322 22.856746
 55.200000 0.282221 15.350755 22.856746
 55.400000 0.284384 14.130831 22.856746
 55.600000 0.301434 5.409238 22.856746
 55.800000 0.285870 13.286579 22.856746
 56.000000 0.280842 16.114884 22.856746
 56.200000 0.304357 4.564299 22.856746
 56.400000 0.308808 3.087629 22.856746
 56.600000 0.297624 7.509750 22.856746
 56.800000 0.292080 10.473345 22.856746
 57.000000 0.290717 11.253836 22.856746
 57.200000 0.305658 4.738534 22.856746
 57.400000 0.308974 3.544132 22.856746
 57.600000 0.316807 1.558089 22.856746
 57.800000 0.333912 0.115459 22.856746
 58.000000 0.338039 0.049347 22.856746
 58.200000 0.328628 1.730108 22.856746
 58.400000 0.304290 5.428600 22.856746
 58.600000 0.288144 13.804361 22.856746
 58.800000 0.302551 6.151012 22.856746
 59.000000 0.305479 4.971317 22.856746
 59.200000 0.317006 3.216279 22.856746
 59.400000 0.311278 4.494465 22.856746
 59.600000 0.316411 3.322361 22.856746
 59.800000 0.323343 2.433299 22.856746
 60.000000 0.316471 3.311311 22.951904
 60.200000 0.306922 7.086432 22.951904
 60.400000 0.310567 6.090828 22.951904
 60.600000 0.309319 6.413021 22.951904
 60.800000 0.307930 6.794270 22.951904
 61.000000 0.321186 4.070786 22.951904
 61.200000 0.331615 4.127052 22.951904
 61.400000 0.318742 5.873803 22.951904
 61.600000 0.304994 8.495829 22.951904
 61.800000 0.315201 6.409310 22.951904
 62.000000 0.305703 8.312980 22.951904
 62.200000 0.302478 10.383306 22.951904
 62.400000 0.299284 11.339936 22.951904
 62.600000 0.311233 8.226811 22.951904
 62.800000 0.305568 9.555784 22.951904
 63.000000 0.322004 6.087055 22.951904
 63.200000 0.314905 8.650405 22.951904
 63.400000 0.309258 9.596627 22.951904
 63.600000 0.301891 11.092666 22.951904
 63.800000 0.301236 11.252689 22.951904
 64.000000 0.309321 9.585485 22.951904
 64.200000 0.300155 12.475797 22.951904
 64.400000 0.308789 10.820822 22.951904
 64.600000 0.309270 10.736388 22.951904
 64.800000 0.327185 6.973405 22.951904
 65.000000 0.317177 9.267147 22.909939
 65.200000 0.297038 13.695736 22.909939
 65.400000 0.299799 13.146835 22.909939
 65.600000 0.298511 13.390397 22.909939
 65.800000 0.310912 11.508139 22.909939
 66.000000 0.309990 11.641985 22.909939
 66.200000 0.325562 8.970669 22.909939
 66.400000 0.327316 8.395880 22.909939
 66.600000 0.313899 12.043586 22.909939
 66.800000 0.302198 13.651948 22.909939
 67.000000 0.315119 11.804313 22.909939
 67.200000 0.326715 9.360774 22.909939
 67.400000 0.322463 10.855878 22.909939
 67.600000 0.323672 10.448955 22.909939
 67.800000 0.314711 12.920563 22.909939
 68.000000 0.308318 13.844477 22.909939
 68.200000 0.311909 14.320244 22.909939
 68.400000 0.315491 13.603556 22.909939
 68.600000 0.301281 15.290898 22.909939
 68.800000 0.301286 15.290570 22.909939
 69.000000 0.310441 14.538684 22.909939
 69.200000 0.321097 12.659604 22.909939
 69.400000 0.332785 7.630984 22.909939
 69.600000 0.333896 7.160407 22.909939
 69.800000 0.332452 7.774377 22.909939
 70.000000 0.331011 8.403112 22.879846
 70.200000 0.324797 12.254574 22.879846
 70.400000 0.327832 10.993798 22.879846
 70.600000 0.314285 15.406724 22.879846
 70.800000 0.296829 16.338235 22.879846
 71.000000 0.295829 16.397932 22.879846
 71.200000 0.313553 15.950072 22.879846
 71.400000 0.304375 16.908217 22.879846
 71.600000 0.305946 16.836940 22.879846
 71.800000 0.280848 19.931762 22.879846
 72.000000 0.285597 18.737663 22.879846
 72.200000 0.302891 17.348740 22.879846
 72.400000 0.317250 15.150413 22.879846
 72.600000 0.301106 17.455968 22.879846
 72.800000 0.290898 18.464901 22.879846
 73.000000 0.301803 17.414224 22.879846
 73.200000 0.289442 19.286486 22.879846
 73.400000 0.290594 19.123252 22.879846
 73.600000 0.288902 19.368875 22.879846
 73.800000 0.290287 19.165121 22.879846
 74.000000 0.276076 22.070856 22.879846
 74.200000 0.281659 21.384581 22.879846
 74.400000 0.294784 18.969752 22.879846
 74.600000 0.303490 18.234552 22.879846
 74.800000 0.301103 18.422697 22.879846
 75.000000 0.312437 16.964649 23.136610
 75.200000 0.310867 18.105494 23.136610
 75.400000 0.299882 19.093784 23.136610
 75.600000 0.280266 21.800303 23.136610
 75.800000 0.287259 20.335733 23.136610
 76.000000 0.287041 20.374530 23.136610
 76.200000 0.272911 23.927795 23.136610
 76.400000 0.264115 25.438033 23.136610
 76.600000 0.255658 26.803719 23.136610
 76.800000 0.271634 24.164354 23.136610
 77.000000 0.276346 23.253075 23.136610
 77.200000 0.289963 21.006952 23.136610
 77.400000 0.287364 21.497249 23.136610
 77.600000 0.293684 20.430197 23.136610
 77.800000 0.284850 22.021917 23.136610
 78.000000 0.283032 22.422334 23.136610
 78.200000 0.276190 24.486631 23.136610
 78.400000 0.276772 24.377620 23.136610
 78.600000 0.288294 21.920763 23.136610
 78.800000 0.283428 22.978722 23.136610
 79.000000 0.294173 20.854853 23.136610
 79.200000 0.305242 19.982262 23.136610
 79.400000 0.307979 19.487962 23.136610
 79.600000 0.276484 24.776102 23.136610
 79.800000 0.285932 23.017809 23.136610
 80.000000 0.286117 22.981509 23.702846
 80.200000 0.290505 22.755306 23.702846
 80.400000 0.290458 22.764268 23.702846
 80.600000 0.283686 24.082612 23.702846
 80.800000 0.280543 24.656245 23.702846
 81.000000 0.278270 25.026581 23.702846
 81.200000 0.274994 26.043859 23.702846
 81.400000 0.273887 26.166206 23.702846
 81.600000 0.283716 24.614182 23.702846
 81.800000 0.289498 23.381897 23.702846
 82.000000 0.297191 21.846790 23.702846
 82.200000 0.291233 23.624147 23.702846
 82.400000 0.301054 21.794270 23.702846
 82.600000 0.274928 26.270548 23.702846
 82.800000 0.265188 26.852650 23.702846
 83.000000 0.257834 27.288288 23.702846
 83.200000 0.265109 27.317537 23.702846
 83.400000 0.270096 26.991314 23.702846
 83.600000 0.250612 28.354646 23.702846
 83.800000 0.245778 28.541071 23.702846
 84.000000 0.263549 27.413312 23.702846
 84.200000 0.262433 27.998685 23.702846
 84.400000 0.259868 28.158146 23.702846
 84.600000 0.271139 27.363823 23.702846
 84.800000 0.268788 27.569689 23.702846
 85.000000 0.257827 28.287515 25.004676
 85.200000 0.245709 29.153281 25.004676
 85.400000 0.260062 28.636921 25.004676
 85.600000 0.261114 28.565192 25.004676
 85.800000 0.267661 28.055769 25.004676
 86.000000 0.269611 27.866696 25.004676
 86.200000 0.273980 27.812813 25.004676
 86.400000 0.278553 26.987105 25.004676
 86.600000 0.272292 28.055194 25.004676
 86.800000 0.262535 28.917169 25.004676
 87.000000 0.246077 29.311766 25.004676
 87.200000 0.251714 29.804312 25.004676
 87.400000 0.257921 29.497868 25.004676
 87.600000 0.249309 29.846359 25.004676
 87.800000 0.247244 29.825746 25.004676
 88.000000 0.257270 29.538123 25.004676
 88.200000 0.249551 30.256214 25.004676
 88.400000 0.244503 30.022182 25.004676
 88.600000 0.248593 30.242812 25.004676
 88.800000 0.240253 29.459157 25.004676
 89.000000 0.262752 29.598866 25.004676
 89.200000 0.274629 28.368919 25.004676
 89.400000 0.269504 29.282191 25.004676
 89.600000 0.263901 29.961128 25.004676
 89.800000 0.258955 30.351035 25.004676
 90.000000 0.249433 30.570629 26.668519
 90.200000 0.248460 30.984372 26.668519
 90.400000 0.254996 30.959673 26.668519
 90.600000 0.252772 31.029515 26.668519
 90.800000 0.258386 30.760234 26.668519
 91.000000 0.261196 30.525178 26.668519
 91.200000 0.270843 29.599856 26.668519
 91.400000 0.283057 26.481007 26.668519
 91.600000 0.276596 28.289042 26.668519
 91.800000 0.259307 31.135411 26.668519
 92.000000 0.279672 27.457899 26.668519
 92.200000 0.270371 30.115331 26.668519
 92.400000 0.256307 31.472572 26.668519
 92.600000 0.253826 31.517328 26.668519
 92.800000 0.279119 28.127035 26.668519
 93.000000 0.279841 27.925489 26.668519
 93.200000 0.254220 31.631268 26.668519
 93.400000 0.265116 31.163722 26.668519
 93.600000 0.270307 30.538209 26.668519
 93.800000 0.283351 27.384973 26.668519
 94.000000 0.298523 22.921271 26.668519
 94.200000 0.295798 24.248813 26.668519
 94.400000 0.289288 26.038870 26.668519
 94.600000 0.279379 28.837636 26.668519
 94.800000 0.282718 27.941444 26.668519
 95.000000 0.287819 26.465534 27.599980
 95.200000 0.289828 26.416696 27.599980
 95.400000 0.270790 30.857803 27.599980
 95.600000 0.287673 27.046617 27.599980
 95.800000 0.305256 22.083415 27.599980
 96.000000 0.311404 20.029066 27.599980
 96.200000 0.307487 22.086408 27.599980
 96.400000 0.292359 26.003110 27.599980
 96.600000 0.287862 27.199539 27.599980
 96.800000 0.281034 28.981957 27.599980
 97.000000 0.278629 29.535513 27.599980
 97.200000 0.276867 30.368669 27.599980
 97.400000 0.278165 30.104629 27.599980
 97.600000 0.284133 28.635582 27.599980
 97.800000 0.277940 30.152138 27.599980
 98.000000 0.266006 31.659278 27.599980
 98.200000 0.269154 31.859559 27.599980
 98.400000 0.274236 31.198813 27.599980
 98.600000 0.265884 32.092846 27.599980
 98.800000 0.255989 32.180770 27.599980
 99.000000 0.274426 31.166240 27.599980
 99.200000 0.265821 32.466350 27.599980
 99.400000 0.275078 31.486246 27.599980
 99.600000 0.278639 30.721878 27.599980
 99.800000 0.277902 30.896745 27.599980
 100.000000 0.286981 28.306632 28.602740
 100.200000 0.259428 32.590981 28.602740
 100.400000 0.264904 32.662843 28.602740
 100.600000 0.267042 32.615975 28.602740
 100.800000 0.264272 32.667182 28.602740
 101.000000 0.265784 32.649839 28.602740
 101.200000 0.260501 33.006815 28.602740
 101.400000 0.257807 32.884758 28.602740
 101.600000 0.254386 32.655951 28.602740
 101.800000 0.244485 31.380400 28.602740
 102.000000 0.255593 32.746085 28.602740
 102.200000 0.263444 33.425628 28.602740
 102.400000 0.260256 33.385666 28.602740
 102.600000 0.247510 32.245102 28.602740
 102.800000 0.256911 33.237967 28.602740
 103.000000 0.263340 33.426034 28.602740
 103.200000 0.263584 33.819640 28.602740
 103.400000 0.257856 33.658988 28.602740
 103.600000 0.258597 33.700378 28.602740
 103.800000 0.268269 33.625777 28.602740
 104.000000 0.276519 32.328375 28.602740
 104.200000 0.258848 33.919784 28.602740
 104.400000 0.256051 33.697913 28.602740
 104.600000 0.269224 33.910682 28.602740
 104.800000 0.289351 28.568767 28.602740
 105.000000 0.275833 32.900504 30.080735
 105.200000 0.274850 33.512926 30.080735
 105.400000 0.285777 30.196077 30.080735
 105.600000 0.289318 28.850513 30.080735
 105.800000 0.282585 31.351811 30.080735
 106.000000 0.307678 22.434683 30.080735
 106.200000 0.316578 19.197874 30.080735
 106.400000 0.302151 24.921275 30.080735
 106.600000 0.292577 28.008209 30.080735
 106.800000 0.285628 30.469635 30.080735
 107.000000 0.269342 34.292048 30.080735
 107.200000 0.272289 34.361825 30.080735
 107.400000 0.249498 33.121841 30.080735
 107.600000 0.259410 34.484058 30.080735
 107.800000 0.253617 33.797763 30.080735
 108.000000 0.254136 33.871757 30.080735
 108.200000 0.275214 33.994658 30.080735
 108.400000 0.278345 33.193654 30.080735
 108.600000 0.260302 34.916109 30.080735
 108.800000 0.255706 34.465711 30.080735
 109.000000 0.239418 30.870586 30.080735
 109.200000 0.227401 26.140959 30.080735
 109.400000 0.231432 28.126090 30.080735
 109.600000 0.237408 30.608754 30.080735
 109.800000 0.233995 29.259590 30.080735
 110.000000 0.219969 21.889580 30.917474
 110.200000 0.230768 28.324346 30.917474
 110.400000 0.234459 29.867295 30.917474
 110.600000 0.227561 26.804544 30.917474
 110.800000 0.223526 24.659340 30.917474
 111.000000 0.220308 22.759736 30.917474
 111.200000 0.212687 18.210193 30.917474
 111.400000 0.216677 21.040094 30.917474
 111.600000 0.202736 10.780317 30.917474
 111.800000 0.202186 10.389470 30.917474
 112.000000 0.214474 19.504560 30.917474
 112.200000 0.222825 25.514279 30.917474
 112.400000 0.221779 24.932538 30.917474
 112.600000 0.202731 11.317199 30.917474
 112.800000 0.196659 7.154221 30.917474
 113.000000 0.206771 14.406198 30.917474
 113.200000 0.223204 26.223905 30.917474
 113.400000 0.230478 29.375888 30.917474
 113.600000 0.199026 9.484985 30.917474
 113.800000 0.176498 0.704211 30.917474
 114.000000 0.194998 6.853263 30.917474
 114.200000 0.197709 9.847815 30.917474
 114.400000 0.191298 6.087783 30.917474
 114.600000 0.186604 3.991499 30.917474
 114.800000 0.186302 3.876452 30.917474
 115.000000 0.191008 5.941404 30.986356
 115.200000 0.197622 11.009428 30.986356
 115.400000 0.197365 10.850531 30.986356
 115.600000 0.192882 8.257890 30.986356
 115.800000 0.184438 4.440164 30.986356
 116.000000 0.191523 7.544729 30.986356
 116.200000 0.203961 16.035353 30.986356
 116.400000 0.214103 22.171674 30.986356
 116.600000 0.195264 10.804827 30.986356
 116.800000 0.203210 15.566639 30.986356
 117.000000 0.213728 21.960211 30.986356
 117.200000 0.207130 18.612174 30.986356
 117.400000 0.206111 17.958106 30.986356
 117.600000 0.196433 11.806783 30.986356
 117.800000 0.198056 12.797558 30.986356
 118.000000 0.184307 5.601305 30.986356
 118.200000 0.195488 12.276788 30.986356
 118.400000 0.221304 26.497485 30.986356
 118.600000 0.225021 28.001125 30.986356
 118.800000 0.215329 23.662428 30.986356
 119.000000 0.199510 14.521985 30.986356
 119.200000 0.200051 15.750940 30.986356
 119.400000 0.209677 21.266570 30.986356
 119.600000 0.210640 21.790098 30.986356
 119.800000 0.194147 12.424144 30.986356
 120.000000 0.194196 12.450808 30.991189
 120.200000 0.193562 13.111209 30.991189
 120.400000 0.224319 28.095532 30.991189
 120.600000 0.210811 22.425404 30.991189
 120.800000 0.201230 17.333888 30.991189
 121.000000 0.201013 17.214231 30.991189
 121.200000 0.206531 20.978122 30.991189
 121.400000 0.216789 25.663336 30.991189
 121.600000 0.215125 24.988647 30.991189
 121.800000 0.207070 21.253720 30.991189
 122.000000 0.200044 17.488816 30.991189
 122.200000 0.223504 28.309578 30.991189
 122.400000 0.241651 32.859014 30.991189
 122.600000 0.222488 27.999049 30.991189
 122.800000 0.213105 24.672820 30.991189
 123.000000 0.248439 33.992032 30.991189
 123.200000 0.236969 32.155908 30.991189
 123.400000 0.240845 33.039150 30.991189
 123.600000 0.256286 35.200761 30.991189
 123.800000 0.230685 30.516166 30.991189
 124.000000 0.251013 34.707761 30.991189
 124.200000 0.244087 34.010376 30.991189
 124.400000 0.217956 26.589951 30.991189
 124.600000 0.206789 21.847717 30.991189
 124.800000 0.218197 26.676978 30.991189
 125.000000 0.217405 26.389266 31.561975
 125.200000 0.197854 17.285392 31.561975
 125.400000 0.189691 12.383060 31.561975
 125.600000 0.212165 24.823688 31.561975
 125.800000 0.215293 26.125642 31.561975
 126.000000 0.217364 26.914508 31.561975
 126.200000 0.211247 24.901135 31.561975
 126.400000 0.207672 23.142445 31.561975
 126.600000 0.223408 29.428569 31.561975
 126.800000 0.224739 29.813684 31.561975
 127.000000 0.211656 25.089518 31.561975
 127.200000 0.206681 23.163486 31.561975
 127.400000 0.226937 30.758927 31.561975
 127.600000 0.232436 32.030153 31.561975
 127.800000 0.221956 29.441622 31.561975
 128.000000 0.209281 24.523307 31.561975
 128.200000 0.208032 24.469288 31.561975
 128.400000 0.203680 22.012086 31.561975
 128.600000 0.186879 11.129506 31.561975
 128.800000 0.166240 1.985054 31.561975
 129.000000 0.167644 2.328051 31.561975
 129.200000 0.173109 5.534261 31.561975
 129.400000 0.179060 7.862868 31.561975
 129.600000 0.209531 25.263785 31.561975
 129.800000 0.201918 21.048374 31.561975
 130.000000 0.167544 3.879999 31.645331
 130.200000 0.183061 10.630395 31.645331
 130.400000 0.186745 12.392935 31.645331
 130.600000 0.193143 15.908240 31.645331
 130.800000 0.215487 27.830754 31.645331
 131.000000 0.205436 23.162642 31.645331
 131.200000 0.190107 14.548961 31.645331
 131.400000 0.190338 14.682758 31.645331
 131.600000 0.180159 9.542683 31.645331
 131.800000 0.185278 11.917245 31.645331
 132.000000 0.179348 9.207260 31.645331
 132.200000 0.185970 13.325321 31.645331
 132.400000 0.184752 12.740941 31.645331
 132.600000 0.179752 10.533981 31.645331
 132.800000 0.158559 3.718998 31.645331
 133.000000 0.182185 11.570121 31.645331
 133.200000 0.203870 23.574213 31.645331
 133.400000 0.209113 26.058836 31.645331
 133.600000 0.184989 13.880099 31.645331
 133.800000 0.194393 18.569907 31.645331
 134.000000 0.181772 12.433977 31.645331
 134.200000 0.185060 14.894858 31.645331
 134.400000 0.175219 10.632940 31.645331
 134.600000 0.185833 15.242980 31.645331
 134.800000 0.178542 12.041582 31.645331
 135.000000 0.178184 11.888416 31.634712
 135.200000 0.177460 12.609344 31.634712
 135.400000 0.168525 8.738512 31.634712
 135.600000 0.177291 12.536723 31.634712
 135.800000 0.189414 17.669035 31.634712
 136.000000 0.193117 19.281796 31.634712
 136.200000 0.176481 12.588648 31.634712
 136.400000 0.181720 14.974292 31.634712
 136.600000 0.165829 7.732591 31.634712
 136.800000 0.169971 9.587512 31.634712
 137.000000 0.175075 11.940006 31.634712
 137.200000 0.160558 6.197134 31.634712
 137.400000 0.166380 8.842536 31.634712
 137.600000 0.181007 15.603852 31.634712
 137.800000 0.174099 12.514663 31.634712
 138.000000 0.168380 9.795931 31.634712
 138.200000 0.184373 17.647135 31.634712
 138.400000 0.184372 17.646608 31.634712
 138.600000 0.191202 20.107363 31.634712
 138.800000 0.195223 21.597351 31.634712
 139.000000 0.191032 20.045407 31.634712
 139.200000 0.178709 16.011398 31.634712
 139.400000 0.165689 9.800233 31.634712
 139.600000 0.161110 7.536846 31.634712
 139.800000 0.164036 8.971248 31.634712
 140.000000 0.182661 17.632195 31.614560
 140.200000 0.178600 16.733503 31.614560
 140.400000 0.179428 17.095464 31.614560
 140.600000 0.190514 21.269068 31.614560
 140.800000 0.204473 25.937100 31.614560
 141.000000 0.199567 24.302383 31.614560
 141.200000 0.178255 16.795744 31.614560
 141.400000 0.170611 12.933796 31.614560
 141.600000 0.150871 3.430941 31.614560
 141.800000 0.170741 13.003066 31.614560
 142.000000 0.179575 17.402252 31.614560
 142.200000 0.179794 18.306754 31.614560
 142.400000 0.179317 18.091085 31.614560
 142.600000 0.156626 5.937107 31.614560
 142.800000 0.173119 14.991980 31.614560
 143.000000 0.175505 16.247491 31.614560
 143.200000 0.158789 7.454311 31.614560
 143.400000 0.171731 15.054445 31.614560
 143.600000 0.184145 20.840161 31.614560
 143.800000 0.175668 17.178975 31.614560
 144.000000 0.154488 5.289822 31.614560
 144.200000 0.156085 7.425762 31.614560
 144.400000 0.167312 13.414174 31.614560
 144.600000 0.172355 16.085100 31.614560
 144.800000 0.169733 14.723205 31.614560
 145.000000 0.154853 6.841296 31.597171
 145.200000 0.161184 11.226805 31.597171
 145.400000 0.173758 17.363933 31.597171
 145.600000 0.168856 15.087250 31.597171
 145.800000 0.183135 20.906716 31.597171
 146.000000 0.175234 17.997591 31.597171
 146.200000 0.181476 21.081167 31.597171
 146.400000 0.166655 14.665504 31.597171
 146.600000 0.143530 3.756906 31.597171
 146.800000 0.159463 10.813314 31.597171
 147.000000 0.165671 14.144828 31.597171
 147.200000 0.173875 18.998864 31.597171
 147.400000 0.197095 25.180837 31.597171
 147.600000 0.189311 23.488011 31.597171
 147.800000 0.179825 21.131040 31.597171
 148.000000 0.163395 13.845787 31.597171
 148.200000 0.138614 2.802566 31.597171
 148.400000 0.139542 3.077569 31.597171
 148.600000 0.165142 15.732215 31.597171
 148.800000 0.147507 6.158323 31.597171
 149.000000 0.135185 1.935497 31.597171
 149.200000 0.147690 7.376648 31.597171
 149.400000 0.150176 8.430337 31.597171
 149.600000 0.163547 15.139841 31.597171
 149.800000 0.139155 4.510745 31.597171
 150.000000 0.143088 5.688606 31.560336
 150.200000 0.155679 12.010879 31.560336
 150.400000 0.160083 14.050400 31.560336
 150.600000 0.162292 15.087845 31.560336
 150.800000 0.169431 18.271914 31.560336
 151.000000 0.165462 16.552683 31.560336
 151.200000 0.157253 13.451073 31.560336
 151.400000 0.159687 14.641845 31.560336
 151.600000 0.149947 10.042462 31.560336
 151.800000 0.154012 11.891383 31.560336
 152.000000 0.137249 5.420649 31.560336
 152.200000 0.136440 6.557597 31.560336
 152.400000 0.143306 8.665998 31.560336
 152.600000 0.160801 15.584345 31.560336
 152.800000 0.140926 7.908420 31.560336
 153.000000 0.143737 8.806995 31.560336
 153.200000 0.153649 13.425193 31.560336
 153.400000 0.155112 13.975987 31.560336
 153.600000 0.153906 13.521268 31.560336
 153.800000 0.157364 14.844633 31.560336
 154.000000 0.143695 9.975367 31.560336
 154.200000 0.171291 20.311990 31.560336
 154.400000 0.179885 22.415138 31.560336
 154.600000 0.191962 24.392102 31.560336
 154.800000 0.196436 25.210671 31.560336
 155.000000 0.165801 18.541299 31.523394
 155.200000 0.156772 16.019554 31.523394
 155.400000 0.140879 10.348690 31.523394
 155.600000 0.145486 11.985795 31.523394
 155.800000 0.150323 13.686439 31.523394
 156.000000 0.160908 17.550890 31.523394
 156.200000 0.160255 18.109663 31.523394
 156.400000 0.188165 24.187606 31.523394
 156.600000 0.198207 25.685559 31.523394
 156.800000 0.186636 24.023529 31.523394
 157.000000 0.185917 23.948207 31.523394
 157.200000 0.182001 24.109950 31.523394
 157.400000 0.188475 24.815605 31.523394
 157.600000 0.208686 28.262184 31.523394
 157.800000 0.195793 25.723219 31.523394
 158.000000 0.196429 25.821128 31.523394
 158.200000 0.205227 27.975450 31.523394
 158.400000 0.206100 28.148344 31.523394
 158.600000 0.203690 27.674236 31.523394
 158.800000 0.191041 25.616733 31.523394
 159.000000 0.186020 24.996349 31.523394
 159.200000 0.176334 23.908493 31.523394
 159.400000 0.173899 23.287617 31.523394
 159.600000 0.181762 24.974787 31.523394
 159.800000 0.179709 24.618751 31.523394
 160.000000 0.181580 24.945261 31.530751
 160.200000 0.195223 27.047432 31.530751
 160.400000 0.199234 27.520747 31.530751
 160.600000 0.200891 27.744711 31.530751
 160.800000 0.215908 30.085252 31.530751
 161.000000 0.207309 28.728382 31.530751
 161.200000 0.182594 25.803955 31.530751
 161.400000 0.181317 25.585678 31.530751
 161.600000 0.206871 29.143863 31.530751
 161.800000 0.211180 29.828520 31.530751
 162.000000 0.213324 30.144573 31.530751
 162.200000 0.194883 27.570979 31.530751
 162.400000 0.185222 26.271742 31.530751
 162.600000 0.177773 24.885442 31.530751
 162.800000 0.172302 23.347250 31.530751
 163.000000 0.176244 24.504753 31.530751
 163.200000 0.164616 20.902342 31.530751
 163.400000 0.162755 20.079189 31.530751
 163.600000 0.162560 19.991542 31.530751
 163.800000 0.139630 10.234578 31.530751
 164.000000 0.149736 14.331917 31.530751
 164.200000 0.145411 13.444349 31.530751
 164.400000 0.146170 13.763456 31.530751
 164.600000 0.149558 15.181606 31.530751
 164.800000 0.138217 10.354015 31.530751
 165.000000 0.136386 9.551613 31.607351
 165.200000 0.172597 24.360946 31.607351
 165.400000 0.156682 18.626744 31.607351
 165.600000 0.146682 14.881473 31.607351
 165.800000 0.184374 26.719602 31.607351
 166.000000 0.178299 25.759993 31.607351
 166.200000 0.164997 22.176041 31.607351
 166.400000 0.145046 14.304848 31.607351
 166.600000 0.149980 16.208265 31.607351
 166.800000 0.154069 17.789210 31.607351
 167.000000 0.190182 27.750435 31.607351
 167.200000 0.205771 29.849141 31.607351
 167.400000 0.197186 28.841453 31.607351
 167.600000 0.188707 28.136833 31.607351
 167.800000 0.199146 29.041326 31.607351
 168.000000 0.195156 28.658091 31.607351
 168.200000 0.194356 29.078597 31.607351
 168.400000 0.205073 30.149327 31.607351
 168.600000 0.208247 30.511497 31.607351
 168.800000 0.197299 29.335555 31.607351
 169.000000 0.191708 28.855082 31.607351
 169.200000 0.192986 29.445522 31.607351
 169.400000 0.168153 23.789754 31.607351
 169.600000 0.174028 25.999954 31.607351
 169.800000 0.181968 28.095480 31.607351
 170.000000 0.170582 24.756094 31.677046
 170.200000 0.186077 29.090365 31.677046
 170.400000 0.201391 30.205448 31.677046
 170.600000 0.210648 31.010158 31.677046
 170.800000 0.196210 29.834228 31.677046
 171.000000 0.191336 29.529215 31.677046
 171.200000 0.191932 30.037724 31.677046
 171.400000 0.190499 29.940606 31.677046
 171.600000 0.185351 29.443029 31.677046
 171.800000 0.192479 30.071680 31.677046
 172.000000 0.213203 31.383189 31.677046
 172.200000 0.211085 31.672437 31.677046
 172.400000 0.223323 32.338803 31.677046
 172.600000 0.225828 32.480430 31.677046
 172.800000 0.239800 33.927409 31.677046
 173.000000 0.248846 35.032783 31.677046
 173.200000 0.232536 33.238970 31.677046
 173.400000 0.216806 32.058326 31.677046
 173.600000 0.228049 32.771163 31.677046
 173.800000 0.210339 31.631025 31.677046
 174.000000 0.193408 30.307100 31.677046
 174.200000 0.175648 27.583038 31.677046
 174.400000 0.193110 30.738634 31.677046
 174.600000 0.192141 30.663743 31.677046
 174.800000 0.215229 32.123107 31.677046
 175.000000 0.225357 32.605421 32.155943
 175.200000 0.232514 33.615943 32.155943
 175.400000 0.232179 33.581127 32.155943
 175.600000 0.219735 32.696345 32.155943
 175.800000 0.219814 32.700500 32.155943
 176.000000 0.224711 32.974365 32.155943
 176.200000 0.236831 34.407412 32.155943
 176.400000 0.216265 32.853215 32.155943
 176.600000 0.216338 32.858357 32.155943
 176.800000 0.213492 32.644289 32.155943
 177.000000 0.221971 33.212141 32.155943
 177.200000 0.211221 32.760059 32.155943
 177.400000 0.216112 33.211733 32.155943
 177.600000 0.237160 34.681872 32.155943
 177.800000 0.232000 34.239220 32.155943
 178.000000 0.230560 34.133237 32.155943
 178.200000 0.224049 34.079616 32.155943
 178.400000 0.233683 34.747204 32.155943
 178.600000 0.196454 31.221058 32.155943
 178.800000 0.190983 30.684344 32.155943
 179.000000 0.203382 31.967569 32.155943
 179.200000 0.213328 33.503888 32.155943
 179.400000 0.227696 34.431352 32.155943
 179.600000 0.213718 33.540405 32.155943
 179.800000 0.201757 32.198475 32.155943
 180.000000 0.202743 32.313676 32.690429
 180.200000 0.214862 33.941637 32.690429
 180.400000 0.200694 32.486465 32.690429
 180.600000 0.195914 31.914959 32.690429
 180.800000 0.221592 34.296939 32.690429
 181.000000 0.231795 34.737237 32.690429
 181.200000 0.218914 34.435449 32.690429
 181.400000 0.214877 34.139515 32.690429
 181.600000 0.225639 34.795226 32.690429
 181.800000 0.254670 36.231558 32.690429
 182.000000 0.256187 36.239968 32.690429
 182.200000 0.230599 35.124486 32.690429
 182.400000 0.205378 33.113185 32.690429
 182.600000 0.208837 33.530297 32.690429
 182.800000 0.214464 34.110648 32.690429
 183.000000 0.234385 35.382782 32.690429
 183.200000 0.228674 35.343001 32.690429
 183.400000 0.223558 35.005252 32.690429
 183.600000 0.223220 34.982093 32.690429
 183.800000 0.210145 33.776562 32.690429
 184.000000 0.202675 32.814651 32.690429
 184.200000 0.203389 33.313041 32.690429
 184.400000 0.217469 34.791729 32.690429
 184.600000 0.232413 35.658397 32.690429
 184.800000 0.231525 35.602673 32.690429
 185.000000 0.251342 36.694129 33.530353
 185.200000 0.274606 34.714958 33.530353
 185.400000 0.297719 26.393237 33.530353
 185.600000 0.311095 21.759357 33.530353
 185.800000 0.323695 15.187425 33.530353
 186.000000 0.319352 17.708640 33.530353
 186.200000 0.330193 11.921413 33.530353
 186.400000 0.346368 3.967388 33.530353
 186.600000 0.323976 15.777605 33.530353
 186.800000 0.298613 26.404813 33.530353
 187.000000 0.310419 22.703591 33.530353
 187.200000 0.337720 7.769349 33.530353
 187.400000 0.367745 0.326065 33.530353
 187.600000 0.367190 0.355128 33.530353
 187.800000 0.340470 6.401361 33.530353
 188.000000 0.336349 8.506865 33.530353
 188.200000 0.334602 10.684691 33.530353
 188.400000 0.335332 10.270885 33.530353
 188.600000 0.329140 13.927255 33.530353
 188.800000 0.342075 6.790300 33.530353
 189.000000 0.326482 15.546026 33.530353
 189.200000 0.337943 9.497400 33.530353
 189.400000 0.354998 2.421213 33.530353
 189.600000 0.375211 0.133389 33.530353
 189.800000 0.379497 0.056077 33.530353
 190.000000 0.353826 2.730659 33.506507
 190.200000 0.337929 10.387990 33.506507
 190.400000 0.329710 14.860262 33.506507
 190.600000 0.333894 12.505448 33.506507
 190.800000 0.337773 10.465834 33.506507
 191.000000 0.335472 11.654994 33.506507
 191.200000 0.347065 7.206011 33.506507
 191.400000 0.353948 4.733332 33.506507
 191.600000 0.351248 5.627971 33.506507
 191.800000 0.341275 9.760790 33.506507
 192.000000 0.353021 5.029740 33.506507
 192.200000 0.372494 1.580000 33.506507
 192.400000 0.360382 4.219661 33.506507
 192.600000 0.339059 11.749327 33.506507
 192.800000 0.353004 6.434245 33.506507
 193.000000 0.354167 6.059794 33.506507
 193.200000 0.351188 8.346864 33.506507
 193.400000 0.369730 2.834892 33.506507
 193.600000 0.360014 5.558727 33.506507
 193.800000 0.355023 7.123805 33.506507
 194.000000 0.353572 7.585026 33.506507
 194.200000 0.355822 8.105016 33.506507
 194.400000 0.365459 4.861389 33.506507
 194.600000 0.355648 8.162070 33.506507
 194.800000 0.342334 12.268272 33.506507
 195.000000 0.352812 9.073999 33.470612
 195.200000 0.348261 11.584606 33.470612
 195.400000 0.338102 14.384281 33.470612
 195.600000 0.344549 12.589682 33.470612
 195.800000 0.348121 11.623639 33.470612
 196.000000 0.355962 9.201566 33.470612
 196.200000 0.366212 6.319084 33.470612
 196.400000 0.342952 13.813198 33.470612
 196.600000 0.327391 18.418995 33.470612
 196.800000 0.332301 16.648638 33.470612
 197.000000 0.349946 12.178200 33.470612
 197.200000 0.371555 4.589840 33.470612
 197.400000 0.357288 10.794900 33.470612
 197.600000 0.354392 11.860907 33.470612
 197.800000 0.338272 15.662527 33.470612
 198.000000 0.336943 15.957079 33.470612
 198.200000 0.334676 17.356316 33.470612
 198.400000 0.338886 16.384744 33.470612
 198.600000 0.351620 13.267146 33.470612
 198.800000 0.360126 9.879930 33.470612
 199.000000 0.353365 12.673088 33.470612
 199.200000 0.335920 17.559879 33.470612
 199.400000 0.318519 22.471709 33.470612
 199.600000 0.343614 16.180338 33.470612
 199.800000 0.349058 14.995707 33.470612
 200.000000 0.339974 16.818042 33.437460
 200.200000 0.331208 19.313042 33.437460
 200.400000 0.340072 17.628493 33.437460
 200.600000 0.350086 15.374372 33.437460
 200.800000 0.340810 17.499960 33.437460
 201.000000 0.341457 17.385693 33.437460
 201.200000 0.356204 13.521664 33.437460
 201.400000 0.369306 6.427355 33.437460
 201.600000 0.378531 2.602652 33.437460
 201.800000 0.361174 10.905861 33.437460
 202.000000 0.356082 13.580912 33.437460
 202.200000 0.369866 6.768662 33.437460
 202.400000 0.370996 6.167917 33.437460
 202.600000 0.365795 9.088060 33.437460
 202.800000 0.369724 6.845633 33.437460
 203.000000 0.374323 4.556619 33.437460
 203.200000 0.381694 3.245870 33.437460
 203.400000 0.371188 7.465940 33.437460
 203.600000 0.392115 1.103531 33.437460
 203.800000 0.404830 0.191954 33.437460
 204.000000 0.383589 2.717897 33.437460
 204.200000 0.350948 17.221956 33.437460
 204.400000 0.362610 12.604286 33.437460
 204.600000 0.371214 8.555438 33.437460
 204.800000 0.382173 4.649445 33.437460
 205.000000 0.381939 4.714737 33.402751
 205.200000 0.385400 5.196678 33.402751
 205.400000 0.382480 5.982276 33.402751
 205.600000 0.373602 8.767551 33.402751
 205.800000 0.376883 7.652354 33.402751
 206.000000 0.392044 3.564921 33.402751
 206.200000 0.390227 5.471787 33.402751
 206.400000 0.392396 4.977140 33.402751
 206.600000 0.397270 3.852002 33.402751
 206.800000 0.398534 3.563938 33.402751
 207.000000 0.391366 5.212964 33.402751
 207.200000 0.395139 5.687833 33.402751
 207.400000 0.401541 4.003310 33.402751
 207.600000 0.391624 6.541110 33.402751
 207.800000 0.382726 8.319580 33.402751
 208.000000 0.368750 11.517228 33.402751
 208.200000 0.351699 17.817611 33.402751
 208.400000 0.377176 10.251218 33.402751
 208.600000 0.378857 9.860895 33.402751
 208.800000 0.380670 9.453433 33.402751
 209.000000 0.372394 11.478586 33.402751
 209.200000 0.364425 14.908359 33.402751
 209.400000 0.368175 13.756893 33.402751
 209.600000 0.386970 8.684720 33.402751
 209.800000 0.417649 0.869654 33.402751
 210.000000 0.406580 2.864614 33.368486
 210.200000 0.369411 13.455614 33.368486
 210.400000 0.376365 11.658551 33.368486
 210.600000 0.380950 10.638257 33.368486
 210.800000 0.375315 11.906791 33.368486
 211.000000 0.372815 12.530501 33.368486
 211.200000 0.371647 13.836232 33.368486
 211.400000 0.357087 17.629462 33.368486
 211.600000 0.362980 16.180268 33.368486
 211.800000 0.376597 12.574704 33.368486
 212.000000 0.391296 8.809886 33.368486
 212.200000 0.387546 10.972999 33.368486
 212.400000 0.362856 16.407290 33.368486
 212.600000 0.366101 15.620623 33.368486
 212.800000 0.383729 11.851861 33.368486
 213.000000 0.384197 11.749677 33.368486
 213.200000 0.358072 17.735725 33.368486
 213.400000 0.352058 18.680417 33.368486
 213.600000 0.363433 16.664312 33.368486
 213.800000 0.351870 18.703150 33.368486
 214.000000 0.330380 20.427475 33.368486
 214.200000 0.336902 20.325761 33.368486
 214.400000 0.340404 20.041466 33.368486
 214.600000 0.348956 19.328781 33.368486
 214.800000 0.363675 16.673440 33.368486
 215.000000 0.368120 15.749776 33.336863
 215.200000 0.360985 18.027062 33.336863
 215.400000 0.344893 19.974616 33.336863
 215.600000 0.335810 20.514973 33.336863
 215.800000 0.347658 19.808284 33.336863
 216.000000 0.335523 20.540804 33.336863
 216.200000 0.328012 22.182634 33.336863
 216.400000 0.329761 21.915501 33.336863
 216.600000 0.317695 24.102172 33.336863
 216.800000 0.330854 21.763161 33.336863
 217.000000 0.332012 21.614516 33.336863
 217.200000 0.338367 21.617082 33.336863
 217.400000 0.353477 19.827443 33.336863
 217.600000 0.372982 15.710628 33.336863
 217.800000 0.368872 16.557665 33.336863
 218.000000 0.356407 19.271998 33.336863
 218.200000 0.366397 17.685203 33.336863
 218.400000 0.370377 16.722502 33.336863
 218.600000 0.359967 19.240264 33.336863
 218.800000 0.347602 21.331463 33.336863
 219.000000 0.335480 22.175521 33.336863
 219.200000 0.355779 20.397928 33.336863
 219.400000 0.343307 22.244384 33.336863
 219.600000 0.343417 22.234966 33.336863
 219.800000 0.334444 22.907458 33.336863
 220.000000 0.328123 23.512763 33.310346
 220.200000 0.322614 24.779253 33.310346
 220.400000 0.328043 24.135842 33.310346
 220.600000 0.339928 22.954504 33.310346
 220.800000 0.327521 24.195524 33.310346
 221.000000 0.319502 25.148678 33.310346
 221.200000 0.330277 24.329350 33.310346
 221.400000 0.365297 18.076197 33.310346
 221.600000 0.377583 15.067095 33.310346
 221.800000 0.362925 18.705175 33.310346
 222.000000 0.356553 20.353143 33.310346
 222.200000 0.363271 19.252315 33.310346
 222.400000 0.387790 12.448596 33.310346
 222.600000 0.406103 5.725931 33.310346
 222.800000 0.412957 3.549730 33.310346
 223.000000 0.415421 2.904507 33.310346
 223.200000 0.397993 9.569689 33.310346
 223.400000 0.364860 18.800055 33.310346
 223.600000 0.358643 20.531055 33.310346
 223.800000 0.359570 20.284818 33.310346
 224.000000 0.358575 20.548831 33.310346
 224.200000 0.368186 18.426918 33.310346
 224.400000 0.350330 22.943577 33.310346
 224.600000 0.360424 20.747616 33.310346
 224.800000 0.376541 15.992929 33.310346
 225.000000 0.378671 15.405177 33.284143
 225.200000 0.375317 17.193892 33.284143
 225.400000 0.374153 17.505675 33.284143
 225.600000 0.379465 16.067141 33.284143
 225.800000 0.383632 14.868231 33.284143
 226.000000 0.377980 16.475411 33.284143
 226.200000 0.334705 24.247686 33.284143
 226.400000 0.329945 24.635937 33.284143
 226.600000 0.333116 24.362584 33.284143
 226.800000 0.332258 24.430615 33.284143
 227.000000 0.330090 24.622197 33.284143
 227.200000 0.307501 26.939004 33.284143
 227.400000 0.298757 27.720999 33.284143
 227.600000 0.333187 24.929166 33.284143
 227.800000 0.357928 22.200311 33.284143
 228.000000 0.363923 20.853433 33.284143
 228.200000 0.376371 18.239583 33.284143
 228.400000 0.389764 13.676669 33.284143
 228.600000 0.409402 6.236448 33.284143
 228.800000 0.425022 2.394377 33.284143
 229.000000 0.441317 0.455750 33.284143
 229.200000 0.428757 2.972559 33.284143
 229.400000 0.407076 7.110086 33.284143
 229.600000 0.419780 4.074530 33.284143
 229.800000 0.418445 4.306205 33.284143
 230.000000 0.408565 6.655614 33.256070
 230.200000 0.408059 8.107348 33.256070
 230.400000 0.425698 3.944155 33.256070
 230.600000 0.425339 4.002486 33.256070
 230.800000 0.421424 4.715793 33.256070
 231.000000 0.430983 3.220350 33.256070
 231.200000 0.438353 3.864321 33.256070
 231.400000 0.441632 3.441641 33.256070
 231.600000 0.451709 2.041714 33.256070
 231.800000 0.440338 3.611869 33.256070
 232.000000 0.459041 1.134528 33.256070
 232.200000 0.450746 3.601985 33.256070
 232.400000 0.428580 5.226070 33.256070
 232.600000 0.450265 3.643095 33.256070
 232.800000 0.431449 4.986374 33.256070
 233.000000 0.424153 5.678425 33.256070
 233.200000 0.422063 7.281848 33.256070
 233.400000 0.434102 5.880224 33.256070
 233.600000 0.431728 6.160622 33.256070
 233.800000 0.433761 5.920758 33.256070
 234.000000 0.422881 7.185599 33.256070
 234.200000 0.420274 8.748327 33.256070
 234.400000 0.407884 10.146277 33.256070
 234.600000 0.404969 10.618818 33.256070
 234.800000 0.421699 8.591711 33.256070
 235.000000 0.447678 4.571130 33.224245
 235.200000 0.447317 6.054591 33.224245
 235.400000 0.428120 8.383844 33.224245
 235.600000 0.414603 9.458221 33.224245
 235.800000 0.406273 10.423735 33.224245
 236.000000 0.404377 10.746535 33.224245
 236.200000 0.425034 9.066390 33.224245
 236.400000 0.444624 6.482784 33.224245
 236.600000 0.415961 10.149240 33.224245
 236.800000 0.430363 8.413994 33.224245
 237.000000 0.425064 9.062822 33.224245
 237.200000 0.417524 10.989715 33.224245
 237.400000 0.422189 10.553184 33.224245
 237.600000 0.416778 11.052821 33.224245
 237.800000 0.415634 11.148125 33.224245
 238.000000 0.395723 13.850465 33.224245
 238.200000 0.412498 11.913367 33.224245
 238.400000 0.396845 14.551569 33.224245
 238.600000 0.382679 17.668653 33.224245
 238.800000 0.402882 13.343967 33.224245
 239.000000 0.389087 16.274451 33.224245
 239.200000 0.412238 12.201908 33.224245
 239.400000 0.445568 6.800320 33.224245
 239.600000 0.452188 5.491037 33.224245
 239.800000 0.447068 6.507376 33.224245
 240.000000 0.439070 8.047270 33.193446
