#! FIELDS time d metad.bias metad.rct
 0.000000 0.240696 0.000000 0.000000
 0.200000 0.252723 0.000000 0.000000
 0.400000 0.255584 0.000000 0.000000
 0.600000 0.254835 0.000000 0.000000
 0.800000 0.244932 0.000000 0.000000
 1.000000 0.248606 0.000000 0.000000
 1.200000 0.263350 1.078214 0.000000
 1.400000 0.273202 0.453721 0.000000
 1.600000 0.268500 0.724227 0.000000
 1.800000 0.265186 0.948440 0.000000
 2.000000 0.256048 1.546937 0.000000
 2.200000 0.259835 2.903653 0.000000
 2.400000 0.262830 2.589515 0.000000
 2.600000 0.262731 2.600846 0.000000
 2.800000 0.251968 3.280527 0.000000
 3.000000 0.241592 2.593924 0.000000
 3.200000 0.240996 4.082109 0.000000
 3.400000 0.268898 2.124522 0.000000
 3.600000 0.264868 2.810028 0.000000
 3.800000 0.251788 4.516562 0.000000
 4.000000 0.236636 3.453283 0.000000
 4.200000 0.251823 5.412355 0.000000
 4.400000 0.261726 3.712701 0.000000
 4.600000 0.270875 1.917455 0.000000
 4.800000 0.250873 5.511230 0.000000
 5.000000 0.273681 1.470865 1.546020
 5.200000 0.264038 4.566164 1.546020
 5.400000 0.266757 4.154800 1.546020
 5.600000 0.264779 4.454986 1.546020
 5.800000 0.258749 5.309501 1.546020
 6.000000 0.257432 5.471484 1.546020
 6.200000 0.254216 7.144291 1.546020
 6.400000 0.248935 7.248706 1.546020
 6.600000 0.236443 5.508068 1.546020
 6.800000 0.232897 4.671636 1.546020
 7.000000 0.217615 1.402592 1.546020
 7.200000 0.223223 3.936348 1.546020
 7.400000 0.224926 4.226574 1.546020
 7.600000 0.232982 5.663893 1.546020
 7.800000 0.246834 7.386360 1.546020
 8.000000 0.239232 6.676740 1.546020
 8.200000 0.259500 7.120735 1.546020
 8.400000 0.256349 7.694450 1.546020
 8.600000 0.238998 7.943453 1.546020
 8.800000 0.240961 8.194070 1.546020
 9.000000 0.218819 3.742151 1.546020
 9.200000 0.195020 0.998364 1.546020
 9.400000 0.217160 4.889750 1.546020
 9.600000 0.203074 2.136903 1.546020
 9.800000 0.223989 6.236085 1.546020
 10.000000 0.195249 1.023717 3.598511
 10.200000 0.209336 4.378911 3.598511
 10.400000 0.220623 5.979295 3.598511
 10.600000 0.230628 7.530497 3.598511
 10.800000 0.237960 8.467316 3.598511
 11.000000 0.228381 7.187996 3.598511
 11.200000 0.214737 5.953674 3.598511
 11.400000 0.219279 6.832892 3.598511
 11.600000 0.238503 9.529542 3.598511
 11.800000 0.229818 8.673201 3.598511
 12.000000 0.237975 9.503797 3.598511
 12.200000 0.237966 10.649325 3.598511
 12.400000 0.226066 8.917174 3.598511
 12.600000 0.229007 9.512063 3.598511
 12.800000 0.237315 10.611110 3.598511
 13.000000 0.246938 10.331490 3.598511
 13.200000 0.250268 10.908247 3.598511
 13.400000 0.244288 11.677076 3.598511
 13.600000 0.239581 11.688277 3.598511
 13.800000 0.211574 5.661985 3.598511
 14.000000 0.234295 11.107905 3.598511
 14.200000 0.232934 11.936041 3.598511
 14.400000 0.247885 12.017351 3.598511
 14.600000 0.271368 4.925358 3.598511
 14.800000 0.263447 7.409210 3.598511
 15.000000 0.247379 12.108587 7.444563
 15.200000 0.250120 12.551005 7.444563
 15.400000 0.251953 12.062567 7.444563
 15.600000 0.258177 9.974617 7.444563
 15.800000 0.258696 9.781829 7.444563
 16.000000 0.255400 10.969631 7.444563
 16.200000 0.266314 7.746063 7.444563
 16.400000 0.275018 4.591521 7.444563
 16.600000 0.271735 5.685969 7.444563
 16.800000 0.267011 7.467634 7.444563
 17.000000 0.283882 2.319230 7.444563
 17.200000 0.278161 5.137388 7.444563
 17.400000 0.267011 8.304571 7.444563
 17.600000 0.278861 4.974480 7.444563
 17.800000 0.270204 7.279935 7.444563
 18.000000 0.277358 5.328921 7.444563
 18.200000 0.270208 8.510418 7.444563
 18.400000 0.274269 7.465556 7.444563
 18.600000 0.275643 7.126275 7.444563
 18.800000 0.272408 7.935126 7.444563
 19.000000 0.268821 8.886326 7.444563
 19.200000 0.292430 3.523252 7.444563
 19.400000 0.286620 5.087616 7.444563
 19.600000 0.288272 4.627166 7.444563
 19.800000 0.283574 5.951346 7.444563
 20.000000 0.287170 4.933276 9.004241
 20.200000 0.291439 5.125829 9.004241
 20.400000 0.304488 1.879143 9.004241
 20.600000 0.303568 2.056945 9.004241
 20.800000 0.298836 3.117597 9.004241
 21.000000 0.293534 4.532453 9.004241
 21.200000 0.308383 2.110161 9.004241
 21.400000 0.306689 2.466097 9.004241
 21.600000 0.302135 3.565538 9.004241
 21.800000 0.301461 3.742785 9.004241
 22.000000 0.287492 7.566363 9.004241
 22.200000 0.286358 9.084899 9.004241
 22.400000 0.272808 11.178983 9.004241
 22.600000 0.266286 12.022634 9.004241
 22.800000 0.265075 12.206711 9.004241
 23.000000 0.263225 12.506264 9.004241
 23.200000 0.286958 9.229821 9.004241
 23.400000 0.300763 4.815587 9.004241
 23.600000 0.305669 3.309940 9.004241
 23.800000 0.292412 7.608304 9.004241
 24.000000 0.303354 3.992549 9.004241
 24.200000 0.298694 6.900445 9.004241
 24.400000 0.283671 10.663886 9.004241
 24.600000 0.267112 12.948355 9.004241
 24.800000 0.275496 11.840802 9.004241
 25.000000 0.267972 12.823844 10.420286
 25.200000 0.268618 13.719842 10.420286
 25.400000 0.279468 12.054813 10.420286
 25.600000 0.286800 10.516158 10.420286
 25.800000 0.278040 12.301980 10.420286
 26.000000 0.276319 12.583168 10.420286
 26.200000 0.282898 12.304400 10.420286
 26.400000 0.267940 14.671270 10.420286
 26.600000 0.283812 12.086049 10.420286
 26.800000 0.286817 11.293772 10.420286
 27.000000 0.288679 10.748853 10.420286
 27.200000 0.295026 9.643280 10.420286
 27.400000 0.298955 8.110939 10.420286
 27.600000 0.298615 8.245670 10.420286
 27.800000 0.298065 8.463474 10.420286
 28.000000 0.293387 10.253141 10.420286
 28.200000 0.296995 9.961076 10.420286
 28.400000 0.317278 2.415844 10.420286
 28.600000 0.313002 3.613020 10.420286
 28.800000 0.308071 5.348054 10.420286
 29.000000 0.322571 1.348603 10.420286
 29.200000 0.325565 2.543680 10.420286
 29.400000 0.330727 1.870816 10.420286
 29.600000 0.338589 1.048070 10.420286
 29.800000 0.336626 1.231031 10.420286
 30.000000 0.341265 0.824724 11.295861
 30.200000 0.341118 2.522844 11.295861
 30.400000 0.333171 3.048531 11.295861
 30.600000 0.332527 3.085535 11.295861
 30.800000 0.344043 2.285577 11.295861
 31.000000 0.364732 0.522434 11.295861
 31.200000 0.361310 2.410154 11.295861
 31.400000 0.351298 2.758568 11.295861
 31.600000 0.351314 2.758152 11.295861
 31.800000 0.366471 2.126444 11.295861
 32.000000 0.378501 1.195141 11.295861
 32.200000 0.358941 3.218924 11.295861
 32.400000 0.344371 3.057533 11.295861
 32.600000 0.333159 3.246883 11.295861
 32.800000 0.338697 3.123218 11.295861
 33.000000 0.332944 3.252963 11.295861
 33.200000 0.330484 4.825533 11.295861
 33.400000 0.316822 5.360277 11.295861
 33.600000 0.324517 4.935326 11.295861
 33.800000 0.320030 5.108278 11.295861
 34.000000 0.319309 5.153510 11.295861
 34.200000 0.321544 6.407258 11.295861
 34.400000 0.322015 6.380744 11.295861
 34.600000 0.311938 7.283685 11.295861
 34.800000 0.308160 7.935144 11.295861
 35.000000 0.329683 5.935350 11.312261
 35.200000 0.326622 7.443104 11.312261
 35.400000 0.346533 5.032849 11.312261
 35.600000 0.341502 5.816721 11.312261
 35.800000 0.344668 5.316390 11.312261
 36.000000 0.349406 4.634860 11.312261
 36.200000 0.352597 5.657693 11.312261
 36.400000 0.347898 6.253340 11.312261
 36.600000 0.344133 6.738125 11.312261
 36.800000 0.348905 6.122992 11.312261
 37.000000 0.340204 7.199733 11.312261
 37.200000 0.329129 8.850916 11.312261
 37.400000 0.303626 9.360763 11.312261
 37.600000 0.308099 8.578482 11.312261
 37.800000 0.301725 9.794718 11.312261
 38.000000 0.322157 8.442752 11.312261
 38.200000 0.322834 9.688751 11.312261
 38.400000 0.332700 9.845727 11.312261
 38.600000 0.317498 9.334194 11.312261
 38.800000 0.326104 9.862564 11.312261
 39.000000 0.342545 8.663305 11.312261
 39.200000 0.339089 10.375344 11.312261
 39.400000 0.350908 8.058524 11.312261
 39.600000 0.354854 7.136927 11.312261
 39.800000 0.348398 8.642614 11.312261
 40.000000 0.357756 6.494369 11.436726
 40.200000 0.367679 5.747493 11.436726
 40.400000 0.382418 3.010390 11.436726
 40.600000 0.367037 5.875448 11.436726
 40.800000 0.361083 7.098788 11.436726
 41.000000 0.358100 7.731479 11.436726
 41.200000 0.356948 9.213483 11.436726
 41.400000 0.365925 7.181021 11.436726
 41.600000 0.359505 8.667058 11.436726
 41.800000 0.355026 9.600834 11.436726
 42.000000 0.340380 11.485670 11.436726
 42.200000 0.359534 9.123870 11.436726
 42.400000 0.363972 7.948888 11.436726
 42.600000 0.353165 10.681756 11.436726
 42.800000 0.341779 12.455317 11.436726
 43.000000 0.354060 10.478053 11.436726
 43.200000 0.367690 7.679464 11.436726
 43.400000 0.381063 3.867016 11.436726
 43.600000 0.390301 1.961643 11.436726
 43.800000 0.408800 0.235683 11.436726
 44.000000 0.395005 1.275959 11.436726
 44.200000 0.378780 5.364631 11.436726
 44.400000 0.379809 5.168097 11.436726
 44.600000 0.379528 5.221005 11.436726
 44.800000 0.378340 5.451041 11.436726
 45.000000 0.387163 3.968710 11.648854
 45.200000 0.368315 8.487134 11.648854
 45.400000 0.377316 6.839652 11.648854
 45.600000 0.378931 6.596323 11.648854
 45.800000 0.375409 7.143238 11.648854
 46.000000 0.381265 6.260469 11.648854
 46.200000 0.382087 7.467212 11.648854
 46.400000 0.395463 4.975147 11.648854
 46.600000 0.393333 5.444611 11.648854
 46.800000 0.401783 3.530252 11.648854
 47.000000 0.397681 4.471177 11.648854
 47.200000 0.411066 2.650217 11.648854
 47.400000 0.413954 2.056882 11.648854
 47.600000 0.424041 0.657419 11.648854
 47.800000 0.411384 2.581159 11.648854
 48.000000 0.396194 6.237348 11.648854
 48.200000 0.400594 6.477575 11.648854
 48.400000 0.420015 1.462713 11.648854
 48.600000 0.403082 5.776709 11.648854
 48.800000 0.380395 9.202782 11.648854
 49.000000 0.368049 9.868669 11.648854
 49.200000 0.361192 11.832986 11.648854
 49.400000 0.378983 10.104304 11.648854
 49.600000 0.387203 9.381251 11.648854
 49.800000 0.368485 10.950099 11.648854
 50.000000 0.357449 12.332366 11.916426
 50.200000 0.366022 12.081051 11.916426
 50.400000 0.382808 10.061535 11.916426
 50.600000 0.379062 10.455399 11.916426
 50.800000 0.378334 10.530585 11.916426
 51.000000 0.386794 9.577438 11.916426
 51.200000 0.391728 9.854807 11.916426
 51.400000 0.371147 12.018096 11.916426
 51.600000 0.368593 12.250975 11.916426
 51.800000 0.361647 13.022767 11.916426
 52.000000 0.345699 14.242142 11.916426
 52.200000 0.343309 15.113470 11.916426
 52.400000 0.352027 14.863197 11.916426
 52.600000 0.348506 15.111924 11.916426
 52.800000 0.363040 13.332631 11.916426
 53.000000 0.371251 12.225421 11.916426
 53.200000 0.377064 12.632600 11.916426
 53.400000 0.377781 12.557078 11.916426
 53.600000 0.379787 12.336305 11.916426
 53.800000 0.375137 12.831590 11.916426
 54.000000 0.380772 12.220635 11.916426
 54.200000 0.398916 8.568438 11.916426
 54.400000 0.417763 2.060961 11.916426
 54.600000 0.396956 9.304298 11.916426
 54.800000 0.379987 13.327260 11.916426
 55.000000 0.384685 12.668192 12.608240
 55.200000 0.391610 11.966263 12.608240
 55.400000 0.381936 14.066500 12.608240
 55.600000 0.391760 11.918226 12.608240
 55.800000 0.415274 2.798475 12.608240
 56.000000 0.393308 11.398410 12.608240
 56.200000 0.386220 14.316514 12.608240
 56.400000 0.384539 14.575913 12.608240
 56.600000 0.370068 15.091958 12.608240
 56.800000 0.368571 15.096917 12.608240
 57.000000 0.370275 15.091786 12.608240
 57.200000 0.376055 15.918573 12.608240
 57.400000 0.385331 15.001140 12.608240
 57.600000 0.386363 14.793364 12.608240
 57.800000 0.400502 9.576121 12.608240
 58.000000 0.415995 2.939062 12.608240
 58.200000 0.427262 1.856214 12.608240
 58.400000 0.434723 0.895650 12.608240
 58.600000 0.434954 0.873727 12.608240
 58.800000 0.439977 0.487670 12.608240
 59.000000 0.454994 0.049413 12.608240
 59.200000 0.451428 1.788909 12.608240
 59.400000 0.428936 1.978755 12.608240
 59.600000 0.437641 1.538937 12.608240
 59.800000 0.452223 1.796824 12.608240
 60.000000 0.462867 1.529719 13.005066
