#! FIELDS time d metad.bias metad.rct
 0.000000 0.240696 0.000000 0.000000
 0.200000 0.245315 0.000000 0.000000
 0.400000 0.245888 0.000000 0.000000
 0.600000 0.253341 0.000000 0.000000
 0.800000 0.255761 0.000000 0.000000
 1.000000 0.250516 0.000000 0.000000
 1.200000 0.255119 1.669356 0.000000
 1.400000 0.251292 1.747643 0.000000
 1.600000 0.246552 1.689822 0.000000
 1.800000 0.266542 0.987480 0.000000
 2.000000 0.268392 0.858563 0.000000
 2.200000 0.261711 2.848747 0.000000
 2.400000 0.244404 2.076835 0.000000
 2.600000 0.231864 0.889710 0.000000
 2.800000 0.232661 0.955603 0.000000
 3.000000 0.242993 1.941904 0.000000
 3.200000 0.247738 3.897392 0.000000
 3.400000 0.242948 3.542574 0.000000
 3.600000 0.247795 3.900194 0.000000
 3.800000 0.278218 1.772606 0.000000
 4.000000 0.262661 3.503097 0.000000
 4.200000 0.246307 4.641172 0.000000
 4.400000 0.257179 5.283583 0.000000
 4.600000 0.265457 4.708827 0.000000
 4.800000 0.256179 5.290618 0.000000
 5.000000 0.243761 4.294036 1.655236
 5.200000 0.242195 5.492485 1.655236
 5.400000 0.260615 5.920695 1.655236
 5.600000 0.273483 3.684219 1.655236
 5.800000 0.266865 4.969215 1.655236
 6.000000 0.256652 6.287195 1.655236
 6.200000 0.258563 7.449556 1.655236
 6.400000 0.261218 7.109129 1.655236
 6.600000 0.245619 6.995773 1.655236
 6.800000 0.232546 3.855616 1.655236
 7.000000 0.231648 3.621364 1.655236
 7.200000 0.241098 7.293333 1.655236
 7.400000 0.237140 6.470725 1.655236
 7.600000 0.238818 6.841777 1.655236
 7.800000 0.241236 7.318444 1.655236
 8.000000 0.242548 7.543200 1.655236
 8.200000 0.242915 8.851520 1.655236
 8.400000 0.244015 9.006862 1.655236
 8.600000 0.237624 7.765378 1.655236
 8.800000 0.234968 7.053309 1.655236
 9.000000 0.241984 8.699316 1.655236
 9.200000 0.249421 10.413057 1.655236
 9.400000 0.237694 8.923151 1.655236
 9.600000 0.232510 7.304796 1.655236
 9.800000 0.247549 10.426922 1.655236
 10.000000 0.266678 6.800654 4.999942
 10.200000 0.262731 9.239679 4.999942
 10.400000 0.253861 10.904395 4.999942
 10.600000 0.257963 10.325737 4.999942
 10.800000 0.262713 9.244516 4.999942
 11.000000 0.269194 7.287238 4.999942
 11.200000 0.267476 9.098936 4.999942
 11.400000 0.258432 11.214350 4.999942
 11.600000 0.265978 9.544800 4.999942
 11.800000 0.250787 11.673191 4.999942
 12.000000 0.248785 11.561833 4.999942
 12.200000 0.246484 12.345374 4.999942
 12.400000 0.248401 12.574453 4.999942
 12.600000 0.250820 12.710215 4.999942
 12.800000 0.229709 6.885186 4.999942
 13.000000 0.223161 4.339924 4.999942
 13.200000 0.210411 2.161706 4.999942
 13.400000 0.217547 3.947163 4.999942
 13.600000 0.226187 6.880180 4.999942
 13.800000 0.219869 4.666574 4.999942
 14.000000 0.234605 9.962907 4.999942
 14.200000 0.237713 12.058735 4.999942
 14.400000 0.243143 13.244680 4.999942
 14.600000 0.263969 10.911803 4.999942
 14.800000 0.285999 2.947001 4.999942
 15.000000 0.286672 2.762086 7.693637
 15.200000 0.274291 8.159688 7.693637
 15.400000 0.259511 12.505457 7.693637
 15.600000 0.262260 11.856128 7.693637
 15.800000 0.262347 11.833886 7.693637
 16.000000 0.256907 13.012040 7.693637
 16.200000 0.261858 12.885824 7.693637
 16.400000 0.265757 11.716013 7.693637
 16.600000 0.253509 14.439307 7.693637
 16.800000 0.231700 10.272187 7.693637
 17.000000 0.223674 6.907320 7.693637
 17.200000 0.224755 8.638729 7.693637
 17.400000 0.217907 5.884178 7.693637
 17.600000 0.217574 5.757198 7.693637
 17.800000 0.226211 9.236049 7.693637
 18.000000 0.224681 8.608443 7.693637
 18.200000 0.238912 14.391003 7.693637
 18.400000 0.238003 14.204146 7.693637
 18.600000 0.228480 11.306772 7.693637
 18.800000 0.224941 9.907890 7.693637
 19.000000 0.224882 9.883356 7.693637
 19.200000 0.240881 15.370581 7.693637
 19.400000 0.234706 14.290866 7.693637
 19.600000 0.216155 7.194860 7.693637
 19.800000 0.208677 4.163070 7.693637
 20.000000 0.202554 2.296486 9.868181
 20.200000 0.197464 2.743197 9.868181
 20.400000 0.211890 6.688988 9.868181
 20.600000 0.220542 9.914582 9.868181
 20.800000 0.210740 6.293796 9.868181
 21.000000 0.213411 7.228242 9.868181
 21.200000 0.207449 6.406025 9.868181
 21.400000 0.230602 14.056803 9.868181
 21.600000 0.235268 15.004423 9.868181
 21.800000 0.223160 11.927992 9.868181
 22.000000 0.223706 12.104547 9.868181
 22.200000 0.221742 12.468890 9.868181
 22.400000 0.232478 15.338146 9.868181
 22.600000 0.238193 16.056603 9.868181
 22.800000 0.228821 14.572133 9.868181
 23.000000 0.230005 14.846101 9.868181
 23.200000 0.244663 16.726783 9.868181
 23.400000 0.240565 16.887445 9.868181
 23.600000 0.281775 5.975213 9.868181
 23.800000 0.281716 5.994946 9.868181
 24.000000 0.288697 3.885030 9.868181
 24.200000 0.294494 3.897642 9.868181
 24.400000 0.268079 11.591014 9.868181
 24.600000 0.264986 12.550066 9.868181
 24.800000 0.280187 7.771809 9.868181
 25.000000 0.265928 12.261920 11.704873
 25.200000 0.252579 16.373662 11.704873
 25.400000 0.257045 15.583308 11.704873
 25.600000 0.264241 13.781419 11.704873
 25.800000 0.259570 15.022574 11.704873
 26.000000 0.255744 15.839996 11.704873
 26.200000 0.260730 15.555889 11.704873
 26.400000 0.256389 16.578910 11.704873
 26.600000 0.265245 14.190525 11.704873
 26.800000 0.254180 16.979641 11.704873
 27.000000 0.250725 17.441468 11.704873
 27.200000 0.223068 13.969044 11.704873
 27.400000 0.236817 17.817093 11.704873
 27.600000 0.246156 18.513937 11.704873
 27.800000 0.245971 18.516076 11.704873
 28.000000 0.260965 16.128856 11.704873
 28.200000 0.269226 13.901345 11.704873
 28.400000 0.265019 15.597998 11.704873
 28.600000 0.260866 17.011889 11.704873
 28.800000 0.251075 18.894448 11.704873
 29.000000 0.223233 14.067328 11.704873
 29.200000 0.208315 8.204673 11.704873
 29.400000 0.215038 11.374691 11.704873
 29.600000 0.224458 15.470601 11.704873
 29.800000 0.226448 16.175684 11.704873
 30.000000 0.224013 15.303513 14.307519
 30.200000 0.230283 18.140651 14.307519
 30.400000 0.234749 19.011890 14.307519
 30.600000 0.226997 17.225522 14.307519
 30.800000 0.216595 12.892753 14.307519
 31.000000 0.205257 7.261786 14.307519
 31.200000 0.216679 13.881260 14.307519
 31.400000 0.232639 18.888529 14.307519
 31.600000 0.240098 19.645602 14.307519
 31.800000 0.235422 19.274344 14.307519
 32.000000 0.216038 13.593620 14.307519
 32.200000 0.209452 11.364178 14.307519
 32.400000 0.225246 17.950773 14.307519
 32.600000 0.231463 19.246626 14.307519
 32.800000 0.241543 19.918717 14.307519
 33.000000 0.229850 18.986580 14.307519
 33.200000 0.229670 19.705406 14.307519
 33.400000 0.222979 17.948288 14.307519
 33.600000 0.224028 18.296517 14.307519
 33.800000 0.211682 12.837727 14.307519
 34.000000 0.209146 11.499117 14.307519
 34.200000 0.216236 16.072536 14.307519
 34.400000 0.229322 20.064145 14.307519
 34.600000 0.231067 20.295158 14.307519
 34.800000 0.223850 18.887249 14.307519
 35.000000 0.223872 18.893413 15.989131
 35.200000 0.239081 21.098182 15.989131
 35.400000 0.234494 21.159865 15.989131
 35.600000 0.228381 20.632794 15.989131
 35.800000 0.244537 20.676702 15.989131
 36.000000 0.252814 19.402274 15.989131
 36.200000 0.253439 20.006412 15.989131
 36.400000 0.248443 20.884613 15.989131
 36.600000 0.253231 20.051519 15.989131
 36.800000 0.250067 20.644092 15.989131
 37.000000 0.264083 16.621036 15.989131
 37.200000 0.270133 14.695059 15.989131
 37.400000 0.273040 13.247537 15.989131
 37.600000 0.271847 13.845821 15.989131
 37.800000 0.250210 21.164563 15.989131
 38.000000 0.242551 21.747814 15.989131
 38.200000 0.251766 21.492349 15.989131
 38.400000 0.252253 21.402977 15.989131
 38.600000 0.259818 19.371224 15.989131
 38.800000 0.258490 19.817701 15.989131
 39.000000 0.265828 16.909876 15.989131
 39.200000 0.265972 17.667039 15.989131
 39.400000 0.254837 21.476672 15.989131
 39.600000 0.251318 22.085967 15.989131
 39.800000 0.264030 18.532891 15.989131
 40.000000 0.270387 15.474544 17.898814
 40.200000 0.260361 20.650817 17.898814
 40.400000 0.270165 16.468578 17.898814
 40.600000 0.275581 13.523289 17.898814
 40.800000 0.271901 15.548583 17.898814
 41.000000 0.280078 11.057567 17.898814
 41.200000 0.292461 6.136646 17.898814
 41.400000 0.306091 1.966920 17.898814
 41.600000 0.309828 1.306019 17.898814
 41.800000 0.293150 5.857516 17.898814
 42.000000 0.294412 5.364599 17.898814
 42.200000 0.295672 6.269560 17.898814
 42.400000 0.290117 8.458122 17.898814
 42.600000 0.282642 11.779867 17.898814
 42.800000 0.306257 2.941601 17.898814
 43.000000 0.319025 0.736425 17.898814
 43.200000 0.321713 2.175477 17.898814
 43.400000 0.300425 5.409192 17.898814
 43.600000 0.288415 9.386701 17.898814
 43.800000 0.288518 9.345710 17.898814
 44.000000 0.294627 7.109673 17.898814
 44.200000 0.295235 8.184832 17.898814
 44.400000 0.300519 6.565113 17.898814
 44.600000 0.296470 7.788529 17.898814
 44.800000 0.305885 5.150831 17.898814
 45.000000 0.308891 4.475257 18.061692
 45.200000 0.310552 5.564097 18.061692
 45.400000 0.327001 2.508233 18.061692
 45.600000 0.336727 1.150768 18.061692
 45.800000 0.350089 0.225787 18.061692
 46.000000 0.342767 0.600917 18.061692
 46.200000 0.332171 3.048346 18.061692
 46.400000 0.341271 2.409916 18.061692
 46.600000 0.336388 2.744985 18.061692
 46.800000 0.346597 2.018316 18.061692
 47.000000 0.340125 2.489000 18.061692
 47.200000 0.340271 4.045271 18.061692
 47.400000 0.349619 3.058049 18.061692
 47.600000 0.334995 4.319181 18.061692
 47.800000 0.330153 4.463865 18.061692
 48.000000 0.334754 4.327881 18.061692
 48.200000 0.332998 5.818073 18.061692
 48.400000 0.363776 1.322844 18.061692
 48.600000 0.354297 3.000043 18.061692
 48.800000 0.338638 5.544925 18.061692
 49.000000 0.350018 3.862057 18.061692
 49.200000 0.345964 6.030645 18.061692
 49.400000 0.345714 6.066154 18.061692
 49.600000 0.363549 2.334835 18.061692
 49.800000 0.368960 1.382957 18.061692
 50.000000 0.368441 1.461423 18.005260
 50.200000 0.356794 5.047307 18.005260
 50.400000 0.369873 2.883576 18.005260
 50.600000 0.368754 3.053103 18.005260
 50.800000 0.377970 1.784222 18.005260
 51.000000 0.383632 1.160837 18.005260
 51.200000 0.369781 3.981326 18.005260
 51.400000 0.367089 4.215489 18.005260
 51.600000 0.374892 3.577361 18.005260
 51.800000 0.391143 2.024617 18.005260
 52.000000 0.370177 3.948659 18.005260
 52.200000 0.358339 6.254762 18.005260
 52.400000 0.333920 6.817351 18.005260
 52.600000 0.343343 7.090750 18.005260
 52.800000 0.344310 7.074211 18.005260
 53.000000 0.343057 7.094001 18.005260
 53.200000 0.332679 7.737792 18.005260
 53.400000 0.319937 6.379163 18.005260
 53.600000 0.328735 7.254308 18.005260
 53.800000 0.324845 6.793312 18.005260
 54.000000 0.311769 6.415918 18.005260
 54.200000 0.313262 7.642564 18.005260
 54.400000 0.316730 7.518310 18.005260
 54.600000 0.333949 8.318827 18.005260
 54.800000 0.341141 8.552717 18.005260
 55.000000 0.349252 8.101415 17.957314
 55.200000 0.333860 9.032640 17.957314
 55.400000 0.328810 8.432726 17.957314
 55.600000 0.327468 8.280370 17.957314
 55.800000 0.318384 7.647139 17.957314
 56.000000 0.315773 7.639371 17.957314
 56.200000 0.331703 9.486023 17.957314
 56.400000 0.320763 8.904844 17.957314
 56.600000 0.313031 8.943329 17.957314
 56.800000 0.310624 9.027518 17.957314
 57.000000 0.322461 8.951813 17.957314
 57.200000 0.306642 9.905587 17.957314
 57.400000 0.313160 9.908356 17.957314
 57.600000 0.314493 9.926365 17.957314
 57.800000 0.311595 9.893082 17.957314
 58.000000 0.312703 9.903208 17.957314
 58.200000 0.322816 11.034966 17.957314
 58.400000 0.322547 11.036506 17.957314
 58.600000 0.324300 11.025565 17.957314
 58.800000 0.307676 10.957455 17.957314
 59.000000 0.307580 10.956062 17.957314
 59.200000 0.319790 11.820424 17.957314
 59.400000 0.335919 11.057905 17.957314
 59.600000 0.359907 7.844914 17.957314
 59.800000 0.371805 5.873200 17.957314
 60.000000 0.366129 6.773045 17.931721
 60.200000 0.355604 9.646841 17.931721
 60.400000 0.333176 11.302082 17.931721
 60.600000 0.336850 11.198390 17.931721
 60.800000 0.345590 10.755658 17.931721
 61.000000 0.356531 9.518862 17.931721
 61.200000 0.360261 10.089893 17.931721
 61.400000 0.348570 11.484791 17.931721
 61.600000 0.357491 10.526399 17.931721
 61.800000 0.360516 10.047043 17.931721
 62.000000 0.316377 11.988546 17.931721
 62.200000 0.342306 11.932526 17.931721
 62.400000 0.338727 12.037280 17.931721
 62.600000 0.319916 12.877293 17.931721
 62.800000 0.317066 12.994607 17.931721
 63.000000 0.329494 12.338876 17.931721
 63.200000 0.328087 13.416426 17.931721
 63.400000 0.310300 13.450926 17.931721
 63.600000 0.324702 13.565332 17.931721
 63.800000 0.337436 12.947378 17.931721
 64.000000 0.327116 13.461614 17.931721
 64.200000 0.321726 14.564350 17.931721
 64.400000 0.319875 14.556135 17.931721
 64.600000 0.315510 14.399243 17.931721
 64.800000 0.310961 14.031380 17.931721
 65.000000 0.300358 12.826202 17.957740
 65.200000 0.312188 14.873361 17.957740
 65.400000 0.290138 13.452565 17.957740
 65.600000 0.294411 13.416545 17.957740
 65.800000 0.299726 13.756397 17.957740
 66.000000 0.297424 13.569363 17.957740
 66.200000 0.297593 14.537555 17.957740
 66.400000 0.297915 14.561009 17.957740
 66.600000 0.305022 15.125529 17.957740
 66.800000 0.304659 15.098477 17.957740
 67.000000 0.291927 14.290695 17.957740
 67.200000 0.299104 15.477357 17.957740
 67.400000 0.315834 15.705223 17.957740
 67.600000 0.329537 14.575746 17.957740
 67.800000 0.326503 14.871891 17.957740
 68.000000 0.314488 15.765045 17.957740
 68.200000 0.301382 16.186694 17.957740
 68.400000 0.281003 16.126589 17.957740
 68.600000 0.272669 18.096912 17.957740
 68.800000 0.274198 17.663387 17.957740
 69.000000 0.286742 15.514438 17.957740
 69.200000 0.273927 18.346716 17.957740
 69.400000 0.269382 19.519010 17.957740
 69.600000 0.272213 18.777576 17.957740
 69.800000 0.272604 18.677436 17.957740
 70.000000 0.285732 16.448762 18.296438
 70.200000 0.283019 17.511945 18.296438
 70.400000 0.299403 17.183446 18.296438
 70.600000 0.289327 17.130169 18.296438
 70.800000 0.285207 17.325422 18.296438
 71.000000 0.289852 17.117997 18.296438
 71.200000 0.294173 17.881346 18.296438
 71.400000 0.281851 18.346044 18.296438
 71.600000 0.272462 19.698076 18.296438
 71.800000 0.266683 20.846001 18.296438
 72.000000 0.265197 21.137043 18.296438
 72.200000 0.264960 21.865001 18.296438
 72.400000 0.278258 19.213331 18.296438
 72.600000 0.275942 19.612678 18.296438
 72.800000 0.286663 18.276967 18.296438
 73.000000 0.293455 18.001515 18.296438
 73.200000 0.274248 20.283881 18.296438
 73.400000 0.263241 22.279457 18.296438
 73.600000 0.262645 22.372501 18.296438
 73.800000 0.264707 22.036806 18.296438
 74.000000 0.286210 19.006079 18.296438
 74.200000 0.296653 19.297132 18.296438
 74.400000 0.293573 19.448832 18.296438
 74.600000 0.290677 19.568690 18.296438
 74.800000 0.293617 19.446831 18.296438
 75.000000 0.279425 20.218952 19.256238
 75.200000 0.282101 20.696309 19.256238
 75.400000 0.300859 19.287363 19.256238
 75.600000 0.302289 19.143053 19.256238
 75.800000 0.281231 20.768309 19.256238
 76.000000 0.280618 20.821316 19.256238
 76.200000 0.288527 20.848121 19.256238
 76.400000 0.290101 20.709685 19.256238
 76.600000 0.286833 20.991951 19.256238
 76.800000 0.284025 21.224101 19.256238
 77.000000 0.295145 20.217298 19.256238
 77.200000 0.275772 22.279200 19.256238
 77.400000 0.270631 22.714526 19.256238
 77.600000 0.267942 22.955671 19.256238
 77.800000 0.275176 22.325559 19.256238
 78.000000 0.288697 21.481650 19.256238
 78.200000 0.297579 21.217407 19.256238
 78.400000 0.306925 19.614794 19.256238
 78.600000 0.301758 20.557901 19.256238
 78.800000 0.277475 22.663506 19.256238
 79.000000 0.266728 23.290451 19.256238
 79.200000 0.264604 24.032522 19.256238
 79.400000 0.274697 23.336517 19.256238
 79.600000 0.286318 22.560102 19.256238
 79.800000 0.282173 22.843607 19.256238
 80.000000 0.273038 23.459017 20.581219
 80.200000 0.270224 24.273331 20.581219
 80.400000 0.290900 22.455947 20.581219
 80.600000 0.310409 18.967015 20.581219
 80.800000 0.302380 20.575611 20.581219
 81.000000 0.290145 22.550391 20.581219
 81.200000 0.253609 24.393450 20.581219
 81.400000 0.251280 24.219552 20.581219
 81.600000 0.239952 23.170612 20.581219
 81.800000 0.244280 23.594090 20.581219
 82.000000 0.260526 24.702561 20.581219
 82.200000 0.272185 24.879849 20.581219
 82.400000 0.280971 24.215895 20.581219
 82.600000 0.278449 24.413785 20.581219
 82.800000 0.288003 23.541299 20.581219
 83.000000 0.300094 21.537232 20.581219
 83.200000 0.290967 23.717543 20.581219
 83.400000 0.277161 24.718423 20.581219
 83.600000 0.276800 24.738076 20.581219
 83.800000 0.290735 23.744544 20.581219
 84.000000 0.289408 23.889450 20.581219
 84.200000 0.291621 24.235545 20.581219
 84.400000 0.278763 25.102075 20.581219
 84.600000 0.269009 25.398919 20.581219
 84.800000 0.272097 25.312025 20.581219
 85.000000 0.276423 25.173614 21.960686
 85.200000 0.279195 25.649070 21.960686
 85.400000 0.271080 25.877935 21.960686
 85.600000 0.276167 25.751801 21.960686
 85.800000 0.265237 25.890418 21.960686
 86.000000 0.267910 25.908756 21.960686
 86.200000 0.265531 26.439734 21.960686
 86.400000 0.282908 25.802872 21.960686
 86.600000 0.312503 19.442459 21.960686
 86.800000 0.318229 17.900791 21.960686
 87.000000 0.317544 18.077720 21.960686
 87.200000 0.328683 16.151393 21.960686
 87.400000 0.311958 20.324782 21.960686
 87.600000 0.301685 22.922404 21.960686
 87.800000 0.316403 19.157075 21.960686
 88.000000 0.320542 18.089995 21.960686
 88.200000 0.347410 12.898437 21.960686
 88.400000 0.350718 12.260684 21.960686
 88.600000 0.334505 15.476718 21.960686
 88.800000 0.324313 17.915592 21.960686
 89.000000 0.330053 16.495121 21.960686
 89.200000 0.314552 20.855933 21.960686
 89.400000 0.323113 18.973572 21.960686
 89.600000 0.316298 20.486273 21.960686
 89.800000 0.329729 17.411742 21.960686
 90.000000 0.346175 13.605856 22.458196
 90.200000 0.354944 12.443610 22.458196
 90.400000 0.341254 15.623658 22.458196
 90.600000 0.347806 14.187204 22.458196
 90.800000 0.387977 3.739748 22.458196
 91.000000 0.410603 0.405441 22.458196
 91.200000 0.379128 6.227755 22.458196
 91.400000 0.365550 9.697961 22.458196
 91.600000 0.362436 10.506678 22.458196
 91.800000 0.335914 16.705233 22.458196
 92.000000 0.318895 20.104674 22.458196
 92.200000 0.324688 19.612176 22.458196
 92.400000 0.326638 19.181467 22.458196
 92.600000 0.352609 13.087186 22.458196
 92.800000 0.365140 9.809227 22.458196
 93.000000 0.364025 10.100171 22.458196
 93.200000 0.362576 11.590054 22.458196
 93.400000 0.359349 12.388940 22.458196
 93.600000 0.343963 15.680317 22.458196
 93.800000 0.354133 13.590514 22.458196
 94.000000 0.349648 14.544406 22.458196
 94.200000 0.369443 10.117994 22.458196
 94.400000 0.364884 11.535734 22.458196
 94.600000 0.371595 9.428874 22.458196
 94.800000 0.375798 8.076851 22.458196
 95.000000 0.370997 9.621283 22.502973
 95.200000 0.366716 12.069642 22.502973
 95.400000 0.391884 4.280460 22.502973
 95.600000 0.381092 7.347102 22.502973
 95.800000 0.364011 12.820567 22.502973
 96.000000 0.356707 14.553733 22.502973
 96.200000 0.339329 17.896640 22.502973
 96.400000 0.366778 12.781841 22.502973
 96.600000 0.380782 7.702728 22.502973
 96.800000 0.398250 3.211600 22.502973
 97.000000 0.394081 3.880619 22.502973
 97.200000 0.386722 7.007828 22.502973
 97.400000 0.392541 5.657060 22.502973
 97.600000 0.410763 2.945386 22.502973
 97.800000 0.397873 4.688238 22.502973
 98.000000 0.374773 10.593249 22.502973
 98.200000 0.372885 12.279008 22.502973
 98.400000 0.401888 4.297854 22.502973
 98.600000 0.386320 7.924376 22.502973
 98.800000 0.379215 10.224886 22.502973
 99.000000 0.394705 5.685648 22.502973
 99.200000 0.399946 5.910313 22.502973
 99.400000 0.399723 5.957030 22.502973
 99.600000 0.397162 6.501829 22.502973
 99.800000 0.401206 5.649013 22.502973
 100.000000 0.393067 7.418921 22.467492
 100.200000 0.394146 8.424973 22.467492
 100.400000 0.374188 12.971162 22.467492
 100.600000 0.355663 16.315563 22.467492
 100.800000 0.357346 16.088006 22.467492
 101.000000 0.349019 17.065124 22.467492
 101.200000 0.363219 15.689080 22.467492
 101.400000 0.365493 15.204288 22.467492
 101.600000 0.367445 14.768112 22.467492
 101.800000 0.363647 15.599833 22.467492
 102.000000 0.378057 12.228519 22.467492
 102.200000 0.402897 6.573876 22.467492
 102.400000 0.414623 3.560942 22.467492
 102.600000 0.393358 9.220070 22.467492
 102.800000 0.371027 14.840782 22.467492
 103.000000 0.373764 14.247253 22.467492
 103.200000 0.404611 6.216200 22.467492
 103.400000 0.412256 4.152204 22.467492
 103.600000 0.398785 7.944400 22.467492
 103.800000 0.387654 11.376929 22.467492
 104.000000 0.386012 11.875663 22.467492
 104.200000 0.383159 13.733651 22.467492
 104.400000 0.374629 15.750629 22.467492
 104.600000 0.362263 17.449997 22.467492
 104.800000 0.371631 16.281828 22.467492
 105.000000 0.392594 10.787681 22.454438
 105.200000 0.375202 16.190204 22.454438
 105.400000 0.370407 16.835158 22.454438
 105.600000 0.368877 17.003915 22.454438
 105.800000 0.381609 14.981151 22.454438
 106.000000 0.380591 15.202599 22.454438
 106.200000 0.360268 18.084657 22.454438
 106.400000 0.342814 18.608275 22.454438
 106.600000 0.346560 18.496762 22.454438
 106.800000 0.348917 18.433606 22.454438
 107.000000 0.368776 17.666043 22.454438
 107.200000 0.376909 17.460565 22.454438
 107.400000 0.350798 18.770392 22.454438
 107.600000 0.344792 18.767745 22.454438
 107.800000 0.352356 18.775750 22.454438
 108.000000 0.342914 18.783986 22.454438
 108.200000 0.351433 19.417497 22.454438
 108.400000 0.356111 19.297220 22.454438
 108.600000 0.371409 18.360429 22.454438
 108.800000 0.377158 17.469037 22.454438
 109.000000 0.360352 19.146721 22.454438
 109.200000 0.363515 19.729349 22.454438
 109.400000 0.363599 19.723969 22.454438
 109.600000 0.358973 19.942945 22.454438
 109.800000 0.374890 18.340845 22.454438
 110.000000 0.396920 11.006787 22.490324
 110.200000 0.384168 16.679648 22.490324
 110.400000 0.371097 19.215399 22.490324
 110.600000 0.366342 19.648211 22.490324
 110.800000 0.370917 19.235659 22.490324
 111.000000 0.378406 18.072678 22.490324
 111.200000 0.379210 18.686552 22.490324
 111.400000 0.404029 9.150499 22.490324
 111.600000 0.404411 8.975592 22.490324
 111.800000 0.420193 3.038950 22.490324
 112.000000 0.397738 12.069307 22.490324
 112.200000 0.383672 18.210499 22.490324
 112.400000 0.393660 14.873705 22.490324
 112.600000 0.403445 10.369986 22.490324
 112.800000 0.394759 14.412686 22.490324
 113.000000 0.387825 17.023228 22.490324
 113.200000 0.376345 20.216837 22.490324
 113.400000 0.392743 16.023088 22.490324
 113.600000 0.367893 20.618650 22.490324
 113.800000 0.368280 20.615915 22.490324
 114.000000 0.357757 20.449949 22.490324
 114.200000 0.343263 20.424772 22.490324
 114.400000 0.349257 20.778500 22.490324
 114.600000 0.345626 20.562964 22.490324
 114.800000 0.344140 20.474797 22.490324
 115.000000 0.333422 20.159837 22.584528
 115.200000 0.324212 21.308251 22.584528
 115.400000 0.320439 21.630138 22.584528
 115.600000 0.320668 21.608749 22.584528
 115.800000 0.325328 21.225688 22.584528
 116.000000 0.341617 20.950670 22.584528
 116.200000 0.346875 21.761174 22.584528
 116.400000 0.340160 21.598810 22.584528
 116.600000 0.336962 21.520443 22.584528
 116.800000 0.326484 21.561271 22.584528
 117.000000 0.345526 21.736568 22.584528
 117.200000 0.347426 22.428831 22.584528
 117.400000 0.325520 21.870879 22.584528
 117.600000 0.323093 21.933680 22.584528
 117.800000 0.328276 21.849662 22.584528
 118.000000 0.319377 22.104142 22.584528
 118.200000 0.301725 24.240796 22.584528
 118.400000 0.322929 22.574925 22.584528
 118.600000 0.346863 22.543849 22.584528
 118.800000 0.347012 22.543390 22.584528
 119.000000 0.340568 22.479342 22.584528
 119.200000 0.329462 22.866523 22.584528
 119.400000 0.341660 23.140137 22.584528
 119.600000 0.345943 23.147204 22.584528
 119.800000 0.379132 20.232488 22.584528
 120.000000 0.397574 13.850031 22.859531
 120.200000 0.405593 10.556366 22.859531
 120.400000 0.412980 6.721642 22.859531
 120.600000 0.411357 7.513841 22.859531
 120.800000 0.417778 4.634805 22.859531
 121.000000 0.410976 7.705376 22.859531
 121.200000 0.399043 14.963465 22.859531
 121.400000 0.398628 15.153770 22.859531
 121.600000 0.417430 5.903307 22.859531
 121.800000 0.436858 0.814137 22.859531
 122.000000 0.423656 3.558492 22.859531
 122.200000 0.398803 15.450063 22.859531
 122.400000 0.389968 18.599987 22.859531
 122.600000 0.381676 20.443499 22.859531
 122.800000 0.370484 21.674235 22.859531
 123.000000 0.365633 22.027015 22.859531
 123.200000 0.385516 19.991749 22.859531
 123.400000 0.389678 18.863313 22.859531
 123.600000 0.396695 16.377601 22.859531
 123.800000 0.414160 8.608668 22.859531
 124.000000 0.430381 3.159543 22.859531
 124.200000 0.429541 4.885203 22.859531
 124.400000 0.416148 8.752628 22.859531
 124.600000 0.409924 11.067575 22.859531
 124.800000 0.415527 8.967858 22.859531
 125.000000 0.427434 5.415170 22.889271
 125.200000 0.400532 15.237806 22.889271
 125.400000 0.400186 15.368853 22.889271
 125.600000 0.393900 17.637243 22.889271
 125.800000 0.394149 17.553621 22.889271
 126.000000 0.411829 11.122669 22.889271
 126.200000 0.402331 15.424369 22.889271
 126.400000 0.389372 19.387306 22.889271
 126.600000 0.389699 19.305963 22.889271
 126.800000 0.400623 16.009153 22.889271
 127.000000 0.401623 15.667909 22.889271
 127.200000 0.403596 15.851606 22.889271
 127.400000 0.411322 13.061677 22.889271
 127.600000 0.412785 12.537369 22.889271
 127.800000 0.395675 18.427416 22.889271
 128.000000 0.407973 14.275674 22.889271
 128.200000 0.436254 4.991812 22.889271
 128.400000 0.434009 5.723884 22.889271
 128.600000 0.441135 3.535727 22.889271
 128.800000 0.438367 4.335627 22.889271
 129.000000 0.450779 1.427837 22.889271
 129.200000 0.461427 1.621222 22.889271
 129.400000 0.438794 5.400200 22.889271
 129.600000 0.428355 8.211882 22.889271
 129.800000 0.435826 6.126800 22.889271
 130.000000 0.423688 9.677139 22.884476
 130.200000 0.417012 12.986535 22.884476
 130.400000 0.410499 15.085081 22.884476
 130.600000 0.413488 14.127106 22.884476
 130.800000 0.415707 13.409960 22.884476
 131.000000 0.424052 10.695661 22.884476
 131.200000 0.446748 4.443459 22.884476
 131.400000 0.440174 6.312960 22.884476
 131.600000 0.455087 2.680489 22.884476
 131.800000 0.447869 4.168055 22.884476
 132.000000 0.443394 5.345990 22.884476
 132.200000 0.424875 12.154922 22.884476
 132.400000 0.441099 7.388957 22.884476
 132.600000 0.442295 7.041302 22.884476
 132.800000 0.450399 4.828839 22.884476
 133.000000 0.443026 6.830555 22.884476
 133.200000 0.451696 5.595961 22.884476
 133.400000 0.457126 4.074494 22.884476
 133.600000 0.455024 4.648953 22.884476
 133.800000 0.452804 5.276986 22.884476
 134.000000 0.456701 4.188529 22.884476
 134.200000 0.470676 2.193281 22.884476
 134.400000 0.481875 0.634457 22.884476
 134.600000 0.469116 2.513117 22.884476
 134.800000 0.471488 2.036200 22.884476
 135.000000 0.454960 6.108947 22.847832
 135.200000 0.449431 8.791235 22.847832
 135.400000 0.459039 6.293612 22.847832
 135.600000 0.455598 7.269903 22.847832
 135.800000 0.450669 8.512578 22.847832
 136.000000 0.452873 7.983044 22.847832
 136.200000 0.463634 5.873290 22.847832
 136.400000 0.465941 5.087783 22.847832
 136.600000 0.478368 1.664379 22.847832
 136.800000 0.484760 0.735021 22.847832
 137.000000 0.471164 3.422522 22.847832
 137.200000 0.451758 10.128330 22.847832
 137.400000 0.460709 8.046978 22.847832
 137.600000 0.489648 1.048469 22.847832
 137.800000 0.482846 2.064790 22.847832
 138.000000 0.460917 7.988409 22.847832
 138.200000 0.462018 8.896445 22.847832
 138.400000 0.443875 11.848179 22.847832
 138.600000 0.422658 13.718896 22.847832
 138.800000 0.417255 14.664775 22.847832
 139.000000 0.427521 13.042467 22.847832
 139.200000 0.413421 16.077439 22.847832
 139.400000 0.396322 19.458339 22.847832
 139.600000 0.400826 18.564933 22.847832
 139.800000 0.410237 16.658733 22.847832
 140.000000 0.413136 16.127522 22.824212
