#! FIELDS time d metad.bias metad.rct
 0.000000 0.291149 0.000000 0.000000
 0.200000 0.292121 0.000000 0.000000
 0.400000 0.324701 0.000000 0.000000
 0.600000 0.320357 0.000000 0.000000
 0.800000 0.317989 0.000000 0.000000
 1.000000 0.297363 0.000000 0.000000
 1.200000 0.275168 0.583688 0.000000
 1.400000 0.272626 0.447093 0.000000
 1.600000 0.292608 1.664073 0.000000
 1.800000 0.304987 1.537180 0.000000
 2.000000 0.325937 0.282576 0.000000
 2.200000 0.325649 2.020139 0.000000
 2.400000 0.333792 1.594360 0.000000
 2.600000 0.324140 2.068445 0.000000
 2.800000 0.302533 2.158158 0.000000
 3.000000 0.273820 0.509886 0.000000
 3.200000 0.274574 2.259546 0.000000
 3.400000 0.282715 2.543252 0.000000
 3.600000 0.299860 2.481139 0.000000
 3.800000 0.298334 2.508980 0.000000
 4.000000 0.307565 2.335618 0.000000
 4.200000 0.305020 3.935253 0.000000
 4.400000 0.288820 3.322642 0.000000
 4.600000 0.271683 2.182362 0.000000
 4.800000 0.262052 1.375885 0.000000
 5.000000 0.262467 1.411684 0.449186
 5.200000 0.256400 2.424190 0.449186
 5.400000 0.259670 2.787530 0.449186
 5.600000 0.248823 1.515785 0.449186
 5.800000 0.259369 2.756040 0.449186
 6.000000 0.267267 3.385662 0.449186
 6.200000 0.287459 4.253745 0.449186
 6.400000 0.282546 4.494522 0.449186
 6.600000 0.296894 4.083670 0.449186
 6.800000 0.292801 4.116219 0.449186
 7.000000 0.284849 4.369054 0.449186
 7.200000 0.294790 5.251387 0.449186
 7.400000 0.289990 5.530056 0.449186
 7.600000 0.290408 5.506049 0.449186
 7.800000 0.284235 5.839960 0.449186
 8.000000 0.268870 5.770373 0.449186
 8.200000 0.260906 5.862904 0.449186
 8.400000 0.244196 1.864170 0.449186
 8.600000 0.236116 0.717168 0.449186
 8.800000 0.244998 2.018845 0.449186
 9.000000 0.244299 1.883704 0.449186
 9.200000 0.240472 2.799245 0.449186
 9.400000 0.244633 3.555723 0.449186
 9.600000 0.227313 1.026130 0.449186
 9.800000 0.231220 1.447616 0.449186
 10.000000 0.233114 1.684653 1.480276
 10.200000 0.218376 1.385151 1.480276
 10.400000 0.207045 0.426420 1.480276
 10.600000 0.202779 0.239173 1.480276
 10.800000 0.216177 1.144884 1.480276
 11.000000 0.233727 3.387810 1.480276
 11.200000 0.219789 2.527740 1.480276
 11.400000 0.212824 1.396291 1.480276
 11.600000 0.215330 1.767186 1.480276
 11.800000 0.193263 0.083176 1.480276
 12.000000 0.188256 0.027760 1.480276
 12.200000 0.195475 1.683416 1.480276
 12.400000 0.214894 2.058221 1.480276
 12.600000 0.226375 3.805224 1.480276
 12.800000 0.212665 1.837277 1.480276
 13.000000 0.221856 3.046665 1.480276
 13.200000 0.243356 6.369365 1.480276
 13.400000 0.232478 5.932070 1.480276
 13.600000 0.204736 2.295296 1.480276
 13.800000 0.201261 2.125471 1.480276
 14.000000 0.215601 3.539443 1.480276
 14.200000 0.206096 3.612835 1.480276
 14.400000 0.205399 3.525052 1.480276
 14.600000 0.183969 1.903040 1.480276
 14.800000 0.176936 1.379284 1.480276
 15.000000 0.188846 2.213599 2.053985
 15.200000 0.188596 3.784108 2.053985
 15.400000 0.196642 4.077041 2.053985
 15.600000 0.202654 4.247365 2.053985
 15.800000 0.206439 4.453097 2.053985
 16.000000 0.202925 4.258785 2.053985
 16.200000 0.204848 5.789584 2.053985
 16.400000 0.204484 5.773665 2.053985
 16.600000 0.211111 6.098033 2.053985
 16.800000 0.211393 6.114047 2.053985
 17.000000 0.212271 6.164888 2.053985
 17.200000 0.212485 7.506576 2.053985
 17.400000 0.211598 7.453952 2.053985
 17.600000 0.205908 7.051399 2.053985
 17.800000 0.199134 6.441808 2.053985
 18.000000 0.193275 5.763020 2.053985
 18.200000 0.189735 6.575471 2.053985
 18.400000 0.189940 6.610783 2.053985
 18.600000 0.160431 0.716691 2.053985
 18.800000 0.169448 2.011207 2.053985
 19.000000 0.167304 1.623134 2.053985
 19.200000 0.158557 1.926038 2.053985
 19.400000 0.153504 1.318721 2.053985
 19.600000 0.180335 5.638328 2.053985
 19.800000 0.176757 4.974238 2.053985
 20.000000 0.202396 7.981188 3.155164
 20.200000 0.222158 8.541552 3.155164
 20.400000 0.231502 7.777005 3.155164
 20.600000 0.228775 8.018192 3.155164
 20.800000 0.220879 8.629768 3.155164
 21.000000 0.226806 8.185118 3.155164
 21.200000 0.234869 8.525275 3.155164
 21.400000 0.242650 7.584713 3.155164
 21.600000 0.251160 7.111031 3.155164
 21.800000 0.250287 7.120244 3.155164
 22.000000 0.237389 8.203083 3.155164
 22.200000 0.223728 10.418654 3.155164
 22.400000 0.235230 9.680739 3.155164
 22.600000 0.244320 8.519086 3.155164
 22.800000 0.249491 8.012770 3.155164
 23.000000 0.249604 8.004714 3.155164
 23.200000 0.239557 10.112184 3.155164
 23.400000 0.240637 10.013890 3.155164
 23.600000 0.237217 10.309385 3.155164
 23.800000 0.219207 10.543617 3.155164
 24.000000 0.213133 10.256279 3.155164
 24.200000 0.209319 11.126640 3.155164
 24.400000 0.216627 11.506394 3.155164
 24.600000 0.247385 9.479754 3.155164
 24.800000 0.269325 8.397142 3.155164
 25.000000 0.260571 8.756916 5.074696
 25.200000 0.254535 10.059361 5.074696
 25.400000 0.258834 9.982831 5.074696
 25.600000 0.255689 10.038744 5.074696
 25.800000 0.247632 10.272455 5.074696
 26.000000 0.251641 10.126305 5.074696
 26.200000 0.243560 11.466087 5.074696
 26.400000 0.241705 11.524088 5.074696
 26.600000 0.261376 10.819628 5.074696
 26.800000 0.267683 10.180221 5.074696
 27.000000 0.266947 10.274481 5.074696
 27.200000 0.262881 11.768938 5.074696
 27.400000 0.249618 11.862275 5.074696
 27.600000 0.230683 11.870841 5.074696
 27.800000 0.245729 11.807229 5.074696
 28.000000 0.246044 11.810323 5.074696
 28.200000 0.257076 12.738667 5.074696
 28.400000 0.256213 12.771805 5.074696
 28.600000 0.251015 12.865266 5.074696
 28.800000 0.239442 12.739653 5.074696
 29.000000 0.224821 12.220694 5.074696
 29.200000 0.205318 11.252068 5.074696
 29.400000 0.199643 10.370328 5.074696
 29.600000 0.201483 10.673254 5.074696
 29.800000 0.209569 11.822400 5.074696
 30.000000 0.212301 12.154218 7.245728
 30.200000 0.211820 13.115529 7.245728
 30.400000 0.209345 12.792804 7.245728
 30.600000 0.213240 13.277343 7.245728
 30.800000 0.236136 13.711396 7.245728
 31.000000 0.240239 13.531613 7.245728
 31.200000 0.230489 14.682193 7.245728
 31.400000 0.237953 14.579362 7.245728
 31.600000 0.250739 13.878632 7.245728
 31.800000 0.263678 12.544605 7.245728
 32.000000 0.284581 7.758461 7.245728
 32.200000 0.297644 6.343221 7.245728
 32.400000 0.302757 5.538588 7.245728
 32.600000 0.330477 2.310011 7.245728
 32.800000 0.358764 0.156196 7.245728
 33.000000 0.321470 3.293248 7.245728
 33.200000 0.275963 10.984836 7.245728
 33.400000 0.289759 8.006718 7.245728
 33.600000 0.322819 4.653967 7.245728
 33.800000 0.344816 1.306638 7.245728
 34.000000 0.341166 1.813714 7.245728
 34.200000 0.352345 1.780614 7.245728
 34.400000 0.343862 3.019021 7.245728
 34.600000 0.338086 3.877786 7.245728
 34.800000 0.342647 3.203781 7.245728
 35.000000 0.332962 4.548860 7.947629
 35.200000 0.310513 6.333499 7.947629
 35.400000 0.295237 7.162079 7.947629
 35.600000 0.275776 11.024517 7.947629
 35.800000 0.294524 7.258144 7.947629
 36.000000 0.303414 6.442961 7.947629
 36.200000 0.296547 8.181560 7.947629
 36.400000 0.324238 7.039571 7.947629
 36.600000 0.302137 7.817509 7.947629
 36.800000 0.295423 8.276981 7.947629
 37.000000 0.316147 7.362920 7.947629
 37.200000 0.312725 8.677522 7.947629
 37.400000 0.306263 8.653695 7.947629
 37.600000 0.313629 8.669771 7.947629
 37.800000 0.319715 8.479037 7.947629
 38.000000 0.315311 8.643306 7.947629
 38.200000 0.297823 9.282403 7.947629
 38.400000 0.283926 10.034063 7.947629
 38.600000 0.275085 11.446283 7.947629
 38.800000 0.286373 9.736522 7.947629
 39.000000 0.288022 9.574746 7.947629
 39.200000 0.291004 10.484713 7.947629
 39.400000 0.298931 10.188126 7.947629
 39.600000 0.284584 11.060480 7.947629
 39.800000 0.300240 10.177066 7.947629
 40.000000 0.315089 10.060906 8.332815
 40.200000 0.334428 7.564235 8.332815
 40.400000 0.305194 11.084365 8.332815
 40.600000 0.280820 11.587073 8.332815
 40.800000 0.286082 11.071670 8.332815
 41.000000 0.291312 10.781344 8.332815
 41.200000 0.311415 11.694584 8.332815
 41.400000 0.307247 11.783137 8.332815
 41.600000 0.277498 12.682737 8.332815
 41.800000 0.273940 12.949874 8.332815
 42.000000 0.259853 13.705908 8.332815
 42.200000 0.275265 13.411785 8.332815
 42.400000 0.287196 12.210041 8.332815
 42.600000 0.294115 11.866329 8.332815
 42.800000 0.294023 11.868871 8.332815
 43.000000 0.282472 12.621222 8.332815
 43.200000 0.272683 14.504428 8.332815
 43.400000 0.263880 14.921811 8.332815
 43.600000 0.282995 13.566230 8.332815
 43.800000 0.264315 14.911463 8.332815
 44.000000 0.224264 14.544727 8.332815
 44.200000 0.213667 14.240203 8.332815
 44.400000 0.219260 15.018585 8.332815
 44.600000 0.233430 15.644654 8.332815
 44.800000 0.245007 15.279417 8.332815
 45.000000 0.236490 15.574962 9.983933
 45.200000 0.248078 15.840243 9.983933
 45.400000 0.264881 15.062649 9.983933
 45.600000 0.277168 14.152501 9.983933
 45.800000 0.267926 14.893360 9.983933
 46.000000 0.272916 14.534183 9.983933
 46.200000 0.267587 15.773476 9.983933
 46.400000 0.252879 15.958143 9.983933
 46.600000 0.247637 16.085936 9.983933
 46.800000 0.245023 16.183486 9.983933
 47.000000 0.249048 16.042080 9.983933
 47.200000 0.239960 17.101986 9.983933
 47.400000 0.224267 16.307835 9.983933
 47.600000 0.228251 16.716918 9.983933
 47.800000 0.248043 16.927078 9.983933
 48.000000 0.279342 14.885097 9.983933
 48.200000 0.310085 12.070296 9.983933
 48.400000 0.309550 12.108260 9.983933
 48.600000 0.282785 15.274903 9.983933
 48.800000 0.269782 16.733014 9.983933
 49.000000 0.266770 16.863048 9.983933
 49.200000 0.264558 17.734602 9.983933
 49.400000 0.285674 15.181348 9.983933
 49.600000 0.279827 16.283409 9.983933
 49.800000 0.278545 16.501260 9.983933
 50.000000 0.268695 17.607072 11.868286
 50.200000 0.285688 15.598498 11.868286
 50.400000 0.310537 12.062369 11.868286
 50.600000 0.293388 13.977589 11.868286
 50.800000 0.293849 13.894202 11.868286
 51.000000 0.292781 14.090276 11.868286
 51.200000 0.285687 16.433891 11.868286
 51.400000 0.296208 14.409569 11.868286
 51.600000 0.314992 11.973841 11.868286
 51.800000 0.340133 5.853527 11.868286
 52.000000 0.341326 5.492611 11.868286
 52.200000 0.362731 1.394846 11.868286
 52.400000 0.347214 5.082095 11.868286
 52.600000 0.353281 3.371591 11.868286
 52.800000 0.359379 1.978823 11.868286
 53.000000 0.374365 0.290357 11.868286
 53.200000 0.394954 0.672500 11.868286
 53.400000 0.387837 1.171326 11.868286
 53.600000 0.377272 1.873247 11.868286
 53.800000 0.363297 2.624360 11.868286
 54.000000 0.340761 7.169194 11.868286
 54.200000 0.353058 4.965267 11.868286
 54.400000 0.398334 0.479585 11.868286
 54.600000 0.412078 0.070058 11.868286
 54.800000 0.418042 0.021557 11.868286
 55.000000 0.416118 0.032525 12.100225
 55.200000 0.401001 1.405335 12.100225
 55.400000 0.381135 1.789994 12.100225
 55.600000 0.350353 5.680822 12.100225
 55.800000 0.345499 7.075986 12.100225
 56.000000 0.351088 5.480076 12.100225
 56.200000 0.375188 2.482154 12.100225
 56.400000 0.382309 1.883885 12.100225
 56.600000 0.376239 2.384273 12.100225
 56.800000 0.384946 1.702125 12.100225
 57.000000 0.395096 1.332420 12.100225
 57.200000 0.364712 3.987111 12.100225
 57.400000 0.356816 5.436429 12.100225
 57.600000 0.349945 7.174777 12.100225
 57.800000 0.362153 4.372925 12.100225
 58.000000 0.370472 3.403268 12.100225
 58.200000 0.382951 4.087811 12.100225
 58.400000 0.386463 3.858108 12.100225
 58.600000 0.378696 4.367889 12.100225
 58.800000 0.354713 6.801653 12.100225
 59.000000 0.347749 8.239585 12.100225
 59.200000 0.339725 10.984760 12.100225
 59.400000 0.334139 11.706482 12.100225
 59.600000 0.351206 8.676552 12.100225
 59.800000 0.361991 6.452913 12.100225
 60.000000 0.351015 8.719837 12.133732
 60.200000 0.355133 8.940378 12.133732
 60.400000 0.329229 12.529701 12.133732
 60.600000 0.311595 12.921592 12.133732
 60.800000 0.270745 18.579877 12.133732
 61.000000 0.273716 18.353633 12.133732
 61.200000 0.300966 13.903732 12.133732
 61.400000 0.310885 12.987908 12.133732
 61.600000 0.311929 12.936104 12.133732
 61.800000 0.309572 13.062720 12.133732
 62.000000 0.317184 12.755133 12.133732
 62.200000 0.340434 12.093334 12.133732
 62.400000 0.342534 11.755853 12.133732
 62.600000 0.332924 12.968976 12.133732
 62.800000 0.318346 13.716175 12.133732
 63.000000 0.335366 12.736166 12.133732
 63.200000 0.349958 10.849451 12.133732
 63.400000 0.371167 5.751318 12.133732
 63.600000 0.365880 6.707387 12.133732
 63.800000 0.373350 5.422767 12.133732
 64.000000 0.391074 3.626042 12.133732
 64.200000 0.396781 4.690095 12.133732
 64.400000 0.393131 4.972574 12.133732
 64.600000 0.386845 5.369473 12.133732
 64.800000 0.389439 5.219069 12.133732
 65.000000 0.368717 6.651998 12.673263
 65.200000 0.354984 10.371142 12.673263
 65.400000 0.370515 7.728278 12.673263
 65.600000 0.371036 7.666074 12.673263
 65.800000 0.330481 14.150807 12.673263
 66.000000 0.301698 14.464126 12.673263
 66.200000 0.303670 15.240687 12.673263
 66.400000 0.320433 14.684597 12.673263
 66.600000 0.342307 12.986022 12.673263
 66.800000 0.355611 10.235809 12.673263
 67.000000 0.355241 10.315597 12.673263
 67.200000 0.350575 12.396400 12.673263
 67.400000 0.361574 10.059713 12.673263
 67.600000 0.354481 11.584242 12.673263
 67.800000 0.367900 8.834500 12.673263
 68.000000 0.382611 6.645013 12.673263
 68.200000 0.397422 5.660617 12.673263
 68.400000 0.367271 9.718417 12.673263
 68.600000 0.363169 10.294947 12.673263
 68.800000 0.382924 7.906103 12.673263
 69.000000 0.383173 7.873634 12.673263
 69.200000 0.387961 8.368882 12.673263
 69.400000 0.405278 4.801707 12.673263
 69.600000 0.407821 4.326504 12.673263
 69.800000 0.416684 2.914104 12.673263
 70.000000 0.409796 3.979848 12.881266
 70.200000 0.384688 9.254867 12.881266
 70.400000 0.363078 10.818601 12.881266
 70.600000 0.348318 12.999726 12.881266
 70.800000 0.318527 14.783297 12.881266
 71.000000 0.327914 14.641801 12.881266
 71.200000 0.360126 11.254676 12.881266
 71.400000 0.351557 12.743015 12.881266
 71.600000 0.333390 15.326499 12.881266
 71.800000 0.330268 15.483675 12.881266
 72.000000 0.325431 15.587232 12.881266
 72.200000 0.315367 16.172049 12.881266
 72.400000 0.316953 16.248633 12.881266
 72.600000 0.334212 16.007309 12.881266
 72.800000 0.349929 13.284405 12.881266
 73.000000 0.366301 10.571347 12.881266
 73.200000 0.382659 10.057019 12.881266
 73.400000 0.363966 11.886901 12.881266
 73.600000 0.348681 14.101417 12.881266
 73.800000 0.359001 12.461939 12.881266
 74.000000 0.355770 12.923739 12.881266
 74.200000 0.348955 14.941212 12.881266
 74.400000 0.357367 13.665701 12.881266
 74.600000 0.359269 13.384254 12.881266
 74.800000 0.368124 12.204627 12.881266
 75.000000 0.365219 12.570770 13.228877
 75.200000 0.342758 16.080492 13.228877
 75.400000 0.342309 16.116338 13.228877
 75.600000 0.346588 15.736927 13.228877
 75.800000 0.377376 11.754092 13.228877
 76.000000 0.373434 12.411339 13.228877
 76.200000 0.345704 16.002576 13.228877
 76.400000 0.352238 15.505342 13.228877
 76.600000 0.354403 15.336072 13.228877
 76.800000 0.337153 16.507983 13.228877
 77.000000 0.327143 16.672083 13.228877
 77.200000 0.346590 16.296823 13.228877
 77.400000 0.348144 16.134110 13.228877
 77.600000 0.354602 15.475181 13.228877
 77.800000 0.368234 14.136414 13.228877
 78.000000 0.356478 15.295386 13.228877
 78.200000 0.317924 17.060043 13.228877
 78.400000 0.312901 16.604915 13.228877
 78.600000 0.309333 16.310074 13.228877
 78.800000 0.309693 16.336888 13.228877
 79.000000 0.324269 17.517627 13.228877
 79.200000 0.309022 16.765446 13.228877
 79.400000 0.293428 16.641190 13.228877
 79.600000 0.322226 18.190962 13.228877
 79.800000 0.331687 18.396028 13.228877
 80.000000 0.325213 18.362930 13.947603
 80.200000 0.340772 18.273865 13.947603
 80.400000 0.368884 14.704256 13.947603
 80.600000 0.395638 8.445670 13.947603
 80.800000 0.379033 12.679556 13.947603
 81.000000 0.342005 18.125372 13.947603
 81.200000 0.341874 18.921442 13.947603
 81.400000 0.364077 15.672229 13.947603
 81.600000 0.379338 12.640735 13.947603
 81.800000 0.378183 12.919630 13.947603
 82.000000 0.370648 14.533614 13.947603
 82.200000 0.364723 16.415324 13.947603
 82.400000 0.368018 15.915834 13.947603
 82.600000 0.382860 12.408305 13.947603
 82.800000 0.404984 6.495185 13.947603
 83.000000 0.390846 10.013222 13.947603
 83.200000 0.361278 17.021254 13.947603
 83.400000 0.353538 17.800973 13.947603
 83.600000 0.343181 18.933071 13.947603
 83.800000 0.335913 19.575262 13.947603
 84.000000 0.357523 17.395645 13.947603
 84.200000 0.354788 18.464508 13.947603
 84.400000 0.307387 17.041325 13.947603
 84.600000 0.276374 19.063722 13.947603
 84.800000 0.303837 16.664719 13.947603
 85.000000 0.315025 18.241257 14.692376
 85.200000 0.296571 16.880904 14.692376
 85.400000 0.298132 16.883166 14.692376
 85.600000 0.305749 17.487445 14.692376
 85.800000 0.316145 19.202780 14.692376
 86.000000 0.330798 20.363420 14.692376
 86.200000 0.325354 20.922171 14.692376
 86.400000 0.319850 20.286640 14.692376
 86.600000 0.325589 20.938470 14.692376
 86.800000 0.304734 17.511993 14.692376
 87.000000 0.299391 16.993739 14.692376
 87.200000 0.322745 20.923216 14.692376
 87.400000 0.327804 21.183039 14.692376
 87.600000 0.344680 19.905777 14.692376
 87.800000 0.355581 18.588265 14.692376
 88.000000 0.350769 19.160647 14.692376
 88.200000 0.329849 21.462165 14.692376
 88.400000 0.309558 18.999239 14.692376
 88.600000 0.313659 19.706067 14.692376
 88.800000 0.300033 17.850020 14.692376
 89.000000 0.305995 18.452055 14.692376
 89.200000 0.326470 21.653488 14.692376
 89.400000 0.330414 21.669458 14.692376
 89.600000 0.293519 18.328080 14.692376
 89.800000 0.287349 18.575172 14.692376
 90.000000 0.308333 19.559832 15.923615
 90.200000 0.313440 21.038517 15.923615
 90.400000 0.303207 19.558614 15.923615
 90.600000 0.303843 19.642639 15.923615
 90.800000 0.301397 19.336503 15.923615
 91.000000 0.299736 19.159197 15.923615
 91.200000 0.298777 19.814343 15.923615
 91.400000 0.285849 19.407760 15.923615
 91.600000 0.277205 19.720815 15.923615
 91.800000 0.287929 19.372726 15.923615
 92.000000 0.295814 19.584539 15.923615
 92.200000 0.283504 20.002330 15.923615
 92.400000 0.294171 20.217856 15.923615
 92.600000 0.302883 20.900077 15.923615
 92.800000 0.299524 20.593330 15.923615
 93.000000 0.307218 21.330166 15.923615
 93.200000 0.296870 20.920014 15.923615
 93.400000 0.285701 20.234868 15.923615
 93.600000 0.282549 20.184635 15.923615
 93.800000 0.294447 20.703704 15.923615
 94.000000 0.276341 20.140787 15.923615
 94.200000 0.289813 20.866170 15.923615
 94.400000 0.308919 22.235467 15.923615
 94.600000 0.319013 22.727917 15.923615
 94.800000 0.351346 19.861022 15.923615
 95.000000 0.356710 19.148211 17.007689
 95.200000 0.367751 17.932754 17.007689
 95.400000 0.364804 18.546319 17.007689
 95.600000 0.384481 13.299134 17.007689
 95.800000 0.391828 10.966303 17.007689
 96.000000 0.380277 14.606100 17.007689
 96.200000 0.376215 16.678740 17.007689
 96.400000 0.381506 15.140055 17.007689
 96.600000 0.378186 16.134569 17.007689
 96.800000 0.397820 9.617951 17.007689
 97.000000 0.421317 3.551934 17.007689
 97.200000 0.412798 6.722858 17.007689
 97.400000 0.408944 7.462081 17.007689
 97.600000 0.383701 14.496367 17.007689
 97.800000 0.371582 17.806728 17.007689
 98.000000 0.373352 17.405898 17.007689
 98.200000 0.405564 8.231685 17.007689
 98.400000 0.392757 11.912703 17.007689
 98.600000 0.375459 17.686496 17.007689
 98.800000 0.355719 20.669585 17.007689
 99.000000 0.361876 20.118537 17.007689
 99.200000 0.397714 10.337798 17.007689
 99.400000 0.417173 5.891835 17.007689
 99.600000 0.400960 9.391386 17.007689
 99.800000 0.390221 12.922351 17.007689
 100.000000 0.409325 7.434824 17.269932
 100.200000 0.409195 8.717190 17.269932
 100.400000 0.426192 4.675196 17.269932
 100.600000 0.433504 2.828627 17.269932
 100.800000 0.438473 1.804844 17.269932
 101.000000 0.438338 1.829250 17.269932
 101.200000 0.428618 5.344000 17.269932
 101.400000 0.434690 4.127246 17.269932
 101.600000 0.413948 8.150091 17.269932
 101.800000 0.407853 9.191704 17.269932
 102.000000 0.408069 9.153836 17.269932
 102.200000 0.405707 10.726694 17.269932
 102.400000 0.411997 9.607847 17.269932
 102.600000 0.391921 13.599135 17.269932
 102.800000 0.413574 9.302484 17.269932
 103.000000 0.429199 5.656297 17.269932
 103.200000 0.426003 7.772722 17.269932
 103.400000 0.408126 10.813180 17.269932
 103.600000 0.391602 13.739765 17.269932
 103.800000 0.422402 8.558904 17.269932
 104.000000 0.448332 2.478396 17.269932
 104.200000 0.467418 1.002577 17.269932
 104.400000 0.479182 0.225567 17.269932
 104.600000 0.462734 1.566100 17.269932
 104.800000 0.462505 1.597657 17.269932
 105.000000 0.474704 0.425398 17.258323
 105.200000 0.466762 2.563980 17.258323
 105.400000 0.462798 2.809717 17.258323
 105.600000 0.484576 1.474316 17.258323
 105.800000 0.462638 2.820980 17.258323
 106.000000 0.454216 3.614916 17.258323
 106.200000 0.486890 1.429953 17.258323
 106.400000 0.486647 1.454024 17.258323
 106.600000 0.485366 1.583057 17.258323
 106.800000 0.480546 2.090824 17.258323
 107.000000 0.497387 0.570442 17.258323
 107.200000 0.488067 2.721175 17.258323
 107.400000 0.476414 3.179888 17.258323
 107.600000 0.470640 3.521289 17.258323
 107.800000 0.457429 4.763578 17.258323
 108.000000 0.463958 4.076818 17.258323
 108.200000 0.466580 5.275269 17.258323
 108.400000 0.461989 5.718281 17.258323
 108.600000 0.455151 6.249029 17.258323
 108.800000 0.471909 4.703148 17.258323
 109.000000 0.483468 3.512889 17.258323
 109.200000 0.477248 5.497201 17.258323
 109.400000 0.467314 6.036071 17.258323
 109.600000 0.475866 5.587017 17.258323
 109.800000 0.478364 5.420180 17.258323
 110.000000 0.495210 3.667159 17.239011
 110.200000 0.501919 4.066833 17.239011
 110.400000 0.492325 5.502557 17.239011
 110.600000 0.506723 3.155696 17.239011
 110.800000 0.507703 2.967740 17.239011
 111.000000 0.509256 2.673944 17.239011
 111.200000 0.507292 4.585968 17.239011
 111.400000 0.500725 5.602816 17.239011
 111.600000 0.512855 3.538942 17.239011
 111.800000 0.519913 2.228336 17.239011
 112.000000 0.521634 1.942870 17.239011
 112.200000 0.528583 2.446497 17.239011
 112.400000 0.530216 2.201865 17.239011
 112.600000 0.529758 2.269595 17.239011
 112.800000 0.526240 2.809914 17.239011
 113.000000 0.552580 0.209155 17.239011
 113.200000 0.559504 1.623007 17.239011
 113.400000 0.531795 2.635862 17.239011
 113.600000 0.528088 2.977226 17.239011
 113.800000 0.550119 2.007096 17.239011
 114.000000 0.529394 2.847006 17.239011
 114.200000 0.496773 6.575300 17.239011
 114.400000 0.465437 6.340166 17.239011
 114.600000 0.464250 6.353378 17.239011
 114.800000 0.481456 6.482359 17.239011
 115.000000 0.486778 6.587484 17.219871
 115.200000 0.487892 7.904659 17.219871
 115.400000 0.492683 7.834416 17.219871
 115.600000 0.518079 5.535921 17.219871
 115.800000 0.526955 4.652810 17.219871
 116.000000 0.497214 7.589107 17.219871
 116.200000 0.502265 8.336770 17.219871
 116.400000 0.520705 5.640503 17.219871
 116.600000 0.521482 5.534594 17.219871
 116.800000 0.525679 4.984967 17.219871
 117.000000 0.527932 4.706100 17.219871
 117.200000 0.524210 6.548884 17.219871
 117.400000 0.531961 5.604925 17.219871
 117.600000 0.542938 4.029156 17.219871
 117.800000 0.555983 2.375102 17.219871
 118.000000 0.558085 2.136272 17.219871
 118.200000 0.543637 4.930782 17.219871
 118.400000 0.550246 4.444793 17.219871
 118.600000 0.561666 3.291879 17.219871
 118.800000 0.573581 1.610714 17.219871
 119.000000 0.571252 1.930147 17.219871
 119.200000 0.567069 4.079978 17.219871
 119.400000 0.568187 3.944981 17.219871
 119.600000 0.567423 4.038180 17.219871
 119.800000 0.568755 3.873371 17.219871
 120.000000 0.554891 4.941163 17.201843
 120.200000 0.568706 4.797493 17.201843
 120.400000 0.575233 3.506018 17.201843
 120.600000 0.577280 3.094567 17.201843
 120.800000 0.575235 3.505573 17.201843
 121.000000 0.581709 2.261081 17.201843
 121.200000 0.597525 1.335901 17.201843
 121.400000 0.590723 2.300214 17.201843
 121.600000 0.581835 3.820442 17.201843
 121.800000 0.597739 1.310036 17.201843
 122.000000 0.607817 0.428403 17.201843
 122.200000 0.618695 1.399550 17.201843
 122.400000 0.609166 2.067779 17.201843
 122.600000 0.600089 2.547808 17.201843
 122.800000 0.603055 2.394737 17.201843
 123.000000 0.610041 2.015229 17.201843
 123.200000 0.599145 3.827069 17.201843
 123.400000 0.578487 4.827442 17.201843
 123.600000 0.580013 4.658794 17.201843
 123.800000 0.590199 3.909810 17.201843
 124.000000 0.591567 3.868520 17.201843
 124.200000 0.567629 6.490392 17.201843
 124.400000 0.565010 6.619604 17.201843
 124.600000 0.584835 5.540512 17.201843
 124.800000 0.582373 5.640521 17.201843
 125.000000 0.587734 5.444557 17.182879
 125.200000 0.606962 5.229697 17.182879
 125.400000 0.608036 5.071193 17.182879
 125.600000 0.610283 4.716478 17.182879
 125.800000 0.576925 6.981160 17.182879
 126.000000 0.572702 7.013923 17.182879
 126.200000 0.558964 7.826128 17.182879
 126.400000 0.549516 6.994614 17.182879
 126.600000 0.530518 6.523706 17.182879
 126.800000 0.527990 6.641733 17.182879
 127.000000 0.540533 6.423148 17.182879
 127.200000 0.568294 8.506049 17.182879
 127.400000 0.594203 6.983718 17.182879
 127.600000 0.590279 7.373382 17.182879
 127.800000 0.577854 8.237760 17.182879
 128.000000 0.574099 8.382724 17.182879
 128.200000 0.590489 8.015977 17.182879
 128.400000 0.586967 8.494398 17.182879
 128.600000 0.581931 9.070183 17.182879
 128.800000 0.553406 8.725176 17.182879
 129.000000 0.528961 7.579830 17.182879
 129.200000 0.533165 8.822153 17.182879
 129.400000 0.549142 8.880215 17.182879
 129.600000 0.550825 8.941710 17.182879
 129.800000 0.558982 9.334312 17.182879
 130.000000 0.543843 8.770379 17.168895
 130.200000 0.537842 9.869897 17.168895
 130.400000 0.531841 9.688763 17.168895
 130.600000 0.515324 8.809759 17.168895
 130.800000 0.484109 8.702535 17.168895
 131.000000 0.458502 6.717085 17.168895
 131.200000 0.465555 8.110909 17.168895
 131.400000 0.505467 8.871690 17.168895
 131.600000 0.522543 9.167356 17.168895
 131.800000 0.509657 8.760056 17.168895
 132.000000 0.502603 8.989982 17.168895
 132.200000 0.484997 9.640503 17.168895
 132.400000 0.484646 9.605170 17.168895
 132.600000 0.484655 9.606124 17.168895
 132.800000 0.489197 10.014176 17.168895
 133.000000 0.478147 8.936822 17.168895
 133.200000 0.488005 10.866276 17.168895
 133.400000 0.491611 10.954449 17.168895
 133.600000 0.492089 10.956361 17.168895
 133.800000 0.512290 9.790237 17.168895
 134.000000 0.517477 9.640571 17.168895
 134.200000 0.515751 10.800457 17.168895
 134.400000 0.506235 11.043802 17.168895
 134.600000 0.531374 10.594010 17.168895
 134.800000 0.530124 10.624766 17.168895
 135.000000 0.526498 10.694545 17.159889
 135.200000 0.531575 11.614820 17.159889
 135.400000 0.548703 10.488084 17.159889
 135.600000 0.554343 10.272372 17.159889
 135.800000 0.566720 10.035122 17.159889
 136.000000 0.548856 10.480599 17.159889
 136.200000 0.558046 11.095698 17.159889
 136.400000 0.559057 11.038494 17.159889
 136.600000 0.541104 11.928618 17.159889
 136.800000 0.542619 11.866314 17.159889
 137.000000 0.565555 10.649786 17.159889
 137.200000 0.557012 12.078827 17.159889
 137.400000 0.557927 12.058762 17.159889
 137.600000 0.554400 12.120738 17.159889
 137.800000 0.558118 12.054163 17.159889
 138.000000 0.570633 11.327503 17.159889
 138.200000 0.583985 10.174836 17.159889
 138.400000 0.558833 12.810566 17.159889
 138.600000 0.565343 12.744022 17.159889
 138.800000 0.575322 11.797745 17.159889
 139.000000 0.574949 11.853099 17.159889
 139.200000 0.557997 13.341745 17.159889
 139.400000 0.539770 12.416304 17.159889
 139.600000 0.542479 12.481892 17.159889
 139.800000 0.548241 12.721256 17.159889
 140.000000 0.555474 13.182409 17.164872
 140.200000 0.536564 12.807592 17.164872
 140.400000 0.509453 11.545600 17.164872
 140.600000 0.506456 11.501098 17.164872
 140.800000 0.534910 12.729660 17.164872
 141.000000 0.543152 13.196190 17.164872
 141.200000 0.540231 13.959158 17.164872
 141.400000 0.538292 13.817692 17.164872
 141.600000 0.526209 12.838522 17.164872
 141.800000 0.514143 11.842249 17.164872
 142.000000 0.513043 11.778910 17.164872
 142.200000 0.532251 13.811572 17.164872
 142.400000 0.529061 13.674662 17.164872
 142.600000 0.512780 12.799707 17.164872
 142.800000 0.530353 13.731178 17.164872
 143.000000 0.545965 14.450886 17.164872
 143.200000 0.541202 15.079531 17.164872
 143.400000 0.530758 14.297823 17.164872
 143.600000 0.496713 12.019587 17.164872
 143.800000 0.516099 13.109907 17.164872
 144.000000 0.528031 14.077367 17.164872
 144.200000 0.524304 14.675896 17.164872
 144.400000 0.542130 15.742064 17.164872
 144.600000 0.555041 15.802784 17.164872
 144.800000 0.569369 14.594550 17.164872
 145.000000 0.571269 14.277781 17.202940
 145.200000 0.566091 15.917301 17.202940
 145.400000 0.549054 16.167253 17.202940
 145.600000 0.541404 15.847042 17.202940
 145.800000 0.519347 14.150964 17.202940
 146.000000 0.506015 12.810182 17.202940
 146.200000 0.526721 15.290780 17.202940
 146.400000 0.539488 15.834375 17.202940
 146.600000 0.536017 15.705795 17.202940
 146.800000 0.525783 15.238188 17.202940
 147.000000 0.527159 15.314484 17.202940
 147.200000 0.546427 16.478455 17.202940
 147.400000 0.534967 16.438245 17.202940
 147.600000 0.501087 13.569445 17.202940
 147.800000 0.501098 13.570764 17.202940
 148.000000 0.495608 12.911910 17.202940
 148.200000 0.474653 10.307078 17.202940
 148.400000 0.474574 10.294526 17.202940
 148.600000 0.490731 13.185765 17.202940
 148.800000 0.501596 14.536623 17.202940
 149.000000 0.526760 16.289270 17.202940
 149.200000 0.536214 17.167434 17.202940
 149.400000 0.537607 17.127793 17.202940
 149.600000 0.512539 15.918568 17.202940
 149.800000 0.498501 14.376071 17.202940
 150.000000 0.481296 11.479986 17.256428
 150.200000 0.497352 14.820585 17.256428
 150.400000 0.507113 15.577157 17.256428
 150.600000 0.485298 13.256715 17.256428
 150.800000 0.491023 14.130986 17.256428
 151.000000 0.491517 14.195146 17.256428
 151.200000 0.496098 15.592900 17.256428
 151.400000 0.512184 16.363497 17.256428
 151.600000 0.485034 14.057667 17.256428
 151.800000 0.467731 10.338284 17.256428
 152.000000 0.472970 11.381803 17.256428
 152.200000 0.473368 12.521472 17.256428
 152.400000 0.464571 10.703307 17.256428
 152.600000 0.455461 9.194567 17.256428
 152.800000 0.460193 9.919693 17.256428
 153.000000 0.502298 16.086070 17.256428
 153.200000 0.533122 17.346699 17.256428
 153.400000 0.529454 17.418408 17.256428
 153.600000 0.543572 16.947117 17.256428
 153.800000 0.560310 16.421828 17.256428
 154.000000 0.563877 16.184935 17.256428
 154.200000 0.532247 17.460686 17.256428
 154.400000 0.479127 14.001169 17.256428
 154.600000 0.464800 10.783273 17.256428
 154.800000 0.468705 11.598327 17.256428
 155.000000 0.469037 11.670929 17.319216
 155.200000 0.453796 9.594688 17.319216
 155.400000 0.464805 11.783962 17.319216
 155.600000 0.471302 13.206219 17.319216
 155.800000 0.472211 13.402892 17.319216
 156.000000 0.477407 14.492079 17.319216
 156.200000 0.473093 14.472601 17.319216
 156.400000 0.464931 12.460181 17.319216
 156.600000 0.452705 9.646388 17.319216
 156.800000 0.454311 9.963688 17.319216
 157.000000 0.464738 12.411344 17.319216
 157.200000 0.472994 15.314778 17.319216
 157.400000 0.497085 17.420531 17.319216
 157.600000 0.517519 17.255980 17.319216
 157.800000 0.536249 17.394774 17.319216
 158.000000 0.523855 17.421737 17.319216
 158.200000 0.507257 17.624496 17.319216
 158.400000 0.514399 17.850718 17.319216
 158.600000 0.511212 17.723560 17.319216
 158.800000 0.490438 17.439289 17.319216
 159.000000 0.465938 13.718913 17.319216
 159.200000 0.450170 10.365771 17.319216
 159.400000 0.458502 12.645210 17.319216
 159.600000 0.458874 12.751386 17.319216
 159.800000 0.453550 11.247380 17.319216
 160.000000 0.446800 9.604246 17.393901
 160.200000 0.470842 16.080714 17.393901
 160.400000 0.461935 14.298721 17.393901
 160.600000 0.463448 14.640694 17.393901
 160.800000 0.453085 12.165410 17.393901
 161.000000 0.451736 11.843276 17.393901
 161.200000 0.476798 17.155328 17.393901
 161.400000 0.505152 17.628316 17.393901
 161.600000 0.503404 17.629441 17.393901
 161.800000 0.490121 17.735541 17.393901
 162.000000 0.486224 17.669180 17.393901
 162.200000 0.492498 18.471498 17.393901
 162.400000 0.471496 17.109833 17.393901
 162.600000 0.454642 13.641870 17.393901
 162.800000 0.457864 14.413203 17.393901
 163.000000 0.436002 9.825946 17.393901
 163.200000 0.455774 14.388840 17.393901
 163.400000 0.456335 14.500334 17.393901
 163.600000 0.439782 11.435864 17.393901
 163.800000 0.426533 10.386869 17.393901
 164.000000 0.442375 11.834521 17.393901
 164.200000 0.439985 12.484826 17.393901
 164.400000 0.440596 12.581031 17.393901
 164.600000 0.456013 15.118895 17.393901
 164.800000 0.439659 12.434017 17.393901
 165.000000 0.450474 14.223147 17.457280
 165.200000 0.457902 16.234907 17.457280
 165.400000 0.465467 17.098657 17.457280
 165.600000 0.466229 17.176982 17.457280
 165.800000 0.457283 16.155274 17.457280
 166.000000 0.454058 15.710386 17.457280
 166.200000 0.440883 13.973965 17.457280
 166.400000 0.451477 16.171656 17.457280
 166.600000 0.448747 15.672954 17.457280
 166.800000 0.475123 18.303367 17.457280
 167.000000 0.494623 18.443028 17.457280
 167.200000 0.489607 19.319969 17.457280
 167.400000 0.482288 19.115388 17.457280
 167.600000 0.473631 18.518683 17.457280
 167.800000 0.486722 19.288424 17.457280
 168.000000 0.488042 19.311636 17.457280
 168.200000 0.463744 17.911211 17.457280
 168.400000 0.449777 15.903753 17.457280
 168.600000 0.441491 14.116103 17.457280
 168.800000 0.433754 12.457141 17.457280
 169.000000 0.420699 11.002557 17.457280
 169.200000 0.457794 17.244145 17.457280
 169.400000 0.460947 17.617726 17.457280
 169.600000 0.459418 17.441000 17.457280
 169.800000 0.465772 18.144987 17.457280
 170.000000 0.466013 18.170768 17.649781
 170.200000 0.468585 19.213539 17.649781
 170.400000 0.466110 18.960066 17.649781
 170.600000 0.485883 20.322030 17.649781
 170.800000 0.492670 20.143142 17.649781
 171.000000 0.511075 18.583084 17.649781
 171.200000 0.528064 18.749635 17.649781
 171.400000 0.542234 17.767929 17.649781
 171.600000 0.541742 17.795337 17.649781
 171.800000 0.528721 18.711296 17.649781
 172.000000 0.523429 18.961733 17.649781
 172.200000 0.528304 19.448841 17.649781
 172.400000 0.532287 19.104769 17.649781
 172.600000 0.549214 17.683633 17.649781
 172.800000 0.539081 18.399296 17.649781
 173.000000 0.523417 19.713971 17.649781
 173.200000 0.490023 20.674129 17.649781
 173.400000 0.481043 20.306258 17.649781
 173.600000 0.465486 18.898713 17.649781
 173.800000 0.465435 18.893057 17.649781
 174.000000 0.452483 17.024393 17.649781
 174.200000 0.447591 16.821064 17.649781
 174.400000 0.433867 13.662776 17.649781
 174.600000 0.440100 15.019786 17.649781
 174.800000 0.451598 17.675691 17.649781
 175.000000 0.457738 18.676813 17.943340
 175.200000 0.470137 20.329349 17.943340
 175.400000 0.497835 20.614800 17.943340
 175.600000 0.498711 20.586002 17.943340
 175.800000 0.473786 20.446349 17.943340
 176.000000 0.488920 20.785808 17.943340
 176.200000 0.498804 21.140655 17.943340
 176.400000 0.490430 21.468957 17.943340
 176.600000 0.483098 21.359282 17.943340
 176.800000 0.489490 21.477237 17.943340
 177.000000 0.499543 21.097822 17.943340
 177.200000 0.525297 20.547925 17.943340
 177.400000 0.537717 19.027467 17.943340
 177.600000 0.536620 19.181281 17.943340
 177.800000 0.506136 21.379314 17.943340
 178.000000 0.501307 21.674479 17.943340
 178.200000 0.518297 21.263230 17.943340
 178.400000 0.537470 19.097105 17.943340
 178.600000 0.547049 17.998852 17.943340
 178.800000 0.552680 17.683110 17.943340
 179.000000 0.546609 18.033592 17.943340
 179.200000 0.547357 18.758330 17.943340
 179.400000 0.539938 19.461729 17.943340
 179.600000 0.549013 18.638163 17.943340
 179.800000 0.541720 19.269586 17.943340
 180.000000 0.546118 18.857385 18.418027
 180.200000 0.549323 19.355266 18.418027
 180.400000 0.538218 20.316711 18.418027
 180.600000 0.528706 21.116481 18.418027
 180.800000 0.512179 21.726051 18.418027
 181.000000 0.515530 21.606675 18.418027
 181.200000 0.532051 21.236822 18.418027
 181.400000 0.534878 20.918813 18.418027
 181.600000 0.561942 18.155971 18.418027
 181.800000 0.567037 17.318999 18.418027
 182.000000 0.602953 6.563781 18.418027
 182.200000 0.612650 5.537457 18.418027
 182.400000 0.585195 12.520529 18.418027
 182.600000 0.582551 13.334912 18.418027
 182.800000 0.573578 15.942637 18.418027
 183.000000 0.580458 13.977891 18.418027
 183.200000 0.580414 14.929954 18.418027
 183.400000 0.570735 17.394091 18.418027
 183.600000 0.558499 18.906651 18.418027
 183.800000 0.536635 20.724996 18.418027
 184.000000 0.535585 20.845422 18.418027
 184.200000 0.550514 19.853314 18.418027
 184.400000 0.547212 20.184276 18.418027
 184.600000 0.551129 19.795142 18.418027
 184.800000 0.549994 19.903219 18.418027
 185.000000 0.541673 20.810765 18.769193
 185.200000 0.537051 22.025333 18.769193
 185.400000 0.531898 22.487048 18.769193
 185.600000 0.538472 21.871789 18.769193
 185.800000 0.539792 21.722818 18.769193
 186.000000 0.543421 21.293319 18.769193
 186.200000 0.553212 20.665275 18.769193
 186.400000 0.562620 19.249830 18.769193
 186.600000 0.568371 18.187082 18.769193
 186.800000 0.581578 14.619689 18.769193
 187.000000 0.586535 12.995547 18.769193
 187.200000 0.599152 9.866790 18.769193
 187.400000 0.619182 3.994031 18.769193
 187.600000 0.618403 4.205695 18.769193
 187.800000 0.615403 5.047587 18.769193
 188.000000 0.609240 6.845008 18.769193
 188.200000 0.584106 15.079144 18.769193
 188.400000 0.594228 12.208281 18.769193
 188.600000 0.612010 7.298642 18.769193
 188.800000 0.619649 4.882114 18.769193
 189.000000 0.603343 9.788448 18.769193
 189.200000 0.616920 6.498802 18.769193
 189.400000 0.625098 3.663692 18.769193
 189.600000 0.632181 1.822878 18.769193
 189.800000 0.611067 8.577570 18.769193
 190.000000 0.609791 9.002470 18.887910
 190.200000 0.600501 12.619621 18.887910
 190.400000 0.609286 10.337946 18.887910
 190.600000 0.600497 12.620392 18.887910
 190.800000 0.590662 14.511265 18.887910
 191.000000 0.587329 15.176659 18.887910
 191.200000 0.584804 16.575354 18.887910
 191.400000 0.580080 17.476157 18.887910
 191.600000 0.576600 18.070275 18.887910
 191.800000 0.560628 19.996769 18.887910
 192.000000 0.540124 22.357131 18.887910
 192.200000 0.531368 23.558756 18.887910
 192.400000 0.525259 23.493058 18.887910
 192.600000 0.492987 22.839234 18.887910
 192.800000 0.478930 21.676602 18.887910
 193.000000 0.482614 22.066114 18.887910
 193.200000 0.479808 22.413416 18.887910
 193.400000 0.505804 23.018466 18.887910
 193.600000 0.509780 22.948357 18.887910
 193.800000 0.503270 23.104437 18.887910
 194.000000 0.485643 23.004008 18.887910
 194.200000 0.502585 23.462144 18.887910
 194.400000 0.507149 23.207997 18.887910
 194.600000 0.494407 23.890698 18.887910
 194.800000 0.466736 21.188966 18.887910
 195.000000 0.442143 15.984980 19.330806
 195.200000 0.430136 13.803053 19.330806
 195.400000 0.432645 14.332109 19.330806
 195.600000 0.450239 18.942632 19.330806
 195.800000 0.462404 20.915807 19.330806
 196.000000 0.473807 22.257316 19.330806
 196.200000 0.483600 23.983127 19.330806
 196.400000 0.482869 23.924583 19.330806
 196.600000 0.463004 21.486742 19.330806
 196.800000 0.417694 12.293339 19.330806
 197.000000 0.428994 13.593569 19.330806
 197.200000 0.448573 19.116353 19.330806
 197.400000 0.466495 22.000843 19.330806
 197.600000 0.468574 22.260903 19.330806
 197.800000 0.454203 20.248843 19.330806
 198.000000 0.472030 22.692458 19.330806
 198.200000 0.459854 21.594068 19.330806
 198.400000 0.458669 21.394875 19.330806
 198.600000 0.462544 22.019672 19.330806
 198.800000 0.452848 20.281410 19.330806
 199.000000 0.480630 24.257112 19.330806
 199.200000 0.492641 24.886713 19.330806
 199.400000 0.497969 24.370692 19.330806
 199.600000 0.530791 23.576678 19.330806
 199.800000 0.562660 19.996025 19.330806
 200.000000 0.571168 18.922299 19.832675
 200.200000 0.569861 19.848793 19.832675
 200.400000 0.577531 18.634582 19.832675
 200.600000 0.564992 20.402241 19.832675
 200.800000 0.553230 21.620926 19.832675
 201.000000 0.592206 15.338517 19.832675
 201.200000 0.607222 11.912545 19.832675
 201.400000 0.615868 8.366911 19.832675
 201.600000 0.622475 5.506535 19.832675
 201.800000 0.613633 9.341216 19.832675
 202.000000 0.624229 4.804853 19.832675
 202.200000 0.615980 9.531818 19.832675
 202.400000 0.596243 15.483149 19.832675
 202.600000 0.566392 20.454314 19.832675
 202.800000 0.576034 19.408802 19.832675
 203.000000 0.581124 18.595475 19.832675
 203.200000 0.607828 12.620118 19.832675
 203.400000 0.620523 7.720477 19.832675
 203.600000 0.626204 5.474009 19.832675
 203.800000 0.645685 0.834763 19.832675
 204.000000 0.664015 0.038955 19.832675
 204.200000 0.655071 1.674584 19.832675
 204.400000 0.644534 1.713364 19.832675
 204.600000 0.624800 6.060468 19.832675
 204.800000 0.630968 3.985372 19.832675
 205.000000 0.642688 1.836627 19.859907
 205.200000 0.653989 2.864232 19.859907
 205.400000 0.640626 3.633109 19.859907
 205.600000 0.622279 7.674663 19.859907
 205.800000 0.625861 6.526077 19.859907
 206.000000 0.632504 4.841342 19.859907
 206.200000 0.616817 10.428689 19.859907
 206.400000 0.620144 9.420166 19.859907
 206.600000 0.634080 5.939378 19.859907
 206.800000 0.617514 10.215627 19.859907
 207.000000 0.616110 10.644737 19.859907
 207.200000 0.623504 9.407848 19.859907
 207.400000 0.659799 2.890589 19.859907
 207.600000 0.662174 2.686551 19.859907
 207.800000 0.647080 4.170048 19.859907
 208.000000 0.650037 3.818330 19.859907
 208.200000 0.677088 1.610335 19.859907
 208.400000 0.693152 0.285473 19.859907
 208.600000 0.710717 0.010318 19.859907
 208.800000 0.710047 0.012330 19.859907
 209.000000 0.691996 0.334781 19.859907
 209.200000 0.699836 1.604196 19.859907
 209.400000 0.704694 1.244796 19.859907
 209.600000 0.728404 0.087462 19.859907
 209.800000 0.728654 0.083848 19.859907
 210.000000 0.717446 0.407049 19.846559
 210.200000 0.739254 0.604249 19.846559
 210.400000 0.770191 0.000629 19.846559
 210.600000 0.776803 0.000000 19.846559
 210.800000 0.754246 0.081568 19.846559
 211.000000 0.739979 0.561205 19.846559
 211.200000 0.745860 1.863152 19.846559
 211.400000 0.746793 1.789522 19.846559
 211.600000 0.761245 0.644007 19.846559
 211.800000 0.761305 0.640186 19.846559
 212.000000 0.750080 1.518082 19.846559
 212.200000 0.760965 1.918187 19.846559
 212.400000 0.780552 0.245739 19.846559
 212.600000 0.775479 0.488533 19.846559
 212.800000 0.782331 0.187688 19.846559
 213.000000 0.780910 0.233064 19.846559
 213.200000 0.783218 1.873899 19.846559
 213.400000 0.783232 1.873257 19.846559
 213.600000 0.788862 1.564298 19.846559
 213.800000 0.798898 0.847569 19.846559
 214.000000 0.776249 2.093011 19.846559
 214.200000 0.763922 3.600441 19.846559
 214.400000 0.761901 3.583571 19.846559
 214.600000 0.756335 3.604745 19.846559
 214.800000 0.776986 3.667830 19.846559
 215.000000 0.772771 3.718393 19.829264
 215.200000 0.769769 5.143617 19.829264
 215.400000 0.768072 5.075289 19.829264
 215.600000 0.770824 5.174305 19.829264
 215.800000 0.785746 4.073541 19.829264
 216.000000 0.795986 2.170737 19.829264
 216.200000 0.797201 3.541785 19.829264
 216.400000 0.799944 3.051040 19.829264
 216.600000 0.807578 1.806876 19.829264
 216.800000 0.828327 0.161713 19.829264
 217.000000 0.820999 0.459978 19.829264
 217.200000 0.788582 5.137251 19.829264
 217.400000 0.773079 5.701482 19.829264
 217.600000 0.772364 5.662381 19.829264
 217.800000 0.749198 4.156961 19.829264
 218.000000 0.744804 4.007430 19.829264
 218.200000 0.738936 5.135642 19.829264
 218.400000 0.741327 5.305056 19.829264
 218.600000 0.760588 5.580671 19.829264
 218.800000 0.772255 5.928035 19.829264
 219.000000 0.748874 5.556511 19.829264
 219.200000 0.717266 3.235100 19.829264
 219.400000 0.712018 2.877980 19.829264
 219.600000 0.716678 3.186498 19.829264
 219.800000 0.707216 2.680218 19.829264
 220.000000 0.677640 2.678487 19.812158
 220.200000 0.671658 4.485261 19.812158
 220.400000 0.688353 3.669552 19.812158
 220.600000 0.711208 2.961312 19.812158
 220.800000 0.720360 3.555337 19.812158
 221.000000 0.729887 4.843508 19.812158
 221.200000 0.729274 6.154309 19.812158
 221.400000 0.731459 6.500074 19.812158
 221.600000 0.702836 3.226987 19.812158
 221.800000 0.685192 3.865563 19.812158
 222.000000 0.690058 3.607061 19.812158
 222.200000 0.695602 4.738152 19.812158
 222.400000 0.710717 4.145413 19.812158
 222.600000 0.712097 4.191570 19.812158
 222.800000 0.723556 5.331764 19.812158
 223.000000 0.717145 4.542711 19.812158
 223.200000 0.700525 5.167957 19.812158
 223.400000 0.695809 5.241469 19.812158
 223.600000 0.699085 5.181449 19.812158
 223.800000 0.701615 5.164613 19.812158
 224.000000 0.697565 5.205030 19.812158
 224.200000 0.699547 6.551494 19.812158
 224.400000 0.690280 6.603903 19.812158
 224.600000 0.682484 6.249032 19.812158
 224.800000 0.660149 5.260501 19.812158
 225.000000 0.660665 5.253828 19.795376
 225.200000 0.649763 6.734021 19.795376
 225.400000 0.646075 6.786492 19.795376
 225.600000 0.649788 6.733784 19.795376
 225.800000 0.642871 6.880021 19.795376
 226.000000 0.642004 6.917367 19.795376
 226.200000 0.643950 8.116355 19.795376
 226.400000 0.658006 7.394031 19.795376
 226.600000 0.674691 6.706104 19.795376
 226.800000 0.670905 6.763587 19.795376
 227.000000 0.673110 6.721862 19.795376
 227.200000 0.672713 8.023957 19.795376
 227.400000 0.667238 8.085538 19.795376
 227.600000 0.685058 7.733665 19.795376
 227.800000 0.693032 7.304165 19.795376
 228.000000 0.706442 6.524107 19.795376
 228.200000 0.704179 7.905237 19.795376
 228.400000 0.694371 8.161022 19.795376
 228.600000 0.695743 8.136224 19.795376
 228.800000 0.673896 8.129842 19.795376
 229.000000 0.669051 8.122877 19.795376
 229.200000 0.667503 9.337639 19.795376
 229.400000 0.677848 9.178219 19.795376
 229.600000 0.689268 8.701881 19.795376
 229.800000 0.697305 8.307962 19.795376
 230.000000 0.711789 7.696932 19.779861
 230.200000 0.723712 8.534718 19.779861
 230.400000 0.736088 8.346888 19.779861
 230.600000 0.720345 8.644082 19.779861
 230.800000 0.724412 8.514869 19.779861
 231.000000 0.726720 8.458416 19.779861
 231.200000 0.731868 9.518117 19.779861
 231.400000 0.751537 7.856193 19.779861
 231.600000 0.772402 6.361187 19.779861
 231.800000 0.769500 6.432762 19.779861
 232.000000 0.771612 6.380382 19.779861
 232.200000 0.784871 6.517747 19.779861
 232.400000 0.777517 7.404488 19.779861
 232.600000 0.782809 6.823845 19.779861
 232.800000 0.778247 7.343603 19.779861
 233.000000 0.800582 3.818242 19.779861
 233.200000 0.792164 6.489749 19.779861
 233.400000 0.812010 3.799686 19.779861
 233.600000 0.806960 4.429922 19.779861
 233.800000 0.809685 4.084091 19.779861
 234.000000 0.820477 2.818759 19.779861
 234.200000 0.821809 4.205296 19.779861
 234.400000 0.814513 4.928167 19.779861
 234.600000 0.835324 2.176651 19.779861
 234.800000 0.839350 1.578184 19.779861
 235.000000 0.840868 1.374460 19.763651
 235.200000 0.836585 3.561518 19.763651
 235.400000 0.849618 1.898646 19.763651
 235.600000 0.847688 2.137932 19.763651
 235.800000 0.835367 3.708181 19.763651
 236.000000 0.847209 2.198578 19.763651
 236.200000 0.851055 3.261437 19.763651
 236.400000 0.884215 0.094899 19.763651
 236.600000 0.875034 0.402248 19.763651
 236.800000 0.849312 3.506850 19.763651
 237.000000 0.852286 3.082002 19.763651
 237.200000 0.853696 4.390965 19.763651
 237.400000 0.871087 1.357907 19.763651
 237.600000 0.860750 3.124390 19.763651
 237.800000 0.863902 2.532740 19.763651
 238.000000 0.876844 0.709828 19.763651
 238.200000 0.863600 3.735493 19.763651
 238.400000 0.887810 1.433456 19.763651
 238.600000 0.885458 1.642034 19.763651
 238.800000 0.873144 2.738238 19.763651
 239.000000 0.892178 1.062014 19.763651
 239.200000 0.914507 0.618383 19.763651
 239.400000 0.890687 2.845834 19.763651
 239.600000 0.853432 4.988275 19.763651
 239.800000 0.833011 5.678817 19.763651
 240.000000 0.833354 5.683894 19.747008
 240.200000 0.844341 6.655171 19.747008
 240.400000 0.855863 5.188385 19.747008
 240.600000 0.875723 3.440519 19.747008
 240.800000 0.890124 2.885738 19.747008
 241.000000 0.885633 3.144247 19.747008
 241.200000 0.868564 4.546166 19.747008
 241.400000 0.864396 4.655136 19.747008
 241.600000 0.865235 4.619533 19.747008
 241.800000 0.851303 5.951565 19.747008
 242.000000 0.822709 6.570455 19.747008
 242.200000 0.843132 7.295373 19.747008
 242.400000 0.872906 4.592461 19.747008
 242.600000 0.868884 4.553427 19.747008
 242.800000 0.860237 4.995619 19.747008
 243.000000 0.872995 4.594401 19.747008
 243.200000 0.867703 5.906762 19.747008
 243.400000 0.844955 7.314644 19.747008
 243.600000 0.807726 6.714669 19.747008
 243.800000 0.816004 7.354563 19.747008
 244.000000 0.822841 7.886673 19.747008
 244.200000 0.824004 9.181908 19.747008
 244.400000 0.837389 8.697492 19.747008
 244.600000 0.850957 6.907361 19.747008
 244.800000 0.853968 6.549410 19.747008
 245.000000 0.850563 6.957915 19.731347
 245.200000 0.846495 8.749517 19.731347
 245.400000 0.857483 7.373167 19.731347
 245.600000 0.863919 6.782594 19.731347
 245.800000 0.855704 7.583006 19.731347
 246.000000 0.862292 6.901223 19.731347
 246.200000 0.843876 9.645614 19.731347
 246.400000 0.860857 8.305337 19.731347
 246.600000 0.856220 8.705888 19.731347
 246.800000 0.845974 9.521406 19.731347
 247.000000 0.824727 9.556032 19.731347
 247.200000 0.818050 9.870990 19.731347
 247.400000 0.803429 7.508778 19.731347
 247.600000 0.815948 9.516090 19.731347
 247.800000 0.827043 10.849133 19.731347
 248.000000 0.845760 9.961567 19.731347
 248.200000 0.856190 9.714607 19.731347
 248.400000 0.857006 9.594943 19.731347
 248.600000 0.866387 8.339167 19.731347
 248.800000 0.868495 8.105948 19.731347
 249.000000 0.870412 7.908011 19.731347
 249.200000 0.878605 8.153643 19.731347
 249.400000 0.897364 4.083097 19.731347
 249.600000 0.955242 0.000000 19.731347
 249.800000 0.984735 0.000000 19.731347
 250.000000 0.959160 0.000000 19.716977
 250.200000 0.928686 0.324770 19.716977
 250.400000 0.896296 4.348016 19.716977
 250.600000 0.888109 6.348521 19.716977
 250.800000 0.897450 4.062016 19.716977
 251.000000 0.897849 3.963923 19.716977
 251.200000 0.910592 2.418404 19.716977
 251.400000 0.903831 3.945685 19.716977
 251.600000 0.895690 5.950167 19.716977
 251.800000 0.890188 7.148362 19.716977
 252.000000 0.898690 5.222959 19.716977
 252.200000 0.907692 4.193577 19.716977
 252.400000 0.927538 0.737338 19.716977
 252.600000 0.925807 0.845486 19.716977
 252.800000 0.906899 4.409270 19.716977
 253.000000 0.888274 8.595395 19.716977
 253.200000 0.864055 10.272914 19.716977
 253.400000 0.872945 10.264514 19.716977
 253.600000 0.886450 9.993677 19.716977
 253.800000 0.882234 10.268361 19.716977
 254.000000 0.885883 10.046443 19.716977
 254.200000 0.894963 9.475458 19.716977
 254.400000 0.881589 11.362263 19.716977
 254.600000 0.879756 11.352178 19.716977
 254.800000 0.856903 10.791335 19.716977
 255.000000 0.852856 11.008822 19.703438
 255.200000 0.854154 11.999656 19.703438
 255.400000 0.860317 11.624390 19.703438
 255.600000 0.868013 11.411510 19.703438
 255.800000 0.873567 11.484781 19.703438
 256.000000 0.848873 12.295446 19.703438
 256.200000 0.862409 12.199609 19.703438
 256.400000 0.851495 13.156440 19.703438
 256.600000 0.835215 12.974802 19.703438
 256.800000 0.877208 11.723763 19.703438
 257.000000 0.892750 10.090530 19.703438
 257.200000 0.900883 8.532188 19.703438
 257.400000 0.907692 5.774785 19.703438
 257.600000 0.910807 4.580431 19.703438
 257.800000 0.921391 1.640273 19.703438
 258.000000 0.928676 0.793329 19.703438
 258.200000 0.924190 2.823592 19.703438
 258.400000 0.913855 4.565120 19.703438
 258.600000 0.902353 8.306692 19.703438
 258.800000 0.881640 12.478813 19.703438
 259.000000 0.874321 12.264020 19.703438
 259.200000 0.893510 11.564428 19.703438
 259.400000 0.930989 2.363714 19.703438
 259.600000 0.924504 2.795528 19.703438
 259.800000 0.927105 2.582850 19.703438
 260.000000 0.910674 5.501963 19.692188
 260.200000 0.926915 3.357450 19.692188
 260.400000 0.918707 4.741062 19.692188
 260.600000 0.916979 5.131357 19.692188
 260.800000 0.912261 6.389805 19.692188
 261.000000 0.879681 13.565162 19.692188
 261.200000 0.874901 14.284437 19.692188
 261.400000 0.867656 13.778394 19.692188
 261.600000 0.865991 13.692886 19.692188
 261.800000 0.862607 13.581533 19.692188
 262.000000 0.873135 14.157412 19.692188
 262.200000 0.887063 14.785034 19.692188
 262.400000 0.878041 15.349601 19.692188
 262.600000 0.861596 14.258895 19.692188
 262.800000 0.858381 14.137827 19.692188
 263.000000 0.858859 14.152614 19.692188
 263.200000 0.873182 15.681943 19.692188
 263.400000 0.864919 15.307527 19.692188
 263.600000 0.861467 15.170479 19.692188
 263.800000 0.865854 15.349429 19.692188
 264.000000 0.881980 15.595118 19.692188
 264.200000 0.927115 3.344755 19.692188
 264.400000 0.949138 2.114794 19.692188
 264.600000 0.937974 2.402645 19.692188
 264.800000 0.917094 5.210861 19.692188
 265.000000 0.904238 9.663934 19.694735
 265.200000 0.936002 2.634943 19.694735
 265.400000 0.928654 3.459114 19.694735
 265.600000 0.920306 5.112139 19.694735
 265.800000 0.933707 2.840808 19.694735
 266.000000 0.925168 4.042355 19.694735
 266.200000 0.930041 4.651207 19.694735
 266.400000 0.930573 4.565196 19.694735
 266.600000 0.922829 5.961144 19.694735
 266.800000 0.931660 4.392938 19.694735
 267.000000 0.926870 5.191469 19.694735
 267.200000 0.911048 9.789583 19.694735
 267.400000 0.924104 7.071990 19.694735
 267.600000 0.921194 7.596092 19.694735
 267.800000 0.938317 4.501006 19.694735
 268.000000 0.932156 5.620764 19.694735
 268.200000 0.915645 9.431491 19.694735
 268.400000 0.918294 9.032188 19.694735
 268.600000 0.918084 9.062015 19.694735
 268.800000 0.940302 5.341296 19.694735
 269.000000 0.943352 4.727054 19.694735
 269.200000 0.976098 1.081555 19.694735
 269.400000 0.956547 3.710994 19.694735
 269.600000 0.944614 5.897499 19.694735
 269.800000 0.938948 6.979226 19.694735
 270.000000 0.946989 5.434650 19.679988
 270.200000 0.933243 8.809102 19.679988
 270.400000 0.921317 9.418167 19.679988
 270.600000 0.896355 14.410361 19.679988
 270.800000 0.893918 15.076816 19.679988
 271.000000 0.895718 14.590300 19.679988
 271.200000 0.904956 12.658584 19.679988
 271.400000 0.899738 14.296214 19.679988
 271.600000 0.889313 16.937621 19.679988
 271.800000 0.894320 15.880682 19.679988
 272.000000 0.917559 9.973192 19.679988
 272.200000 0.914312 11.516486 19.679988
 272.400000 0.939169 8.545951 19.679988
 272.600000 0.936040 9.081369 19.679988
 272.800000 0.940798 8.241938 19.679988
 273.000000 0.898461 15.192082 19.679988
 273.200000 0.880362 17.924210 19.679988
 273.400000 0.887729 18.001515 19.679988
 273.600000 0.885512 18.098944 19.679988
 273.800000 0.875410 17.377116 19.679988
 274.000000 0.864323 15.914934 19.679988
 274.200000 0.852373 15.622487 19.679988
 274.400000 0.869923 17.413709 19.679988
 274.600000 0.872051 17.663987 19.679988
 274.800000 0.839310 14.051707 19.679988
 275.000000 0.842247 14.453510 19.694684
 275.200000 0.842994 15.469390 19.694684
 275.400000 0.833044 13.884446 19.694684
 275.600000 0.838203 14.780607 19.694684
 275.800000 0.846228 15.842876 19.694684
 276.000000 0.847787 15.996133 19.694684
 276.200000 0.872898 18.084130 19.694684
 276.400000 0.866157 17.639794 19.694684
 276.600000 0.855744 17.301960 19.694684
 276.800000 0.865479 17.605784 19.694684
 277.000000 0.857938 17.360553 19.694684
 277.200000 0.846129 17.277414 19.694684
 277.400000 0.863236 18.268071 19.694684
 277.600000 0.873498 18.599777 19.694684
 277.800000 0.874585 18.643970 19.694684
 278.000000 0.874952 18.658303 19.694684
 278.200000 0.889914 18.562092 19.694684
 278.400000 0.914523 12.009617 19.694684
 278.600000 0.923881 10.702800 19.694684
 278.800000 0.913626 12.182596 19.694684
 279.000000 0.910019 12.986816 19.694684
 279.200000 0.912241 13.441378 19.694684
 279.400000 0.914468 12.958773 19.694684
 279.600000 0.935028 9.525703 19.694684
 279.800000 0.915864 12.680766 19.694684
 280.000000 0.915998 12.654912 19.733704
 280.200000 0.907899 15.368510 19.733704
 280.400000 0.905542 15.926875 19.733704
 280.600000 0.928015 11.435339 19.733704
 280.800000 0.941388 8.486130 19.733704
 281.000000 0.924020 12.184345 19.733704
 281.200000 0.923184 13.351729 19.733704
 281.400000 0.943519 8.409121 19.733704
 281.600000 0.946287 7.640927 19.733704
 281.800000 0.954796 5.418701 19.733704
 282.000000 0.943447 8.429331 19.733704
 282.200000 0.947536 8.458109 19.733704
 282.400000 0.959912 4.865418 19.733704
 282.600000 0.947555 8.452471 19.733704
 282.800000 0.957667 5.492982 19.733704
 283.000000 0.952765 6.917266 19.733704
 283.200000 0.953859 7.877720 19.733704
 283.400000 0.971442 2.752419 19.733704
 283.600000 0.975364 1.917094 19.733704
 283.800000 0.968447 3.502896 19.733704
 284.000000 0.960567 5.809725 19.733704
 284.200000 0.963808 6.139325 19.733704
 284.400000 0.962758 6.472732 19.733704
 284.600000 0.974563 2.946173 19.733704
 284.800000 0.977087 2.343911 19.733704
 285.000000 0.977045 2.353361 19.724055
 285.200000 0.981999 2.895512 19.724055
 285.400000 0.986580 2.087207 19.724055
 285.600000 1.002342 0.430677 19.724055
 285.800000 0.982895 2.725981 19.724055
 286.000000 0.981436 3.004765 19.724055
 286.200000 0.985703 3.700093 19.724055
 286.400000 1.017132 0.128432 19.724055
 286.600000 1.022903 0.042187 19.724055
 286.800000 0.981734 4.476945 19.724055
 287.000000 0.985358 3.767266 19.724055
 287.200000 0.997035 2.782444 19.724055
 287.400000 1.006908 1.116031 19.724055
 287.600000 1.007985 0.986457 19.724055
 287.800000 0.987053 4.908115 19.724055
 288.000000 1.000518 2.106573 19.724055
 288.200000 1.012002 1.783087 19.724055
 288.400000 1.003699 3.124983 19.724055
 288.600000 0.999299 3.921644 19.724055
 288.800000 0.978906 6.941852 19.724055
 289.000000 0.994620 4.764054 19.724055
 289.200000 1.022866 0.866431 19.724055
 289.400000 1.035479 0.137177 19.724055
 289.600000 1.023736 0.780441 19.724055
 289.800000 1.023965 0.758907 19.724055
 290.000000 1.003174 4.420908 19.708670
 290.200000 0.980579 8.139314 19.708670
 290.400000 0.972398 8.233340 19.708670
 290.600000 0.965294 8.647775 19.708670
 290.800000 0.987413 8.008608 19.708670
 291.000000 0.997465 6.982070 19.708670
 291.200000 1.003209 7.041152 19.708670
 291.400000 1.003737 6.904823 19.708670
 291.600000 0.999701 7.850646 19.708670
 291.800000 0.995822 8.510091 19.708670
 292.000000 0.967285 8.655780 19.708670
 292.200000 0.967937 9.815346 19.708670
 292.400000 0.971005 9.704959 19.708670
 292.600000 0.970216 9.728355 19.708670
 292.800000 0.978185 9.621674 19.708670
 293.000000 0.964232 10.018960 19.708670
 293.200000 0.965465 11.059261 19.708670
 293.400000 0.954401 11.726300 19.708670
 293.600000 0.957304 11.564239 19.708670
 293.800000 0.949825 11.973716 19.708670
 294.000000 0.966056 11.021328 19.708670
 294.200000 0.971749 11.669336 19.708670
 294.400000 0.957345 12.466362 19.708670
 294.600000 0.953733 12.526238 19.708670
 294.800000 0.922332 14.202730 19.708670
 295.000000 0.903847 16.786112 19.711631
 295.200000 0.906405 17.109257 19.711631
 295.400000 0.940562 12.874987 19.711631
 295.600000 0.946929 12.627729 19.711631
 295.800000 0.949106 12.586143 19.711631
 296.000000 0.927259 14.024343 19.711631
 296.200000 0.924504 15.253094 19.711631
 296.400000 0.902026 18.198984 19.711631
 296.600000 0.920823 15.630829 19.711631
 296.800000 0.943100 13.286427 19.711631
 297.000000 0.943087 13.287496 19.711631
 297.200000 0.939392 14.558379 19.711631
 297.400000 0.922407 15.842771 19.711631
 297.600000 0.897315 18.974287 19.711631
 297.800000 0.892211 19.630260 19.711631
 298.000000 0.894866 19.319076 19.711631
 298.200000 0.890654 20.485844 19.711631
 298.400000 0.889681 20.546165 19.711631
 298.600000 0.896902 19.768610 19.711631
 298.800000 0.905371 18.252625 19.711631
 299.000000 0.891988 20.379297 19.711631
 299.200000 0.885126 21.272087 19.711631
 299.400000 0.863725 19.084745 19.711631
 299.600000 0.847778 17.653535 19.711631
 299.800000 0.851919 18.157900 19.711631
 300.000000 0.854046 18.359798 19.785403
 300.200000 0.873073 20.418901 19.785403
 300.400000 0.853634 19.095288 19.785403
 300.600000 0.868897 20.051152 19.785403
 300.800000 0.850491 18.752789 19.785403
 301.000000 0.849814 18.663869 19.785403
 301.200000 0.834327 15.715896 19.785403
 301.400000 0.828087 13.807228 19.785403
 301.600000 0.812938 9.416568 19.785403
 301.800000 0.814003 9.690177 19.785403
 302.000000 0.812912 9.410087 19.785403
 302.200000 0.817903 11.850076 19.785403
 302.400000 0.800136 8.075804 19.785403
 302.600000 0.798068 7.877225 19.785403
 302.800000 0.806980 9.182748 19.785403
 303.000000 0.790707 7.645958 19.785403
 303.200000 0.795606 8.902112 19.785403
 303.400000 0.803838 9.441478 19.785403
 303.600000 0.806182 9.752207 19.785403
 303.800000 0.813663 11.135159 19.785403
 304.000000 0.805547 9.661290 19.785403
 304.200000 0.799027 10.063115 19.785403
 304.400000 0.809432 11.388628 19.785403
 304.600000 0.833587 16.150206 19.785403
 304.800000 0.814978 12.356093 19.785403
 305.000000 0.779141 9.116730 19.797273
 305.200000 0.775177 9.982377 19.797273
 305.400000 0.770460 9.495032 19.797273
 305.600000 0.761487 8.679101 19.797273
 305.800000 0.777753 10.192336 19.797273
 306.000000 0.795578 10.452199 19.797273
 306.200000 0.809375 12.249190 19.797273
 306.400000 0.794831 11.541623 19.797273
 306.600000 0.773335 10.168388 19.797273
 306.800000 0.750538 8.702347 19.797273
 307.000000 0.757926 8.594745 19.797273
 307.200000 0.761204 9.905970 19.797273
 307.400000 0.782086 11.470273 19.797273
 307.600000 0.812823 12.625629 19.797273
 307.800000 0.809534 12.265817 19.797273
 308.000000 0.793198 11.597135 19.797273
 308.200000 0.812883 13.073249 19.797273
 308.400000 0.825894 14.698629 19.797273
 308.600000 0.794936 12.634459 19.797273
 308.800000 0.777855 11.855984 19.797273
 309.000000 0.772769 11.231567 19.797273
 309.200000 0.744183 9.997210 19.797273
 309.400000 0.742217 9.970337 19.797273
 309.600000 0.751859 10.170409 19.797273
 309.800000 0.762927 10.988460 19.797273
 310.000000 0.764856 11.223279 19.787824
 310.200000 0.773713 13.303671 19.787824
 310.400000 0.765177 12.325818 19.787824
 310.600000 0.762365 11.971123 19.787824
 310.800000 0.777480 13.567599 19.787824
 311.000000 0.778630 13.618977 19.787824
 311.200000 0.803214 13.044241 19.787824
 311.400000 0.794761 13.674280 19.787824
 311.600000 0.802061 13.095428 19.787824
 311.800000 0.815916 13.409234 19.787824
 312.000000 0.784527 14.542195 19.787824
 312.200000 0.773464 14.877295 19.787824
 312.400000 0.776408 15.240630 19.787824
 312.600000 0.765686 13.462705 19.787824
 312.800000 0.759307 12.244054 19.787824
 313.000000 0.763251 12.978763 19.787824
 313.200000 0.779032 16.006806 19.787824
 313.400000 0.787576 15.512585 19.787824
 313.600000 0.809705 13.249706 19.787824
 313.800000 0.810620 13.259490 19.787824
 314.000000 0.810758 13.261895 19.787824
 314.200000 0.808504 14.211733 19.787824
 314.400000 0.789262 15.646223 19.787824
 314.600000 0.784541 16.023511 19.787824
 314.800000 0.812372 14.270556 19.787824
 315.000000 0.830904 16.042408 19.799329
 315.200000 0.815432 14.900425 19.799329
 315.400000 0.796820 14.902909 19.799329
 315.600000 0.813030 14.712700 19.799329
 315.800000 0.834061 17.452501 19.799329
 316.000000 0.820352 15.398306 19.799329
 316.200000 0.803523 14.959611 19.799329
 316.400000 0.800208 14.998228 19.799329
 316.600000 0.800268 14.996385 19.799329
 316.800000 0.812486 15.444128 19.799329
 317.000000 0.822105 16.482096 19.799329
 317.200000 0.828727 18.057513 19.799329
 317.400000 0.822232 17.336411 19.799329
 317.600000 0.809340 15.774451 19.799329
 317.800000 0.796906 15.357695 19.799329
 318.000000 0.793376 15.547630 19.799329
 318.200000 0.803879 16.048748 19.799329
 318.400000 0.814823 16.732296 19.799329
 318.600000 0.828976 18.135176 19.799329
 318.800000 0.819137 17.163858 19.799329
 319.000000 0.802385 16.041618 19.799329
 319.200000 0.815386 17.375031 19.799329
 319.400000 0.838457 19.204005 19.799329
 319.600000 0.841145 19.487496 19.799329
 319.800000 0.830103 18.402325 19.799329
 320.000000 0.836562 19.005406 19.849800
 320.200000 0.843353 20.385398 19.849800
 320.400000 0.825007 18.576621 19.849800
 320.600000 0.796822 17.033756 19.849800
 320.800000 0.772547 16.039252 19.849800
 321.000000 0.753221 12.146579 19.849800
 321.200000 0.756066 13.641438 19.849800
 321.400000 0.746098 12.058193 19.849800
 321.600000 0.748281 12.384299 19.849800
 321.800000 0.751072 12.817939 19.849800
 322.000000 0.744326 11.804226 19.849800
 322.200000 0.763805 15.465324 19.849800
 322.400000 0.765700 15.736182 19.849800
 322.600000 0.786155 17.404080 19.849800
 322.800000 0.782866 17.393430 19.849800
 323.000000 0.799228 16.983083 19.849800
 323.200000 0.794569 17.911894 19.849800
 323.400000 0.765844 15.824364 19.849800
 323.600000 0.752922 13.998635 19.849800
 323.800000 0.756452 14.465584 19.849800
 324.000000 0.768860 16.284875 19.849800
 324.200000 0.763482 16.259990 19.849800
 324.400000 0.743912 12.991799 19.849800
 324.600000 0.748453 13.742221 19.849800
 324.800000 0.750735 14.118845 19.849800
 325.000000 0.758846 15.470160 19.869635
 325.200000 0.772733 18.241408 19.869635
 325.400000 0.757523 16.121626 19.869635
 325.600000 0.769619 17.923264 19.869635
 325.800000 0.777948 18.569983 19.869635
 326.000000 0.780887 18.636482 19.869635
 326.200000 0.786743 19.253244 19.869635
 326.400000 0.770800 18.661257 19.869635
 326.600000 0.740513 12.875530 19.869635
 326.800000 0.733472 11.610554 19.869635
 327.000000 0.752172 15.272189 19.869635
 327.200000 0.774256 19.355869 19.869635
 327.400000 0.786748 19.313601 19.869635
 327.600000 0.786394 19.335842 19.869635
 327.800000 0.794374 18.690174 19.869635
 328.000000 0.810665 18.003927 19.869635
 328.200000 0.800988 18.823016 19.869635
 328.400000 0.799757 18.865003 19.869635
 328.600000 0.825514 19.290118 19.869635
 328.800000 0.802028 18.794136 19.869635
 329.000000 0.798703 18.906985 19.869635
 329.200000 0.792381 19.928662 19.869635
 329.400000 0.784906 20.090378 19.869635
 329.600000 0.784558 20.089341 19.869635
 329.800000 0.790275 20.002366 19.869635
 330.000000 0.805290 19.430111 19.953207
 330.200000 0.801389 20.264702 19.953207
 330.400000 0.810815 20.023465 19.953207
 330.600000 0.810723 20.025841 19.953207
 330.800000 0.838546 20.202905 19.953207
 331.000000 0.851133 20.740103 19.953207
 331.200000 0.873869 20.971558 19.953207
 331.400000 0.865158 20.897354 19.953207
 331.600000 0.877491 21.159439 19.953207
 331.800000 0.876976 21.130289 19.953207
 332.000000 0.871165 20.877096 19.953207
 332.200000 0.874428 21.671125 19.953207
 332.400000 0.871941 21.587927 19.953207
 332.600000 0.863572 21.559193 19.953207
 332.800000 0.856773 21.726457 19.953207
 333.000000 0.876100 21.735957 19.953207
 333.200000 0.912603 17.361941 19.953207
 333.400000 0.934930 14.962591 19.953207
 333.600000 0.935953 14.871905 19.953207
 333.800000 0.930907 15.315981 19.953207
 334.000000 0.924652 15.860640 19.953207
 334.200000 0.925424 16.652704 19.953207
 334.400000 0.929652 16.240631 19.953207
 334.600000 0.942263 14.759255 19.953207
 334.800000 0.927351 16.470698 19.953207
 335.000000 0.915338 17.629312 20.120090
 335.200000 0.902666 20.376112 20.120090
 335.400000 0.904430 20.058150 20.120090
 335.600000 0.918723 18.044817 20.120090
 335.800000 0.911637 18.902882 20.120090
 336.000000 0.920639 17.836007 20.120090
 336.200000 0.938776 15.790798 20.120090
 336.400000 0.938523 15.835681 20.120090
 336.600000 0.965187 12.539013 20.120090
 336.800000 0.970903 11.928636 20.120090
 337.000000 0.931303 17.129974 20.120090
 337.200000 0.917271 19.502140 20.120090
 337.400000 0.913968 19.728197 20.120090
 337.600000 0.918562 19.413602 20.120090
 337.800000 0.928071 18.452522 20.120090
 338.000000 0.925294 18.810489 20.120090
 338.200000 0.951470 14.439278 20.120090
 338.400000 0.990225 9.898475 20.120090
 338.600000 1.025428 1.331050 20.120090
 338.800000 1.045342 0.047417 20.120090
 339.000000 1.047735 0.025320 20.120090
 339.200000 1.030287 1.600209 20.120090
 339.400000 1.011832 4.686181 20.120090
 339.600000 1.006885 6.148443 20.120090
 339.800000 1.022343 2.292064 20.120090
 340.000000 1.015602 3.664830 20.159761
 340.200000 1.017691 4.638007 20.159761
 340.400000 1.025036 3.167021 20.159761
 340.600000 1.009653 6.696955 20.159761
 340.800000 0.992738 9.987081 20.159761
 341.000000 0.961104 13.115924 20.159761
 341.200000 0.966440 13.393289 20.159761
 341.400000 0.971206 12.717012 20.159761
 341.600000 0.957797 14.485823 20.159761
 341.800000 0.949134 15.542213 20.159761
 342.000000 0.952274 15.132888 20.159761
 342.200000 0.973860 12.655451 20.159761
 342.400000 0.990028 10.456750 20.159761
 342.600000 0.974299 12.580829 20.159761
 342.800000 0.990932 10.345635 20.159761
 343.000000 1.017588 4.662511 20.159761
 343.200000 1.047180 2.136248 20.159761
 343.400000 1.051852 1.868294 20.159761
 343.600000 1.062632 1.087186 20.159761
 343.800000 1.067942 0.707103 20.159761
 344.000000 1.051523 1.888807 20.159761
 344.200000 1.039650 3.733663 20.159761
 344.400000 1.053964 3.317553 20.159761
 344.600000 1.078070 0.557140 20.159761
 344.800000 1.095210 0.028399 20.159761
 345.000000 1.107959 -0.000114 20.156312
 345.200000 1.107745 1.749124 20.156312
 345.400000 1.105832 1.731613 20.156312
 345.600000 1.107529 1.748512 20.156312
 345.800000 1.112074 1.684888 20.156312
 346.000000 1.111412 1.703945 20.156312
 346.200000 1.123587 2.181642 20.156312
 346.400000 1.129830 1.364731 20.156312
 346.600000 1.099654 2.700272 20.156312
 346.800000 1.079049 0.916817 20.156312
 347.000000 1.057613 2.955092 20.156312
 347.200000 1.071392 2.303917 20.156312
 347.400000 1.089484 1.626895 20.156312
 347.600000 1.087518 1.487071 20.156312
 347.800000 1.078773 1.484554 20.156312
 348.000000 1.077103 1.610330 20.156312
 348.200000 1.079890 3.023917 20.156312
 348.400000 1.090922 2.818372 20.156312
 348.600000 1.086646 2.769544 20.156312
 348.800000 1.093653 2.921329 20.156312
 349.000000 1.077874 3.173586 20.156312
 349.200000 1.074953 4.928774 20.156312
 349.400000 1.065269 5.590431 20.156312
 349.600000 1.044854 5.073919 20.156312
 349.800000 1.023665 5.104270 20.156312
 350.000000 1.014119 7.002006 20.141982
 350.200000 1.031793 4.990243 20.141982
 350.400000 1.059578 5.794886 20.141982
 350.600000 1.066020 5.551434 20.141982
 350.800000 1.068301 5.414840 20.141982
 351.000000 1.072625 5.110294 20.141982
 351.200000 1.040963 5.118926 20.141982
 351.400000 1.018320 7.323468 20.141982
 351.600000 1.022776 6.334477 20.141982
 351.800000 1.022317 6.430622 20.141982
 352.000000 1.033988 4.914194 20.141982
 352.200000 1.036076 6.287615 20.141982
 352.400000 1.034532 6.306458 20.141982
 352.600000 1.056530 7.044484 20.141982
 352.800000 1.062458 7.054500 20.141982
 353.000000 1.060566 7.073555 20.141982
 353.200000 1.039189 6.785577 20.141982
 353.400000 1.018424 8.141459 20.141982
 353.600000 1.001074 10.514023 20.141982
 353.800000 1.007847 9.820973 20.141982
 354.000000 1.047595 7.580751 20.141982
 354.200000 1.028140 7.356604 20.141982
 354.400000 1.014455 8.924286 20.141982
 354.600000 1.022894 7.751306 20.141982
 354.800000 1.015850 8.711587 20.141982
 355.000000 0.994866 10.870225 20.129021
 355.200000 0.974404 13.042998 20.129021
 355.400000 0.962536 14.721920 20.129021
 355.600000 0.962672 14.702277 20.129021
 355.800000 0.975515 12.915514 20.129021
 356.000000 0.980490 12.473156 20.129021
 356.200000 0.984818 13.217510 20.129021
 356.400000 0.988352 13.025217 20.129021
 356.600000 0.994610 12.603435 20.129021
 356.800000 0.983850 13.271143 20.129021
 357.000000 0.994448 12.616855 20.129021
 357.200000 1.018348 8.972916 20.129021
 357.400000 1.038961 7.849806 20.129021
 357.600000 1.036488 7.624667 20.129021
 357.800000 0.995702 13.501939 20.129021
 358.000000 0.996514 13.419876 20.129021
 358.200000 0.987572 14.771560 20.129021
 358.400000 0.990987 14.739176 20.129021
 358.600000 0.987402 14.770627 20.129021
 358.800000 0.993446 14.633646 20.129021
 359.000000 1.001207 13.700489 20.129021
 359.200000 1.027878 7.847621 20.129021
 359.400000 1.029153 7.729905 20.129021
 359.600000 1.028269 7.807559 20.129021
 359.800000 1.022295 8.785939 20.129021
 360.000000 1.031642 7.602966 20.123670
 360.200000 1.017770 10.779065 20.123670
 360.400000 1.008525 13.218370 20.123670
 360.600000 0.997096 15.319181 20.123670
 360.800000 1.006491 13.728382 20.123670
 361.000000 1.032782 8.831129 20.123670
 361.200000 1.044340 10.232184 20.123670
 361.400000 1.023709 10.554624 20.123670
 361.600000 0.997444 15.359962 20.123670
 361.800000 0.975268 14.890776 20.123670
 362.000000 0.973055 14.901145 20.123670
 362.200000 0.991807 15.965381 20.123670
 362.400000 0.994267 15.859605 20.123670
 362.600000 1.001949 14.963301 20.123670
 362.800000 1.011276 12.940030 20.123670
 363.000000 1.014241 12.251643 20.123670
 363.200000 1.037103 10.365729 20.123670
 363.400000 1.028894 10.747190 20.123670
 363.600000 1.016088 12.852564 20.123670
 363.800000 1.025158 11.173809 20.123670
 364.000000 1.026197 11.037196 20.123670
 364.200000 1.015056 13.893752 20.123670
 364.400000 1.017333 13.480323 20.123670
 364.600000 1.041652 10.986772 20.123670
 364.800000 1.068735 8.527047 20.123670
 365.000000 1.081206 6.215855 20.119278
 365.200000 1.084913 6.835580 20.119278
 365.400000 1.090472 5.846284 20.119278
 365.600000 1.077684 8.182115 20.119278
 365.800000 1.072466 8.999382 20.119278
 366.000000 1.072584 8.983031 20.119278
 366.200000 1.091081 6.296676 20.119278
 366.400000 1.090518 6.411934 20.119278
 366.600000 1.076845 9.451376 20.119278
 366.800000 1.089100 6.712929 20.119278
 367.000000 1.100634 4.835208 20.119278
 367.200000 1.101375 6.166388 20.119278
 367.400000 1.100643 6.244788 20.119278
 367.600000 1.088941 7.788193 20.119278
 367.800000 1.079847 9.377160 20.119278
 368.000000 1.086434 8.215603 20.119278
 368.200000 1.076351 10.890374 20.119278
 368.400000 1.054518 11.271891 20.119278
 368.600000 1.037154 11.272699 20.119278
 368.800000 1.020385 12.954817 20.119278
 369.000000 1.031837 11.558584 20.119278
 369.200000 1.036348 12.301944 20.119278
 369.400000 1.042015 12.001746 20.119278
 369.600000 1.036877 12.270623 20.119278
 369.800000 1.028907 12.839515 20.119278
 370.000000 1.006749 15.609135 20.112596
 370.200000 0.989411 16.769932 20.112596
 370.400000 0.992515 16.968923 20.112596
 370.600000 0.990768 16.865123 20.112596
 370.800000 0.999706 17.060028 20.112596
 371.000000 0.992838 16.985378 20.112596
 371.200000 0.971049 16.187809 20.112596
 371.400000 0.973719 16.257792 20.112596
 371.600000 0.967776 16.167097 20.112596
 371.800000 0.994175 17.860698 20.112596
 372.000000 0.984365 17.072360 20.112596
 372.200000 0.980870 17.521106 20.112596
 372.400000 0.991134 18.443218 20.112596
 372.600000 1.000999 18.153231 20.112596
 372.800000 0.999511 18.300901 20.112596
 373.000000 0.997612 18.435386 20.112596
 373.200000 1.007165 17.833766 20.112596
 373.400000 1.028698 13.298845 20.112596
 373.600000 1.061393 11.525766 20.112596
 373.800000 1.088431 9.075641 20.112596
 374.000000 1.089572 8.872443 20.112596
 374.200000 1.097304 8.579156 20.112596
 374.400000 1.080335 11.390188 20.112596
 374.600000 1.093970 9.229026 20.112596
 374.800000 1.086902 10.506827 20.112596
 375.000000 1.052060 11.709079 20.128256
 375.200000 1.030245 13.454464 20.128256
 375.400000 1.035078 13.119743 20.128256
 375.600000 1.040891 12.923579 20.128256
 375.800000 1.045320 12.845435 20.128256
 376.000000 1.063498 12.539051 20.128256
 376.200000 1.079359 12.251231 20.128256
 376.400000 1.117984 4.079774 20.128256
 376.600000 1.142069 0.355858 20.128256
 376.800000 1.147558 0.144225 20.128256
 377.000000 1.128774 1.801623 20.128256
 377.200000 1.116159 5.644556 20.128256
 377.400000 1.112124 6.331726 20.128256
 377.600000 1.114256 5.971418 20.128256
 377.800000 1.119396 5.076225 20.128256
 378.000000 1.144795 1.143695 20.128256
 378.200000 1.166428 0.652184 20.128256
 378.400000 1.170803 0.396233 20.128256
 378.600000 1.186931 0.028958 20.128256
 378.800000 1.202941 0.000000 20.128256
 379.000000 1.189432 0.016596 20.128256
 379.200000 1.177746 1.440813 20.128256
 379.400000 1.160209 1.421969 20.128256
 379.600000 1.167420 1.180595 20.128256
 379.800000 1.168291 1.178518 20.128256
 380.000000 1.162499 1.301151 20.115478
 380.200000 1.165503 2.823147 20.115478
 380.400000 1.186743 2.195639 20.115478
 380.600000 1.201934 1.283712 20.115478
 380.800000 1.187390 2.172879 20.115478
 381.000000 1.160245 3.052166 20.115478
 381.200000 1.130834 4.542289 20.115478
 381.400000 1.097346 8.841585 20.115478
 381.600000 1.090764 10.122900 20.115478
 381.800000 1.085177 11.237137 20.115478
 382.000000 1.085223 11.228212 20.115478
 382.200000 1.106394 7.725793 20.115478
 382.400000 1.132419 4.486858 20.115478
 382.600000 1.149877 4.672505 20.115478
 382.800000 1.132635 4.479742 20.115478
 383.000000 1.108782 7.284228 20.115478
 383.200000 1.129106 5.147613 20.115478
 383.400000 1.139855 4.575671 20.115478
 383.600000 1.129900 5.066197 20.115478
 383.800000 1.139048 4.582653 20.115478
 384.000000 1.120451 6.403346 20.115478
 384.200000 1.109170 9.470169 20.115478
 384.400000 1.087024 12.476980 20.115478
 384.600000 1.082741 13.069711 20.115478
 384.800000 1.084300 12.865053 20.115478
 385.000000 1.098208 10.837245 20.104315
 385.200000 1.117836 8.627220 20.104315
 385.400000 1.141840 5.064946 20.104315
 385.600000 1.122715 7.603472 20.104315
 385.800000 1.120632 8.038850 20.104315
 386.000000 1.114835 9.241095 20.104315
 386.200000 1.102884 12.120478 20.104315
 386.400000 1.074604 14.144433 20.104315
 386.600000 1.070300 14.145701 20.104315
 386.800000 1.073159 14.157093 20.104315
 387.000000 1.058353 13.824991 20.104315
 387.200000 1.066540 14.891233 20.104315
 387.400000 1.063052 14.881097 20.104315
 387.600000 1.071594 14.795907 20.104315
 387.800000 1.062175 14.868820 20.104315
 388.000000 1.041023 13.741319 20.104315
 388.200000 1.025456 14.682396 20.104315
 388.400000 1.030872 14.421272 20.104315
 388.600000 1.022601 14.976112 20.104315
 388.800000 1.027511 14.538711 20.104315
 389.000000 1.040034 14.640073 20.104315
 389.200000 1.037876 15.442610 20.104315
 389.400000 1.019870 15.725312 20.104315
 389.600000 1.028422 15.168253 20.104315
 389.800000 1.010069 17.428373 20.104315
 390.000000 1.010015 17.439176 20.113434
 390.200000 1.026547 15.644664 20.113434
 390.400000 1.017584 16.752175 20.113434
 390.600000 0.999559 19.732182 20.113434
 390.800000 1.001946 19.541616 20.113434
 391.000000 1.013404 17.555709 20.113434
 391.200000 1.028704 16.010974 20.113434
 391.400000 1.036010 15.785511 20.113434
 391.600000 1.027869 16.072991 20.113434
 391.800000 1.029191 15.978694 20.113434
 392.000000 1.023015 16.609230 20.113434
 392.200000 1.033934 16.439706 20.113434
 392.400000 1.065949 15.347097 20.113434
 392.600000 1.066137 15.336549 20.113434
 392.800000 1.062758 15.522556 20.113434
 393.000000 1.082790 14.097360 20.113434
 393.200000 1.092295 13.887128 20.113434
 393.400000 1.089124 14.299216 20.113434
 393.600000 1.092152 13.905930 20.113434
 393.800000 1.089638 14.233464 20.113434
 394.000000 1.057222 16.019504 20.113434
 394.200000 1.042629 16.776613 20.113434
 394.400000 1.044010 16.809454 20.113434
 394.600000 1.045806 16.850528 20.113434
 394.800000 1.044870 16.829532 20.113434
 395.000000 1.065707 16.578296 20.142031
 395.200000 1.080977 15.941929 20.142031
 395.400000 1.069086 17.224176 20.142031
 395.600000 1.077618 16.401449 20.142031
 395.800000 1.086416 15.081838 20.142031
 396.000000 1.106066 12.086583 20.142031
 396.200000 1.125161 8.492135 20.142031
 396.400000 1.108121 12.773356 20.142031
 396.600000 1.085935 15.575210 20.142031
 396.800000 1.076534 16.679781 20.142031
 397.000000 1.093222 14.673487 20.142031
 397.200000 1.089886 15.965027 20.142031
 397.400000 1.088722 16.092358 20.142031
 397.600000 1.084441 16.531746 20.142031
 397.800000 1.084095 16.564932 20.142031
 398.000000 1.076017 17.201510 20.142031
 398.200000 1.067820 18.257276 20.142031
 398.400000 1.064444 18.234626 20.142031
 398.600000 1.065621 18.248797 20.142031
 398.800000 1.063878 18.225475 20.142031
 399.000000 1.067284 18.257533 20.142031
 399.200000 1.052355 18.220363 20.142031
 399.400000 1.055040 18.459041 20.142031
 399.600000 1.062338 18.927606 20.142031
 399.800000 1.060182 18.823114 20.142031
 400.000000 1.063958 18.983870 20.170043
 400.200000 1.052180 18.755558 20.170043
 400.400000 1.038396 17.180168 20.170043
 400.600000 1.038285 17.172096 20.170043
 400.800000 1.041263 17.429624 20.170043
 401.000000 1.044109 17.739726 20.170043
 401.200000 1.047367 18.917197 20.170043
 401.400000 1.053625 19.577552 20.170043
 401.600000 1.050064 19.223036 20.170043
 401.800000 1.050362 19.255289 20.170043
 402.000000 1.083030 18.200280 20.170043
 402.200000 1.091333 17.310694 20.170043
 402.400000 1.100197 15.427960 20.170043
 402.600000 1.106093 14.117365 20.170043
 402.800000 1.115571 11.570144 20.170043
 403.000000 1.136248 6.007657 20.170043
 403.200000 1.149049 5.928674 20.170043
 403.400000 1.136026 7.381226 20.170043
 403.600000 1.132945 7.912979 20.170043
 403.800000 1.132279 8.039296 20.170043
 404.000000 1.124976 9.664892 20.170043
 404.200000 1.133567 8.763930 20.170043
 404.400000 1.127907 10.080392 20.170043
 404.600000 1.093943 16.907765 20.170043
 404.800000 1.109451 14.223949 20.170043
 405.000000 1.109125 14.282336 20.193614
 405.200000 1.125952 11.053925 20.193614
 405.400000 1.154842 5.631250 20.193614
 405.600000 1.157503 5.355065 20.193614
 405.800000 1.148511 6.331093 20.193614
 406.000000 1.149822 6.175316 20.193614
 406.200000 1.152640 7.167867 20.193614
 406.400000 1.147989 7.714632 20.193614
 406.600000 1.159723 6.190793 20.193614
 406.800000 1.162684 5.726294 20.193614
 407.000000 1.125410 11.559835 20.193614
 407.200000 1.119701 13.958112 20.193614
 407.400000 1.140090 9.323465 20.193614
 407.600000 1.176045 3.668098 20.193614
 407.800000 1.189612 2.343558 20.193614
 408.000000 1.165403 5.310880 20.193614
 408.200000 1.141595 9.448575 20.193614
 408.400000 1.138590 9.880223 20.193614
 408.600000 1.141033 9.522967 20.193614
 408.800000 1.156193 7.974434 20.193614
 409.000000 1.163577 6.991906 20.193614
 409.200000 1.154687 9.206569 20.193614
 409.400000 1.147878 9.503312 20.193614
 409.600000 1.166739 7.712971 20.193614
 409.800000 1.172064 6.570051 20.193614
 410.000000 1.169673 7.106444 20.183061
 410.200000 1.178285 6.220404 20.183061
 410.400000 1.202471 1.487649 20.183061
 410.600000 1.212080 0.595857 20.183061
 410.800000 1.209563 0.780856 20.183061
 411.000000 1.188674 3.717908 20.183061
 411.200000 1.194120 4.078532 20.183061
 411.400000 1.177029 7.649056 20.183061
 411.600000 1.163965 9.776493 20.183061
 411.800000 1.139409 10.270509 20.183061
 412.000000 1.114129 15.066407 20.183061
 412.200000 1.117762 15.258930 20.183061
 412.400000 1.118965 14.991771 20.183061
 412.600000 1.141748 10.266476 20.183061
 412.800000 1.130941 11.988042 20.183061
 413.000000 1.108323 16.750800 20.183061
 413.200000 1.097312 18.257790 20.183061
 413.400000 1.084729 19.332973 20.183061
 413.600000 1.073507 20.348871 20.183061
 413.800000 1.096706 18.289827 20.183061
 414.000000 1.098682 18.189640 20.183061
 414.200000 1.088414 19.554469 20.183061
 414.400000 1.091505 19.344611 20.183061
 414.600000 1.073322 20.543687 20.183061
 414.800000 1.058913 20.182288 20.183061
 415.000000 1.084544 19.852217 20.223815
 415.200000 1.090508 20.076594 20.223815
 415.400000 1.119854 15.732563 20.223815
 415.600000 1.144226 10.175857 20.223815
 415.800000 1.145415 10.125585 20.223815
 416.000000 1.130885 12.348958 20.223815
 416.200000 1.136331 12.032014 20.223815
 416.400000 1.140166 11.339380 20.223815
 416.600000 1.137781 11.743543 20.223815
 416.800000 1.147654 10.616623 20.223815
 417.000000 1.126836 14.511028 20.223815
 417.200000 1.111685 18.818348 20.223815
 417.400000 1.122805 16.571202 20.223815
 417.600000 1.128003 15.084757 20.223815
 417.800000 1.100924 19.591173 20.223815
 418.000000 1.116226 18.105129 20.223815
 418.200000 1.104275 20.007021 20.223815
 418.400000 1.090498 20.327962 20.223815
 418.600000 1.083260 20.758430 20.223815
 418.800000 1.103389 20.023853 20.223815
 419.000000 1.095560 20.133663 20.223815
 419.200000 1.112861 19.788947 20.223815
 419.400000 1.129361 15.272759 20.223815
 419.600000 1.149745 10.877731 20.223815
 419.800000 1.147705 11.046696 20.223815
 420.000000 1.140950 12.020687 20.269215
 420.200000 1.130544 15.686339 20.269215
 420.400000 1.134512 14.567416 20.269215
 420.600000 1.132221 15.202702 20.269215
 420.800000 1.134672 14.524443 20.269215
 421.000000 1.134473 14.577900 20.269215
 421.200000 1.119413 19.309434 20.269215
 421.400000 1.106090 20.731442 20.269215
 421.600000 1.095849 20.881172 20.269215
 421.800000 1.112237 20.350965 20.269215
 422.000000 1.111950 20.378318 20.269215
 422.200000 1.131113 16.723660 20.269215
 422.400000 1.140612 14.065919 20.269215
 422.600000 1.157911 11.231273 20.269215
 422.800000 1.141540 13.847772 20.269215
 423.000000 1.169409 9.364016 20.269215
 423.200000 1.166608 11.031288 20.269215
 423.400000 1.148866 12.895388 20.269215
 423.600000 1.134557 15.770552 20.269215
 423.800000 1.114909 20.736810 20.269215
 424.000000 1.094364 21.262754 20.269215
 424.200000 1.089636 21.920634 20.269215
 424.400000 1.086056 21.911372 20.269215
 424.600000 1.095852 21.952794 20.269215
 424.800000 1.116339 20.749615 20.269215
 425.000000 1.130302 17.042950 20.351507
 425.200000 1.136414 16.029524 20.351507
 425.400000 1.121906 20.184871 20.351507
 425.600000 1.127874 18.585681 20.351507
 425.800000 1.147720 13.449038 20.351507
 426.000000 1.168400 10.743651 20.351507
 426.200000 1.150214 13.608724 20.351507
 426.400000 1.129371 18.176608 20.351507
 426.600000 1.136985 15.985449 20.351507
 426.800000 1.138072 15.701247 20.351507
 427.000000 1.142569 14.680970 20.351507
 427.200000 1.156591 13.759264 20.351507
 427.400000 1.139297 16.285086 20.351507
 427.600000 1.153781 14.030305 20.351507
 427.800000 1.151737 14.238256 20.351507
 428.000000 1.144267 15.273203 20.351507
 428.200000 1.140827 16.810211 20.351507
 428.400000 1.155047 14.592329 20.351507
 428.600000 1.152778 14.884277 20.351507
 428.800000 1.132586 18.612196 20.351507
 429.000000 1.144544 16.110109 20.351507
 429.200000 1.154054 15.417633 20.351507
 429.400000 1.128111 20.078324 20.351507
 429.600000 1.127297 20.225121 20.351507
 429.800000 1.151922 15.752477 20.351507
 430.000000 1.155516 15.184863 20.377691
 430.200000 1.154722 16.200447 20.377691
 430.400000 1.165349 14.005629 20.377691
 430.600000 1.196173 4.112515 20.377691
 430.800000 1.201750 2.795174 20.377691
 431.000000 1.191183 5.487948 20.377691
 431.200000 1.185921 8.408266 20.377691
 431.400000 1.199754 4.402213 20.377691
 431.600000 1.213165 1.406699 20.377691
 431.800000 1.221694 0.470574 20.377691
 432.000000 1.219196 0.669580 20.377691
 432.200000 1.223300 2.005994 20.377691
 432.400000 1.210344 3.316967 20.377691
 432.600000 1.195877 5.999079 20.377691
 432.800000 1.213065 2.984352 20.377691
 433.000000 1.218293 2.450305 20.377691
 433.200000 1.223651 3.447269 20.377691
 433.400000 1.224303 3.366517 20.377691
 433.600000 1.252377 0.259943 20.377691
 433.800000 1.249320 0.405630 20.377691
 434.000000 1.227025 3.007198 20.377691
 434.200000 1.227692 4.443166 20.377691
 434.400000 1.230062 4.074341 20.377691
 434.600000 1.212438 5.463472 20.377691
 434.800000 1.208546 5.549051 20.377691
 435.000000 1.193381 7.113922 20.365164
 435.200000 1.208463 6.319583 20.365164
 435.400000 1.230090 4.131229 20.365164
 435.600000 1.243312 1.703713 20.365164
 435.800000 1.242200 1.883834 20.365164
 436.000000 1.247004 1.179756 20.365164
 436.200000 1.243851 3.243712 20.365164
 436.400000 1.241098 3.606696 20.365164
 436.600000 1.242057 3.479506 20.365164
 436.800000 1.220119 5.806705 20.365164
 437.000000 1.177816 11.663430 20.365164
 437.200000 1.162704 15.677515 20.365164
 437.400000 1.166801 15.026756 20.365164
 437.600000 1.201026 7.460948 20.365164
 437.800000 1.205076 6.867208 20.365164
 438.000000 1.176761 12.951484 20.365164
 438.200000 1.178463 13.528008 20.365164
 438.400000 1.189459 10.595402 20.365164
 438.600000 1.200912 7.747695 20.365164
 438.800000 1.191494 10.035362 20.365164
 439.000000 1.179933 13.162492 20.365164
 439.200000 1.200146 8.294269 20.365164
 439.400000 1.215951 6.114421 20.365164
 439.600000 1.211229 6.468834 20.365164
 439.800000 1.231894 4.801636 20.365164
 440.000000 1.222941 5.674296 20.359649
 440.200000 1.219034 7.241478 20.359649
 440.400000 1.217495 7.292000 20.359649
 440.600000 1.202090 8.365039 20.359649
 440.800000 1.208240 7.634423 20.359649
 441.000000 1.209105 7.576804 20.359649
 441.200000 1.210427 8.748668 20.359649
 441.400000 1.203204 9.343678 20.359649
 441.600000 1.202050 9.489129 20.359649
 441.800000 1.184290 13.314934 20.359649
 442.000000 1.185704 12.965751 20.359649
 442.200000 1.212672 8.826095 20.359649
 442.400000 1.221267 8.095655 20.359649
 442.600000 1.203491 9.795619 20.359649
 442.800000 1.200145 10.382522 20.359649
 443.000000 1.207037 9.324345 20.359649
 443.200000 1.199291 11.566185 20.359649
 443.400000 1.214937 9.666389 20.359649
 443.600000 1.226007 7.958538 20.359649
 443.800000 1.242203 4.234079 20.359649
 444.000000 1.266541 0.785432 20.359649
 444.200000 1.263375 2.710122 20.359649
 444.400000 1.271209 2.082705 20.359649
 444.600000 1.246777 4.042249 20.359649
 444.800000 1.229853 7.192269 20.359649
 445.000000 1.252447 3.479598 20.350389
 445.200000 1.273729 2.400093 20.350389
 445.400000 1.268253 3.196176 20.350389
 445.600000 1.249474 5.216820 20.350389
 445.800000 1.224069 8.618073 20.350389
 446.000000 1.230655 7.536329 20.350389
 446.200000 1.238704 7.372367 20.350389
 446.400000 1.231085 8.713830 20.350389
 446.600000 1.218064 10.284619 20.350389
 446.800000 1.208861 10.736969 20.350389
 447.000000 1.215375 10.431569 20.350389
 447.200000 1.243974 6.709347 20.350389
 447.400000 1.248735 5.970963 20.350389
 447.600000 1.253324 5.345830 20.350389
 447.800000 1.252432 5.463934 20.350389
 448.000000 1.255066 5.116399 20.350389
 448.200000 1.258393 6.033821 20.350389
 448.400000 1.250835 7.017094 20.350389
 448.600000 1.247189 7.410371 20.350389
 448.800000 1.247445 7.382896 20.350389
 449.000000 1.221053 11.190472 20.350389
 449.200000 1.211023 12.545725 20.350389
 449.400000 1.201045 12.586009 20.350389
 449.600000 1.195488 13.060258 20.350389
 449.800000 1.197519 12.841647 20.350389
 450.000000 1.172074 16.585298 20.345512
 450.200000 1.151252 17.758086 20.345512
 450.400000 1.148274 17.845162 20.345512
 450.600000 1.147591 17.876528 20.345512
 450.800000 1.162440 17.822311 20.345512
 451.000000 1.151873 17.749039 20.345512
 451.200000 1.143214 18.856863 20.345512
 451.400000 1.144266 18.792323 20.345512
 451.600000 1.178407 16.730007 20.345512
 451.800000 1.197595 13.036032 20.345512
 452.000000 1.185052 15.351847 20.345512
 452.200000 1.184197 16.419360 20.345512
 452.400000 1.171332 18.411684 20.345512
 452.600000 1.185933 16.041480 20.345512
 452.800000 1.183263 16.616009 20.345512
 453.000000 1.193730 14.341637 20.345512
 453.200000 1.194721 15.071871 20.345512
 453.400000 1.208705 13.362693 20.345512
 453.600000 1.214087 13.086818 20.345512
 453.800000 1.196625 14.719391 20.345512
 454.000000 1.185282 16.972963 20.345512
 454.200000 1.165775 19.205245 20.345512
 454.400000 1.136152 19.487321 20.345512
 454.600000 1.138394 19.259082 20.345512
 454.800000 1.147567 18.716221 20.345512
 455.000000 1.134907 19.626405 20.393577
 455.200000 1.128661 21.081760 20.393577
 455.400000 1.148574 19.181123 20.393577
 455.600000 1.158760 19.125241 20.393577
 455.800000 1.138844 19.922325 20.393577
 456.000000 1.127238 21.241865 20.393577
 456.200000 1.157425 19.187383 20.393577
 456.400000 1.169226 19.325880 20.393577
 456.600000 1.174340 19.165026 20.393577
 456.800000 1.176338 19.025200 20.393577
 457.000000 1.209226 13.563297 20.393577
 457.200000 1.211057 14.377571 20.393577
 457.400000 1.185367 18.048308 20.393577
 457.600000 1.172210 19.307726 20.393577
 457.800000 1.154621 19.195685 20.393577
 458.000000 1.134559 20.999151 20.393577
 458.200000 1.152939 19.552228 20.393577
 458.400000 1.178406 18.950408 20.393577
 458.600000 1.184208 18.231656 20.393577
 458.800000 1.185321 18.056660 20.393577
 459.000000 1.185125 18.088275 20.393577
 459.200000 1.200851 15.808557 20.393577
 459.400000 1.204996 15.206225 20.393577
 459.600000 1.202023 15.621921 20.393577
 459.800000 1.186190 18.692469 20.393577
 460.000000 1.183982 19.045174 20.490415
 460.200000 1.210736 14.735240 20.490415
 460.400000 1.187478 19.190550 20.490415
 460.600000 1.191457 18.330800 20.490415
 460.800000 1.184959 19.644046 20.490415
 461.000000 1.195495 17.378099 20.490415
 461.200000 1.203642 16.398491 20.490415
 461.400000 1.209762 15.362885 20.490415
 461.600000 1.194343 18.454500 20.490415
 461.800000 1.204775 16.186408 20.490415
 462.000000 1.199289 17.305323 20.490415
 462.200000 1.196729 18.692561 20.490415
 462.400000 1.206256 16.650521 20.490415
 462.600000 1.213741 15.276090 20.490415
 462.800000 1.219180 14.193324 20.490415
 463.000000 1.240052 8.894260 20.490415
 463.200000 1.263470 5.517792 20.490415
 463.400000 1.270394 3.899440 20.490415
 463.600000 1.274109 3.070325 20.490415
 463.800000 1.265954 4.939883 20.490415
 464.000000 1.294777 0.356340 20.490415
 464.200000 1.308921 1.130975 20.490415
 464.400000 1.301384 1.686690 20.490415
 464.600000 1.260403 6.329620 20.490415
 464.800000 1.240896 9.901788 20.490415
 465.000000 1.239505 10.183525 20.504873
 465.200000 1.248867 9.365895 20.504873
 465.400000 1.254500 8.134941 20.504873
 465.600000 1.226011 14.012807 20.504873
 465.800000 1.221417 14.765398 20.504873
 466.000000 1.229829 13.292083 20.504873
 466.200000 1.220920 15.649360 20.504873
 466.400000 1.208586 16.824926 20.504873
 466.600000 1.202325 17.726171 20.504873
 466.800000 1.197912 18.566535 20.504873
 467.000000 1.172494 20.843628 20.504873
 467.200000 1.161267 20.449394 20.504873
 467.400000 1.160375 20.371105 20.504873
 467.600000 1.154406 20.043369 20.504873
 467.800000 1.154397 20.043195 20.504873
 468.000000 1.160995 20.424843 20.504873
 468.200000 1.146429 20.740831 20.504873
 468.400000 1.152961 20.639180 20.504873
 468.600000 1.164616 21.467802 20.504873
 468.800000 1.148966 20.642316 20.504873
 469.000000 1.150105 20.622602 20.504873
 469.200000 1.139492 21.861513 20.504873
 469.400000 1.159020 21.547641 20.504873
 469.600000 1.172325 22.284758 20.504873
 469.800000 1.155483 21.385559 20.504873
 470.000000 1.130692 22.577573 20.652402
 470.200000 1.146560 21.778302 20.652402
 470.400000 1.159048 21.655461 20.652402
 470.600000 1.158479 21.632413 20.652402
 470.800000 1.158602 21.637215 20.652402
 471.000000 1.160448 21.719864 20.652402
 471.200000 1.168577 22.741563 20.652402
 471.400000 1.171852 22.784925 20.652402
 471.600000 1.183890 21.876024 20.652402
 471.800000 1.191621 20.310123 20.652402
 472.000000 1.202940 17.731861 20.652402
 472.200000 1.239586 12.099885 20.652402
 472.400000 1.282286 2.800173 20.652402
 472.600000 1.304040 1.499080 20.652402
 472.800000 1.288017 2.414497 20.652402
 473.000000 1.263320 6.132813 20.652402
 473.200000 1.259439 8.404180 20.652402
 473.400000 1.271135 5.525621 20.652402
 473.600000 1.290293 2.560761 20.652402
 473.800000 1.275539 4.548078 20.652402
 474.000000 1.268962 6.052381 20.652402
 474.200000 1.258605 9.650518 20.652402
 474.400000 1.244978 11.766279 20.652402
 474.600000 1.247010 11.457289 20.652402
 474.800000 1.250922 10.883290 20.652402
 475.000000 1.239490 12.690872 20.707411
 475.200000 1.259528 9.885840 20.707411
 475.400000 1.282980 4.180552 20.707411
 475.600000 1.288523 3.283071 20.707411
 475.800000 1.290635 3.003275 20.707411
 476.000000 1.286352 3.604032 20.707411
 476.200000 1.294771 3.798914 20.707411
 476.400000 1.290325 4.481488 20.707411
 476.600000 1.316795 0.780755 20.707411
 476.800000 1.355354 0.000000 20.707411
 477.000000 1.372757 0.000000 20.707411
 477.200000 1.372564 1.749854 20.707411
 477.400000 1.328179 0.186787 20.707411
 477.600000 1.299064 3.129152 20.707411
 477.800000 1.284666 5.360053 20.707411
 478.000000 1.278903 6.337021 20.707411
 478.200000 1.277479 7.910570 20.707411
 478.400000 1.307331 2.091067 20.707411
 478.600000 1.325516 0.271463 20.707411
 478.800000 1.312613 1.302868 20.707411
 479.000000 1.309736 1.706749 20.707411
 479.200000 1.294831 5.528792 20.707411
 479.400000 1.311625 3.043203 20.707411
 479.600000 1.329460 0.844353 20.707411
 479.800000 1.344199 0.400194 20.707411
 480.000000 1.334054 0.552316 20.694766
