#! FIELDS time d metad.bias metad.rct
 0.000000 0.120066 0.000000 0.000000
 0.200000 0.129908 0.000000 0.000000
 0.400000 0.122228 0.000000 0.000000
 0.600000 0.096483 0.000000 0.000000
 0.800000 0.096029 0.000000 0.000000
 1.000000 0.102317 0.000000 0.000000
 1.200000 0.110851 1.487997 0.000000
 1.400000 0.138737 0.088613 0.000000
 1.600000 0.136381 0.129685 0.000000
 1.800000 0.123326 0.654149 0.000000
 2.000000 0.128011 0.400943 0.000000
 2.200000 0.143187 1.068576 0.000000
 2.400000 0.148698 0.673444 0.000000
 2.600000 0.155725 0.309122 0.000000
 2.800000 0.143630 1.034381 0.000000
 3.000000 0.142060 1.156540 0.000000
 3.200000 0.135508 3.175630 0.000000
 3.400000 0.128478 3.200013 0.000000
 3.600000 0.108264 2.466583 0.000000
 3.800000 0.111948 2.609627 0.000000
 4.000000 0.102205 2.184330 0.000000
 4.200000 0.072502 0.460686 0.000000
 4.400000 0.087130 2.042493 0.000000
 4.600000 0.106126 3.910730 0.000000
 4.800000 0.096261 3.272882 0.000000
 5.000000 0.098365 3.488326 1.328467
 5.200000 0.116362 4.522896 1.328467
 5.400000 0.126975 3.811139 1.328467
 5.600000 0.110222 5.015149 1.328467
 5.800000 0.087680 3.282924 1.328467
 6.000000 0.083168 2.392635 1.328467
 6.200000 0.111746 5.157416 1.328467
 6.400000 0.124539 3.972684 1.328467
 6.600000 0.121908 4.154782 1.328467
 6.800000 0.143003 2.793023 1.328467
 7.000000 0.123173 4.062981 1.328467
 7.200000 0.122721 5.554487 1.328467
 7.400000 0.099414 6.363053 1.328467
 7.600000 0.104546 6.490025 1.328467
 7.800000 0.133121 4.683829 1.328467
 8.000000 0.143793 3.282293 1.328467
 8.200000 0.153517 3.057657 1.328467
 8.400000 0.145363 4.547452 1.328467
 8.600000 0.129745 5.986720 1.328467
 8.800000 0.109795 6.460115 1.328467
 9.000000 0.117963 6.211303 1.328467
 9.200000 0.120346 7.468238 1.328467
 9.400000 0.121515 7.426508 1.328467
 9.600000 0.141336 5.529820 1.328467
 9.800000 0.143304 5.183544 1.328467
 10.000000 0.122364 7.392981 3.782657
 10.200000 0.132321 7.742704 3.782657
 10.400000 0.152869 3.424144 3.782657
 10.600000 0.161013 1.797300 3.782657
 10.800000 0.134342 7.434409 3.782657
 11.000000 0.107537 8.326268 3.782657
 11.200000 0.100372 8.602560 3.782657
 11.400000 0.101905 8.859409 3.782657
 11.600000 0.119439 9.613380 3.782657
 11.800000 0.109762 9.681785 3.782657
 12.000000 0.084847 4.884787 3.782657
 12.200000 0.081822 5.493465 3.782657
 12.400000 0.092398 8.094833 3.782657
 12.600000 0.090707 7.726766 3.782657
 12.800000 0.085556 6.476311 3.782657
 13.000000 0.092363 8.087384 3.782657
 13.200000 0.107109 10.716018 3.782657
 13.400000 0.103180 10.656039 3.782657
 13.600000 0.121389 9.730743 3.782657
 13.800000 0.108991 10.680696 3.782657
 14.000000 0.093801 9.594618 3.782657
 14.200000 0.096620 11.183042 3.782657
 14.400000 0.107270 11.476419 3.782657
 14.600000 0.134293 7.739976 3.782657
 14.800000 0.139691 6.576431 3.782657
 15.000000 0.158855 2.180898 6.186141
 15.200000 0.173882 1.347927 6.186141
 15.400000 0.147780 5.851880 6.186141
 15.600000 0.144118 6.512491 6.186141
 15.800000 0.145709 6.227988 6.186141
 16.000000 0.134126 8.179402 6.186141
 16.200000 0.137868 8.757308 6.186141
 16.400000 0.147452 6.730302 6.186141
 16.600000 0.149977 6.139516 6.186141
 16.800000 0.148442 6.500103 6.186141
 17.000000 0.144738 7.347994 6.186141
 17.200000 0.137069 10.008650 6.186141
 17.400000 0.129111 10.819852 6.186141
 17.600000 0.111659 11.643504 6.186141
 17.800000 0.114580 11.522003 6.186141
 18.000000 0.134208 10.367597 6.186141
 18.200000 0.147303 8.760649 6.186141
 18.400000 0.157264 5.662528 6.186141
 18.600000 0.156778 5.814185 6.186141
 18.800000 0.169777 2.345091 6.186141
 19.000000 0.168273 2.664284 6.186141
 19.200000 0.158814 6.458868 6.186141
 19.400000 0.151469 8.323559 6.186141
 19.600000 0.150981 8.446472 6.186141
 19.800000 0.145603 9.732796 6.186141
 20.000000 0.164787 5.010267 7.661332
 20.200000 0.188145 1.337053 7.661332
 20.400000 0.172940 4.444219 7.661332
 20.600000 0.141829 10.943196 7.661332
 20.800000 0.146893 10.124954 7.661332
 21.000000 0.166070 6.108561 7.661332
 21.200000 0.148940 10.445341 7.661332
 21.400000 0.110113 12.001906 7.661332
 21.600000 0.097309 11.381822 7.661332
 21.800000 0.109736 12.002164 7.661332
 22.000000 0.134533 11.879246 7.661332
 22.200000 0.137372 12.713048 7.661332
 22.400000 0.122883 12.808992 7.661332
 22.600000 0.139383 12.516172 7.661332
 22.800000 0.144270 11.867229 7.661332
 23.000000 0.143340 12.006451 7.661332
 23.200000 0.155595 10.593120 7.661332
 23.400000 0.161507 9.126816 7.661332
 23.600000 0.188535 1.723881 7.661332
 23.800000 0.182837 2.974670 7.661332
 24.000000 0.176199 4.834174 7.661332
 24.200000 0.177752 5.776777 7.661332
 24.400000 0.167652 8.618208 7.661332
 24.600000 0.150712 12.017108 7.661332
 24.800000 0.150211 12.103630 7.661332
 25.000000 0.142800 13.224580 9.596327
 25.200000 0.152344 12.523084 9.596327
 25.400000 0.142581 14.221899 9.596327
 25.600000 0.128396 14.247765 9.596327
 25.800000 0.132450 14.561108 9.596327
 26.000000 0.122769 13.599512 9.596327
 26.200000 0.124548 14.763650 9.596327
 26.400000 0.119849 14.191921 9.596327
 26.600000 0.090862 10.238518 9.596327
 26.800000 0.078599 6.129610 9.596327
 27.000000 0.071327 3.672533 9.596327
 27.200000 0.083658 9.013769 9.596327
 27.400000 0.118689 14.054819 9.596327
 27.600000 0.093545 11.406545 9.596327
 27.800000 0.093597 11.415892 9.596327
 28.000000 0.139207 15.053321 9.596327
 28.200000 0.164899 9.818160 9.596327
 28.400000 0.196499 1.207012 9.596327
 28.600000 0.175946 6.446795 9.596327
 28.800000 0.160151 11.146834 9.596327
 29.000000 0.167030 9.201780 9.596327
 29.200000 0.180023 5.949357 9.596327
 29.400000 0.188607 3.132857 9.596327
 29.600000 0.176237 7.315548 9.596327
 29.800000 0.160332 12.147777 9.596327
 30.000000 0.183594 4.697815 11.137009
 30.200000 0.201594 1.401874 11.137009
 30.400000 0.181721 6.753474 11.137009
 30.600000 0.169409 10.546914 11.137009
 30.800000 0.162040 12.226297 11.137009
 31.000000 0.152461 14.122850 11.137009
 31.200000 0.161864 13.028591 11.137009
 31.400000 0.177142 8.523670 11.137009
 31.600000 0.174098 9.565182 11.137009
 31.800000 0.175453 9.107681 11.137009
 32.000000 0.165902 12.018690 11.137009
 32.200000 0.191294 3.947713 11.137009
 32.400000 0.191509 3.879532 11.137009
 32.600000 0.175073 10.086968 11.137009
 32.800000 0.182026 7.356162 11.137009
 33.000000 0.196562 2.475085 11.137009
 33.200000 0.221966 0.433174 11.137009
 33.400000 0.180237 8.937156 11.137009
 33.600000 0.172167 11.548427 11.137009
 33.800000 0.169243 12.383044 11.137009
 34.000000 0.162236 14.045875 11.137009
 34.200000 0.180599 9.256539 11.137009
 34.400000 0.172427 12.213223 11.137009
 34.600000 0.176200 10.888360 11.137009
 34.800000 0.181874 8.782264 11.137009
 35.000000 0.179705 9.590729 12.484925
 35.200000 0.192112 6.129189 12.484925
 35.400000 0.186512 8.142452 12.484925
 35.600000 0.175842 12.122564 12.484925
 35.800000 0.186078 8.306573 12.484925
 36.000000 0.184180 9.029421 12.484925
 36.200000 0.185523 9.682822 12.484925
 36.400000 0.183081 10.617743 12.484925
 36.600000 0.192021 7.180759 12.484925
 36.800000 0.196978 5.406036 12.484925
 37.000000 0.191293 7.455479 12.484925
 37.200000 0.186242 10.590067 12.484925
 37.400000 0.203531 4.322524 12.484925
 37.600000 0.192030 8.431464 12.484925
 37.800000 0.194788 7.388001 12.484925
 38.000000 0.206466 3.446921 12.484925
 38.200000 0.215876 2.619173 12.484925
 38.400000 0.214021 3.021384 12.484925
 38.600000 0.188796 10.399568 12.484925
 38.800000 0.173269 14.602381 12.484925
 39.000000 0.165288 15.852039 12.484925
 39.200000 0.155653 17.384059 12.484925
 39.400000 0.143261 17.640282 12.484925
 39.600000 0.117706 14.338338 12.484925
 39.800000 0.120508 14.825774 12.484925
 40.000000 0.143375 17.641275 13.693318
 40.200000 0.168419 16.485768 13.693318
 40.400000 0.166033 16.879920 13.693318
 40.600000 0.140666 18.370429 13.693318
 40.800000 0.127487 16.575661 13.693318
 41.000000 0.101631 12.533446 13.693318
 41.200000 0.085660 10.153845 13.693318
 41.400000 0.083794 9.546544 13.693318
 41.600000 0.069884 4.833589 13.693318
 41.800000 0.073475 5.990696 13.693318
 42.000000 0.076084 6.880027 13.693318
 42.200000 0.069141 5.764273 13.693318
 42.400000 0.076520 8.318598 13.693318
 42.600000 0.086227 11.356469 13.693318
 42.800000 0.084143 10.776921 13.693318
 43.000000 0.073071 7.118435 13.693318
 43.200000 0.057071 3.037763 13.693318
 43.400000 0.075335 9.167981 13.693318
 43.600000 0.091445 13.158142 13.693318
 43.800000 0.099054 13.910898 13.693318
 44.000000 0.103387 14.110423 13.693318
 44.200000 0.119144 15.867785 13.693318
 44.400000 0.116476 15.598202 13.693318
 44.600000 0.109611 15.220488 13.693318
 44.800000 0.116344 15.586735 13.693318
 45.000000 0.102927 15.026108 14.196308
 45.200000 0.096426 15.377806 14.196308
 45.400000 0.094266 15.049906 14.196308
 45.600000 0.071892 8.183637 14.196308
 45.800000 0.055069 2.531364 14.196308
 46.000000 0.060343 4.015627 14.196308
 46.200000 0.055447 4.012372 14.196308
 46.400000 0.077132 10.941879 14.196308
 46.600000 0.098611 15.684433 14.196308
 46.800000 0.120011 16.438024 14.196308
 47.000000 0.103131 15.952356 14.196308
 47.200000 0.099571 16.599023 14.196308
 47.400000 0.091006 15.207984 14.196308
 47.600000 0.096958 16.308081 14.196308
 47.800000 0.093961 15.826543 14.196308
 48.000000 0.078532 11.593005 14.196308
 48.200000 0.059843 5.813031 14.196308
 48.400000 0.058846 5.462522 14.196308
 48.600000 0.077153 12.178719 14.196308
 48.800000 0.090648 15.877626 14.196308
 49.000000 0.101775 17.067191 14.196308
 49.200000 0.110571 17.594831 14.196308
 49.400000 0.119078 17.294295 14.196308
 49.600000 0.123426 17.425600 14.196308
 49.800000 0.126312 17.616297 14.196308
 50.000000 0.103421 17.896572 15.088003
 50.200000 0.079546 13.457460 15.088003
 50.400000 0.071094 10.194001 15.088003
 50.600000 0.054742 4.122036 15.088003
 50.800000 0.061869 6.583690 15.088003
 51.000000 0.062916 6.979676 15.088003
 51.200000 0.068533 10.372167 15.088003
 51.400000 0.073994 12.313666 15.088003
 51.600000 0.085766 16.025595 15.088003
 51.800000 0.088042 16.641366 15.088003
 52.000000 0.097134 18.409200 15.088003
 52.200000 0.086916 16.953646 15.088003
 52.400000 0.090195 17.864867 15.088003
 52.600000 0.074809 12.845269 15.088003
 52.800000 0.062764 8.258356 15.088003
 53.000000 0.066404 9.675708 15.088003
 53.200000 0.068093 11.457397 15.088003
 53.400000 0.087401 17.522825 15.088003
 53.600000 0.107235 19.200543 15.088003
 53.800000 0.129276 18.114376 15.088003
 54.000000 0.115840 18.250446 15.088003
 54.200000 0.107725 19.821989 15.088003
 54.400000 0.123973 18.588067 15.088003
 54.600000 0.129194 18.631681 15.088003
 54.800000 0.114221 19.182946 15.088003
 55.000000 0.112987 19.309845 16.307364
 55.200000 0.104258 20.634071 16.307364
 55.400000 0.105284 20.621844 16.307364
 55.600000 0.115902 19.747491 16.307364
 55.800000 0.117004 19.639514 16.307364
 56.000000 0.118512 19.502150 16.307364
 56.200000 0.122008 19.964066 16.307364
 56.400000 0.127569 19.672150 16.307364
 56.600000 0.125132 19.779171 16.307364
 56.800000 0.135243 19.416283 16.307364
 57.000000 0.138028 19.300068 16.307364
 57.200000 0.137536 20.062976 16.307364
 57.400000 0.108722 21.151421 16.307364
 57.600000 0.090468 18.799762 16.307364
 57.800000 0.074573 13.790574 16.307364
 58.000000 0.046833 3.296888 16.307364
 58.200000 0.077174 14.853991 16.307364
 58.400000 0.087985 18.114495 16.307364
 58.600000 0.091377 19.065480 16.307364
 58.800000 0.108537 21.157627 16.307364
 59.000000 0.121112 20.419318 16.307364
 59.200000 0.102562 21.394972 16.307364
 59.400000 0.115929 21.381085 16.307364
 59.600000 0.140171 20.237534 16.307364
 59.800000 0.131942 20.750515 16.307364
 60.000000 0.143946 19.856063 17.749890
 60.200000 0.158732 18.510016 17.749890
 60.400000 0.148690 19.983346 17.749890
 60.600000 0.138831 21.032823 17.749890
 60.800000 0.131372 21.279993 17.749890
 61.000000 0.127623 21.292434 17.749890
 61.200000 0.130676 21.948594 17.749890
 61.400000 0.112989 22.032477 17.749890
 61.600000 0.109668 22.022072 17.749890
 61.800000 0.117135 21.993952 17.749890
 62.000000 0.131791 21.928393 17.749890
 62.200000 0.140548 21.930336 17.749890
 62.400000 0.125878 22.578446 17.749890
 62.600000 0.100596 21.381256 17.749890
 62.800000 0.085662 17.484310 17.749890
 63.000000 0.090339 18.911102 17.749890
 63.200000 0.126740 22.630990 17.749890
 63.400000 0.131876 22.600255 17.749890
 63.600000 0.142631 21.635737 17.749890
 63.800000 0.132354 22.586826 17.749890
 64.000000 0.123355 22.592012 17.749890
 64.200000 0.135217 22.920047 17.749890
 64.400000 0.146023 21.275120 17.749890
 64.600000 0.150249 20.416994 17.749890
 64.800000 0.161220 18.290627 17.749890
 65.000000 0.174157 15.388860 19.251098
 65.200000 0.164793 18.324124 19.251098
 65.400000 0.161239 18.895041 19.251098
 65.600000 0.142099 22.096335 19.251098
 65.800000 0.146816 21.283223 19.251098
 66.000000 0.149754 20.752158 19.251098
 66.200000 0.118775 23.246421 19.251098
 66.400000 0.105908 22.799101 19.251098
 66.600000 0.117568 23.215568 19.251098
 66.800000 0.117878 23.223313 19.251098
 67.000000 0.124603 23.416279 19.251098
 67.200000 0.127459 24.092302 19.251098
 67.400000 0.133690 23.965778 19.251098
 67.600000 0.132948 24.004646 19.251098
 67.800000 0.121882 23.941614 19.251098
 68.000000 0.114981 23.656374 19.251098
 68.200000 0.131657 24.383571 19.251098
 68.400000 0.140000 23.487077 19.251098
 68.600000 0.146872 22.221276 19.251098
 68.800000 0.163014 19.111723 19.251098
 69.000000 0.174263 16.424371 19.251098
 69.200000 0.156184 20.783453 19.251098
 69.400000 0.139256 23.654678 19.251098
 69.600000 0.126775 24.534441 19.251098
 69.800000 0.119215 24.422400 19.251098
 70.000000 0.107062 23.721155 20.712425
 70.200000 0.083927 17.920388 20.712425
 70.400000 0.072296 13.777164 20.712425
 70.600000 0.067586 12.113026 20.712425
 70.800000 0.047774 5.103515 20.712425
 71.000000 0.058807 8.913770 20.712425
 71.200000 0.055866 8.995867 20.712425
 71.400000 0.062869 11.539621 20.712425
 71.600000 0.061736 11.144464 20.712425
 71.800000 0.052427 7.701391 20.712425
 72.000000 0.062967 11.573597 20.712425
 72.200000 0.073013 15.613819 20.712425
 72.400000 0.079601 17.365227 20.712425
 72.600000 0.065319 13.400384 20.712425
 72.800000 0.048600 6.953159 20.712425
 73.000000 0.063456 12.785868 20.712425
 73.200000 0.091092 20.984552 20.712425
 73.400000 0.101056 23.489683 20.712425
 73.600000 0.086715 19.742222 20.712425
 73.800000 0.083778 18.950462 20.712425
 74.000000 0.077855 17.516462 20.712425
 74.200000 0.062139 13.778045 20.712425
 74.400000 0.055540 10.922962 20.712425
 74.600000 0.060661 13.183520 20.712425
 74.800000 0.067885 15.779775 20.712425
 75.000000 0.085538 20.122289 20.978661
 75.200000 0.100169 24.020758 20.978661
 75.400000 0.118646 24.935683 20.978661
 75.600000 0.104848 24.571880 20.978661
 75.800000 0.088676 21.610218 20.978661
 76.000000 0.082793 20.158866 20.978661
 76.200000 0.095846 23.742360 20.978661
 76.400000 0.087774 22.063509 20.978661
 76.600000 0.086706 21.814383 20.978661
 76.800000 0.081166 20.468003 20.978661
 77.000000 0.071850 17.905575 20.978661
 77.200000 0.070985 18.417243 20.978661
 77.400000 0.066568 16.823033 20.978661
 77.600000 0.053789 10.668712 20.978661
 77.800000 0.046277 6.883251 20.978661
 78.000000 0.059851 13.801154 20.978661
 78.200000 0.073172 19.732615 20.978661
 78.400000 0.067091 17.870853 20.978661
 78.600000 0.088714 22.844286 20.978661
 78.800000 0.092535 23.500366 20.978661
 79.000000 0.074205 19.990071 20.978661
 79.200000 0.058871 14.680389 20.978661
 79.400000 0.050412 9.888555 20.978661
 79.600000 0.060905 15.744928 20.978661
 79.800000 0.071344 19.943912 20.978661
 80.000000 0.076318 21.189907 21.477396
 80.200000 0.078290 22.263569 21.477396
 80.400000 0.091656 24.120999 21.477396
 80.600000 0.113298 25.082272 21.477396
 80.800000 0.118171 25.006621 21.477396
 81.000000 0.101466 24.963794 21.477396
 81.200000 0.101842 25.557750 21.477396
 81.400000 0.084786 23.586114 21.477396
 81.600000 0.082289 23.177167 21.477396
 81.800000 0.091593 24.577083 21.477396
 82.000000 0.100959 25.512121 21.477396
 82.200000 0.099759 25.996339 21.477396
 82.400000 0.099514 25.978277 21.477396
 82.600000 0.089229 24.664749 21.477396
 82.800000 0.098086 25.858691 21.477396
 83.000000 0.100537 26.048718 21.477396
 83.200000 0.118519 25.851322 21.477396
 83.400000 0.114476 26.189062 21.477396
 83.600000 0.124367 25.386652 21.477396
 83.800000 0.121098 25.641734 21.477396
 84.000000 0.121949 25.574424 21.477396
 84.200000 0.100874 26.825248 21.477396
 84.400000 0.101933 26.897799 21.477396
 84.600000 0.100957 26.831551 21.477396
 84.800000 0.120201 26.269964 21.477396
 85.000000 0.143388 23.260820 22.990148
 85.200000 0.151856 22.101613 22.990148
 85.400000 0.142839 23.992436 22.990148
 85.600000 0.136648 25.076224 22.990148
 85.800000 0.124075 26.234061 22.990148
 86.000000 0.148040 22.903610 22.990148
 86.200000 0.165880 19.774445 22.990148
 86.400000 0.172500 18.029458 22.990148
 86.600000 0.167219 19.458900 22.990148
 86.800000 0.163713 20.255761 22.990148
 87.000000 0.174435 17.419716 22.990148
 87.200000 0.154954 22.400171 22.990148
 87.400000 0.134942 25.764821 22.990148
 87.600000 0.140518 25.055308 22.990148
 87.800000 0.143226 24.604836 22.990148
 88.000000 0.129437 26.173578 22.990148
 88.200000 0.125022 26.895325 22.990148
 88.400000 0.129874 26.694433 22.990148
 88.600000 0.124957 26.897219 22.990148
 88.800000 0.141092 25.367894 22.990148
 89.000000 0.144233 24.759092 22.990148
 89.200000 0.138099 26.396863 22.990148
 89.400000 0.154520 23.070690 22.990148
 89.600000 0.160382 21.856900 22.990148
 89.800000 0.140216 26.083007 22.990148
 90.000000 0.141566 25.852828 23.876559
 90.200000 0.158487 22.535107 23.876559
 90.400000 0.134161 27.311126 23.876559
 90.600000 0.130287 27.463155 23.876559
 90.800000 0.148030 25.025555 23.876559
 91.000000 0.177836 17.099373 23.876559
 91.200000 0.206043 5.489407 23.876559
 91.400000 0.180793 16.690239 23.876559
 91.600000 0.151896 24.268047 23.876559
 91.800000 0.136791 27.104816 23.876559
 92.000000 0.152716 24.086157 23.876559
 92.200000 0.159782 23.173702 23.876559
 92.400000 0.157310 23.692869 23.876559
 92.600000 0.145673 26.187641 23.876559
 92.800000 0.126251 27.593024 23.876559
 93.000000 0.119159 27.416788 23.876559
 93.200000 0.105237 27.582313 23.876559
 93.400000 0.097263 26.702876 23.876559
 93.600000 0.106122 27.635187 23.876559
 93.800000 0.114516 27.862980 23.876559
 94.000000 0.114303 27.860028 23.876559
 94.200000 0.092584 26.057401 23.876559
 94.400000 0.096574 26.844588 23.876559
 94.600000 0.105968 28.059918 23.876559
 94.800000 0.139405 27.521131 23.876559
 95.000000 0.165415 21.952547 24.784198
 95.200000 0.167196 22.175839 24.784198
 95.400000 0.156221 24.500948 24.784198
 95.600000 0.161235 23.513025 24.784198
 95.800000 0.168665 21.785535 24.784198
 96.000000 0.197829 8.757707 24.784198
 96.200000 0.198730 9.544846 24.784198
 96.400000 0.209848 5.138340 24.784198
 96.600000 0.225346 1.306890 24.784198
 96.800000 0.219861 2.301509 24.784198
 97.000000 0.198754 9.534447 24.784198
 97.200000 0.195942 11.915050 24.784198
 97.400000 0.213101 4.801126 24.784198
 97.600000 0.206502 7.350895 24.784198
 97.800000 0.202688 8.965285 24.784198
 98.000000 0.201302 9.565472 24.784198
 98.200000 0.196708 12.668020 24.784198
 98.400000 0.197243 12.444011 24.784198
 98.600000 0.195036 13.362548 24.784198
 98.800000 0.188526 15.966732 24.784198
 99.000000 0.180120 19.036061 24.784198
 99.200000 0.184472 18.216902 24.784198
 99.400000 0.165300 23.363042 24.784198
 99.600000 0.141685 27.359724 24.784198
 99.800000 0.123272 28.441426 24.784198
 100.000000 0.136806 27.981046 25.065871
 100.200000 0.134487 28.675721 25.065871
 100.400000 0.140261 28.058966 25.065871
 100.600000 0.119175 28.669025 25.065871
 100.800000 0.108521 28.296026 25.065871
 101.000000 0.109647 28.355647 25.065871
 101.200000 0.111368 28.921506 25.065871
 101.400000 0.141103 27.984809 25.065871
 101.600000 0.152452 25.713174 25.065871
 101.800000 0.125187 29.106562 25.065871
 102.000000 0.127914 29.087340 25.065871
 102.200000 0.150098 26.362105 25.065871
 102.400000 0.164006 23.689771 25.065871
 102.600000 0.142505 28.040134 25.065871
 102.800000 0.160403 24.303503 25.065871
 103.000000 0.170457 22.470370 25.065871
 103.200000 0.166925 23.799143 25.065871
 103.400000 0.149262 26.788563 25.065871
 103.600000 0.166785 23.823396 25.065871
 103.800000 0.169872 23.237825 25.065871
 104.000000 0.158911 25.043406 25.065871
 104.200000 0.147534 27.576073 25.065871
 104.400000 0.149911 27.134504 25.065871
 104.600000 0.162227 25.105069 25.065871
 104.800000 0.132769 29.524986 25.065871
 105.000000 0.118986 29.488489 26.159239
 105.200000 0.110129 29.506590 26.159239
 105.400000 0.096698 27.430471 26.159239
 105.600000 0.107349 29.246863 26.159239
 105.800000 0.115683 29.836791 26.159239
 106.000000 0.150273 27.120287 26.159239
 106.200000 0.165182 24.938106 26.159239
 106.400000 0.172164 23.290494 26.159239
 106.600000 0.134215 30.015986 26.159239
 106.800000 0.112617 29.699370 26.159239
 107.000000 0.106276 29.130118 26.159239
 107.200000 0.118714 30.345723 26.159239
 107.400000 0.093996 27.137584 26.159239
 107.600000 0.089700 25.991492 26.159239
 107.800000 0.082320 24.050494 26.159239
 108.000000 0.090302 26.152645 26.159239
 108.200000 0.084926 25.239085 26.159239
 108.400000 0.102632 29.460378 26.159239
 108.600000 0.135024 30.040077 26.159239
 108.800000 0.158573 26.131224 26.159239
 109.000000 0.152975 27.133464 26.159239
 109.200000 0.168225 24.603911 26.159239
 109.400000 0.169360 24.312768 26.159239
 109.600000 0.182846 19.565772 26.159239
 109.800000 0.194308 14.372975 26.159239
 110.000000 0.201871 10.802447 26.877540
 110.200000 0.195544 14.781750 26.877540
 110.400000 0.176817 22.234067 26.877540
 110.600000 0.171428 23.874873 26.877540
 110.800000 0.189073 17.550186 26.877540
 111.000000 0.197483 13.915913 26.877540
 111.200000 0.198040 14.604712 26.877540
 111.400000 0.210547 8.354317 26.877540
 111.600000 0.230582 1.229423 26.877540
 111.800000 0.211564 7.839654 26.877540
 112.000000 0.211293 7.976325 26.877540
 112.200000 0.203352 13.114772 26.877540
 112.400000 0.191195 18.022790 26.877540
 112.600000 0.202728 13.403120 26.877540
 112.800000 0.218548 5.717225 26.877540
 113.000000 0.231516 1.575528 26.877540
 113.200000 0.218051 7.027223 26.877540
 113.400000 0.196806 16.038512 26.877540
 113.600000 0.184203 20.401795 26.877540
 113.800000 0.195757 16.431176 26.877540
 114.000000 0.192438 17.630286 26.877540
 114.200000 0.187571 20.049561 26.877540
 114.400000 0.185252 20.770949 26.877540
 114.600000 0.193166 18.169756 26.877540
 114.800000 0.196631 16.871805 26.877540
 115.000000 0.190210 19.191732 26.868291
 115.200000 0.197773 17.073798 26.868291
 115.400000 0.206935 12.714059 26.868291
 115.600000 0.205967 13.205869 26.868291
 115.800000 0.185596 21.375504 26.868291
 116.000000 0.175798 23.870839 26.868291
 116.200000 0.192478 19.475042 26.868291
 116.400000 0.198623 16.897317 26.868291
 116.600000 0.178904 23.749123 26.868291
 116.800000 0.159587 26.984424 26.868291
 117.000000 0.145922 29.044379 26.868291
 117.200000 0.129919 30.777811 26.868291
 117.400000 0.124914 30.711454 26.868291
 117.600000 0.121817 30.641325 26.868291
 117.800000 0.120881 30.618956 26.868291
 118.000000 0.132662 30.753625 26.868291
 118.200000 0.141923 30.460331 26.868291
 118.400000 0.133678 31.171617 26.868291
 118.600000 0.119367 30.881660 26.868291
 118.800000 0.111356 30.473368 26.868291
 119.000000 0.113543 30.603451 26.868291
 119.200000 0.134089 31.331889 26.868291
 119.400000 0.143605 30.269656 26.868291
 119.600000 0.146934 29.682343 26.868291
 119.800000 0.132459 31.403866 26.868291
 120.000000 0.129051 31.468601 27.972998
 120.200000 0.161192 27.182394 27.972998
 120.400000 0.150156 29.229921 27.972998
 120.600000 0.138489 31.329643 27.972998
 120.800000 0.119287 31.642580 27.972998
 121.000000 0.081724 24.408630 27.972998
 121.200000 0.099202 29.534595 27.972998
 121.400000 0.114398 31.417245 27.972998
 121.600000 0.130170 31.889918 27.972998
 121.800000 0.125813 31.878193 27.972998
 122.000000 0.112709 31.309704 27.972998
 122.200000 0.113642 31.803696 27.972998
 122.400000 0.097695 29.471634 27.972998
 122.600000 0.075502 23.126148 27.972998
 122.800000 0.081871 25.092038 27.972998
 123.000000 0.118559 32.036877 27.972998
 123.200000 0.120178 32.505188 27.972998
 123.400000 0.109210 31.801354 27.972998
 123.600000 0.105388 31.270853 27.972998
 123.800000 0.100948 30.411588 27.972998
 124.000000 0.062057 17.155473 27.972998
 124.200000 0.045642 7.877190 27.972998
 124.400000 0.050401 10.719485 27.972998
 124.600000 0.049238 9.996192 27.972998
 124.800000 0.053835 12.912455 27.972998
 125.000000 0.046236 8.213251 28.591400
 125.200000 0.057391 16.102455 28.591400
 125.400000 0.054068 14.121264 28.591400
 125.600000 0.046709 9.698072 28.591400
 125.800000 0.060988 18.108233 28.591400
 126.000000 0.054808 14.569118 28.591400
 126.200000 0.051870 13.679021 28.591400
 126.400000 0.039321 6.377769 28.591400
 126.600000 0.048374 11.505280 28.591400
 126.800000 0.053426 14.641869 28.591400
 127.000000 0.044910 9.416317 28.591400
 127.200000 0.048339 12.604145 28.591400
 127.400000 0.059779 19.023479 28.591400
 127.600000 0.065947 21.633848 28.591400
 127.800000 0.089847 27.664933 28.591400
 128.000000 0.098285 29.835449 28.591400
 128.200000 0.076565 24.752193 28.591400
 128.400000 0.057418 17.841656 28.591400
 128.600000 0.038186 6.871691 28.591400
 128.800000 0.048320 12.594098 28.591400
 129.000000 0.052326 14.983770 28.591400
 129.200000 0.042165 9.703612 28.591400
 129.400000 0.057342 18.650058 28.591400
 129.600000 0.057175 18.564628 28.591400
 129.800000 0.085559 26.999655 28.591400
 130.000000 0.090788 28.348984 28.891071
 130.200000 0.083986 27.067799 28.891071
 130.400000 0.072968 24.447425 28.891071
 130.600000 0.072387 24.300594 28.891071
 130.800000 0.062471 21.079128 28.891071
 131.000000 0.066262 22.505320 28.891071
 131.200000 0.051770 15.971072 28.891071
 131.400000 0.047451 13.224079 28.891071
 131.600000 0.060777 20.949240 28.891071
 131.800000 0.087370 28.173172 28.891071
 132.000000 0.088000 28.325055 28.891071
 132.200000 0.076739 26.226631 28.891071
 132.400000 0.079238 26.788401 28.891071
 132.600000 0.074069 25.600361 28.891071
 132.800000 0.056702 18.935969 28.891071
 133.000000 0.075753 25.999937 28.891071
 133.200000 0.088519 29.328889 28.891071
 133.400000 0.104079 32.222191 28.891071
 133.600000 0.110564 32.688674 28.891071
 133.800000 0.122140 32.767030 28.891071
 134.000000 0.107472 32.524835 28.891071
 134.200000 0.099652 31.968567 28.891071
 134.400000 0.100254 32.073377 28.891071
 134.600000 0.098533 31.763153 28.891071
 134.800000 0.092244 30.397681 28.891071
 135.000000 0.095778 31.201919 29.534154
 135.200000 0.096909 31.875892 29.534154
 135.400000 0.082757 28.477699 29.534154
 135.600000 0.077274 27.151591 29.534154
 135.800000 0.094233 31.292657 29.534154
 136.000000 0.100901 32.592001 29.534154
 136.200000 0.077781 27.400367 29.534154
 136.400000 0.076658 27.109410 29.534154
 136.600000 0.071372 25.631695 29.534154
 136.800000 0.069140 24.914277 29.534154
 137.000000 0.056569 19.121643 29.534154
 137.200000 0.062946 23.144831 29.534154
 137.400000 0.066152 24.434008 29.534154
 137.600000 0.088664 30.305073 29.534154
 137.800000 0.072701 26.445931 29.534154
 138.000000 0.061574 22.519555 29.534154
 138.200000 0.050515 16.517021 29.534154
 138.400000 0.051512 17.206454 29.534154
 138.600000 0.052103 17.609715 29.534154
 138.800000 0.047451 14.361026 29.534154
 139.000000 0.041723 10.379524 29.534154
 139.200000 0.043028 12.360568 29.534154
 139.400000 0.063846 24.534998 29.534154
 139.600000 0.075095 27.560216 29.534154
 139.800000 0.069306 26.253495 29.534154
 140.000000 0.063107 24.251291 29.807733
 140.200000 0.066098 25.902664 29.807733
 140.400000 0.079382 28.734844 29.807733
 140.600000 0.082273 29.255587 29.807733
 140.800000 0.074558 27.895242 29.807733
 141.000000 0.056794 21.817578 29.807733
 141.200000 0.069678 27.346765 29.807733
 141.400000 0.072507 27.889435 29.807733
 141.600000 0.057813 23.039459 29.807733
 141.800000 0.069572 27.324173 29.807733
 142.000000 0.070440 27.504655 29.807733
 142.200000 0.080862 29.581844 29.807733
 142.400000 0.097465 32.597280 29.807733
 142.600000 0.099223 32.884492 29.807733
 142.800000 0.098691 32.801162 29.807733
 143.000000 0.088142 30.787972 29.807733
 143.200000 0.079582 29.781582 29.807733
 143.400000 0.087237 31.061974 29.807733
 143.600000 0.111676 33.827978 29.807733
 143.800000 0.130089 32.728378 29.807733
 144.000000 0.119770 33.441980 29.807733
 144.200000 0.110733 34.180124 29.807733
 144.400000 0.107229 34.132271 29.807733
 144.600000 0.135266 32.397802 29.807733
 144.800000 0.141795 31.226649 29.807733
 145.000000 0.118191 33.925892 30.560198
 145.200000 0.115847 34.420595 30.560198
 145.400000 0.126967 33.653631 30.560198
 145.600000 0.123508 33.955423 30.560198
 145.800000 0.104655 34.249568 30.560198
 146.000000 0.089611 31.626739 30.560198
 146.200000 0.099727 33.971977 30.560198
 146.400000 0.093894 32.943199 30.560198
 146.600000 0.082327 30.625625 30.560198
 146.800000 0.085681 31.256275 30.560198
 147.000000 0.103924 34.451989 30.560198
 147.200000 0.118478 34.598095 30.560198
 147.400000 0.115317 34.820881 30.560198
 147.600000 0.117984 34.636628 30.560198
 147.800000 0.122580 34.238301 30.560198
 148.000000 0.118131 34.625276 30.560198
 148.200000 0.120342 34.813070 30.560198
 148.400000 0.115155 35.197747 30.560198
 148.600000 0.128888 33.853379 30.560198
 148.800000 0.152856 28.809519 30.560198
 149.000000 0.168776 25.952500 30.560198
 149.200000 0.163153 27.399309 30.560198
 149.400000 0.133929 33.115377 30.560198
 149.600000 0.117401 35.054612 30.560198
 149.800000 0.144273 31.010057 30.560198
 150.000000 0.125429 34.293535 31.494234
 150.200000 0.147626 30.372250 31.494234
 150.400000 0.163418 27.374148 31.494234
 150.600000 0.164357 27.229903 31.494234
 150.800000 0.152780 29.209394 31.494234
 151.000000 0.139914 32.213656 31.494234
 151.200000 0.143723 31.719032 31.494234
 151.400000 0.152191 29.631528 31.494234
 151.600000 0.175183 25.217267 31.494234
 151.800000 0.181719 23.422639 31.494234
 152.000000 0.171958 25.946520 31.494234
 152.200000 0.179421 24.587538 31.494234
 152.400000 0.164222 27.844375 31.494234
 152.600000 0.163917 27.889903 31.494234
 152.800000 0.149032 30.557369 31.494234
 153.000000 0.144119 31.717703 31.494234
 153.200000 0.136333 33.789461 31.494234
 153.400000 0.138411 33.401360 31.494234
 153.600000 0.147660 31.290695 31.494234
 153.800000 0.153427 29.960584 31.494234
 154.000000 0.149918 30.751444 31.494234
 154.200000 0.156238 29.797416 31.494234
 154.400000 0.169608 27.248565 31.494234
 154.600000 0.162583 28.597777 31.494234
 154.800000 0.162804 28.557675 31.494234
 155.000000 0.153918 30.285479 31.953000
 155.200000 0.122981 35.454170 31.953000
 155.400000 0.131486 34.876517 31.953000
 155.600000 0.129882 35.017718 31.953000
 155.800000 0.135776 34.388911 31.953000
 156.000000 0.157573 29.972785 31.953000
 156.200000 0.173855 26.701994 31.953000
 156.400000 0.176601 25.869463 31.953000
 156.600000 0.197511 17.631750 31.953000
 156.800000 0.212547 9.921378 31.953000
 157.000000 0.209713 11.375894 31.953000
 157.200000 0.197058 18.583026 31.953000
 157.400000 0.175603 26.257753 31.953000
 157.600000 0.149408 32.147300 31.953000
 157.800000 0.155295 30.898547 31.953000
 158.000000 0.158964 30.153089 31.953000
 158.200000 0.145482 33.267491 31.953000
 158.400000 0.120759 35.593330 31.953000
 158.600000 0.106410 35.486278 31.953000
 158.800000 0.089485 32.346614 31.953000
 159.000000 0.110355 35.697441 31.953000
 159.200000 0.110554 36.059666 31.953000
 159.400000 0.089786 32.556425 31.953000
 159.600000 0.077086 29.838753 31.953000
 159.800000 0.082776 30.939862 31.953000
 160.000000 0.073572 29.163516 32.359189
 160.200000 0.091745 33.276211 32.359189
 160.400000 0.092131 33.366392 32.359189
 160.600000 0.096644 34.386474 32.359189
 160.800000 0.090080 32.889532 32.359189
 161.000000 0.087808 32.376597 32.359189
 161.200000 0.085537 32.296911 32.359189
 161.400000 0.063841 26.915135 32.359189
 161.600000 0.057441 23.609710 32.359189
 161.800000 0.056114 22.782265 32.359189
 162.000000 0.050508 18.871445 32.359189
 162.200000 0.038057 10.177011 32.359189
 162.400000 0.058593 24.943469 32.359189
 162.600000 0.074844 30.376005 32.359189
 162.800000 0.098463 35.081935 32.359189
 163.000000 0.077707 30.888187 32.359189
 163.200000 0.080829 31.871597 32.359189
 163.400000 0.071990 30.222920 32.359189
 163.600000 0.076787 31.167769 32.359189
 163.800000 0.079803 31.693528 32.359189
 164.000000 0.106877 36.159366 32.359189
 164.200000 0.092472 34.345939 32.359189
 164.400000 0.079112 31.636674 32.359189
 164.600000 0.097304 35.340674 32.359189
 164.800000 0.120466 36.166471 32.359189
 165.000000 0.099730 35.760518 32.990779
 165.200000 0.069875 29.775503 32.990779
 165.400000 0.072721 30.478399 32.990779
 165.600000 0.073757 30.706547 32.990779
 165.800000 0.057171 24.307937 32.990779
 166.000000 0.035240 8.288505 32.990779
 166.200000 0.043507 15.310024 32.990779
 166.400000 0.059391 25.923660 32.990779
 166.600000 0.098180 35.854037 32.990779
 166.800000 0.105659 36.766982 32.990779
 167.000000 0.114592 36.713940 32.990779
 167.200000 0.101573 36.616757 32.990779
 167.400000 0.092821 34.860414 32.990779
 167.600000 0.087663 33.625231 32.990779
 167.800000 0.071246 30.199823 32.990779
 168.000000 0.075255 31.061168 32.990779
 168.200000 0.076931 31.825120 32.990779
 168.400000 0.081624 32.705334 32.990779
 168.600000 0.084273 33.225460 32.990779
 168.800000 0.090873 34.645514 32.990779
 169.000000 0.089942 34.437644 32.990779
 169.200000 0.078807 32.463287 32.990779
 169.400000 0.042413 14.542383 32.990779
 169.600000 0.032913 8.068495 32.990779
 169.800000 0.049625 19.915497 32.990779
 170.000000 0.030815 6.873511 33.440468
 170.200000 0.036818 11.738852 33.440468
 170.400000 0.035778 11.078776 33.440468
 170.600000 0.039727 13.657263 33.440468
 170.800000 0.044901 17.232146 33.440468
 171.000000 0.035877 11.141353 33.440468
 171.200000 0.053164 23.384095 33.440468
 171.400000 0.041402 15.794486 33.440468
 171.600000 0.041482 15.847967 33.440468
 171.800000 0.036670 12.708263 33.440468
 172.000000 0.040192 14.994243 33.440468
 172.200000 0.049180 21.666596 33.440468
 172.400000 0.036606 13.539240 33.440468
 172.600000 0.030217 9.550419 33.440468
 172.800000 0.036860 13.704619 33.440468
 173.000000 0.047846 20.844644 33.440468
 173.200000 0.037409 14.604806 33.440468
 173.400000 0.042975 18.378130 33.440468
 173.600000 0.038384 15.267487 33.440468
 173.800000 0.053994 25.094017 33.440468
 174.000000 0.058327 27.192117 33.440468
 174.200000 0.089022 34.691327 33.440468
 174.400000 0.093612 35.658568 33.440468
 174.600000 0.092775 35.484564 33.440468
 174.800000 0.080558 33.085322 33.440468
 175.000000 0.094186 35.775619 33.636065
 175.200000 0.082079 33.600913 33.636065
 175.400000 0.083356 33.846020 33.636065
 175.600000 0.068416 31.065249 33.636065
 175.800000 0.081775 33.543844 33.636065
 176.000000 0.084896 34.153357 33.636065
 176.200000 0.079538 33.497236 33.636065
 176.400000 0.073370 32.352917 33.636065
 176.600000 0.078932 33.385581 33.636065
 176.800000 0.066841 30.864787 33.636065
 177.000000 0.068635 31.327809 33.636065
 177.200000 0.069542 31.975957 33.636065
 177.400000 0.065736 30.977582 33.636065
 177.600000 0.058734 28.342530 33.636065
 177.800000 0.037892 15.192892 33.636065
 178.000000 0.051973 24.740836 33.636065
 178.200000 0.074703 33.190417 33.636065
 178.400000 0.088522 35.497713 33.636065
 178.600000 0.094869 36.676002 33.636065
 178.800000 0.095282 36.745532 33.636065
 179.000000 0.088700 35.531366 33.636065
 179.200000 0.084212 35.050045 33.636065
 179.400000 0.077128 33.833139 33.636065
 179.600000 0.074172 33.330206 33.636065
 179.800000 0.085299 35.250112 33.636065
 180.000000 0.092683 36.632829 34.194778
 180.200000 0.074674 33.583792 34.194778
 180.400000 0.082471 35.008963 34.194778
 180.600000 0.095853 37.494710 34.194778
 180.800000 0.095421 37.430357 34.194778
 181.000000 0.115733 37.432130 34.194778
 181.200000 0.142765 33.923264 34.194778
 181.400000 0.146347 33.216651 34.194778
 181.600000 0.132133 35.650991 34.194778
 181.800000 0.112731 38.078191 34.194778
 182.000000 0.097393 37.860092 34.194778
 182.200000 0.078748 34.489260 34.194778
 182.400000 0.069354 32.544852 34.194778
 182.600000 0.072490 33.249515 34.194778
 182.800000 0.086471 36.080350 34.194778
 183.000000 0.079718 34.679480 34.194778
 183.200000 0.060847 30.029333 34.194778
 183.400000 0.089899 37.110888 34.194778
 183.600000 0.084365 35.985729 34.194778
 183.800000 0.069850 32.963729 34.194778
 184.000000 0.078367 34.786784 34.194778
 184.200000 0.085788 36.606118 34.194778
 184.400000 0.100040 38.771048 34.194778
 184.600000 0.089079 37.235649 34.194778
 184.800000 0.087496 36.936085 34.194778
 185.000000 0.062328 30.834259 34.901072
 185.200000 0.061987 31.139478 34.901072
 185.400000 0.056466 28.510282 34.901072
 185.600000 0.073689 34.527086 34.901072
 185.800000 0.090987 37.654755 34.901072
 186.000000 0.085327 36.652700 34.901072
 186.200000 0.093131 38.301770 34.901072
 186.400000 0.105859 39.012585 34.901072
 186.600000 0.119619 37.439518 34.901072
 186.800000 0.144778 33.533071 34.901072
 187.000000 0.135540 35.171555 34.901072
 187.200000 0.117496 37.923558 34.901072
 187.400000 0.100793 39.058441 34.901072
 187.600000 0.094034 38.434940 34.901072
 187.800000 0.080290 36.073450 34.901072
 188.000000 0.095525 38.625697 34.901072
 188.200000 0.091599 38.377493 34.901072
 188.400000 0.088166 37.778872 34.901072
 188.600000 0.067841 33.370613 34.901072
 188.800000 0.064991 32.434390 34.901072
 189.000000 0.071135 34.278797 34.901072
 189.200000 0.071928 34.855295 34.901072
 189.400000 0.067755 33.715017 34.901072
 189.600000 0.058543 29.937387 34.901072
 189.800000 0.071069 34.642007 34.901072
 190.000000 0.096778 39.164293 35.667568
 190.200000 0.120419 37.709991 35.667568
 190.400000 0.120209 37.741371 35.667568
 190.600000 0.129020 36.496074 35.667568
 190.800000 0.142310 34.346570 35.667568
 191.000000 0.145533 33.676141 35.667568
 191.200000 0.134387 36.030171 35.667568
 191.400000 0.132118 36.328048 35.667568
 191.600000 0.122124 37.572977 35.667568
 191.800000 0.104584 39.668359 35.667568
 192.000000 0.107023 39.519356 35.667568
 192.200000 0.122633 37.679951 35.667568
 192.400000 0.118394 38.315674 35.667568
 192.600000 0.114099 38.967905 35.667568
 192.800000 0.108888 39.647969 35.667568
 193.000000 0.106538 39.856707 35.667568
 193.200000 0.104039 40.276486 35.667568
 193.400000 0.117609 38.661776 35.667568
 193.600000 0.147866 33.565715 35.667568
 193.800000 0.143490 34.522269 35.667568
 194.000000 0.133400 36.285699 35.667568
 194.200000 0.118291 38.758420 35.667568
 194.400000 0.120642 38.406146 35.667568
 194.600000 0.120895 38.368640 35.667568
 194.800000 0.126200 37.618345 35.667568
 195.000000 0.135058 36.382351 36.350517
 195.200000 0.128005 37.685795 36.350517
 195.400000 0.120585 38.631597 36.350517
 195.600000 0.130502 37.370515 36.350517
 195.800000 0.131417 37.250665 36.350517
 196.000000 0.110899 39.903946 36.350517
 196.200000 0.098561 40.372691 36.350517
 196.400000 0.084716 37.866271 36.350517
 196.600000 0.088383 38.657483 36.350517
 196.800000 0.091804 39.352053 36.350517
 197.000000 0.087075 38.378446 36.350517
 197.200000 0.086590 38.590391 36.350517
 197.400000 0.086917 38.661184 36.350517
 197.600000 0.068111 34.039386 36.350517
 197.800000 0.063468 32.326839 36.350517
 198.000000 0.078336 36.746067 36.350517
 198.200000 0.077280 36.841714 36.350517
 198.400000 0.071277 35.296330 36.350517
 198.600000 0.079158 37.273425 36.350517
 198.800000 0.070665 35.116761 36.350517
 199.000000 0.086846 38.935545 36.350517
 199.200000 0.088260 39.528239 36.350517
 199.400000 0.093298 40.407754 36.350517
 199.600000 0.081159 38.006736 36.350517
 199.800000 0.080360 37.823794 36.350517
 200.000000 0.100827 41.068783 37.219414
 200.200000 0.104978 41.263514 37.219414
 200.400000 0.089980 40.070344 37.219414
 200.600000 0.082451 38.430491 37.219414
 200.800000 0.081580 38.225344 37.219414
 201.000000 0.073991 36.305670 37.219414
 201.200000 0.054610 28.031642 37.219414
 201.400000 0.063355 32.858250 37.219414
 201.600000 0.047391 22.995139 37.219414
 201.800000 0.045813 21.814920 37.219414
 202.000000 0.033831 12.760404 37.219414
 202.200000 0.054895 28.582599 37.219414
 202.400000 0.067926 34.803539 37.219414
 202.600000 0.044784 21.794481 37.219414
 202.800000 0.037841 16.679885 37.219414
 203.000000 0.047591 23.793331 37.219414
 203.200000 0.040740 19.373976 37.219414
 203.400000 0.041383 19.860060 37.219414
 203.600000 0.033695 14.048623 37.219414
 203.800000 0.034168 14.400218 37.219414
 204.000000 0.042250 20.512061 37.219414
 204.200000 0.025394 8.728200 37.219414
 204.400000 0.029667 11.646824 37.219414
 204.600000 0.044239 22.686008 37.219414
 204.800000 0.042754 21.591207 37.219414
 205.000000 0.044814 23.103425 37.320707
 205.200000 0.044583 23.562075 37.320707
 205.400000 0.033217 14.744481 37.320707
 205.600000 0.051420 28.129614 37.320707
 205.800000 0.051846 28.386242 37.320707
 206.000000 0.049243 26.765332 37.320707
 206.200000 0.042871 22.783687 37.320707
 206.400000 0.065638 34.979042 37.320707
 206.600000 0.056781 31.550410 37.320707
 206.800000 0.038202 19.094468 37.320707
 207.000000 0.032267 14.282682 37.320707
 207.200000 0.042297 23.083252 37.320707
 207.400000 0.032846 15.671080 37.320707
 207.600000 0.031397 14.517351 37.320707
 207.800000 0.029717 13.199092 37.320707
 208.000000 0.043556 23.999968 37.320707
 208.200000 0.035713 18.495282 37.320707
 208.400000 0.029918 13.752500 37.320707
 208.600000 0.049464 28.474369 37.320707
 208.800000 0.042722 23.995962 37.320707
 209.000000 0.033006 16.268548 37.320707
 209.200000 0.032620 16.798555 37.320707
 209.400000 0.023987 9.973417 37.320707
 209.600000 0.022040 8.608036 37.320707
 209.800000 0.037454 20.724424 37.320707
 210.000000 0.038901 21.856058 37.328600
 210.200000 0.026342 12.202801 37.328600
 210.400000 0.031487 16.451131 37.328600
 210.600000 0.032348 17.175151 37.328600
 210.800000 0.035270 19.612161 37.328600
 211.000000 0.034879 19.289674 37.328600
 211.200000 0.032002 17.611849 37.328600
 211.400000 0.035412 20.469627 37.328600
 211.600000 0.039658 23.800681 37.328600
 211.800000 0.037652 22.267548 37.328600
 212.000000 0.036908 21.679954 37.328600
 212.200000 0.044655 27.800710 37.328600
 212.400000 0.040742 25.237773 37.328600
 212.600000 0.057007 33.368155 37.328600
 212.800000 0.078118 38.080402 37.328600
 213.000000 0.088150 39.979026 37.328600
 213.200000 0.100268 41.622241 37.328600
 213.400000 0.083630 39.406914 37.328600
 213.600000 0.066438 35.941452 37.328600
 213.800000 0.097916 41.542734 37.328600
 214.000000 0.073624 37.432204 37.328600
 214.200000 0.038140 23.332316 37.328600
 214.400000 0.051650 31.497912 37.328600
 214.600000 0.051011 31.211920 37.328600
 214.800000 0.072405 37.520021 37.328600
 215.000000 0.068270 36.651789 37.684094
 215.200000 0.080179 39.272105 37.684094
 215.400000 0.092414 41.220997 37.684094
 215.600000 0.101976 41.695193 37.684094
 215.800000 0.105910 41.426546 37.684094
 216.000000 0.100208 41.724519 37.684094
 216.200000 0.114225 40.368599 37.684094
 216.400000 0.119720 39.341116 37.684094
 216.600000 0.087421 40.696368 37.684094
 216.800000 0.070355 37.474721 37.684094
 217.000000 0.085252 40.315510 37.684094
 217.200000 0.112277 40.784337 37.684094
 217.400000 0.126302 38.234205 37.684094
 217.600000 0.129665 37.714730 37.684094
 217.800000 0.137957 36.322121 37.684094
 218.000000 0.153428 32.581275 37.684094
 218.200000 0.153802 32.893407 37.684094
 218.400000 0.140818 36.024743 37.684094
 218.600000 0.141068 35.974445 37.684094
 218.800000 0.128126 38.048984 37.684094
 219.000000 0.131424 37.582661 37.684094
 219.200000 0.116223 40.239995 37.684094
 219.400000 0.096370 42.102636 37.684094
 219.600000 0.115138 40.432703 37.684094
 219.800000 0.138813 36.699237 37.684094
 220.000000 0.147653 34.658510 38.180144
 220.200000 0.147483 35.076474 38.180144
 220.400000 0.134240 37.744016 38.180144
 220.600000 0.117946 39.990429 38.180144
 220.800000 0.118926 39.828685 38.180144
 221.000000 0.113994 40.665943 38.180144
 221.200000 0.133193 38.014026 38.180144
 221.400000 0.130808 38.348439 38.180144
 221.600000 0.139347 36.983619 38.180144
 221.800000 0.123660 39.342608 38.180144
 222.000000 0.126253 38.969086 38.180144
 222.200000 0.143341 36.292715 38.180144
 222.400000 0.153506 33.494967 38.180144
 222.600000 0.162014 31.047312 38.180144
 222.800000 0.156191 32.717629 38.180144
 223.000000 0.162777 30.827102 38.180144
 223.200000 0.150074 34.795138 38.180144
 223.400000 0.150729 34.619052 38.180144
 223.600000 0.156796 32.953157 38.180144
 223.800000 0.166686 30.103880 38.180144
 224.000000 0.168043 29.679476 38.180144
 224.200000 0.158502 32.861105 38.180144
 224.400000 0.141459 36.994450 38.180144
 224.600000 0.139341 37.399618 38.180144
 224.800000 0.130149 38.795664 38.180144
 225.000000 0.152600 34.384231 38.494188
 225.200000 0.159214 33.016659 38.494188
 225.400000 0.146553 36.227326 38.494188
 225.600000 0.136286 38.130619 38.494188
 225.800000 0.133339 38.529171 38.494188
 226.000000 0.137999 37.872668 38.494188
 226.200000 0.136142 38.472711 38.494188
 226.400000 0.132703 38.913447 38.494188
 226.600000 0.118720 40.582855 38.494188
 226.800000 0.116152 40.955542 38.494188
 227.000000 0.151819 35.172598 38.494188
 227.200000 0.155870 34.424505 38.494188
 227.400000 0.143210 37.556771 38.494188
 227.600000 0.158498 33.669769 38.494188
 227.800000 0.161466 32.779204 38.494188
 228.000000 0.153656 35.041075 38.494188
 228.200000 0.155322 34.943833 38.494188
 228.400000 0.167164 31.166548 38.494188
 228.600000 0.159074 33.844235 38.494188
 228.800000 0.140064 38.364971 38.494188
 229.000000 0.135892 38.897053 38.494188
 229.200000 0.152701 35.832846 38.494188
 229.400000 0.180276 25.888500 38.494188
 229.600000 0.211478 11.517280 38.494188
 229.800000 0.226921 4.859142 38.494188
 230.000000 0.209924 12.331393 38.683800
 230.200000 0.172249 29.290004 38.683800
 230.400000 0.134219 39.377996 38.683800
 230.600000 0.119199 40.740723 38.683800
 230.800000 0.141665 38.401545 38.683800
 231.000000 0.149951 36.579079 38.683800
 231.200000 0.154036 35.783025 38.683800
 231.400000 0.149425 37.058103 38.683800
 231.600000 0.137502 39.260772 38.683800
 231.800000 0.134068 39.587990 38.683800
 232.000000 0.125966 40.151082 38.683800
 232.200000 0.112395 41.828448 38.683800
 232.400000 0.115158 41.500704 38.683800
 232.600000 0.127074 40.363445 38.683800
 232.800000 0.118131 41.161380 38.683800
 233.000000 0.123879 40.605803 38.683800
 233.200000 0.136477 39.799924 38.683800
 233.400000 0.148740 37.395320 38.683800
 233.600000 0.141501 39.036863 38.683800
 233.800000 0.123665 40.910273 38.683800
 234.000000 0.122332 41.024410 38.683800
 234.200000 0.148145 37.615534 38.683800
 234.400000 0.165473 32.038763 38.683800
 234.600000 0.162283 33.184758 38.683800
 234.800000 0.168536 30.881284 38.683800
 235.000000 0.168117 31.042869 39.141814
 235.200000 0.181111 26.029808 39.141814
 235.400000 0.174656 28.816489 39.141814
 235.600000 0.159363 34.553847 39.141814
 235.800000 0.161642 33.807754 39.141814
 236.000000 0.169456 30.960228 39.141814
 236.200000 0.177289 28.067989 39.141814
 236.400000 0.184062 25.048138 39.141814
 236.600000 0.197563 19.353125 39.141814
 236.800000 0.196838 19.664341 39.141814
 237.000000 0.190393 22.354519 39.141814
 237.200000 0.183691 25.796109 39.141814
 237.400000 0.191060 22.723663 39.141814
 237.600000 0.196092 20.582593 39.141814
 237.800000 0.175232 29.366650 39.141814
 238.000000 0.164789 33.287519 39.141814
 238.200000 0.166100 33.240210 39.141814
 238.400000 0.163588 34.076585 39.141814
 238.600000 0.151151 37.494215 39.141814
 238.800000 0.148130 38.184686 39.141814
 239.000000 0.156598 36.114431 39.141814
 239.200000 0.188653 23.868747 39.141814
 239.400000 0.198511 19.537026 39.141814
 239.600000 0.215182 10.750978 39.141814
 239.800000 0.222619 7.111759 39.141814
 240.000000 0.240134 2.122511 39.183403
 240.200000 0.226240 6.702888 39.183403
 240.400000 0.208132 14.789652 39.183403
 240.600000 0.191154 22.797372 39.183403
 240.800000 0.191744 22.544363 39.183403
 241.000000 0.194832 21.210188 39.183403
 241.200000 0.211329 13.480845 39.183403
 241.400000 0.226071 6.830893 39.183403
 241.600000 0.215688 11.158620 39.183403
 241.800000 0.237887 4.105462 39.183403
 242.000000 0.226612 6.662597 39.183403
 242.200000 0.209720 15.058285 39.183403
 242.400000 0.218366 10.965548 39.183403
 242.600000 0.199044 20.214643 39.183403
 242.800000 0.201406 19.138761 39.183403
 243.000000 0.235329 5.671416 39.183403
 243.200000 0.236487 6.758377 39.183403
 243.400000 0.206804 16.741963 39.183403
 243.600000 0.189136 24.359658 39.183403
 243.800000 0.178516 28.753057 39.183403
 244.000000 0.175993 29.813425 39.183403
 244.200000 0.183400 27.110749 39.183403
 244.400000 0.203180 18.522753 39.183403
 244.600000 0.217812 11.898400 39.183403
 244.800000 0.223956 9.843240 39.183403
 245.000000 0.221163 10.707030 39.162511
 245.200000 0.215348 13.892628 39.162511
 245.400000 0.199439 20.628656 39.162511
 245.600000 0.200709 20.099765 39.162511
 245.800000 0.209309 16.397541 39.162511
 246.000000 0.199522 20.594201 39.162511
 246.200000 0.205474 18.706926 39.162511
 246.400000 0.213724 14.986883 39.162511
 246.600000 0.214739 14.550225 39.162511
 246.800000 0.252692 2.885627 39.162511
 247.000000 0.232313 8.616347 39.162511
 247.200000 0.201936 20.423548 39.162511
 247.400000 0.194847 23.210874 39.162511
 247.600000 0.206643 18.451975 39.162511
 247.800000 0.213852 15.489159 39.162511
 248.000000 0.218731 13.723728 39.162511
 248.200000 0.219340 14.470953 39.162511
 248.400000 0.210381 17.695655 39.162511
 248.600000 0.211805 17.153229 39.162511
 248.800000 0.212488 16.896130 39.162511
 249.000000 0.205920 19.416328 39.162511
 249.200000 0.185219 27.201343 39.162511
 249.400000 0.189024 25.915122 39.162511
 249.600000 0.179287 29.360579 39.162511
 249.800000 0.164876 34.463351 39.162511
 250.000000 0.162198 35.245371 39.161700
 250.200000 0.178202 29.975411 39.161700
 250.400000 0.175740 30.941345 39.161700
 250.600000 0.182748 28.222043 39.161700
 250.800000 0.181076 28.856859 39.161700
 251.000000 0.175681 30.964528 39.161700
 251.200000 0.179889 29.739459 39.161700
 251.400000 0.181418 29.135288 39.161700
 251.600000 0.188028 26.639947 39.161700
 251.800000 0.173659 32.185820 39.161700
 252.000000 0.160950 36.223544 39.161700
 252.200000 0.135571 40.542443 39.161700
 252.400000 0.120251 41.534819 39.161700
 252.600000 0.138331 40.324314 39.161700
 252.800000 0.147299 39.254500 39.161700
 253.000000 0.136696 40.458768 39.161700
 253.200000 0.124427 41.419677 39.161700
 253.400000 0.137704 40.665619 39.161700
 253.600000 0.146850 39.550889 39.161700
 253.800000 0.124722 41.403247 39.161700
 254.000000 0.126378 41.316010 39.161700
 254.200000 0.151791 38.749530 39.161700
 254.400000 0.131094 41.353514 39.161700
 254.600000 0.121289 41.880389 39.161700
 254.800000 0.155241 38.028492 39.161700
 255.000000 0.188727 26.452423 39.425176
 255.200000 0.199200 23.180527 39.425176
 255.400000 0.187399 27.476837 39.425176
 255.600000 0.195578 24.521721 39.425176
 255.800000 0.196835 24.062193 39.425176
 256.000000 0.179483 30.512412 39.425176
 256.200000 0.189721 26.986580 39.425176
 256.400000 0.223059 13.714705 39.425176
 256.600000 0.238834 8.295431 39.425176
 256.800000 0.214394 16.987548 39.425176
 257.000000 0.195269 24.892173 39.425176
 257.200000 0.183853 29.673995 39.425176
 257.400000 0.182639 30.123084 39.425176
 257.600000 0.153699 38.506212 39.425176
 257.800000 0.158236 37.605387 39.425176
 258.000000 0.171734 34.036938 39.425176
 258.200000 0.192701 26.577693 39.425176
 258.400000 0.205143 21.418586 39.425176
 258.600000 0.231027 11.068219 39.425176
 258.800000 0.244337 6.261475 39.425176
 259.000000 0.261954 1.321853 39.425176
 259.200000 0.224958 13.220822 39.425176
 259.400000 0.213230 17.763322 39.425176
 259.600000 0.220194 14.910260 39.425176
 259.800000 0.222258 14.154949 39.425176
 260.000000 0.212284 18.180924 39.427320
 260.200000 0.225805 13.455977 39.427320
 260.400000 0.253062 4.726979 39.427320
 260.600000 0.268893 1.999179 39.427320
 260.800000 0.265878 2.391808 39.427320
 261.000000 0.243181 7.532901 39.427320
 261.200000 0.219209 16.332109 39.427320
 261.400000 0.227406 13.599750 39.427320
 261.600000 0.228263 13.340696 39.427320
 261.800000 0.230267 12.743344 39.427320
 262.000000 0.246653 7.673700 39.427320
 262.200000 0.258875 5.117348 39.427320
 262.400000 0.266950 3.098658 39.427320
 262.600000 0.248345 8.376548 39.427320
 262.800000 0.225047 14.772725 39.427320
 263.000000 0.240346 10.827156 39.427320
 263.200000 0.249963 8.735825 39.427320
 263.400000 0.257943 5.926729 39.427320
 263.600000 0.279707 1.092334 39.427320
 263.800000 0.283261 0.740112 39.427320
 264.000000 0.284492 0.640114 39.427320
 264.200000 0.264673 4.607464 39.427320
 264.400000 0.245724 10.280365 39.427320
 264.600000 0.239818 12.073109 39.427320
 264.800000 0.263360 4.886273 39.427320
 265.000000 0.267569 4.072408 39.397202
 265.200000 0.260294 6.926044 39.397202
 265.400000 0.262135 6.534590 39.397202
 265.600000 0.256289 7.873688 39.397202
 265.800000 0.258346 7.370623 39.397202
 266.000000 0.244702 11.066640 39.397202
 266.200000 0.232115 14.740969 39.397202
 266.400000 0.229030 15.214942 39.397202
 266.600000 0.227784 15.413076 39.397202
 266.800000 0.229790 15.097245 39.397202
 267.000000 0.229177 15.192063 39.397202
 267.200000 0.255170 9.194526 39.397202
 267.400000 0.263724 6.757401 39.397202
 267.600000 0.238735 14.304704 39.397202
 267.800000 0.241552 13.580975 39.397202
 268.000000 0.261944 7.205511 39.397202
 268.200000 0.258355 9.440458 39.397202
 268.400000 0.262491 8.332711 39.397202
 268.600000 0.260994 8.725003 39.397202
 268.800000 0.254044 10.665456 39.397202
 269.000000 0.247985 12.417030 39.397202
 269.200000 0.263088 8.784763 39.397202
 269.400000 0.257830 10.397734 39.397202
 269.600000 0.255102 11.259543 39.397202
 269.800000 0.248899 13.161842 39.397202
 270.000000 0.237122 15.765551 39.368298
 270.200000 0.241397 15.865167 39.368298
 270.400000 0.239037 16.328321 39.368298
 270.600000 0.242139 15.699276 39.368298
 270.800000 0.262452 9.181525 39.368298
 271.000000 0.273780 5.950348 39.368298
 271.200000 0.257267 11.657311 39.368298
 271.400000 0.240194 16.220691 39.368298
 271.600000 0.226985 17.580889 39.368298
 271.800000 0.251630 13.336978 39.368298
 272.000000 0.284209 4.712823 39.368298
 272.200000 0.276232 7.914658 39.368298
 272.400000 0.262484 10.676837 39.368298
 272.600000 0.226009 17.660897 39.368298
 272.800000 0.215189 19.419379 39.368298
 273.000000 0.215513 19.337013 39.368298
 273.200000 0.239537 16.553410 39.368298
 273.400000 0.260700 11.093264 39.368298
 273.600000 0.258609 11.605904 39.368298
 273.800000 0.221386 18.861750 39.368298
 274.000000 0.210453 21.505116 39.368298
 274.200000 0.243594 15.739841 39.368298
 274.400000 0.272176 8.719385 39.368298
 274.600000 0.279124 7.303162 39.368298
 274.800000 0.270804 8.984919 39.368298
 275.000000 0.257926 11.783551 39.339540
 275.200000 0.284564 6.257602 39.339540
 275.400000 0.301403 2.089717 39.339540
 275.600000 0.297627 2.879386 39.339540
 275.800000 0.289914 4.815430 39.339540
 276.000000 0.304682 1.517920 39.339540
 276.200000 0.287914 6.228084 39.339540
 276.400000 0.274578 9.022123 39.339540
 276.600000 0.270423 9.907070 39.339540
 276.800000 0.284636 6.906206 39.339540
 277.000000 0.292203 5.365870 39.339540
 277.200000 0.296464 5.878522 39.339540
 277.400000 0.281322 8.659877 39.339540
 277.600000 0.296006 5.974115 39.339540
 277.800000 0.323706 0.976449 39.339540
 278.000000 0.359578 -0.000034 39.339540
 278.200000 0.370720 1.327233 39.339540
 278.400000 0.353028 1.596530 39.339540
 278.600000 0.302854 4.516823 39.339540
 278.800000 0.297613 5.636842 39.339540
 279.000000 0.321795 1.254657 39.339540
 279.200000 0.327812 2.326382 39.339540
 279.400000 0.324932 2.594106 39.339540
 279.600000 0.309571 4.315496 39.339540
 279.800000 0.300793 5.577716 39.339540
 280.000000 0.299197 5.830115 39.310714
 280.200000 0.307059 5.827792 39.310714
 280.400000 0.310688 5.178020 39.310714
 280.600000 0.297794 7.400244 39.310714
 280.800000 0.280769 9.416952 39.310714
 281.000000 0.281295 9.365068 39.310714
 281.200000 0.258949 13.096636 39.310714
 281.400000 0.264473 12.181493 39.310714
 281.600000 0.265323 12.065782 39.310714
 281.800000 0.259146 13.059046 39.310714
 282.000000 0.261554 12.630012 39.310714
 282.200000 0.268375 12.596058 39.310714
 282.400000 0.261446 13.645154 39.310714
 282.600000 0.252309 15.338715 39.310714
 282.800000 0.222700 19.237976 39.310714
 283.000000 0.196956 26.305108 39.310714
 283.200000 0.211632 22.161318 39.310714
 283.400000 0.216232 20.788156 39.310714
 283.600000 0.225510 18.941680 39.310714
 283.800000 0.215233 21.065786 39.310714
 284.000000 0.241826 17.203576 39.310714
 284.200000 0.237892 18.490450 39.310714
 284.400000 0.227978 19.180522 39.310714
 284.600000 0.252572 15.916027 39.310714
 284.800000 0.279762 11.171690 39.310714
 285.000000 0.263280 13.636700 39.284974
 285.200000 0.260141 15.185704 39.284974
 285.400000 0.243899 18.104885 39.284974
 285.600000 0.255767 16.037332 39.284974
 285.800000 0.259325 15.343138 39.284974
 286.000000 0.252453 16.677215 39.284974
 286.200000 0.247938 18.288655 39.284974
 286.400000 0.238665 19.203544 39.284974
 286.600000 0.238309 19.219125 39.284974
 286.800000 0.229176 19.416382 39.284974
 287.000000 0.215729 21.148443 39.284974
 287.200000 0.207846 24.073828 39.284974
 287.400000 0.205699 24.720944 39.284974
 287.600000 0.224345 20.266287 39.284974
 287.800000 0.260210 15.907648 39.284974
 288.000000 0.265170 14.823869 39.284974
 288.200000 0.265810 15.589042 39.284974
 288.400000 0.269550 14.757282 39.284974
 288.600000 0.268693 14.950327 39.284974
 288.800000 0.254951 17.754746 39.284974
 289.000000 0.239689 19.553416 39.284974
 289.200000 0.253439 18.493265 39.284974
 289.400000 0.249984 19.125127 39.284974
 289.600000 0.246181 19.696902 39.284974
 289.800000 0.262025 16.634647 39.284974
 290.000000 0.272876 14.061684 39.257774
 290.200000 0.285275 11.813988 39.257774
 290.400000 0.285315 11.803417 39.257774
 290.600000 0.293941 9.485270 39.257774
 290.800000 0.292998 9.736789 39.257774
 291.000000 0.295034 9.195380 39.257774
 291.200000 0.283542 13.142919 39.257774
 291.400000 0.296176 10.052559 39.257774
 291.600000 0.315163 4.974549 39.257774
 291.800000 0.320049 3.935986 39.257774
 292.000000 0.285054 12.803931 39.257774
 292.200000 0.285916 13.595330 39.257774
 292.400000 0.298274 10.152024 39.257774
 292.600000 0.303954 8.343669 39.257774
 292.800000 0.314131 5.365040 39.257774
 293.000000 0.318726 4.278259 39.257774
 293.200000 0.297759 10.856449 39.257774
 293.400000 0.282521 14.419608 39.257774
 293.600000 0.267569 16.926728 39.257774
 293.800000 0.273647 15.984329 39.257774
 294.000000 0.288684 13.112406 39.257774
 294.200000 0.294610 12.573857 39.257774
 294.400000 0.307947 8.645598 39.257774
 294.600000 0.322153 5.075443 39.257774
 294.800000 0.318172 5.984785 39.257774
 295.000000 0.311317 7.712416 39.230226
 295.200000 0.310266 9.235695 39.230226
 295.400000 0.293682 13.449971 39.230226
 295.600000 0.277687 16.153979 39.230226
 295.800000 0.263997 17.719798 39.230226
 296.000000 0.267665 17.292223 39.230226
 296.200000 0.261268 18.796117 39.230226
 296.400000 0.274098 17.312678 39.230226
 296.600000 0.263110 18.600698 39.230226
 296.800000 0.265110 18.385726 39.230226
 297.000000 0.270643 17.753143 39.230226
 297.200000 0.282779 16.531468 39.230226
 297.400000 0.300946 11.863236 39.230226
 297.600000 0.313257 8.449756 39.230226
 297.800000 0.295478 13.383659 39.230226
 298.000000 0.287537 15.452046 39.230226
 298.200000 0.280455 17.789099 39.230226
 298.400000 0.266271 19.339738 39.230226
 298.600000 0.252373 20.136196 39.230226
 298.800000 0.238839 20.616428 39.230226
 299.000000 0.247387 20.401738 39.230226
 299.200000 0.277785 18.295891 39.230226
 299.400000 0.321184 6.360740 39.230226
 299.600000 0.345259 2.037674 39.230226
 299.800000 0.336807 2.802609 39.230226
 300.000000 0.333173 3.419122 39.203500
 300.200000 0.321478 7.386778 39.203500
 300.400000 0.296845 13.810955 39.203500
 300.600000 0.314586 8.952703 39.203500
 300.800000 0.330647 5.423272 39.203500
 301.000000 0.327747 6.026703 39.203500
 301.200000 0.330150 6.845734 39.203500
 301.400000 0.319577 8.962561 39.203500
 301.600000 0.303200 12.291795 39.203500
 301.800000 0.310561 10.632902 39.203500
 302.000000 0.307097 11.367337 39.203500
 302.200000 0.295621 15.089294 39.203500
 302.400000 0.315172 10.667734 39.203500
 302.600000 0.310939 11.578010 39.203500
 302.800000 0.316316 10.422296 39.203500
 303.000000 0.315840 10.524653 39.203500
 303.200000 0.305822 13.584826 39.203500
 303.400000 0.297869 15.095963 39.203500
 303.600000 0.295225 15.605537 39.203500
 303.800000 0.289193 16.735954 39.203500
 304.000000 0.296065 15.443991 39.203500
 304.200000 0.316833 11.739666 39.203500
 304.400000 0.322424 10.240426 39.203500
 304.600000 0.317971 11.448722 39.203500
 304.800000 0.320852 10.679650 39.203500
 305.000000 0.328827 8.333351 39.176628
 305.200000 0.339743 6.110780 39.176628
 305.400000 0.340667 5.844797 39.176628
 305.600000 0.345085 4.700593 39.176628
 305.800000 0.338035 6.621475 39.176628
 306.000000 0.349879 3.730451 39.176628
 306.200000 0.348922 5.380400 39.176628
 306.400000 0.335341 8.392285 39.176628
 306.600000 0.327955 10.313033 39.176628
 306.800000 0.335767 8.281794 39.176628
 307.000000 0.379233 0.969337 39.176628
 307.200000 0.390583 1.496207 39.176628
 307.400000 0.371586 3.351102 39.176628
 307.600000 0.343621 6.510034 39.176628
 307.800000 0.345791 6.104169 39.176628
 308.000000 0.356234 4.698846 39.176628
 308.200000 0.370536 4.342296 39.176628
 308.400000 0.397056 0.939704 39.176628
 308.600000 0.402868 0.514562 39.176628
 308.800000 0.394719 1.155975 39.176628
 309.000000 0.399061 0.774634 39.176628
 309.200000 0.400426 2.356957 39.176628
 309.400000 0.421026 0.607861 39.176628
 309.600000 0.415035 1.051567 39.176628
 309.800000 0.412821 1.242408 39.176628
 310.000000 0.410529 1.450639 39.149613
 310.200000 0.419346 2.099110 39.149613
 310.400000 0.426810 1.219272 39.149613
 310.600000 0.423392 1.604890 39.149613
 310.800000 0.421518 1.830948 39.149613
 311.000000 0.413235 2.819789 39.149613
 311.200000 0.413773 4.303816 39.149613
 311.400000 0.420465 3.334414 39.149613
 311.600000 0.410413 4.618096 39.149613
 311.800000 0.411980 4.488809 39.149613
 312.000000 0.400892 4.752166 39.149613
 312.200000 0.379360 4.583254 39.149613
 312.400000 0.341242 7.863966 39.149613
 312.600000 0.344977 7.321669 39.149613
 312.800000 0.343395 7.537980 39.149613
 313.000000 0.351711 6.579955 39.149613
 313.200000 0.357048 7.306885 39.149613
 313.400000 0.373521 5.140013 39.149613
 313.600000 0.375271 4.998665 39.149613
 313.800000 0.388195 5.154777 39.149613
 314.000000 0.397094 5.955940 39.149613
 314.200000 0.383497 5.754740 39.149613
 314.400000 0.371373 5.666344 39.149613
 314.600000 0.353312 7.743371 39.149613
 314.800000 0.349064 8.134785 39.149613
 315.000000 0.355430 7.524263 39.123767
 315.200000 0.341240 9.686094 39.123767
 315.400000 0.347665 9.352217 39.123767
 315.600000 0.369002 6.711036 39.123767
 315.800000 0.384736 6.059258 39.123767
 316.000000 0.389543 6.544492 39.123767
 316.200000 0.407774 7.703513 39.123767
 316.400000 0.409556 7.358528 39.123767
 316.600000 0.409996 7.265427 39.123767
 316.800000 0.397718 8.490621 39.123767
 317.000000 0.397404 8.482986 39.123767
 317.200000 0.377442 7.305721 39.123767
 317.400000 0.355990 8.842403 39.123767
 317.600000 0.350560 9.238374 39.123767
 317.800000 0.370280 7.327468 39.123767
 318.000000 0.376480 7.255639 39.123767
 318.200000 0.344825 9.638662 39.123767
 318.400000 0.342154 9.728101 39.123767
 318.600000 0.341460 9.758427 39.123767
 318.800000 0.352060 9.484430 39.123767
 319.000000 0.332893 10.477844 39.123767
 319.200000 0.343222 10.552870 39.123767
 319.400000 0.365737 8.814287 39.123767
 319.600000 0.415732 6.435523 39.123767
 319.800000 0.438035 0.874817 39.123767
 320.000000 0.427267 2.859444 39.097694
