#! FIELDS time d metad.bias metad.rct
 0.000000 0.191229 0.000000 0.000000
 0.200000 0.199947 0.000000 0.000000
 0.400000 0.235121 0.000000 0.000000
 0.600000 0.241585 0.000000 0.000000
 0.800000 0.230357 0.000000 0.000000
 1.000000 0.224092 0.000000 0.000000
 1.200000 0.238119 1.128983 0.000000
 1.400000 0.246544 0.568613 0.000000
 1.600000 0.248604 0.457971 0.000000
 1.800000 0.261456 0.075416 0.000000
 2.000000 0.251810 0.314615 0.000000
 2.200000 0.251660 2.046075 0.000000
 2.400000 0.275398 0.500467 0.000000
 2.600000 0.254994 1.893785 0.000000
 2.800000 0.237418 2.266128 0.000000
 3.000000 0.242595 2.244295 0.000000
 3.200000 0.265153 1.707798 0.000000
 3.400000 0.267275 1.444118 0.000000
 3.600000 0.261926 2.131986 0.000000
 3.800000 0.266565 1.530416 0.000000
 4.000000 0.283548 0.216150 0.000000
 4.200000 0.273038 2.191542 0.000000
 4.400000 0.280008 2.045278 0.000000
 4.600000 0.263319 2.642826 0.000000
 4.800000 0.265016 2.531524 0.000000
 5.000000 0.277084 2.103937 1.156539
 5.200000 0.269741 3.708801 1.156539
 5.400000 0.260198 3.720476 1.156539
 5.600000 0.262780 3.690886 1.156539
 5.800000 0.246338 3.998666 1.156539
 6.000000 0.246226 3.999083 1.156539
 6.200000 0.256799 4.931473 1.156539
 6.400000 0.256356 4.965912 1.156539
 6.600000 0.232860 4.535572 1.156539
 6.800000 0.237263 5.032572 1.156539
 7.000000 0.240256 5.275517 1.156539
 7.200000 0.242702 6.768108 1.156539
 7.400000 0.262784 4.931993 1.156539
 7.600000 0.276290 3.979408 1.156539
 7.800000 0.281672 3.640507 1.156539
 8.000000 0.273547 4.120408 1.156539
 8.200000 0.263730 6.005563 1.156539
 8.400000 0.256689 6.471298 1.156539
 8.600000 0.271767 5.660715 1.156539
 8.800000 0.272293 5.637333 1.156539
 9.000000 0.258953 6.304432 1.156539
 9.200000 0.256228 7.805845 1.156539
 9.400000 0.264183 7.225551 1.156539
 9.600000 0.290570 3.602981 1.156539
 9.800000 0.292190 3.266303 1.156539
 10.000000 0.283430 5.013106 3.570267
 10.200000 0.286902 5.716903 3.570267
 10.400000 0.288423 5.370955 3.570267
 10.600000 0.287806 5.513892 3.570267
 10.800000 0.322608 0.115737 3.570267
 11.000000 0.323276 0.101184 3.570267
 11.200000 0.312251 1.971320 3.570267
 11.400000 0.296393 3.735068 3.570267
 11.600000 0.286518 5.884054 3.570267
 11.800000 0.288495 5.469393 3.570267
 12.000000 0.287600 5.660551 3.570267
 12.200000 0.274630 8.400970 3.570267
 12.400000 0.272018 8.393978 3.570267
 12.600000 0.275503 8.388781 3.570267
 12.800000 0.248152 8.130550 3.570267
 13.000000 0.239810 7.349037 3.570267
 13.200000 0.243459 9.024473 3.570267
 13.400000 0.239749 8.601528 3.570267
 13.600000 0.229176 6.266528 3.570267
 13.800000 0.231318 6.830823 3.570267
 14.000000 0.234846 7.683229 3.570267
 14.200000 0.229881 7.631159 3.570267
 14.400000 0.233033 8.494184 3.570267
 14.600000 0.236457 9.260602 3.570267
 14.800000 0.244082 10.098728 3.570267
 15.000000 0.254522 9.534735 5.784142
 15.200000 0.269102 9.327371 5.784142
 15.400000 0.263799 9.718443 5.784142
 15.600000 0.244326 11.012515 5.784142
 15.800000 0.253938 10.736122 5.784142
 16.000000 0.255500 10.579041 5.784142
 16.200000 0.268909 10.071380 5.784142
 16.400000 0.275687 9.345158 5.784142
 16.600000 0.254435 11.777398 5.784142
 16.800000 0.241034 11.366151 5.784142
 17.000000 0.235003 9.878359 5.784142
 17.200000 0.239947 12.220845 5.784142
 17.400000 0.216698 4.240126 5.784142
 17.600000 0.246033 12.841464 5.784142
 17.800000 0.277462 9.143466 5.784142
 18.000000 0.297791 4.571821 5.784142
 18.200000 0.302849 4.808363 5.784142
 18.400000 0.301760 5.050852 5.784142
 18.600000 0.294763 6.751992 5.784142
 18.800000 0.273812 9.989801 5.784142
 19.000000 0.266584 10.609038 5.784142
 19.200000 0.275115 10.822131 5.784142
 19.400000 0.286178 9.091979 5.784142
 19.600000 0.310348 3.477633 5.784142
 19.800000 0.303478 4.723952 5.784142
 20.000000 0.300212 5.496804 8.027610
 20.200000 0.296599 7.771692 8.027610
 20.400000 0.312454 4.182725 8.027610
 20.600000 0.288447 9.581762 8.027610
 20.800000 0.288794 9.516824 8.027610
 21.000000 0.314165 3.896572 8.027610
 21.200000 0.339013 1.451183 8.027610
 21.400000 0.330905 2.640677 8.027610
 21.600000 0.329567 2.857870 8.027610
 21.800000 0.294700 8.866749 8.027610
 22.000000 0.272428 11.374428 8.027610
 22.200000 0.260141 13.234622 8.027610
 22.400000 0.273579 12.352478 8.027610
 22.600000 0.268010 12.702884 8.027610
 22.800000 0.288289 10.543106 8.027610
 23.000000 0.300913 7.858564 8.027610
 23.200000 0.305789 8.036484 8.027610
 23.400000 0.300542 9.170385 8.027610
 23.600000 0.311192 6.861244 8.027610
 23.800000 0.305018 8.204501 8.027610
 24.000000 0.294688 10.349328 8.027610
 24.200000 0.289032 12.329500 8.027610
 24.400000 0.294881 11.416573 8.027610
 24.600000 0.299255 10.494096 8.027610
 24.800000 0.308390 8.195528 8.027610
 25.000000 0.321504 4.891012 9.207424
 25.200000 0.340370 1.966144 9.207424
 25.400000 0.334325 3.214054 9.207424
 25.600000 0.320355 6.566001 9.207424
 25.800000 0.328738 4.547261 9.207424
 26.000000 0.316918 7.343951 9.207424
 26.200000 0.304118 10.899338 9.207424
 26.400000 0.314879 9.040044 9.207424
 26.600000 0.332163 4.470013 9.207424
 26.800000 0.345269 1.404009 9.207424
 27.000000 0.334825 3.718046 9.207424
 27.200000 0.327048 7.261563 9.207424
 27.400000 0.325728 7.579115 9.207424
 27.600000 0.335687 4.964664 9.207424
 27.800000 0.334526 5.283273 9.207424
 28.000000 0.326810 7.319630 9.207424
 28.200000 0.335844 5.975079 9.207424
 28.400000 0.332591 6.985815 9.207424
 28.600000 0.333772 6.623939 9.207424
 28.800000 0.334810 6.300511 9.207424
 29.000000 0.350131 2.022399 9.207424
 29.200000 0.364386 1.346745 9.207424
 29.400000 0.354079 2.869337 9.207424
 29.600000 0.352069 3.240470 9.207424
 29.800000 0.349784 3.692284 9.207424
 30.000000 0.361611 1.694231 9.491999
 30.200000 0.345049 5.606944 9.491999
 30.400000 0.349393 4.936628 9.491999
 30.600000 0.339508 6.614068 9.491999
 30.800000 0.337644 6.987476 9.491999
 31.000000 0.331999 8.160808 9.491999
 31.200000 0.341758 7.168620 9.491999
 31.400000 0.325978 10.432124 9.491999
 31.600000 0.300638 11.922195 9.491999
 31.800000 0.286656 12.883978 9.491999
 32.000000 0.269945 13.017492 9.491999
 32.200000 0.279755 13.829286 9.491999
 32.400000 0.273938 13.964138 9.491999
 32.600000 0.290417 13.064685 9.491999
 32.800000 0.292663 12.834052 9.491999
 33.000000 0.296485 12.434775 9.491999
 33.200000 0.289074 14.084899 9.491999
 33.400000 0.278752 14.363619 9.491999
 33.600000 0.289090 14.083867 9.491999
 33.800000 0.296927 13.395232 9.491999
 34.000000 0.280644 14.367736 9.491999
 34.200000 0.281567 15.282894 9.491999
 34.400000 0.293002 14.434023 9.491999
 34.600000 0.249095 14.147241 9.491999
 34.800000 0.223162 6.626330 9.491999
 35.000000 0.222318 6.293359 11.092048
 35.200000 0.212368 4.001158 11.092048
 35.400000 0.224336 8.406973 11.092048
 35.600000 0.230417 10.691878 11.092048
 35.800000 0.219184 6.400280 11.092048
 36.000000 0.223413 8.045296 11.092048
 36.200000 0.225876 10.213266 11.092048
 36.400000 0.220095 7.942528 11.092048
 36.600000 0.211648 4.676025 11.092048
 36.800000 0.206647 3.074411 11.092048
 37.000000 0.211446 4.604962 11.092048
 37.200000 0.194408 1.494277 11.092048
 37.400000 0.198026 2.162696 11.092048
 37.600000 0.205262 4.004798 11.092048
 37.800000 0.201373 2.932210 11.092048
 38.000000 0.206174 4.281539 11.092048
 38.200000 0.210450 7.072550 11.092048
 38.400000 0.215944 8.815890 11.092048
 38.600000 0.204326 5.165540 11.092048
 38.800000 0.194490 2.574586 11.092048
 39.000000 0.178904 0.453299 11.092048
 39.200000 0.173825 1.827198 11.092048
 39.400000 0.193784 3.470069 11.092048
 39.600000 0.213497 8.159861 11.092048
 39.800000 0.193010 3.363752 11.092048
 40.000000 0.188159 2.827045 11.322112
 40.200000 0.213522 8.534557 11.322112
 40.400000 0.204366 6.440352 11.322112
 40.600000 0.205406 6.644766 11.322112
 40.800000 0.193928 4.923362 11.322112
 41.000000 0.191156 4.646220 11.322112
 41.200000 0.213042 8.900252 11.322112
 41.400000 0.205904 7.622626 11.322112
 41.600000 0.191110 6.064668 11.322112
 41.800000 0.195193 6.434433 11.322112
 42.000000 0.188178 5.766679 11.322112
 42.200000 0.171075 3.714226 11.322112
 42.400000 0.182179 6.240553 11.322112
 42.600000 0.180640 5.943947 11.322112
 42.800000 0.183117 6.408228 11.322112
 43.000000 0.175921 4.895150 11.322112
 43.200000 0.149762 0.695213 11.322112
 43.400000 0.141438 0.190422 11.322112
 43.600000 0.158576 1.950257 11.322112
 43.800000 0.170672 4.940026 11.322112
 44.000000 0.172728 5.494070 11.322112
 44.200000 0.163987 4.316440 11.322112
 44.400000 0.154881 1.988520 11.322112
 44.600000 0.151336 1.349333 11.322112
 44.800000 0.160316 3.277940 11.322112
 45.000000 0.162545 3.897100 11.356910
 45.200000 0.152478 2.710844 11.356910
 45.400000 0.161130 4.963640 11.356910
 45.600000 0.174057 8.300416 11.356910
 45.800000 0.177812 8.900803 11.356910
 46.000000 0.205054 8.584198 11.356910
 46.200000 0.198841 9.728186 11.356910
 46.400000 0.198302 9.736467 11.356910
 46.600000 0.212066 10.269780 11.356910
 46.800000 0.209551 10.036466 11.356910
 47.000000 0.194910 9.810454 11.356910
 47.200000 0.190495 10.981473 11.356910
 47.400000 0.190274 10.978882 11.356910
 47.600000 0.201001 10.752430 11.356910
 47.800000 0.210307 10.766626 11.356910
 48.000000 0.205965 10.674910 11.356910
 48.200000 0.204780 11.763273 11.356910
 48.400000 0.205495 11.762362 11.356910
 48.600000 0.217213 12.121640 11.356910
 48.800000 0.193560 11.740836 11.356910
 49.000000 0.216255 12.057533 11.356910
 49.200000 0.207991 12.651982 11.356910
 49.400000 0.227707 13.969871 11.356910
 49.600000 0.207530 12.632796 11.356910
 49.800000 0.215042 13.005725 11.356910
 50.000000 0.212857 12.882489 12.008557
 50.200000 0.233366 14.829741 12.008557
 50.400000 0.225668 14.477754 12.008557
 50.600000 0.211972 13.820551 12.008557
 50.800000 0.209193 13.660825 12.008557
 51.000000 0.220892 14.258221 12.008557
 51.200000 0.235906 15.487746 12.008557
 51.400000 0.242464 15.375579 12.008557
 51.600000 0.246636 15.217329 12.008557
 51.800000 0.259359 14.712939 12.008557
 52.000000 0.248781 15.117978 12.008557
 52.200000 0.252503 15.804991 12.008557
 52.400000 0.247836 16.053065 12.008557
 52.600000 0.249850 15.956904 12.008557
 52.800000 0.251322 15.875240 12.008557
 53.000000 0.240811 16.195148 12.008557
 53.200000 0.240196 17.041677 12.008557
 53.400000 0.231800 16.652322 12.008557
 53.600000 0.230573 16.558292 12.008557
 53.800000 0.222265 15.825420 12.008557
 54.000000 0.210446 14.602470 12.008557
 54.200000 0.224269 16.609382 12.008557
 54.400000 0.232292 17.003459 12.008557
 54.600000 0.222900 16.531850 12.008557
 54.800000 0.217298 16.159847 12.008557
 55.000000 0.239798 17.170131 13.731886
 55.200000 0.255247 16.657949 13.731886
 55.400000 0.262303 15.865196 13.731886
 55.600000 0.236788 17.943531 13.731886
 55.800000 0.234823 17.866288 13.731886
 56.000000 0.242866 17.915512 13.731886
 56.200000 0.259177 16.609144 13.731886
 56.400000 0.256838 16.963251 13.731886
 56.600000 0.259865 16.512515 13.731886
 56.800000 0.278378 15.508768 13.731886
 57.000000 0.255049 17.249838 13.731886
 57.200000 0.250547 18.728106 13.731886
 57.400000 0.270111 16.137753 13.731886
 57.600000 0.271974 16.027820 13.731886
 57.800000 0.263215 16.804646 13.731886
 58.000000 0.261370 17.058142 13.731886
 58.200000 0.237175 19.307328 13.731886
 58.400000 0.238348 19.417309 13.731886
 58.600000 0.242326 19.654106 13.731886
 58.800000 0.244394 19.681762 13.731886
 59.000000 0.242576 19.661191 13.731886
 59.200000 0.250533 19.993152 13.731886
 59.400000 0.244020 20.407461 13.731886
 59.600000 0.237521 20.029988 13.731886
 59.800000 0.229925 18.894999 13.731886
 60.000000 0.213492 16.249988 15.693521
 60.200000 0.195880 13.956679 15.693521
 60.400000 0.193097 13.429679 15.693521
 60.600000 0.181925 11.160129 15.693521
 60.800000 0.159987 4.733374 15.693521
 61.000000 0.171386 8.307759 15.693521
 61.200000 0.198881 14.749092 15.693521
 61.400000 0.207253 16.146297 15.693521
 61.600000 0.204869 15.748339 15.693521
 61.800000 0.209372 16.490680 15.693521
 62.000000 0.196690 14.399759 15.693521
 62.200000 0.181139 12.492289 15.693521
 62.400000 0.191293 14.450139 15.693521
 62.600000 0.206592 16.777505 15.693521
 62.800000 0.223058 18.617546 15.693521
 63.000000 0.204525 16.494097 15.693521
 63.200000 0.210432 18.039688 15.693521
 63.400000 0.219570 18.752361 15.693521
 63.600000 0.220433 18.812938 15.693521
 63.800000 0.224970 19.164745 15.693521
 64.000000 0.220461 18.814923 15.693521
 64.200000 0.209143 18.475791 15.693521
 64.400000 0.191842 15.249555 15.693521
 64.600000 0.193719 15.648907 15.693521
 64.800000 0.204419 17.745037 15.693521
 65.000000 0.197506 16.434222 16.516934
 65.200000 0.160872 6.048385 16.516934
 65.400000 0.140140 0.893330 16.516934
 65.600000 0.163335 6.965712 16.516934
 65.800000 0.159505 5.553830 16.516934
 66.000000 0.169995 9.482581 16.516934
 66.200000 0.183372 14.638290 16.516934
 66.400000 0.189470 15.955656 16.516934
 66.600000 0.173534 11.880016 16.516934
 66.800000 0.160133 6.703275 16.516934
 67.000000 0.151712 3.627355 16.516934
 67.200000 0.180880 14.253176 16.516934
 67.400000 0.193720 16.817846 16.516934
 67.600000 0.193558 16.787880 16.516934
 67.800000 0.196389 17.302179 16.516934
 68.000000 0.191736 16.447579 16.516934
 68.200000 0.177987 14.125466 16.516934
 68.400000 0.174008 12.946303 16.516934
 68.600000 0.177020 13.850880 16.516934
 68.800000 0.190943 17.137506 16.516934
 69.000000 0.197016 18.203519 16.516934
 69.200000 0.207715 20.065599 16.516934
 69.400000 0.208053 20.080779 16.516934
 69.600000 0.208056 20.080936 16.516934
 69.800000 0.180558 15.242634 16.516934
 70.000000 0.142391 2.618014 16.888850
 70.200000 0.152830 6.729683 16.888850
 70.400000 0.165151 10.483134 16.888850
 70.600000 0.179265 14.934638 16.888850
 70.800000 0.195006 18.645982 16.888850
 71.000000 0.184413 16.334108 16.888850
 71.200000 0.182121 16.565903 16.888850
 71.400000 0.185363 17.417470 16.888850
 71.600000 0.185870 17.540579 16.888850
 71.800000 0.177172 15.073412 16.888850
 72.000000 0.174083 14.041310 16.888850
 72.200000 0.169187 13.194760 16.888850
 72.400000 0.171596 14.093648 16.888850
 72.600000 0.187092 18.468540 16.888850
 72.800000 0.181717 17.274802 16.888850
 73.000000 0.184204 17.871054 16.888850
 73.200000 0.189868 19.691769 16.888850
 73.400000 0.195860 20.332906 16.888850
 73.600000 0.169025 13.605795 16.888850
 73.800000 0.171267 14.516764 16.888850
 74.000000 0.173856 15.521173 16.888850
 74.200000 0.177523 17.663642 16.888850
 74.400000 0.177382 17.619108 16.888850
 74.600000 0.165219 12.759039 16.888850
 74.800000 0.173650 16.319937 16.888850
 75.000000 0.171979 15.668942 17.539893
 75.200000 0.177084 18.345742 17.539893
 75.400000 0.194129 20.831707 17.539893
 75.600000 0.214364 20.479900 17.539893
 75.800000 0.214689 20.467146 17.539893
 76.000000 0.196729 20.888597 17.539893
 76.200000 0.207727 21.264774 17.539893
 76.400000 0.205683 21.377820 17.539893
 76.600000 0.213686 20.870620 17.539893
 76.800000 0.203274 21.484909 17.539893
 77.000000 0.197827 21.587449 17.539893
 77.200000 0.205927 21.943348 17.539893
 77.400000 0.219016 20.799170 17.539893
 77.600000 0.209799 21.620767 17.539893
 77.800000 0.211923 21.421102 17.539893
 78.000000 0.213809 21.240983 17.539893
 78.200000 0.205974 22.532512 17.539893
 78.400000 0.206661 22.494600 17.539893
 78.600000 0.214502 21.854493 17.539893
 78.800000 0.200295 22.680918 17.539893
 79.000000 0.203246 22.642503 17.539893
 79.200000 0.207119 23.084488 17.539893
 79.400000 0.191322 22.649408 17.539893
 79.600000 0.203062 23.285636 17.539893
 79.800000 0.208303 22.991801 17.539893
 80.000000 0.211515 22.679601 19.325645
 80.200000 0.212323 23.226359 19.325645
 80.400000 0.211256 23.344576 19.325645
 80.600000 0.211135 23.357432 19.325645
 80.800000 0.210365 23.435599 19.325645
 81.000000 0.214046 23.018296 19.325645
 81.200000 0.202320 24.290807 19.325645
 81.400000 0.197675 23.993301 19.325645
 81.600000 0.198848 24.098132 19.325645
 81.800000 0.228757 21.826173 19.325645
 82.000000 0.224634 22.218943 19.325645
 82.200000 0.209440 24.509234 19.325645
 82.400000 0.217452 23.764774 19.325645
 82.600000 0.229734 22.369499 19.325645
 82.800000 0.220792 23.340233 19.325645
 83.000000 0.210039 24.477296 19.325645
 83.200000 0.199130 24.723907 19.325645
 83.400000 0.173714 17.784741 19.325645
 83.600000 0.164739 13.480780 19.325645
 83.800000 0.167801 15.004047 19.325645
 84.000000 0.183635 21.469622 19.325645
 84.200000 0.196682 24.858497 19.325645
 84.400000 0.202435 25.333921 19.325645
 84.600000 0.204742 25.389270 19.325645
 84.800000 0.186996 23.066289 19.325645
 85.000000 0.186455 22.929140 20.996135
 85.200000 0.162402 12.736463 20.996135
 85.400000 0.169064 16.361964 20.996135
 85.600000 0.189433 24.250651 20.996135
 85.800000 0.203674 25.699258 20.996135
 86.000000 0.210809 25.313729 20.996135
 86.200000 0.223009 23.924356 20.996135
 86.400000 0.212708 25.658490 20.996135
 86.600000 0.190735 24.738994 20.996135
 86.800000 0.183735 22.902517 20.996135
 87.000000 0.174874 19.352303 20.996135
 87.200000 0.162657 13.405321 20.996135
 87.400000 0.146468 5.881209 20.996135
 87.600000 0.150927 7.547736 20.996135
 87.800000 0.161103 12.531193 20.996135
 88.000000 0.138485 3.592779 20.996135
 88.200000 0.148839 7.903188 20.996135
 88.400000 0.157154 11.104039 20.996135
 88.600000 0.151618 8.850140 20.996135
 88.800000 0.154395 9.917479 20.996135
 89.000000 0.152550 9.193910 20.996135
 89.200000 0.141241 6.635447 20.996135
 89.400000 0.131932 4.033412 20.996135
 89.600000 0.158260 12.694751 20.996135
 89.800000 0.151636 10.016190 20.996135
 90.000000 0.136544 5.281001 21.576440
 90.200000 0.162274 14.867247 21.576440
 90.400000 0.163862 15.582273 21.576440
 90.600000 0.184013 23.750037 21.576440
 90.800000 0.178220 21.912948 21.576440
 91.000000 0.186355 24.332552 21.576440
 91.200000 0.160594 14.271412 21.576440
 91.400000 0.157299 12.894138 21.576440
 91.600000 0.158212 13.260130 21.576440
 91.800000 0.174955 21.076795 21.576440
 92.000000 0.177056 21.963943 21.576440
 92.200000 0.155245 12.343466 21.576440
 92.400000 0.137205 6.868954 21.576440
 92.600000 0.146887 9.574234 21.576440
 92.800000 0.141784 8.144002 21.576440
 93.000000 0.139046 7.385820 21.576440
 93.200000 0.149684 11.392692 21.576440
 93.400000 0.190382 26.159060 21.576440
 93.600000 0.196170 26.708748 21.576440
 93.800000 0.162133 15.748685 21.576440
 94.000000 0.141903 9.413660 21.576440
 94.200000 0.155207 13.808117 21.576440
 94.400000 0.167968 18.764812 21.576440
 94.600000 0.173269 21.174442 21.576440
 94.800000 0.152120 12.980023 21.576440
 95.000000 0.141482 10.453847 22.099331
 95.200000 0.144712 12.331086 22.099331
 95.400000 0.159545 15.747903 22.099331
 95.600000 0.171863 20.687796 22.099331
 95.800000 0.174715 21.889073 22.099331
 96.000000 0.158768 15.505234 22.099331
 96.200000 0.160824 17.040604 22.099331
 96.400000 0.173237 21.825579 22.099331
 96.600000 0.174904 22.456859 22.099331
 96.800000 0.178906 23.825465 22.099331
 97.000000 0.181621 24.605981 22.099331
 97.200000 0.183069 25.551574 22.099331
 97.400000 0.172315 21.947474 22.099331
 97.600000 0.181130 25.059139 22.099331
 97.800000 0.189176 26.618667 22.099331
 98.000000 0.199585 27.127473 22.099331
 98.200000 0.193231 27.462259 22.099331
 98.400000 0.180994 25.263586 22.099331
 98.600000 0.174508 22.960454 22.099331
 98.800000 0.177042 23.943734 22.099331
 99.000000 0.195459 27.593364 22.099331
 99.200000 0.187397 27.197030 22.099331
 99.400000 0.178007 24.551917 22.099331
 99.600000 0.202029 28.035347 22.099331
 99.800000 0.186804 27.083042 22.099331
 100.000000 0.170007 21.170174 23.423851
 100.200000 0.185489 27.204953 23.423851
 100.400000 0.188886 27.761247 23.423851
 100.600000 0.204531 27.876486 23.423851
 100.800000 0.203257 28.003628 23.423851
 101.000000 0.193278 28.175940 23.423851
 101.200000 0.171569 22.722518 23.423851
 101.400000 0.174426 23.996346 23.423851
 101.600000 0.179460 25.960118 23.423851
 101.800000 0.183836 27.259359 23.423851
 102.000000 0.192758 28.642162 23.423851
 102.200000 0.181394 26.951410 23.423851
 102.400000 0.188354 28.629019 23.423851
 102.600000 0.188242 28.610977 23.423851
 102.800000 0.193449 29.172525 23.423851
 103.000000 0.184243 27.774490 23.423851
 103.200000 0.177324 25.925053 23.423851
 103.400000 0.182503 27.798257 23.423851
 103.600000 0.181045 27.334317 23.423851
 103.800000 0.184215 28.275307 23.423851
 104.000000 0.191498 29.480735 23.423851
 104.200000 0.191553 29.955731 23.423851
 104.400000 0.199396 29.862170 23.423851
 104.600000 0.194227 30.077612 23.423851
 104.800000 0.216897 26.050839 23.423851
 105.000000 0.218008 25.739539 25.179189
 105.200000 0.227931 23.822141 25.179189
 105.400000 0.221600 25.312799 25.179189
 105.600000 0.217902 26.325217 25.179189
 105.800000 0.234031 22.804261 25.179189
 106.000000 0.229938 23.443049 25.179189
 106.200000 0.240496 22.474756 25.179189
 106.400000 0.243576 22.000261 25.179189
 106.600000 0.252235 20.328122 25.179189
 106.800000 0.248158 21.177302 25.179189
 107.000000 0.240847 22.423126 25.179189
 107.200000 0.264523 17.952255 25.179189
 107.400000 0.272718 16.778237 25.179189
 107.600000 0.252802 20.672236 25.179189
 107.800000 0.250727 21.171069 25.179189
 108.000000 0.254143 20.339861 25.179189
 108.200000 0.265046 18.398892 25.179189
 108.400000 0.242468 23.340142 25.179189
 108.600000 0.231441 24.555362 25.179189
 108.800000 0.229195 24.845960 25.179189
 109.000000 0.247077 22.609342 25.179189
 109.200000 0.249058 22.854035 25.179189
 109.400000 0.266225 18.444051 25.179189
 109.600000 0.276817 16.699258 25.179189
 109.800000 0.269328 17.818093 25.179189
 110.000000 0.265219 18.670369 25.421066
 110.200000 0.277238 17.199957 25.421066
 110.400000 0.293032 14.724628 25.421066
 110.600000 0.286967 15.733210 25.421066
 110.800000 0.285179 16.014031 25.421066
 111.000000 0.255311 21.914459 25.421066
 111.200000 0.237584 24.890941 25.421066
 111.400000 0.255709 22.474671 25.421066
 111.600000 0.261275 21.001539 25.421066
 111.800000 0.266920 19.539651 25.421066
 112.000000 0.290171 15.253162 25.421066
 112.200000 0.287604 16.569002 25.421066
 112.400000 0.281471 17.465247 25.421066
 112.600000 0.271239 18.961992 25.421066
 112.800000 0.274818 18.382998 25.421066
 113.000000 0.277630 17.983081 25.421066
 113.200000 0.275644 19.040276 25.421066
 113.400000 0.268844 20.070090 25.421066
 113.600000 0.268270 20.169848 25.421066
 113.800000 0.275530 19.055952 25.421066
 114.000000 0.268682 20.097966 25.421066
 114.200000 0.262558 21.949361 25.421066
 114.400000 0.259270 22.604304 25.421066
 114.600000 0.254665 23.487611 25.421066
 114.800000 0.247642 24.488578 25.421066
 115.000000 0.258031 22.849818 25.491610
 115.200000 0.274062 20.288088 25.491610
 115.400000 0.259974 23.091004 25.491610
 115.600000 0.232676 25.293583 25.491610
 115.800000 0.245005 25.145614 25.491610
 116.000000 0.230817 25.366336 25.491610
 116.200000 0.237789 25.750757 25.491610
 116.400000 0.241730 25.666710 25.491610
 116.600000 0.241604 25.670775 25.491610
 116.800000 0.242542 25.637184 25.491610
 117.000000 0.248332 25.213973 25.491610
 117.200000 0.255793 24.549795 25.491610
 117.400000 0.259502 23.708529 25.491610
 117.600000 0.248274 25.789503 25.491610
 117.800000 0.235525 26.180021 25.491610
 118.000000 0.213935 28.328385 25.491610
 118.200000 0.221518 27.466756 25.491610
 118.400000 0.233020 26.401129 25.491610
 118.600000 0.243914 26.183771 25.491610
 118.800000 0.250676 25.506324 25.491610
 119.000000 0.239705 26.313922 25.491610
 119.200000 0.204665 30.254707 25.491610
 119.400000 0.220892 27.814875 25.491610
 119.600000 0.243496 26.729667 25.491610
 119.800000 0.239166 26.862640 25.491610
 120.000000 0.239864 26.853500 26.205368
 120.200000 0.224345 27.683788 26.205368
 120.400000 0.231109 27.373814 26.205368
 120.600000 0.237358 27.394786 26.205368
 120.800000 0.253536 25.720614 26.205368
 121.000000 0.234229 27.374158 26.205368
 121.200000 0.219299 28.576179 26.205368
 121.400000 0.220684 28.421770 26.205368
 121.600000 0.249536 26.841570 26.205368
 121.800000 0.246347 27.363441 26.205368
 122.000000 0.255280 25.487953 26.205368
 122.200000 0.260637 24.483810 26.205368
 122.400000 0.269263 21.975249 26.205368
 122.600000 0.275753 20.379896 26.205368
 122.800000 0.257173 25.517747 26.205368
 123.000000 0.248981 27.460279 26.205368
 123.200000 0.221414 28.484297 26.205368
 123.400000 0.219553 28.652966 26.205368
 123.600000 0.209914 29.824398 26.205368
 123.800000 0.234559 28.433228 26.205368
 124.000000 0.222189 28.424972 26.205368
 124.200000 0.222409 28.902679 26.205368
 124.400000 0.230742 28.692376 26.205368
 124.600000 0.220138 29.084844 26.205368
 124.800000 0.208490 30.315673 26.205368
 125.000000 0.206061 30.520109 27.071149
 125.200000 0.219616 29.431293 27.071149
 125.400000 0.248011 28.247370 27.071149
 125.600000 0.255388 26.533487 27.071149
 125.800000 0.275780 20.477227 27.071149
 126.000000 0.266325 23.055624 27.071149
 126.200000 0.266790 23.539684 27.071149
 126.400000 0.254962 27.127155 27.071149
 126.600000 0.270934 22.314821 27.071149
 126.800000 0.281279 19.575286 27.071149
 127.000000 0.285071 18.597988 27.071149
 127.200000 0.293146 17.108297 27.071149
 127.400000 0.307556 13.397431 27.071149
 127.600000 0.307176 13.471700 27.071149
 127.800000 0.310691 12.845707 27.071149
 128.000000 0.300170 15.113715 27.071149
 128.200000 0.296904 16.891494 27.071149
 128.400000 0.306221 14.488085 27.071149
 128.600000 0.302749 15.331953 27.071149
 128.800000 0.305641 14.622937 27.071149
 129.000000 0.311802 13.332513 27.071149
 129.200000 0.312143 14.235498 27.071149
 129.400000 0.318335 13.089556 27.071149
 129.600000 0.324828 11.740403 27.071149
 129.800000 0.319955 12.774889 27.071149
 130.000000 0.334092 9.371326 27.100704
 130.200000 0.348057 6.618608 27.100704
 130.400000 0.364117 3.253261 27.100704
 130.600000 0.354778 5.049341 27.100704
 130.800000 0.341831 8.315869 27.100704
 131.000000 0.318423 13.739764 27.100704
 131.200000 0.311669 15.556483 27.100704
 131.400000 0.295855 18.073352 27.100704
 131.600000 0.306788 16.192641 27.100704
 131.800000 0.307904 16.037408 27.100704
 132.000000 0.291714 18.891414 27.100704
 132.200000 0.286962 20.536218 27.100704
 132.400000 0.275944 22.325996 27.100704
 132.600000 0.277127 22.130999 27.100704
 132.800000 0.267134 24.091846 27.100704
 133.000000 0.267495 24.006355 27.100704
 133.200000 0.282879 21.573807 27.100704
 133.400000 0.287130 20.760932 27.100704
 133.600000 0.275474 22.926763 27.100704
 133.800000 0.273624 23.284188 27.100704
 134.000000 0.263047 25.703500 27.100704
 134.200000 0.261513 26.650782 27.100704
 134.400000 0.254447 28.278252 27.100704
 134.600000 0.260949 26.793134 27.100704
 134.800000 0.258440 27.407342 27.100704
 135.000000 0.247495 29.223633 27.354651
 135.200000 0.234460 29.388923 27.354651
 135.400000 0.251406 29.255423 27.354651
 135.600000 0.265276 25.928306 27.354651
 135.800000 0.270761 24.503014 27.354651
 136.000000 0.274907 23.530690 27.354651
 136.200000 0.268599 25.609397 27.354651
 136.400000 0.293539 19.765765 27.354651
 136.600000 0.300262 18.109793 27.354651
 136.800000 0.307710 16.566465 27.354651
 137.000000 0.287615 21.249189 27.354651
 137.200000 0.269177 25.788289 27.354651
 137.400000 0.254743 28.952068 27.354651
 137.600000 0.273751 24.847042 27.354651
 137.800000 0.299613 18.754875 27.354651
 138.000000 0.308988 16.588212 27.354651
 138.200000 0.270908 25.455451 27.354651
 138.400000 0.240857 29.832191 27.354651
 138.600000 0.229526 29.146690 27.354651
 138.800000 0.220351 29.459134 27.354651
 139.000000 0.228727 29.128807 27.354651
 139.200000 0.235878 29.932564 27.354651
 139.400000 0.225581 29.608748 27.354651
 139.600000 0.231916 29.711901 27.354651
 139.800000 0.245838 30.149856 27.354651
 140.000000 0.253231 29.333543 27.750348
 140.200000 0.241125 30.525982 27.750348
 140.400000 0.230442 29.800207 27.750348
 140.600000 0.235320 30.131154 27.750348
 140.800000 0.232275 29.907187 27.750348
 141.000000 0.222718 29.772925 27.750348
 141.200000 0.229086 30.167325 27.750348
 141.400000 0.224449 30.174359 27.750348
 141.600000 0.234215 30.391777 27.750348
 141.800000 0.249087 30.462393 27.750348
 142.000000 0.263000 27.609123 27.750348
 142.200000 0.279570 24.198900 27.750348
 142.400000 0.270260 26.301743 27.750348
 142.600000 0.261290 28.552008 27.750348
 142.800000 0.268436 26.747231 27.750348
 143.000000 0.287989 22.308047 27.750348
 143.200000 0.288527 22.828454 27.750348
 143.400000 0.306460 18.238615 27.750348
 143.600000 0.296818 20.694564 27.750348
 143.800000 0.298987 20.115755 27.750348
 144.000000 0.311693 17.096418 27.750348
 144.200000 0.320366 15.958608 27.750348
 144.400000 0.315275 17.154795 27.750348
 144.600000 0.310959 18.065637 27.750348
 144.800000 0.319327 16.218717 27.750348
 145.000000 0.313552 17.524586 28.086487
 145.200000 0.310784 18.890074 28.086487
 145.400000 0.300985 20.787128 28.086487
 145.600000 0.299701 21.042671 28.086487
 145.800000 0.305700 19.869927 28.086487
 146.000000 0.297954 21.393783 28.086487
 146.200000 0.290023 23.571728 28.086487
 146.400000 0.286857 24.101566 28.086487
 146.600000 0.276408 25.695044 28.086487
 146.800000 0.258318 29.374930 28.086487
 147.000000 0.257248 29.599063 28.086487
 147.200000 0.274998 26.154730 28.086487
 147.400000 0.298710 21.924882 28.086487
 147.600000 0.313120 18.821299 28.086487
 147.800000 0.325313 15.288406 28.086487
 148.000000 0.314679 18.445284 28.086487
 148.200000 0.321956 17.096128 28.086487
 148.400000 0.338015 10.585012 28.086487
 148.600000 0.347696 7.050920 28.086487
 148.800000 0.344631 8.053913 28.086487
 149.000000 0.339069 10.153476 28.086487
 149.200000 0.323449 17.222098 28.086487
 149.400000 0.316239 19.164537 28.086487
 149.600000 0.302604 21.728197 28.086487
 149.800000 0.306472 21.062626 28.086487
 150.000000 0.309718 20.485113 28.220123
 150.200000 0.315183 20.058271 28.220123
 150.400000 0.304483 22.067586 28.220123
 150.600000 0.315480 19.988045 28.220123
 150.800000 0.318565 19.194189 28.220123
 151.000000 0.337476 12.041147 28.220123
 151.200000 0.345540 9.683439 28.220123
 151.400000 0.341414 11.390830 28.220123
 151.600000 0.341708 11.266579 28.220123
 151.800000 0.355665 6.047676 28.220123
 152.000000 0.339877 12.042680 28.220123
 152.200000 0.348849 9.247915 28.220123
 152.400000 0.356445 6.363356 28.220123
 152.600000 0.342994 11.729191 28.220123
 152.800000 0.345089 10.829006 28.220123
 153.000000 0.354067 7.209924 28.220123
 153.200000 0.349388 10.236300 28.220123
 153.400000 0.353852 8.558318 28.220123
 153.600000 0.348301 10.652596 28.220123
 153.800000 0.341004 13.452633 28.220123
 154.000000 0.336060 15.270903 28.220123
 154.200000 0.328173 18.593584 28.220123
 154.400000 0.317323 20.737406 28.220123
 154.600000 0.313378 21.268447 28.220123
 154.800000 0.323944 19.581143 28.220123
 155.000000 0.335130 16.482931 28.186452
 155.200000 0.327002 19.613837 28.186452
 155.400000 0.322527 20.454325 28.186452
 155.600000 0.316341 21.260156 28.186452
 155.800000 0.330818 18.667616 28.186452
 156.000000 0.334185 17.642199 28.186452
 156.200000 0.326505 20.420044 28.186452
 156.400000 0.324359 20.785645 28.186452
 156.600000 0.324440 20.773132 28.186452
 156.800000 0.302166 22.747258 28.186452
 157.000000 0.317929 21.524322 28.186452
 157.200000 0.317132 22.260333 28.186452
 157.400000 0.314492 22.440912 28.186452
 157.600000 0.293729 23.868173 28.186452
 157.800000 0.276233 26.029581 28.186452
 158.000000 0.295783 23.667414 28.186452
 158.200000 0.311410 22.962255 28.186452
 158.400000 0.328156 20.676802 28.186452
 158.600000 0.333705 19.005573 28.186452
 158.800000 0.311998 22.917945 28.186452
 159.000000 0.294707 24.379542 28.186452
 159.200000 0.301138 24.318888 28.186452
 159.400000 0.281405 26.062661 28.186452
 159.600000 0.278609 26.314940 28.186452
 159.800000 0.282678 25.958732 28.186452
 160.000000 0.288181 25.535074 28.242189
 160.200000 0.302177 24.573302 28.242189
 160.400000 0.292328 25.729198 28.242189
 160.600000 0.271478 27.521653 28.242189
 160.800000 0.245996 31.349435 28.242189
 161.000000 0.258402 29.958430 28.242189
 161.200000 0.271977 27.759554 28.242189
 161.400000 0.281141 26.732888 28.242189
 161.600000 0.273801 27.498684 28.242189
 161.800000 0.270071 28.066913 28.242189
 162.000000 0.263615 29.330212 28.242189
 162.200000 0.271864 28.184014 28.242189
 162.400000 0.265852 29.331199 28.242189
 162.600000 0.253012 31.667970 28.242189
 162.800000 0.253472 31.618111 28.242189
 163.000000 0.256531 31.192718 28.242189
 163.200000 0.276167 27.726469 28.242189
 163.400000 0.295424 25.485166 28.242189
 163.600000 0.304156 24.339645 28.242189
 163.800000 0.291097 26.007382 28.242189
 164.000000 0.280068 27.211034 28.242189
 164.200000 0.280685 27.658054 28.242189
 164.400000 0.295486 25.783899 28.242189
 164.600000 0.318597 22.581454 28.242189
 164.800000 0.320856 22.241825 28.242189
 165.000000 0.308711 23.852040 28.783788
 165.200000 0.307401 24.628874 28.783788
 165.400000 0.287375 27.096497 28.783788
 165.600000 0.265928 30.016349 28.783788
 165.800000 0.282859 27.540763 28.783788
 166.000000 0.283199 27.507146 28.783788
 166.200000 0.278262 28.516782 28.783788
 166.400000 0.285083 27.832731 28.783788
 166.600000 0.279928 28.345431 28.783788
 166.800000 0.299249 26.001993 28.783788
 167.000000 0.302642 25.483266 28.783788
 167.200000 0.287214 27.939258 28.783788
 167.400000 0.288734 27.804425 28.783788
 167.600000 0.290459 27.638418 28.783788
 167.800000 0.286830 27.972072 28.783788
 168.000000 0.252120 32.321607 28.783788
 168.200000 0.228961 30.585073 28.783788
 168.400000 0.207722 31.316621 28.783788
 168.600000 0.211468 31.086852 28.783788
 168.800000 0.221217 30.454242 28.783788
 169.000000 0.232025 30.880558 28.783788
 169.200000 0.228497 30.982051 28.783788
 169.400000 0.219488 30.842998 28.783788
 169.600000 0.219055 30.859001 28.783788
 169.800000 0.233529 31.508368 28.783788
 170.000000 0.225892 30.833515 29.451874
 170.200000 0.228865 31.444959 29.451874
 170.400000 0.223426 31.215999 29.451874
 170.600000 0.217218 31.314973 29.451874
 170.800000 0.225492 31.261958 29.451874
 171.000000 0.224767 31.240145 29.451874
 171.200000 0.229078 31.878467 29.451874
 171.400000 0.237568 32.697492 29.451874
 171.600000 0.244304 33.266341 29.451874
 171.800000 0.251827 33.120472 29.451874
 172.000000 0.263097 31.218073 29.451874
 172.200000 0.281880 28.622572 29.451874
 172.400000 0.300856 26.333475 29.451874
 172.600000 0.286740 28.133029 29.451874
 172.800000 0.276083 29.293400 29.451874
 173.000000 0.265474 31.155586 29.451874
 173.200000 0.250145 33.803136 29.451874
 173.400000 0.225216 31.716140 29.451874
 173.600000 0.226939 31.793020 29.451874
 173.800000 0.218272 31.683212 29.451874
 174.000000 0.215700 31.736431 29.451874
 174.200000 0.237918 33.062865 29.451874
 174.400000 0.258128 33.025535 29.451874
 174.600000 0.243479 33.632477 29.451874
 174.800000 0.251209 33.793015 29.451874
 175.000000 0.247562 33.842506 30.333314
 175.200000 0.233170 32.789137 30.333314
 175.400000 0.215380 32.207612 30.333314
 175.600000 0.237676 33.346664 30.333314
 175.800000 0.262256 32.497983 30.333314
 176.000000 0.291132 27.763123 30.333314
 176.200000 0.305235 25.990248 30.333314
 176.400000 0.297624 27.318955 30.333314
 176.600000 0.302993 26.394031 30.333314
 176.800000 0.303469 26.308751 30.333314
 177.000000 0.295050 27.722821 30.333314
 177.200000 0.284101 29.463934 30.333314
 177.400000 0.280211 29.805806 30.333314
 177.600000 0.274352 30.448496 30.333314
 177.800000 0.263236 32.424764 30.333314
 178.000000 0.257709 33.465360 30.333314
 178.200000 0.262184 33.014042 30.333314
 178.400000 0.263525 32.731639 30.333314
 178.600000 0.275891 30.442820 30.333314
 178.800000 0.271609 31.105898 30.333314
 179.000000 0.281377 29.813101 30.333314
 179.200000 0.282019 30.212284 30.333314
 179.400000 0.253675 34.468726 30.333314
 179.600000 0.267295 32.232919 30.333314
 179.800000 0.278401 30.586277 30.333314
 180.000000 0.264068 32.853685 30.862278
 180.200000 0.233729 33.016170 30.862278
 180.400000 0.208418 32.263563 30.862278
 180.600000 0.202484 32.090589 30.862278
 180.800000 0.230790 32.655382 30.862278
 181.000000 0.231931 32.785454 30.862278
 181.200000 0.227370 32.745409 30.862278
 181.400000 0.229954 32.972578 30.862278
 181.600000 0.218667 32.444515 30.862278
 181.800000 0.205558 32.296996 30.862278
 182.000000 0.208376 32.381023 30.862278
 182.200000 0.239448 34.278334 30.862278
 182.400000 0.229429 33.074980 30.862278
 182.600000 0.226270 32.872529 30.862278
 182.800000 0.232658 33.392209 30.862278
 183.000000 0.238410 34.137835 30.862278
 183.200000 0.238066 34.473163 30.862278
 183.400000 0.229328 33.385116 30.862278
 183.600000 0.256890 34.753077 30.862278
 183.800000 0.276147 31.157627 30.862278
 184.000000 0.282600 30.347522 30.862278
 184.200000 0.295179 28.897182 30.862278
 184.400000 0.297877 28.341049 30.862278
 184.600000 0.286079 30.375548 30.862278
 184.800000 0.269963 32.501395 30.862278
 185.000000 0.266838 33.066813 31.618353
 185.200000 0.268107 33.231077 31.618353
 185.400000 0.279418 31.452502 31.618353
 185.600000 0.286902 30.430297 31.618353
 185.800000 0.282460 31.049584 31.618353
 186.000000 0.267492 33.345260 31.618353
 186.200000 0.277109 32.087718 31.618353
 186.400000 0.263729 34.439812 31.618353
 186.600000 0.240747 35.002163 31.618353
 186.800000 0.270030 33.272509 31.618353
 187.000000 0.291515 29.782591 31.618353
 187.200000 0.285507 31.254068 31.618353
 187.400000 0.272573 33.031639 31.618353
 187.600000 0.271870 33.141292 31.618353
 187.800000 0.268674 33.666714 31.618353
 188.000000 0.295793 29.348269 31.618353
 188.200000 0.301642 28.368258 31.618353
 188.400000 0.291644 30.677673 31.618353
 188.600000 0.272278 33.215351 31.618353
 188.800000 0.267400 33.963821 31.618353
 189.000000 0.268759 33.744713 31.618353
 189.200000 0.278073 32.808214 31.618353
 189.400000 0.285997 31.764927 31.618353
 189.600000 0.269490 34.018351 31.618353
 189.800000 0.255931 35.897230 31.618353
 190.000000 0.234087 34.025405 32.231211
 190.200000 0.242068 35.600945 32.231211
 190.400000 0.260468 35.495711 32.231211
 190.600000 0.273450 33.435997 32.231211
 190.800000 0.271768 33.685216 32.231211
 191.000000 0.273861 33.377008 32.231211
 191.200000 0.281575 32.714412 32.231211
 191.400000 0.269815 34.370862 32.231211
 191.600000 0.274899 33.626084 32.231211
 191.800000 0.279595 32.987664 32.231211
 192.000000 0.281840 32.677027 32.231211
 192.200000 0.273492 34.174959 32.231211
 192.400000 0.270570 34.563722 32.231211
 192.600000 0.278504 33.533261 32.231211
 192.800000 0.288750 31.938192 32.231211
 193.000000 0.287810 32.118436 32.231211
 193.200000 0.306307 27.469733 32.231211
 193.400000 0.320977 23.386382 32.231211
 193.600000 0.334997 18.779001 32.231211
 193.800000 0.339602 16.752803 32.231211
 194.000000 0.363709 5.579455 32.231211
 194.200000 0.382262 1.703966 32.231211
 194.400000 0.389545 0.718904 32.231211
 194.600000 0.395577 0.300970 32.231211
 194.800000 0.396202 0.272374 32.231211
 195.000000 0.406532 0.036106 32.545145
 195.200000 0.381621 2.258141 32.545145
 195.400000 0.372279 4.212832 32.545145
 195.600000 0.371201 4.517210 32.545145
 195.800000 0.388542 1.668232 32.545145
 196.000000 0.382135 2.189629 32.545145
 196.200000 0.393078 2.822871 32.545145
 196.400000 0.388896 3.089787 32.545145
 196.600000 0.401143 2.461327 32.545145
 196.800000 0.416140 1.541657 32.545145
 197.000000 0.426260 0.751721 32.545145
 197.200000 0.440460 1.212279 32.545145
 197.400000 0.459695 0.138174 32.545145
 197.600000 0.455384 0.259556 32.545145
 197.800000 0.454460 0.293624 32.545145
 198.000000 0.444484 0.875309 32.545145
 198.200000 0.449972 2.079790 32.545145
 198.400000 0.446612 2.384281 32.545145
 198.600000 0.442302 2.717771 32.545145
 198.800000 0.426182 3.247296 32.545145
 199.000000 0.415131 3.151239 32.545145
 199.200000 0.393249 3.485606 32.545145
 199.400000 0.395586 3.559703 32.545145
 199.600000 0.392011 3.466415 32.545145
 199.800000 0.384670 3.700114 32.545145
 200.000000 0.387276 3.544858 32.509880
 200.200000 0.414543 4.944378 32.509880
 200.400000 0.412259 4.962092 32.509880
 200.600000 0.411880 4.962825 32.509880
 200.800000 0.417247 4.892288 32.509880
 201.000000 0.421266 4.744283 32.509880
 201.200000 0.429188 5.462932 32.509880
 201.400000 0.411819 6.124164 32.509880
 201.600000 0.394227 5.129820 32.509880
 201.800000 0.385916 5.189380 32.509880
 202.000000 0.379579 5.571762 32.509880
 202.200000 0.404529 5.996265 32.509880
 202.400000 0.395449 5.940957 32.509880
 202.600000 0.378834 7.000522 32.509880
 202.800000 0.360684 9.590992 32.509880
 203.000000 0.348088 13.688993 32.509880
 203.200000 0.350646 13.637281 32.509880
 203.400000 0.360169 10.403823 32.509880
 203.600000 0.360960 10.182833 32.509880
 203.800000 0.362553 9.763514 32.509880
 204.000000 0.372221 7.902400 32.509880
 204.200000 0.373312 8.980249 32.509880
 204.400000 0.367412 9.861376 32.509880
 204.600000 0.348721 14.748219 32.509880
 204.800000 0.351459 13.797463 32.509880
 205.000000 0.339510 18.152106 32.477019
 205.200000 0.350468 14.731114 32.477019
 205.400000 0.352921 13.839138 32.477019
 205.600000 0.360221 11.581774 32.477019
 205.800000 0.357879 12.234319 32.477019
 206.000000 0.350608 14.678943 32.477019
 206.200000 0.343131 18.374132 32.477019
 206.400000 0.358541 12.833801 32.477019
 206.600000 0.371089 9.736183 32.477019
 206.800000 0.371951 9.574876 32.477019
 207.000000 0.361354 11.994647 32.477019
 207.200000 0.355597 14.750475 32.477019
 207.400000 0.369738 10.875362 32.477019
 207.600000 0.398552 6.210337 32.477019
 207.800000 0.410204 6.256409 32.477019
 208.000000 0.405679 6.146853 32.477019
 208.200000 0.397236 7.412685 32.477019
 208.400000 0.388386 7.903050 32.477019
 208.600000 0.388101 7.931052 32.477019
 208.800000 0.380620 8.905663 32.477019
 209.000000 0.396190 7.433346 32.477019
 209.200000 0.403526 8.552844 32.477019
 209.400000 0.405914 8.499955 32.477019
 209.600000 0.399834 8.616948 32.477019
 209.800000 0.410590 8.319179 32.477019
 210.000000 0.421772 7.200862 32.443691
 210.200000 0.443556 3.845951 32.443691
 210.400000 0.457247 1.550864 32.443691
 210.600000 0.452756 2.181992 32.443691
 210.800000 0.455617 1.765805 32.443691
 211.000000 0.464018 0.835025 32.443691
 211.200000 0.456490 3.134915 32.443691
 211.400000 0.435320 5.948665 32.443691
 211.600000 0.438339 5.370529 32.443691
 211.800000 0.442438 4.676665 32.443691
 212.000000 0.416364 9.071595 32.443691
 212.200000 0.413201 10.374871 32.443691
 212.400000 0.411071 10.374222 32.443691
 212.600000 0.405384 10.104529 32.443691
 212.800000 0.408863 10.308052 32.443691
 213.000000 0.414823 10.326951 32.443691
 213.200000 0.412714 11.474741 32.443691
 213.400000 0.416540 11.324712 32.443691
 213.600000 0.421655 10.609143 32.443691
 213.800000 0.420540 10.813976 32.443691
 214.000000 0.453828 3.443313 32.443691
 214.200000 0.456138 4.702461 32.443691
 214.400000 0.438432 6.951696 32.443691
 214.600000 0.422584 10.588531 32.443691
 214.800000 0.433384 8.056122 32.443691
 215.000000 0.439135 6.817385 32.410905
 215.200000 0.428313 10.304557 32.410905
 215.400000 0.430458 9.867973 32.410905
 215.600000 0.419496 11.635435 32.410905
 215.800000 0.404195 10.963429 32.410905
 216.000000 0.391377 9.627929 32.410905
 216.200000 0.383090 10.631273 32.410905
 216.400000 0.379343 10.742752 32.410905
 216.600000 0.383869 10.621865 32.410905
 216.800000 0.380916 10.682179 32.410905
 217.000000 0.375668 10.970647 32.410905
 217.200000 0.396673 11.505574 32.410905
 217.400000 0.393416 11.409342 32.410905
 217.600000 0.376864 11.952735 32.410905
 217.800000 0.370268 12.561846 32.410905
 218.000000 0.355044 15.429245 32.410905
 218.200000 0.351503 17.274449 32.410905
 218.400000 0.374066 12.571471 32.410905
 218.600000 0.372068 12.829637 32.410905
 218.800000 0.365700 13.858219 32.410905
 219.000000 0.380114 11.954167 32.410905
 219.200000 0.359967 15.489805 32.410905
 219.400000 0.352357 17.220944 32.410905
 219.600000 0.364193 14.734798 32.410905
 219.800000 0.380283 12.967621 32.410905
 220.000000 0.383157 12.734832 32.377952
