#! FIELDS time d metad.bias metad.rct
 0.000000 0.191229 0.000000 0.000000
 0.200000 0.195839 0.000000 0.000000
 0.400000 0.207515 0.000000 0.000000
 0.600000 0.211985 0.000000 0.000000
 0.800000 0.232061 0.000000 0.000000
 1.000000 0.239663 0.000000 0.000000
 1.200000 0.247788 1.510756 0.000000
 1.400000 0.244531 1.660059 0.000000
 1.600000 0.237644 1.734177 0.000000
 1.800000 0.215683 0.485146 0.000000
 2.000000 0.216725 0.541216 0.000000
 2.200000 0.221001 2.445386 0.000000
 2.400000 0.229291 2.578921 0.000000
 2.600000 0.219360 2.380219 0.000000
 2.800000 0.232810 2.536100 0.000000
 3.000000 0.249392 1.573921 0.000000
 3.200000 0.239141 3.597092 0.000000
 3.400000 0.248902 3.245890 0.000000
 3.600000 0.262887 1.624691 0.000000
 3.800000 0.273244 0.598238 0.000000
 4.000000 0.291286 0.031233 0.000000
 4.200000 0.284805 1.704627 0.000000
 4.400000 0.290584 1.782272 0.000000
 4.600000 0.295367 1.695709 0.000000
 4.800000 0.291518 1.776937 0.000000
 5.000000 0.294825 1.713001 1.024730
 5.200000 0.305345 2.392395 1.024730
 5.400000 0.316162 1.026835 1.024730
 5.600000 0.302979 2.687113 1.024730
 5.800000 0.284695 2.991858 1.024730
 6.000000 0.266864 1.909344 1.024730
 6.200000 0.256229 3.886034 1.024730
 6.400000 0.259403 3.762216 1.024730
 6.600000 0.256228 3.886079 1.024730
 6.800000 0.257126 3.852037 1.024730
 7.000000 0.275880 3.531943 1.024730
 7.200000 0.271075 4.893277 1.024730
 7.400000 0.280992 5.090554 1.024730
 7.600000 0.257692 4.545382 1.024730
 7.800000 0.258221 4.555462 1.024730
 8.000000 0.245560 4.258405 1.024730
 8.200000 0.232911 4.581367 1.024730
 8.400000 0.231162 4.360237 1.024730
 8.600000 0.224238 3.485687 1.024730
 8.800000 0.234899 4.823897 1.024730
 9.000000 0.238854 5.251824 1.024730
 9.200000 0.236385 6.361287 1.024730
 9.400000 0.222955 4.119912 1.024730
 9.600000 0.213195 2.570817 1.024730
 9.800000 0.212115 2.420650 1.024730
 10.000000 0.223993 4.302648 3.025598
 10.200000 0.256406 6.470009 3.025598
 10.400000 0.259936 6.096587 3.025598
 10.600000 0.271144 5.372958 3.025598
 10.800000 0.263391 5.786472 3.025598
 11.000000 0.272600 5.335179 3.025598
 11.200000 0.258231 7.143153 3.025598
 11.400000 0.238986 7.634504 3.025598
 11.600000 0.225242 5.971845 3.025598
 11.800000 0.243128 7.754849 3.025598
 12.000000 0.258997 7.105518 3.025598
 12.200000 0.273843 7.465034 3.025598
 12.400000 0.271009 7.673759 3.025598
 12.600000 0.250065 8.653543 3.025598
 12.800000 0.258373 8.410125 3.025598
 13.000000 0.271188 7.661248 3.025598
 13.200000 0.278644 8.150058 3.025598
 13.400000 0.273626 8.709501 3.025598
 13.600000 0.258465 9.273299 3.025598
 13.800000 0.242358 8.628998 3.025598
 14.000000 0.242626 8.653129 3.025598
 14.200000 0.258018 9.973867 3.025598
 14.400000 0.279322 8.116219 3.025598
 14.600000 0.306856 2.586611 3.025598
 14.800000 0.332046 0.111887 3.025598
 15.000000 0.312579 1.586080 5.360732
 15.200000 0.291552 6.492153 5.360732
 15.400000 0.289680 6.779388 5.360732
 15.600000 0.294297 6.068110 5.360732
 15.800000 0.298509 5.411671 5.360732
 16.000000 0.304366 4.492985 5.360732
 16.200000 0.292278 7.414753 5.360732
 16.400000 0.299528 6.611911 5.360732
 16.600000 0.306871 5.512892 5.360732
 16.800000 0.313648 4.237653 5.360732
 17.000000 0.310044 4.939130 5.360732
 17.200000 0.314775 5.348376 5.360732
 17.400000 0.316775 4.879841 5.360732
 17.600000 0.314572 5.394813 5.360732
 17.800000 0.321244 3.796581 5.360732
 18.000000 0.297983 7.817982 5.360732
 18.200000 0.294464 9.213380 5.360732
 18.400000 0.302233 8.658089 5.360732
 18.600000 0.303228 8.528155 5.360732
 18.800000 0.321692 4.041303 5.360732
 19.000000 0.312317 6.670985 5.360732
 19.200000 0.303485 9.585018 5.360732
 19.400000 0.301156 9.767580 5.360732
 19.600000 0.293186 9.818665 5.360732
 19.800000 0.297579 9.879894 5.360732
 20.000000 0.292295 9.790495 6.757060
 20.200000 0.273758 10.041697 6.757060
 20.400000 0.262852 10.006948 6.757060
 20.600000 0.246048 10.080450 6.757060
 20.800000 0.252741 10.189295 6.757060
 21.000000 0.251448 10.195448 6.757060
 21.200000 0.257550 11.131104 6.757060
 21.400000 0.258198 11.098282 6.757060
 21.600000 0.248741 11.264574 6.757060
 21.800000 0.244528 10.992445 6.757060
 22.000000 0.257708 11.123283 6.757060
 22.200000 0.260436 12.024870 6.757060
 22.400000 0.246704 11.980799 6.757060
 22.600000 0.233576 9.368052 6.757060
 22.800000 0.222600 6.295166 6.757060
 23.000000 0.231797 8.879919 6.757060
 23.200000 0.221580 6.952755 6.757060
 23.400000 0.210009 3.623410 6.757060
 23.600000 0.212205 4.194509 6.757060
 23.800000 0.228240 9.021595 6.757060
 24.000000 0.253367 12.725227 6.757060
 24.200000 0.256467 13.519145 6.757060
 24.400000 0.268126 12.077727 6.757060
 24.600000 0.293613 11.061418 6.757060
 24.800000 0.289423 11.006720 6.757060
 25.000000 0.286872 10.961452 9.090239
 25.200000 0.284106 11.994227 9.090239
 25.400000 0.286319 12.026975 9.090239
 25.600000 0.279502 11.978560 9.090239
 25.800000 0.280736 11.972146 9.090239
 26.000000 0.268817 12.506746 9.090239
 26.200000 0.277090 12.881807 9.090239
 26.400000 0.262702 14.026738 9.090239
 26.600000 0.261539 14.111565 9.090239
 26.800000 0.268601 13.528130 9.090239
 27.000000 0.253897 14.398462 9.090239
 27.200000 0.252108 15.281296 9.090239
 27.400000 0.251936 15.274459 9.090239
 27.600000 0.262796 14.791982 9.090239
 27.800000 0.257869 15.209864 9.090239
 28.000000 0.250918 15.222124 9.090239
 28.200000 0.270178 14.290739 9.090239
 28.400000 0.258866 15.917739 9.090239
 28.600000 0.269327 14.424378 9.090239
 28.800000 0.293102 12.356996 9.090239
 29.000000 0.285231 12.725849 9.090239
 29.200000 0.306257 10.851460 9.090239
 29.400000 0.302397 11.824665 9.090239
 29.600000 0.312240 8.920614 9.090239
 29.800000 0.323395 4.786865 9.090239
 30.000000 0.319845 6.077584 11.284488
 30.200000 0.327006 4.787541 11.284488
 30.400000 0.339340 1.509662 11.284488
 30.600000 0.340440 1.325440 11.284488
 30.800000 0.313893 9.554785 11.284488
 31.000000 0.275314 14.371899 11.284488
 31.200000 0.256025 16.680130 11.284488
 31.400000 0.243061 14.998494 11.284488
 31.600000 0.226362 9.061112 11.284488
 31.800000 0.226159 8.983248 11.284488
 32.000000 0.220516 6.902700 11.284488
 32.200000 0.224493 9.592867 11.284488
 32.400000 0.232718 12.449722 11.284488
 32.600000 0.240293 14.744554 11.284488
 32.800000 0.222196 8.780360 11.284488
 33.000000 0.225544 9.964601 11.284488
 33.200000 0.226395 11.386142 11.284488
 33.400000 0.235581 14.276312 11.284488
 33.600000 0.224979 10.886551 11.284488
 33.800000 0.232361 13.342646 11.284488
 34.000000 0.219207 8.757945 11.284488
 34.200000 0.220307 10.353627 11.284488
 34.400000 0.234202 14.606600 11.284488
 34.600000 0.219205 9.941941 11.284488
 34.800000 0.221656 10.844657 11.284488
 35.000000 0.241040 16.002986 12.763446
 35.200000 0.235677 15.754555 12.763446
 35.400000 0.233739 15.256325 12.763446
 35.600000 0.233289 15.134072 12.763446
 35.800000 0.228470 13.677756 12.763446
 36.000000 0.225175 12.540697 12.763446
 36.200000 0.220173 11.575733 12.763446
 36.400000 0.220134 11.559589 12.763446
 36.600000 0.202795 4.052665 12.763446
 36.800000 0.214443 9.032359 12.763446
 37.000000 0.222969 12.711929 12.763446
 37.200000 0.216799 11.015171 12.763446
 37.400000 0.205050 5.388677 12.763446
 37.600000 0.227219 15.204702 12.763446
 37.800000 0.249651 18.125637 12.763446
 38.000000 0.264119 16.694533 12.763446
 38.200000 0.263377 17.622917 12.763446
 38.400000 0.271266 16.536066 12.763446
 38.600000 0.277342 15.733448 12.763446
 38.800000 0.264429 17.485420 12.763446
 39.000000 0.257372 18.286297 12.763446
 39.200000 0.237440 17.992611 12.763446
 39.400000 0.254561 19.257101 12.763446
 39.600000 0.255095 19.228306 12.763446
 39.800000 0.249605 19.325035 12.763446
 40.000000 0.252909 19.320144 14.938937
 40.200000 0.276169 16.453993 14.938937
 40.400000 0.272414 17.162530 14.938937
 40.600000 0.262458 19.074535 14.938937
 40.800000 0.261467 19.234305 14.938937
 41.000000 0.280712 15.702321 14.938937
 41.200000 0.271726 18.024412 14.938937
 41.400000 0.267278 18.767228 14.938937
 41.600000 0.260200 19.763017 14.938937
 41.800000 0.266801 18.844142 14.938937
 42.000000 0.256822 20.066538 14.938937
 42.200000 0.251549 20.881682 14.938937
 42.400000 0.233114 17.568200 14.938937
 42.600000 0.234230 17.892498 14.938937
 42.800000 0.210513 7.961009 14.938937
 43.000000 0.217768 11.566825 14.938937
 43.200000 0.216009 11.746182 14.938937
 43.400000 0.214653 11.056661 14.938937
 43.600000 0.216420 11.951820 14.938937
 43.800000 0.206520 6.837880 14.938937
 44.000000 0.209818 8.526516 14.938937
 44.200000 0.196819 3.663211 14.938937
 44.400000 0.195459 3.196433 14.938937
 44.600000 0.188917 1.503251 14.938937
 44.800000 0.198687 4.368496 14.938937
 45.000000 0.203642 6.566370 16.054189
 45.200000 0.224786 16.826956 16.054189
 45.400000 0.210184 11.102160 16.054189
 45.600000 0.200819 6.544017 16.054189
 45.800000 0.195270 4.252393 16.054189
 46.000000 0.177820 0.572524 16.054189
 46.200000 0.186019 3.142385 16.054189
 46.400000 0.192920 4.470124 16.054189
 46.600000 0.197665 5.888764 16.054189
 46.800000 0.198524 6.192170 16.054189
 47.000000 0.198681 6.249200 16.054189
 47.200000 0.202103 8.886865 16.054189
 47.400000 0.194567 6.188606 16.054189
 47.600000 0.199546 7.893589 16.054189
 47.800000 0.221125 16.163799 16.054189
 48.000000 0.227324 17.701420 16.054189
 48.200000 0.217640 15.726260 16.054189
 48.400000 0.196395 6.869180 16.054189
 48.600000 0.178217 2.835096 16.054189
 48.800000 0.191244 5.287256 16.054189
 49.000000 0.202709 9.336709 16.054189
 49.200000 0.211567 14.244909 16.054189
 49.400000 0.208919 13.158870 16.054189
 49.600000 0.182305 3.886724 16.054189
 49.800000 0.179497 3.357441 16.054189
 50.000000 0.194629 7.278581 16.473741
 50.200000 0.195115 8.717739 16.473741
 50.400000 0.186798 6.002472 16.473741
 50.600000 0.217609 16.808952 16.473741
 50.800000 0.209140 14.043256 16.473741
 51.000000 0.212415 15.203611 16.473741
 51.200000 0.196656 9.789391 16.473741
 51.400000 0.197123 9.978839 16.473741
 51.600000 0.211072 15.624814 16.473741
 51.800000 0.223728 18.927969 16.473741
 52.000000 0.238156 20.566093 16.473741
 52.200000 0.246392 21.759988 16.473741
 52.400000 0.235605 21.024052 16.473741
 52.600000 0.223714 19.365539 16.473741
 52.800000 0.204450 13.087852 16.473741
 53.000000 0.198818 10.696962 16.473741
 53.200000 0.203454 13.700753 16.473741
 53.400000 0.203443 13.696336 16.473741
 53.600000 0.212718 17.066675 16.473741
 53.800000 0.214421 17.574015 16.473741
 54.000000 0.241285 21.533113 16.473741
 54.200000 0.247167 22.398608 16.473741
 54.400000 0.245959 22.393679 16.473741
 54.600000 0.252408 22.171503 16.473741
 54.800000 0.245570 22.387856 16.473741
 55.000000 0.244767 22.369561 18.153488
 55.200000 0.241667 22.860494 18.153488
 55.400000 0.230834 21.536694 18.153488
 55.600000 0.225077 20.498341 18.153488
 55.800000 0.206577 14.999257 18.153488
 56.000000 0.224173 20.312672 18.153488
 56.200000 0.221722 20.471515 18.153488
 56.400000 0.231232 22.234133 18.153488
 56.600000 0.237112 22.910768 18.153488
 56.800000 0.228941 21.893138 18.153488
 57.000000 0.218414 19.606659 18.153488
 57.200000 0.227697 22.291110 18.153488
 57.400000 0.224040 21.673666 18.153488
 57.600000 0.217767 20.150261 18.153488
 57.800000 0.218134 20.257047 18.153488
 58.000000 0.203562 14.507178 18.153488
 58.200000 0.198480 12.985706 18.153488
 58.400000 0.199521 13.492361 18.153488
 58.600000 0.202460 14.906106 18.153488
 58.800000 0.193664 10.656970 18.153488
 59.000000 0.188710 8.399926 18.153488
 59.200000 0.197130 13.355747 18.153488
 59.400000 0.199859 14.569419 18.153488
 59.600000 0.199393 14.363605 18.153488
 59.800000 0.204713 16.634959 18.153488
 60.000000 0.202082 15.534897 19.029645
 60.200000 0.204683 17.485535 19.029645
 60.400000 0.217961 21.462213 19.029645
 60.600000 0.239499 23.459032 19.029645
 60.800000 0.239586 23.461251 19.029645
 61.000000 0.217965 21.462900 19.029645
 61.200000 0.204270 17.763385 19.029645
 61.400000 0.187759 9.837827 19.029645
 61.600000 0.200755 16.181667 19.029645
 61.800000 0.187772 9.843961 19.029645
 62.000000 0.189806 10.821298 19.029645
 62.200000 0.187560 10.812330 19.029645
 62.400000 0.214977 21.732205 19.029645
 62.600000 0.209343 20.223791 19.029645
 62.800000 0.188994 11.507237 19.029645
 63.000000 0.176143 5.742310 19.029645
 63.200000 0.165153 3.415729 19.029645
 63.400000 0.186510 11.373410 19.029645
 63.600000 0.196637 15.703940 19.029645
 63.800000 0.207731 19.843298 19.029645
 64.000000 0.234502 23.632874 19.029645
 64.200000 0.242532 24.206113 19.029645
 64.400000 0.224877 23.676694 19.029645
 64.600000 0.234759 24.249532 19.029645
 64.800000 0.236021 24.272522 19.029645
 65.000000 0.220425 23.105454 20.201093
 65.200000 0.221685 23.915366 20.201093
 65.400000 0.224896 24.276658 20.201093
 65.600000 0.240170 24.531389 20.201093
 65.800000 0.254678 22.914302 20.201093
 66.000000 0.266472 20.095941 20.201093
 66.200000 0.290894 15.338712 20.201093
 66.400000 0.286308 16.174859 20.201093
 66.600000 0.282219 16.980216 20.201093
 66.800000 0.285643 16.300793 20.201093
 67.000000 0.301245 13.335892 20.201093
 67.200000 0.311422 11.281210 20.201093
 67.400000 0.321675 7.132520 20.201093
 67.600000 0.320960 7.430194 20.201093
 67.800000 0.334549 2.604502 20.201093
 68.000000 0.342837 1.000065 20.201093
 68.200000 0.327597 5.793111 20.201093
 68.400000 0.312227 11.188481 20.201093
 68.600000 0.295969 15.334584 20.201093
 68.800000 0.285409 16.897944 20.201093
 69.000000 0.268913 20.265953 20.201093
 69.200000 0.266274 21.622689 20.201093
 69.400000 0.290886 16.343643 20.201093
 69.600000 0.276872 19.036515 20.201093
 69.800000 0.279036 18.552158 20.201093
 70.000000 0.289009 16.657954 20.631395
 70.200000 0.293324 16.734406 20.631395
 70.400000 0.308052 12.948880 20.631395
 70.600000 0.294877 16.439428 20.631395
 70.800000 0.303794 14.295973 20.631395
 71.000000 0.306145 13.577866 20.631395
 71.200000 0.298457 16.520222 20.631395
 71.400000 0.284937 18.524472 20.631395
 71.600000 0.279407 19.344073 20.631395
 71.800000 0.273947 20.326566 20.631395
 72.000000 0.279607 19.311500 20.631395
 72.200000 0.271902 21.383260 20.631395
 72.400000 0.265394 22.567384 20.631395
 72.600000 0.256665 23.912916 20.631395
 72.800000 0.243566 24.789373 20.631395
 73.000000 0.223431 24.146446 20.631395
 73.200000 0.230337 25.189952 20.631395
 73.400000 0.231322 25.210358 20.631395
 73.600000 0.234784 25.227728 20.631395
 73.800000 0.207883 20.805784 20.631395
 74.000000 0.184746 10.676229 20.631395
 74.200000 0.178341 8.969876 20.631395
 74.400000 0.176840 8.325870 20.631395
 74.600000 0.219156 24.172408 20.631395
 74.800000 0.241191 25.111874 20.631395
 75.000000 0.252062 24.483508 21.457855
 75.200000 0.243817 25.526621 21.457855
 75.400000 0.246795 25.431320 21.457855
 75.600000 0.220727 24.497332 21.457855
 75.800000 0.216085 23.573320 21.457855
 76.000000 0.190821 14.387154 21.457855
 76.200000 0.192193 15.887262 21.457855
 76.400000 0.190213 15.049098 21.457855
 76.600000 0.206730 21.259976 21.457855
 76.800000 0.215843 23.743290 21.457855
 77.000000 0.212165 22.858597 21.457855
 77.200000 0.216336 24.456174 21.457855
 77.400000 0.221953 25.298342 21.457855
 77.600000 0.210765 23.106342 21.457855
 77.800000 0.192336 16.209853 21.457855
 78.000000 0.190793 15.525459 21.457855
 78.200000 0.173699 7.970075 21.457855
 78.400000 0.173364 7.808270 21.457855
 78.600000 0.166758 4.901619 21.457855
 78.800000 0.173373 7.812960 21.457855
 79.000000 0.175775 8.993009 21.457855
 79.200000 0.182623 13.531405 21.457855
 79.400000 0.216511 24.717698 21.457855
 79.600000 0.208167 22.880583 21.457855
 79.800000 0.192000 17.587547 21.457855
 80.000000 0.194212 18.427260 21.899088
 80.200000 0.168746 6.943320 21.899088
 80.400000 0.162248 4.173669 21.899088
 80.600000 0.155759 2.184990 21.899088
 80.800000 0.158466 2.914232 21.899088
 81.000000 0.174909 10.068610 21.899088
 81.200000 0.156023 2.754500 21.899088
 81.400000 0.134509 0.103300 21.899088
 81.600000 0.153846 2.168971 21.899088
 81.800000 0.170349 8.789627 21.899088
 82.000000 0.149812 1.324524 21.899088
 82.200000 0.138494 1.466292 21.899088
 82.400000 0.125765 0.462460 21.899088
 82.600000 0.131057 0.800368 21.899088
 82.800000 0.144321 2.150269 21.899088
 83.000000 0.149642 2.944934 21.899088
 83.200000 0.157095 5.900253 21.899088
 83.400000 0.178796 13.687844 21.899088
 83.600000 0.156527 5.777107 21.899088
 83.800000 0.148524 4.290530 21.899088
 84.000000 0.139871 2.855324 21.899088
 84.200000 0.128661 2.373306 21.899088
 84.400000 0.130432 2.692508 21.899088
 84.600000 0.135798 3.686145 21.899088
 84.800000 0.138305 4.131956 21.899088
 85.000000 0.127181 2.116451 21.870870
 85.200000 0.133089 4.658629 21.870870
 85.400000 0.140003 5.522229 21.870870
 85.600000 0.155665 6.739927 21.870870
 85.800000 0.153551 6.532370 21.870870
 86.000000 0.153178 6.500305 21.870870
 86.200000 0.144711 7.038242 21.870870
 86.400000 0.162482 8.939820 21.870870
 86.600000 0.168673 10.404915 21.870870
 86.800000 0.156308 8.095219 21.870870
 87.000000 0.159770 8.506078 21.870870
 87.200000 0.148490 8.319429 21.870870
 87.400000 0.142285 7.345009 21.870870
 87.600000 0.123714 3.369301 21.870870
 87.800000 0.131300 5.032174 21.870870
 88.000000 0.137346 6.369180 21.870870
 88.200000 0.142916 8.687401 21.870870
 88.400000 0.154676 9.745854 21.870870
 88.600000 0.143338 8.747836 21.870870
 88.800000 0.154867 9.758060 21.870870
 89.000000 0.157426 9.933473 21.870870
 89.200000 0.149233 10.347471 21.870870
 89.400000 0.154093 10.805928 21.870870
 89.600000 0.169185 12.502844 21.870870
 89.800000 0.165839 11.926343 21.870870
 90.000000 0.163146 11.575496 21.836658
 90.200000 0.142949 9.817944 21.836658
 90.400000 0.129643 6.097977 21.836658
 90.600000 0.124837 4.675932 21.836658
 90.800000 0.147125 10.672190 21.836658
 91.000000 0.150248 11.179837 21.836658
 91.200000 0.149673 12.157015 21.836658
 91.400000 0.145581 11.393031 21.836658
 91.600000 0.132751 7.576145 21.836658
 91.800000 0.115250 2.378338 21.836658
 92.000000 0.131866 7.271935 21.836658
 92.200000 0.144972 12.120010 21.836658
 92.400000 0.136769 10.127764 21.836658
 92.600000 0.125267 6.212200 21.836658
 92.800000 0.118782 4.066639 21.836658
 93.000000 0.123001 5.428435 21.836658
 93.200000 0.141766 12.090442 21.836658
 93.400000 0.154239 13.288921 21.836658
 93.600000 0.169296 14.022094 21.836658
 93.800000 0.147982 12.924873 21.836658
 94.000000 0.152488 13.223158 21.836658
 94.200000 0.177306 15.686914 21.836658
 94.400000 0.177697 15.766756 21.836658
 94.600000 0.188277 18.416299 21.836658
 94.800000 0.175005 15.258054 21.836658
 95.000000 0.168186 14.458264 21.811273
 95.200000 0.175595 16.174238 21.811273
 95.400000 0.170141 15.524662 21.811273
 95.600000 0.170393 15.546718 21.811273
 95.800000 0.175302 16.130190 21.811273
 96.000000 0.182378 17.437365 21.811273
 96.200000 0.199903 22.022405 21.811273
 96.400000 0.171823 16.314188 21.811273
 96.600000 0.146451 14.029036 21.811273
 96.800000 0.156584 15.148778 21.811273
 97.000000 0.157236 15.187699 21.811273
 97.200000 0.180794 18.163718 21.811273
 97.400000 0.172747 16.964788 21.811273
 97.600000 0.196552 21.349879 21.811273
 97.800000 0.195397 21.112318 21.811273
 98.000000 0.197671 21.579437 21.811273
 98.200000 0.177704 17.910740 21.811273
 98.400000 0.190718 20.743800 21.811273
 98.600000 0.179756 18.305717 21.811273
 98.800000 0.191929 21.015835 21.811273
 99.000000 0.195315 21.756408 21.811273
 99.200000 0.197324 22.835308 21.811273
 99.400000 0.208779 24.764761 21.811273
 99.600000 0.205627 24.303765 21.811273
 99.800000 0.199037 23.169294 21.811273
 100.000000 0.190586 21.345676 22.251070
 100.200000 0.199590 23.837947 22.251070
 100.400000 0.208940 25.105896 22.251070
 100.600000 0.217849 25.826925 22.251070
 100.800000 0.216866 25.774769 22.251070
 101.000000 0.210291 25.247938 22.251070
 101.200000 0.232317 26.078167 22.251070
 101.400000 0.217223 26.305267 22.251070
 101.600000 0.213195 26.074369 22.251070
 101.800000 0.203810 24.988699 22.251070
 102.000000 0.199827 24.322110 22.251070
 102.200000 0.204537 25.661472 22.251070
 102.400000 0.199930 24.933171 22.251070
 102.600000 0.188622 22.185201 22.251070
 102.800000 0.177868 19.005576 22.251070
 103.000000 0.173522 17.972451 22.251070
 103.200000 0.160946 16.996556 22.251070
 103.400000 0.175296 19.143135 22.251070
 103.600000 0.205956 25.918276 22.251070
 103.800000 0.230982 26.199671 22.251070
 104.000000 0.223532 26.539773 22.251070
 104.200000 0.207352 26.364364 22.251070
 104.400000 0.193400 23.901700 22.251070
 104.600000 0.178251 19.860336 22.251070
 104.800000 0.210044 26.657243 22.251070
 105.000000 0.231157 26.662304 23.451493
 105.200000 0.236046 26.847525 23.451493
 105.400000 0.223503 27.545616 23.451493
 105.600000 0.206908 26.453599 23.451493
 105.800000 0.211707 27.035850 23.451493
 106.000000 0.211386 27.002741 23.451493
 106.200000 0.193321 24.158325 23.451493
 106.400000 0.213583 27.730902 23.451493
 106.600000 0.220066 27.991390 23.451493
 106.800000 0.211192 27.507819 23.451493
 107.000000 0.211773 27.568033 23.451493
 107.200000 0.198442 25.733773 23.451493
 107.400000 0.200160 26.133179 23.451493
 107.600000 0.191729 23.944501 23.451493
 107.800000 0.181168 20.766395 23.451493
 108.000000 0.177428 19.729188 23.451493
 108.200000 0.182208 21.763532 23.451493
 108.400000 0.180357 21.244483 23.451493
 108.600000 0.161837 17.510156 23.451493
 108.800000 0.175873 20.060108 23.451493
 109.000000 0.187398 23.232228 23.451493
 109.200000 0.193570 25.445613 23.451493
 109.400000 0.173171 19.818783 23.451493
 109.600000 0.171553 19.431082 23.451493
 109.800000 0.161676 17.631131 23.451493
 110.000000 0.153874 16.476275 24.270782
 110.200000 0.137571 12.837775 24.270782
 110.400000 0.138284 13.099879 24.270782
 110.600000 0.156741 17.746018 24.270782
 110.800000 0.157306 17.822048 24.270782
 111.000000 0.197538 26.313528 24.270782
 111.200000 0.183565 23.217871 24.270782
 111.400000 0.163849 18.674372 24.270782
 111.600000 0.167875 19.274125 24.270782
 111.800000 0.160676 18.269501 24.270782
 112.000000 0.175376 20.869405 24.270782
 112.200000 0.176035 21.731201 24.270782
 112.400000 0.152670 17.332612 24.270782
 112.600000 0.151607 17.109871 24.270782
 112.800000 0.168855 20.072251 24.270782
 113.000000 0.179684 22.722851 24.270782
 113.200000 0.180653 23.628889 24.270782
 113.400000 0.190459 26.112485 24.270782
 113.600000 0.195756 27.120405 24.270782
 113.800000 0.207490 28.499570 24.270782
 114.000000 0.212812 28.774195 24.270782
 114.200000 0.208913 29.066967 24.270782
 114.400000 0.199944 28.068002 24.270782
 114.600000 0.195604 27.346327 24.270782
 114.800000 0.209907 29.131983 24.270782
 115.000000 0.214542 29.288673 25.339727
 115.200000 0.214917 29.764565 25.339727
 115.400000 0.232715 27.940682 25.339727
 115.600000 0.224963 29.066949 25.339727
 115.800000 0.212629 29.725603 25.339727
 116.000000 0.230884 28.216036 25.339727
 116.200000 0.241113 27.189691 25.339727
 116.400000 0.248269 26.201869 25.339727
 116.600000 0.237518 27.705748 25.339727
 116.800000 0.248543 26.162689 25.339727
 117.000000 0.263871 23.386514 25.339727
 117.200000 0.268129 23.055548 25.339727
 117.400000 0.275503 21.382604 25.339727
 117.600000 0.266651 23.391078 25.339727
 117.800000 0.254096 25.796656 25.339727
 118.000000 0.266651 23.391064 25.339727
 118.200000 0.282815 20.238805 25.339727
 118.400000 0.293322 18.111729 25.339727
 118.600000 0.303516 15.571739 25.339727
 118.800000 0.292471 18.285614 25.339727
 119.000000 0.299196 16.781271 25.339727
 119.200000 0.309438 14.172199 25.339727
 119.400000 0.321373 8.798161 25.339727
 119.600000 0.330813 5.254224 25.339727
 119.800000 0.338083 3.506413 25.339727
 120.000000 0.336927 3.732657 25.729614
 120.200000 0.336516 5.298725 25.729614
 120.400000 0.334322 5.769068 25.729614
 120.600000 0.334899 5.641496 25.729614
 120.800000 0.334406 5.750214 25.729614
 121.000000 0.326725 7.794947 25.729614
 121.200000 0.343436 4.658878 25.729614
 121.400000 0.356630 1.993611 25.729614
 121.600000 0.367750 0.628538 25.729614
 121.800000 0.366948 0.693688 25.729614
 122.000000 0.357966 1.777452 25.729614
 122.200000 0.343682 5.629614 25.729614
 122.400000 0.340500 6.154571 25.729614
 122.600000 0.341511 5.984155 25.729614
 122.800000 0.335394 7.099403 25.729614
 123.000000 0.336031 6.971982 25.729614
 123.200000 0.312867 14.301566 25.729614
 123.400000 0.324531 10.828770 25.729614
 123.600000 0.322719 11.317799 25.729614
 123.800000 0.306577 16.175501 25.729614
 124.000000 0.312893 14.293594 25.729614
 124.200000 0.327836 10.566190 25.729614
 124.400000 0.323468 11.834146 25.729614
 124.600000 0.322614 12.096835 25.729614
 124.800000 0.328012 10.517924 25.729614
 125.000000 0.319998 12.924651 25.691373
 125.200000 0.286119 20.415567 25.691373
 125.400000 0.283416 20.785241 25.691373
 125.600000 0.285756 20.462109 25.691373
 125.800000 0.275329 22.224783 25.691373
 126.000000 0.278984 21.515890 25.691373
 126.200000 0.281195 21.796553 25.691373
 126.400000 0.289271 20.572611 25.691373
 126.600000 0.296114 19.665276 25.691373
 126.800000 0.308041 17.457529 25.691373
 127.000000 0.316991 14.892811 25.691373
 127.200000 0.309968 17.773468 25.691373
 127.400000 0.291043 20.537447 25.691373
 127.600000 0.281416 21.811275 25.691373
 127.800000 0.286383 21.087212 25.691373
 128.000000 0.274979 22.960669 25.691373
 128.200000 0.265213 25.341784 25.691373
 128.400000 0.283759 21.978906 25.691373
 128.600000 0.262478 25.743636 25.691373
 128.800000 0.262283 25.770196 25.691373
 129.000000 0.280932 22.471858 25.691373
 129.200000 0.290807 21.440695 25.691373
 129.400000 0.283479 22.659987 25.691373
 129.600000 0.284730 22.441600 25.691373
 129.800000 0.271071 24.849378 25.691373
 130.000000 0.272185 24.665357 25.851652
 130.200000 0.289725 21.905733 25.851652
 130.400000 0.291068 21.663279 25.851652
 130.600000 0.296409 20.735441 25.851652
 130.800000 0.293605 21.217768 25.851652
 131.000000 0.306721 18.735465 25.851652
 131.200000 0.316663 16.562113 25.851652
 131.400000 0.319958 15.363296 25.851652
 131.600000 0.320925 15.001251 25.851652
 131.800000 0.332860 10.635300 25.851652
 132.000000 0.330325 11.509321 25.851652
 132.200000 0.338508 9.745225 25.851652
 132.400000 0.336942 10.269766 25.851652
 132.600000 0.316570 17.282643 25.851652
 132.800000 0.317169 17.095829 25.851652
 133.000000 0.312045 18.576810 25.851652
 133.200000 0.334191 11.463897 25.851652
 133.400000 0.360397 3.538272 25.851652
 133.600000 0.332834 11.969639 25.851652
 133.800000 0.325501 14.778198 25.851652
 134.000000 0.339605 9.522580 25.851652
 134.200000 0.335572 12.061266 25.851652
 134.400000 0.343841 9.201282 25.851652
 134.600000 0.360394 3.976003 25.851652
 134.800000 0.370739 1.792236 25.851652
 135.000000 0.379907 0.696754 25.832655
 135.200000 0.380609 2.335557 25.832655
 135.400000 0.373923 2.895519 25.832655
 135.600000 0.366351 3.715589 25.832655
 135.800000 0.398451 0.827606 25.832655
 136.000000 0.410449 0.211044 25.832655
 136.200000 0.401944 2.069006 25.832655
 136.400000 0.422406 1.288330 25.832655
 136.600000 0.416814 1.663176 25.832655
 136.800000 0.410943 1.929517 25.832655
 137.000000 0.410290 1.949336 25.832655
 137.200000 0.419500 2.821709 25.832655
 137.400000 0.399250 3.304537 25.832655
 137.600000 0.389099 2.821761 25.832655
 137.800000 0.381615 2.778248 25.832655
 138.000000 0.378052 2.867616 25.832655
 138.200000 0.362202 5.255166 25.832655
 138.400000 0.343256 9.587833 25.832655
 138.600000 0.363358 5.134125 25.832655
 138.800000 0.356109 6.179983 25.832655
 139.000000 0.351835 7.128132 25.832655
 139.200000 0.351747 8.423736 25.832655
 139.400000 0.368358 5.464746 25.832655
 139.600000 0.368245 5.476497 25.832655
 139.800000 0.376086 4.818103 25.832655
 140.000000 0.380299 4.534213 25.791324
 140.200000 0.359354 7.285209 25.791324
 140.400000 0.344127 10.506074 25.791324
 140.600000 0.361046 7.072875 25.791324
 140.800000 0.365622 6.659594 25.791324
 141.000000 0.379562 6.010080 25.791324
 141.200000 0.375710 7.504636 25.791324
 141.400000 0.376859 7.474124 25.791324
 141.600000 0.396624 5.372385 25.791324
 141.800000 0.397062 5.321768 25.791324
 142.000000 0.396992 5.329853 25.791324
 142.200000 0.404183 5.843940 25.791324
 142.400000 0.404352 5.822293 25.791324
 142.600000 0.405152 5.718470 25.791324
 142.800000 0.398876 6.491353 25.791324
 143.000000 0.389938 7.470707 25.791324
 143.200000 0.388388 8.861351 25.791324
 143.400000 0.388756 8.831412 25.791324
 143.600000 0.378203 8.973276 25.791324
 143.800000 0.391040 8.613412 25.791324
 144.000000 0.405694 6.368551 25.791324
 144.200000 0.406678 7.501026 25.791324
 144.400000 0.404902 7.828914 25.791324
 144.600000 0.419508 4.416563 25.791324
 144.800000 0.418256 4.748755 25.791324
 145.000000 0.417858 4.854239 25.751636
 145.200000 0.420618 5.509777 25.751636
 145.400000 0.430285 2.874849 25.751636
 145.600000 0.436465 1.588809 25.751636
 145.800000 0.410007 8.036136 25.751636
 146.000000 0.403928 8.911434 25.751636
 146.200000 0.391641 10.540492 25.751636
 146.400000 0.372579 8.795474 25.751636
 146.600000 0.373991 8.979243 25.751636
 146.800000 0.384474 10.176881 25.751636
 147.000000 0.361753 7.988060 25.751636
 147.200000 0.343548 11.324100 25.751636
 147.400000 0.341639 11.717897 25.751636
 147.600000 0.354211 9.638942 25.751636
 147.800000 0.354121 9.648462 25.751636
 148.000000 0.362603 9.213091 25.751636
 148.200000 0.362263 10.373042 25.751636
 148.400000 0.346575 11.403981 25.751636
 148.600000 0.339868 12.468405 25.751636
 148.800000 0.328561 15.048894 25.751636
 149.000000 0.335746 13.295612 25.751636
 149.200000 0.342295 12.922721 25.751636
 149.400000 0.341048 13.165292 25.751636
 149.600000 0.345138 12.397436 25.751636
 149.800000 0.359586 10.668072 25.751636
 150.000000 0.340618 13.250325 25.715553
 150.200000 0.354254 11.720447 25.715553
 150.400000 0.364303 10.825068 25.715553
 150.600000 0.369962 10.775175 25.715553
 150.800000 0.356321 11.443392 25.715553
 151.000000 0.329237 16.475934 25.715553
 151.200000 0.299437 21.756448 25.715553
 151.400000 0.310924 20.615253 25.715553
 151.600000 0.326816 17.802177 25.715553
 151.800000 0.333639 16.402590 25.715553
 152.000000 0.339461 15.115160 25.715553
 152.200000 0.357237 11.922140 25.715553
 152.400000 0.347287 14.094524 25.715553
 152.600000 0.360503 11.456621 25.715553
 152.800000 0.357856 11.822335 25.715553
 153.000000 0.354311 12.464885 25.715553
 153.200000 0.368685 11.558018 25.715553
 153.400000 0.366032 11.746341 25.715553
 153.600000 0.363881 11.951976 25.715553
 153.800000 0.352011 13.950926 25.715553
 154.000000 0.342153 16.095051 25.715553
 154.200000 0.338260 17.669395 25.715553
 154.400000 0.355320 13.849102 25.715553
 154.600000 0.345180 16.293966 25.715553
 154.800000 0.349446 15.273410 25.715553
 155.000000 0.365848 12.005998 25.688223
 155.200000 0.366355 12.975690 25.688223
 155.400000 0.386461 11.479384 25.688223
 155.600000 0.400047 10.588938 25.688223
 155.800000 0.385284 11.554053 25.688223
 156.000000 0.385834 11.519053 25.688223
 156.200000 0.376399 12.998733 25.688223
 156.400000 0.387285 12.470275 25.688223
 156.600000 0.408924 9.684689 25.688223
 156.800000 0.416845 7.462749 25.688223
 157.000000 0.399240 11.359733 25.688223
 157.200000 0.383116 13.314780 25.688223
 157.400000 0.371196 13.355190 25.688223
 157.600000 0.364757 13.619928 25.688223
 157.800000 0.375996 13.327918 25.688223
 158.000000 0.362969 13.767637 25.688223
 158.200000 0.353205 15.936531 25.688223
 158.400000 0.368539 14.306604 25.688223
 158.600000 0.379520 13.845648 25.688223
 158.800000 0.399369 12.446897 25.688223
 159.000000 0.393428 13.073962 25.688223
 159.200000 0.402236 12.835283 25.688223
 159.400000 0.393421 14.051998 25.688223
 159.600000 0.392472 14.125873 25.688223
 159.800000 0.387124 14.394696 25.688223
 160.000000 0.368805 14.544292 25.654111
 160.200000 0.371006 15.403373 25.654111
 160.400000 0.365307 15.576044 25.654111
 160.600000 0.347049 17.222900 25.654111
 160.800000 0.311049 20.857612 25.654111
 161.000000 0.315820 20.350582 25.654111
 161.200000 0.319311 20.653507 25.654111
 161.400000 0.320995 20.452061 25.654111
 161.600000 0.339075 18.347361 25.654111
 161.800000 0.353706 16.467468 25.654111
 162.000000 0.358969 15.957491 25.654111
 162.200000 0.362094 16.581853 25.654111
 162.400000 0.363787 16.463921 25.654111
 162.600000 0.355224 17.136454 25.654111
 162.800000 0.355973 17.069073 25.654111
 163.000000 0.340166 18.601667 25.654111
 163.200000 0.332696 19.954588 25.654111
 163.400000 0.339534 19.424051 25.654111
 163.600000 0.335372 19.765679 25.654111
 163.800000 0.351473 18.063831 25.654111
 164.000000 0.350635 18.170046 25.654111
 164.200000 0.336915 20.159234 25.654111
 164.400000 0.342780 19.783550 25.654111
 164.600000 0.325205 20.661584 25.654111
 164.800000 0.338637 20.069105 25.654111
 165.000000 0.339787 20.000303 25.650417
 165.200000 0.328869 21.034590 25.650417
 165.400000 0.327526 21.056493 25.650417
 165.600000 0.326147 21.084822 25.650417
 165.800000 0.336537 20.878521 25.650417
 166.000000 0.351523 19.363492 25.650417
 166.200000 0.350656 20.235589 25.650417
 166.400000 0.356100 19.322341 25.650417
 166.600000 0.342953 21.098546 25.650417
 166.800000 0.352741 19.905618 25.650417
 167.000000 0.361016 18.430147 25.650417
 167.200000 0.358307 19.679198 25.650417
 167.400000 0.366039 18.292802 25.650417
 167.600000 0.381169 15.961053 25.650417
 167.800000 0.391888 14.648533 25.650417
 168.000000 0.394222 14.338281 25.650417
 168.200000 0.406532 12.523095 25.650417
 168.400000 0.422534 6.179580 25.650417
 168.600000 0.432672 2.664960 25.650417
 168.800000 0.422250 6.296079 25.650417
 169.000000 0.427748 4.188305 25.650417
 169.200000 0.413456 10.910575 25.650417
 169.400000 0.414440 10.565002 25.650417
 169.600000 0.420416 8.349003 25.650417
 169.800000 0.430494 4.717163 25.650417
 170.000000 0.414297 10.615696 25.628951
 170.200000 0.414143 11.760587 25.628951
 170.400000 0.405396 14.264382 25.628951
 170.600000 0.400885 15.082629 25.628951
 170.800000 0.394841 15.771628 25.628951
 171.000000 0.376476 17.100737 25.628951
 171.200000 0.388057 16.850677 25.628951
 171.400000 0.382719 17.332951 25.628951
 171.600000 0.378313 17.739191 25.628951
 171.800000 0.379328 17.643147 25.628951
 172.000000 0.371279 18.466387 25.628951
 172.200000 0.375215 18.786974 25.628951
 172.400000 0.360710 20.398722 25.628951
 172.600000 0.345227 21.616165 25.628951
 172.800000 0.360184 20.454535 25.628951
 173.000000 0.361165 20.350087 25.628951
 173.200000 0.353389 21.738129 25.628951
 173.400000 0.363336 20.814066 25.628951
 173.600000 0.349981 21.917789 25.628951
 173.800000 0.345235 22.017538 25.628951
 174.000000 0.344073 22.014890 25.628951
 174.200000 0.331437 21.993426 25.628951
 174.400000 0.335491 22.290370 25.628951
 174.600000 0.327013 21.722331 25.628951
 174.800000 0.305514 22.051430 25.628951
 175.000000 0.310683 21.875341 25.648642
 175.200000 0.301337 22.713422 25.648642
 175.400000 0.297869 22.735779 25.648642
 175.600000 0.326597 22.079076 25.648642
 175.800000 0.341894 22.707237 25.648642
 176.000000 0.356266 22.001193 25.648642
 176.200000 0.364286 21.535113 25.648642
 176.400000 0.367657 20.965228 25.648642
 176.600000 0.360160 22.167729 25.648642
 176.800000 0.344995 23.214910 25.648642
 177.000000 0.315027 22.362529 25.648642
 177.200000 0.320104 22.781960 25.648642
 177.400000 0.321918 22.717983 25.648642
 177.600000 0.325053 22.653983 25.648642
 177.800000 0.322963 22.689315 25.648642
 178.000000 0.353331 22.962442 25.648642
 178.200000 0.362788 22.294098 25.648642
 178.400000 0.375786 19.714754 25.648642
 178.600000 0.385746 17.894214 25.648642
 178.800000 0.407999 13.777682 25.648642
 179.000000 0.399485 15.698454 25.648642
 179.200000 0.397928 16.836198 25.648642
 179.400000 0.386637 18.350279 25.648642
 179.600000 0.359438 22.876279 25.648642
 179.800000 0.364864 21.967997 25.648642
 180.000000 0.359477 22.870463 25.700227
 180.200000 0.357044 23.828894 25.700227
 180.400000 0.362587 22.988899 25.700227
 180.600000 0.355248 24.023047 25.700227
 180.800000 0.353040 24.197359 25.700227
 181.000000 0.366140 22.307324 25.700227
 181.200000 0.351017 24.683655 25.700227
 181.400000 0.340278 24.048656 25.700227
 181.600000 0.334926 23.466565 25.700227
 181.800000 0.341136 24.137449 25.700227
 182.000000 0.314856 23.045544 25.700227
 182.200000 0.331220 23.463111 25.700227
 182.400000 0.336448 23.851925 25.700227
 182.600000 0.316418 23.608986 25.700227
 182.800000 0.321983 23.379556 25.700227
 183.000000 0.327127 23.319828 25.700227
 183.200000 0.318148 24.050074 25.700227
 183.400000 0.328548 23.966641 25.700227
 183.600000 0.332304 24.111074 25.700227
 183.800000 0.330971 24.048996 25.700227
 184.000000 0.340981 24.662165 25.700227
 184.200000 0.346636 25.451736 25.700227
 184.400000 0.346188 25.447478 25.700227
 184.600000 0.339752 25.165626 25.700227
 184.800000 0.340952 25.243739 25.700227
 185.000000 0.328294 24.368107 25.841232
 185.200000 0.332289 25.173721 25.841232
 185.400000 0.331986 25.155808 25.841232
 185.600000 0.337788 25.506560 25.841232
 185.800000 0.326868 24.898582 25.841232
 186.000000 0.328034 24.947329 25.841232
 186.200000 0.324243 25.372992 25.841232
 186.400000 0.343446 26.066810 25.841232
 186.600000 0.373818 21.342239 25.841232
 186.800000 0.355738 25.169966 25.841232
 187.000000 0.349977 25.806734 25.841232
 187.200000 0.340811 26.512077 25.841232
 187.400000 0.322526 25.417237 25.841232
 187.600000 0.331017 25.913449 25.841232
 187.800000 0.322492 25.415679 25.841232
 188.000000 0.310117 24.753994 25.841232
 188.200000 0.321507 25.806225 25.841232
 188.400000 0.313641 25.559980 25.841232
 188.600000 0.308691 25.217429 25.841232
 188.800000 0.323170 25.844904 25.841232
 189.000000 0.335199 26.350540 25.841232
 189.200000 0.344149 27.069972 25.841232
 189.400000 0.351540 26.533822 25.841232
 189.600000 0.353641 26.245815 25.841232
 189.800000 0.371835 22.031890 25.841232
 190.000000 0.367401 23.206038 26.083830
 190.200000 0.355063 26.461609 26.083830
 190.400000 0.330884 26.676378 26.083830
 190.600000 0.324009 26.283528 26.083830
 190.800000 0.326433 26.406781 26.083830
 191.000000 0.324546 26.309514 26.083830
 191.200000 0.313603 26.164475 26.083830
 191.400000 0.299188 24.359878 26.083830
 191.600000 0.310277 25.826950 26.083830
 191.800000 0.303258 24.909916 26.083830
 192.000000 0.298047 24.221213 26.083830
 192.200000 0.328974 27.144266 26.083830
 192.400000 0.306042 25.811932 26.083830
 192.600000 0.295886 24.580819 26.083830
 192.800000 0.292540 24.303055 26.083830
 193.000000 0.310195 26.245968 26.083830
 193.200000 0.295206 24.844231 26.083830
 193.400000 0.282637 24.475860 26.083830
 193.600000 0.290819 24.450397 26.083830
 193.800000 0.287037 24.335798 26.083830
 194.000000 0.307131 26.469096 26.083830
 194.200000 0.294154 25.097793 26.083830
 194.400000 0.281661 24.668649 26.083830
 194.600000 0.289249 24.639405 26.083830
 194.800000 0.284749 24.550396 26.083830
 195.000000 0.289341 24.644694 26.391691
 195.200000 0.310432 27.552610 26.391691
 195.400000 0.318174 27.721811 26.391691
 195.600000 0.324139 27.635409 26.391691
 195.800000 0.312046 27.635316 26.391691
 196.000000 0.312303 27.645854 26.391691
 196.200000 0.315489 28.220979 26.391691
 196.400000 0.295613 26.102138 26.391691
 196.600000 0.294049 25.883285 26.391691
 196.800000 0.263949 26.593189 26.391691
 197.000000 0.280464 25.289767 26.391691
 197.200000 0.300709 27.123584 26.391691
 197.400000 0.307940 27.964149 26.391691
 197.600000 0.320211 28.158737 26.391691
 197.800000 0.329070 27.869339 26.391691
 198.000000 0.321635 28.109221 26.391691
 198.200000 0.318665 28.695792 26.391691
 198.400000 0.316876 28.719343 26.391691
 198.600000 0.324761 28.483223 26.391691
 198.800000 0.332438 28.201130 26.391691
 199.000000 0.320768 28.639486 26.391691
 199.200000 0.311576 28.993590 26.391691
 199.400000 0.309859 28.844762 26.391691
 199.600000 0.299906 27.372930 26.391691
 199.800000 0.283025 25.805280 26.391691
 200.000000 0.305209 28.254244 26.890181
 200.200000 0.308224 29.153795 26.890181
 200.400000 0.305374 28.776209 26.890181
 200.600000 0.293011 26.674357 26.890181
 200.800000 0.293819 26.791829 26.890181
 201.000000 0.295535 27.063713 26.890181
 201.200000 0.298563 28.107606 26.890181
 201.400000 0.299193 28.217933 26.890181
 201.600000 0.309511 29.625937 26.890181
 201.800000 0.304271 29.046682 26.890181
 202.000000 0.308754 29.566705 26.890181
 202.200000 0.308680 30.029268 26.890181
 202.400000 0.302121 29.140929 26.890181
 202.600000 0.288557 26.840801 26.890181
 202.800000 0.286878 26.676325 26.890181
 203.000000 0.300962 28.932784 26.890181
 203.200000 0.289554 27.318356 26.890181
 203.400000 0.290034 27.388082 26.890181
 203.600000 0.291641 27.641841 26.890181
 203.800000 0.299301 29.100494 26.890181
 204.000000 0.299582 29.154957 26.890181
 204.200000 0.294206 28.548945 26.890181
 204.400000 0.309772 30.896898 26.890181
 204.600000 0.314659 30.833930 26.890181
 204.800000 0.310728 30.920111 26.890181
 205.000000 0.325621 29.653845 27.573230
 205.200000 0.295012 28.768857 27.573230
 205.400000 0.291793 28.120470 27.573230
 205.600000 0.294041 28.566174 27.573230
 205.800000 0.286622 27.303391 27.573230
 206.000000 0.290534 27.891224 27.573230
 206.200000 0.279489 27.155982 27.573230
 206.400000 0.298267 29.903159 27.573230
 206.600000 0.284397 27.527942 27.573230
 206.800000 0.283454 27.434541 27.573230
 207.000000 0.285814 27.689039 27.573230
 207.200000 0.275452 27.432128 27.573230
 207.400000 0.279880 27.647392 27.573230
 207.600000 0.275311 27.427633 27.573230
 207.800000 0.271155 27.339378 27.573230
 208.000000 0.270269 27.329372 27.573230
 208.200000 0.279983 28.074043 27.573230
 208.400000 0.269475 27.839498 27.573230
 208.600000 0.259771 27.708012 27.573230
 208.800000 0.254866 27.617337 27.573230
 209.000000 0.259853 27.709553 27.573230
 209.200000 0.273961 28.219573 27.573230
 209.400000 0.260267 28.226396 27.573230
 209.600000 0.274689 28.217047 27.573230
 209.800000 0.272490 28.228609 27.573230
 210.000000 0.266730 28.269924 28.015218
 210.200000 0.273099 28.678171 28.015218
 210.400000 0.274189 28.657481 28.015218
 210.600000 0.268704 28.752203 28.015218
 210.800000 0.279448 28.612013 28.015218
 211.000000 0.281789 28.647597 28.015218
 211.200000 0.271695 29.094520 28.015218
 211.400000 0.245584 28.133361 28.015218
 211.600000 0.244276 28.116890 28.015218
 211.800000 0.248959 28.240490 28.015218
 212.000000 0.269277 29.089754 28.015218
 212.200000 0.279627 29.473893 28.015218
 212.400000 0.264518 29.467714 28.015218
 212.600000 0.269648 29.570477 28.015218
 212.800000 0.286008 29.574738 28.015218
 213.000000 0.285937 29.571662 28.015218
 213.200000 0.283669 29.962404 28.015218
 213.400000 0.270238 29.842464 28.015218
 213.600000 0.235614 28.505994 28.015218
 213.800000 0.236154 28.464558 28.015218
 214.000000 0.250235 28.540003 28.015218
 214.200000 0.267394 30.019245 28.015218
 214.400000 0.275631 30.005787 28.015218
 214.600000 0.287315 30.129180 28.015218
 214.800000 0.277386 29.987327 28.015218
 215.000000 0.255449 29.426480 28.547060
 215.200000 0.255382 29.893264 28.547060
 215.400000 0.261398 30.250705 28.547060
 215.600000 0.251723 29.598214 28.547060
 215.800000 0.247004 29.223703 28.547060
 216.000000 0.252222 29.639842 28.547060
 216.200000 0.267103 30.648260 28.547060
 216.400000 0.251805 30.072178 28.547060
 216.600000 0.240110 29.265485 28.547060
 216.800000 0.259334 30.570069 28.547060
 217.000000 0.268471 30.616361 28.547060
 217.200000 0.277761 30.617924 28.547060
 217.400000 0.287766 30.420819 28.547060
 217.600000 0.286398 30.394911 28.547060
 217.800000 0.286993 30.403628 28.547060
 218.000000 0.275675 30.730473 28.547060
 218.200000 0.267946 31.466864 28.547060
 218.400000 0.282817 30.814722 28.547060
 218.600000 0.279646 30.957524 28.547060
 218.800000 0.278092 31.040613 28.547060
 219.000000 0.278657 31.009852 28.547060
 219.200000 0.273037 31.722781 28.547060
 219.400000 0.271876 31.760704 28.547060
 219.600000 0.267106 31.798460 28.547060
 219.800000 0.273685 31.697786 28.547060
 220.000000 0.265856 31.771878 29.219659
 220.200000 0.258390 31.664995 29.219659
 220.400000 0.255846 31.358390 29.219659
 220.600000 0.270596 32.195128 29.219659
 220.800000 0.262573 32.040605 29.219659
 221.000000 0.275021 31.991184 29.219659
 221.200000 0.279790 32.064382 29.219659
 221.400000 0.246054 30.079653 29.219659
 221.600000 0.223800 29.968182 29.219659
 221.800000 0.237466 29.400322 29.219659
 222.000000 0.248830 30.469147 29.219659
 222.200000 0.262072 32.600120 29.219659
 222.400000 0.243062 30.154471 29.219659
 222.600000 0.246195 30.541581 29.219659
 222.800000 0.253527 31.623793 29.219659
 223.000000 0.266107 32.787626 29.219659
 223.200000 0.273025 33.006551 29.219659
 223.400000 0.267045 33.206887 29.219659
 223.600000 0.276148 32.747615 29.219659
 223.800000 0.297845 31.694510 29.219659
 224.000000 0.291650 31.582710 29.219659
 224.200000 0.289572 32.050889 29.219659
 224.400000 0.287323 32.139603 29.219659
 224.600000 0.298576 32.107939 29.219659
 224.800000 0.315570 31.623709 29.219659
 225.000000 0.308127 32.184215 29.979166
 225.200000 0.291859 32.240869 29.979166
 225.400000 0.300841 32.540440 29.979166
 225.600000 0.300901 32.542642 29.979166
 225.800000 0.294702 32.300238 29.979166
 226.000000 0.286571 32.327767 29.979166
 226.200000 0.259231 32.835603 29.979166
 226.400000 0.262858 33.238332 29.979166
 226.600000 0.285724 32.780649 29.979166
 226.800000 0.284786 32.828030 29.979166
 227.000000 0.285302 32.801359 29.979166
 227.200000 0.272755 33.800314 29.979166
 227.400000 0.280396 33.486343 29.979166
 227.600000 0.296062 32.999850 29.979166
 227.800000 0.295777 32.997686 29.979166
 228.000000 0.290098 33.028273 29.979166
 228.200000 0.279614 33.845711 29.979166
 228.400000 0.292072 33.395542 29.979166
 228.600000 0.300220 33.357595 29.979166
 228.800000 0.295823 33.371601 29.979166
 229.000000 0.287009 33.521285 29.979166
 229.200000 0.286472 33.934488 29.979166
 229.400000 0.288574 33.860416 29.979166
 229.600000 0.283649 34.045265 29.979166
 229.800000 0.290861 33.795018 29.979166
 230.000000 0.270395 34.185111 30.929763
 230.200000 0.246619 30.926037 30.929763
 230.400000 0.255926 32.728660 30.929763
 230.600000 0.257549 33.033887 30.929763
 230.800000 0.259984 33.458081 30.929763
 231.000000 0.256268 32.794135 30.929763
 231.200000 0.281528 34.516025 30.929763
 231.400000 0.296306 33.790996 30.929763
 231.600000 0.280977 34.550196 30.929763
 231.800000 0.262410 34.201935 30.929763
 232.000000 0.280382 34.585944 30.929763
 232.200000 0.283196 34.777185 30.929763
 232.400000 0.286415 34.551011 30.929763
 232.600000 0.297704 33.945165 30.929763
 232.800000 0.307986 33.312692 30.929763
 233.000000 0.320031 31.500822 30.929763
 233.200000 0.327004 30.653456 30.929763
 233.400000 0.319249 32.073294 30.929763
 233.600000 0.309373 33.500410 30.929763
 233.800000 0.303522 33.897832 30.929763
 234.000000 0.302267 33.948517 30.929763
 234.200000 0.302773 34.314722 30.929763
 234.400000 0.305750 34.157571 30.929763
 234.600000 0.307571 34.019512 30.929763
 234.800000 0.321901 31.748267 30.929763
 235.000000 0.305792 34.154806 31.686728
 235.200000 0.319790 32.416581 31.686728
 235.400000 0.322930 31.740946 31.686728
 235.600000 0.339974 28.867613 31.686728
 235.800000 0.347645 27.897997 31.686728
 236.000000 0.321795 31.985649 31.686728
 236.200000 0.310286 34.421487 31.686728
 236.400000 0.317294 33.339162 31.686728
 236.600000 0.326785 31.333792 31.686728
 236.800000 0.319527 32.888727 31.686728
 237.000000 0.332970 30.152740 31.686728
 237.200000 0.338720 29.673128 31.686728
 237.400000 0.328791 31.366263 31.686728
 237.600000 0.330998 30.958352 31.686728
 237.800000 0.337393 29.881584 31.686728
 238.000000 0.325720 31.964412 31.686728
 238.200000 0.337289 30.210904 31.686728
 238.400000 0.340336 29.684728 31.686728
 238.600000 0.336616 30.328962 31.686728
 238.800000 0.332612 31.050601 31.686728
 239.000000 0.321662 33.185095 31.686728
 239.200000 0.322959 33.331638 31.686728
 239.400000 0.343795 29.227395 31.686728
 239.600000 0.341768 29.602340 31.686728
 239.800000 0.324049 33.113225 31.686728
 240.000000 0.319862 33.916694 32.168742
 240.200000 0.313010 35.241739 32.168742
 240.400000 0.299728 35.329840 32.168742
 240.600000 0.304243 35.488778 32.168742
 240.800000 0.296116 35.177384 32.168742
 241.000000 0.283972 35.124822 32.168742
 241.200000 0.299844 35.543693 32.168742
 241.400000 0.295114 35.418239 32.168742
 241.600000 0.281399 35.560218 32.168742
 241.800000 0.288871 35.385846 32.168742
 242.000000 0.311404 35.433468 32.168742
 242.200000 0.309043 35.924410 32.168742
 242.400000 0.296878 35.685742 32.168742
 242.600000 0.283131 35.574462 32.168742
 242.800000 0.288945 35.502206 32.168742
 243.000000 0.307964 35.957229 32.168742
 243.200000 0.315625 35.653590 32.168742
 243.400000 0.296405 35.928696 32.168742
 243.600000 0.303704 36.284625 32.168742
 243.800000 0.283503 35.659929 32.168742
 244.000000 0.297204 35.971628 32.168742
 244.200000 0.292228 36.072584 32.168742
 244.400000 0.287125 35.925929 32.168742
 244.600000 0.284542 35.898024 32.168742
 244.800000 0.287550 35.932968 32.168742
 245.000000 0.291087 36.027992 33.102126
 245.200000 0.279119 36.122262 33.102126
 245.400000 0.261408 34.435935 33.102126
 245.600000 0.261080 34.376120 33.102126
 245.800000 0.251767 32.403991 33.102126
 246.000000 0.254079 32.922052 33.102126
 246.200000 0.262556 34.982260 33.102126
 246.400000 0.268413 35.721236 33.102126
 246.600000 0.276859 36.181092 33.102126
 246.800000 0.277128 36.187108 33.102126
 247.000000 0.285009 36.272984 33.102126
 247.200000 0.289874 36.690974 33.102126
 247.400000 0.277059 36.487703 33.102126
 247.600000 0.278767 36.535864 33.102126
 247.800000 0.278986 36.540904 33.102126
 248.000000 0.291354 36.725019 33.102126
 248.200000 0.295689 37.181857 33.102126
 248.400000 0.293190 37.114017 33.102126
 248.600000 0.285516 36.942075 33.102126
 248.800000 0.274629 36.572721 33.102126
 249.000000 0.280075 36.819420 33.102126
 249.200000 0.289770 37.303086 33.102126
 249.400000 0.312521 36.596517 33.102126
 249.600000 0.315470 36.094559 33.102126
 249.800000 0.301767 37.394818 33.102126
 250.000000 0.288405 37.288721 33.983343
 250.200000 0.272155 36.872050 33.983343
 250.400000 0.254711 33.633863 33.983343
 250.600000 0.243372 31.061739 33.983343
 250.800000 0.232531 30.012606 33.983343
 251.000000 0.255032 33.711512 33.983343
 251.200000 0.241780 31.055903 33.983343
 251.400000 0.239579 30.711539 33.983343
 251.600000 0.258115 34.822086 33.983343
 251.800000 0.269799 36.832043 33.983343
 252.000000 0.275031 37.300951 33.983343
 252.200000 0.268443 36.969090 33.983343
 252.400000 0.271135 37.297655 33.983343
 252.600000 0.268665 36.999184 33.983343
 252.800000 0.263453 36.148536 33.983343
 253.000000 0.270172 37.189378 33.983343
 253.200000 0.272524 37.765412 33.983343
 253.400000 0.287567 38.052931 33.983343
 253.600000 0.300716 37.762975 33.983343
 253.800000 0.299393 37.804091 33.983343
 254.000000 0.274252 37.900551 33.983343
 254.200000 0.288848 38.227320 33.983343
 254.400000 0.283719 38.382722 33.983343
 254.600000 0.281702 38.416470 33.983343
 254.800000 0.279364 38.417058 33.983343
 255.000000 0.275799 38.313659 34.787608
 255.200000 0.305781 37.573718 34.787608
 255.400000 0.320790 34.959639 34.787608
 255.600000 0.320880 34.936770 34.787608
 255.800000 0.312467 36.743056 34.787608
 256.000000 0.303934 37.717619 34.787608
 256.200000 0.286157 38.728260 34.787608
 256.400000 0.291941 38.537482 34.787608
 256.600000 0.294510 38.455407 34.787608
 256.800000 0.264194 37.098310 34.787608
 257.000000 0.260593 36.242640 34.787608
 257.200000 0.258648 36.072333 34.787608
 257.400000 0.268715 38.245010 34.787608
 257.600000 0.287155 38.769110 34.787608
 257.800000 0.306762 37.807259 34.787608
 258.000000 0.311215 37.231153 34.787608
 258.200000 0.302456 38.425559 34.787608
 258.400000 0.293400 38.685969 34.787608
 258.600000 0.296019 38.627066 34.787608
 258.800000 0.288792 38.810462 34.787608
 259.000000 0.277984 38.985339 34.787608
 259.200000 0.282508 39.277047 34.787608
 259.400000 0.298135 38.700949 34.787608
 259.600000 0.301329 38.566552 34.787608
 259.800000 0.290207 38.989878 34.787608
 260.000000 0.273791 39.095545 35.593024
 260.200000 0.253547 34.783737 35.593024
 260.400000 0.271396 39.170516 35.593024
 260.600000 0.271929 39.230492 35.593024
 260.800000 0.275728 39.520512 35.593024
 261.000000 0.291664 39.082586 35.593024
 261.200000 0.302669 38.776156 35.593024
 261.400000 0.298127 39.062653 35.593024
 261.600000 0.291809 39.382108 35.593024
 261.800000 0.306942 38.364900 35.593024
 262.000000 0.320224 35.616247 35.593024
 262.200000 0.339740 30.471518 35.593024
 262.400000 0.330460 32.938437 35.593024
 262.600000 0.332448 32.369422 35.593024
 262.800000 0.328521 33.508531 35.593024
 263.000000 0.326389 34.148662 35.593024
 263.200000 0.324781 35.015708 35.593024
 263.400000 0.341961 30.172993 35.593024
 263.600000 0.348223 28.701439 35.593024
 263.800000 0.333808 32.330823 35.593024
 264.000000 0.322492 35.690297 35.593024
 264.200000 0.310033 38.680803 35.593024
 264.400000 0.313436 38.189628 35.593024
 264.600000 0.320214 36.681225 35.593024
 264.800000 0.341877 30.348107 35.593024
 265.000000 0.322915 35.924643 36.115169
 265.200000 0.317732 37.641057 36.115169
 265.400000 0.331966 33.449011 36.115169
 265.600000 0.333466 32.976811 36.115169
 265.800000 0.327897 34.743590 36.115169
 266.000000 0.324270 35.874702 36.115169
 266.200000 0.323166 36.557233 36.115169
 266.400000 0.321837 36.936176 36.115169
 266.600000 0.317164 38.085152 36.115169
 266.800000 0.330936 34.096925 36.115169
 267.000000 0.315546 38.404077 36.115169
 267.200000 0.287721 39.754125 36.115169
 267.400000 0.284777 39.824213 36.115169
 267.600000 0.317479 38.331603 36.115169
 267.800000 0.318348 38.135076 36.115169
 268.000000 0.313018 39.122674 36.115169
 268.200000 0.317149 38.697673 36.115169
 268.400000 0.316864 38.759045 36.115169
 268.600000 0.314555 39.197269 36.115169
 268.800000 0.316635 38.807209 36.115169
 269.000000 0.329323 35.001582 36.115169
 269.200000 0.325822 36.570041 36.115169
 269.400000 0.330895 34.813986 36.115169
 269.600000 0.336553 32.819133 36.115169
 269.800000 0.334684 33.470321 36.115169
 270.000000 0.342055 31.001982 36.571895
 270.200000 0.348659 29.457565 36.571895
 270.400000 0.337197 33.015186 36.571895
 270.600000 0.326810 36.500255 36.571895
 270.800000 0.341336 31.668545 36.571895
 271.000000 0.305101 40.065234 36.571895
 271.200000 0.307909 40.328606 36.571895
 271.400000 0.314926 39.687994 36.571895
 271.600000 0.325495 37.033039 36.571895
 271.800000 0.318063 39.091771 36.571895
 272.000000 0.323920 37.529380 36.571895
 272.200000 0.324197 37.772691 36.571895
 272.400000 0.331083 35.441919 36.571895
 272.600000 0.320243 38.890469 36.571895
 272.800000 0.303205 40.458175 36.571895
 273.000000 0.305527 40.515271 36.571895
 273.200000 0.300243 40.608369 36.571895
 273.400000 0.322465 38.442692 36.571895
 273.600000 0.323318 38.182995 36.571895
 273.800000 0.294978 40.341422 36.571895
 274.000000 0.292874 40.257285 36.571895
 274.200000 0.306485 41.003725 36.571895
 274.400000 0.309696 40.891389 36.571895
 274.600000 0.301238 40.907129 36.571895
 274.800000 0.311624 40.737108 36.571895
 275.000000 0.314842 40.311624 37.374388
 275.200000 0.304412 41.225043 37.374388
 275.400000 0.298852 40.968395 37.374388
 275.600000 0.305995 41.250967 37.374388
 275.800000 0.312454 40.934821 37.374388
 276.000000 0.323686 38.346796 37.374388
 276.200000 0.313583 41.045844 37.374388
 276.400000 0.302806 41.291559 37.374388
 276.600000 0.296997 40.926088 37.374388
 276.800000 0.295310 40.820457 37.374388
 277.000000 0.289273 40.538224 37.374388
 277.200000 0.295165 41.077951 37.374388
 277.400000 0.309655 41.485950 37.374388
 277.600000 0.299175 41.301210 37.374388
 277.800000 0.311026 41.395996 37.374388
 278.000000 0.313665 41.111702 37.374388
 278.200000 0.332176 35.672915 37.374388
 278.400000 0.346194 30.462174 37.374388
 278.600000 0.349465 29.415734 37.374388
 278.800000 0.351056 28.924522 37.374388
 279.000000 0.357134 27.108814 37.374388
 279.200000 0.329584 36.800259 37.374388
 279.400000 0.333512 35.290071 37.374388
 279.600000 0.330895 36.297283 37.374388
 279.800000 0.341875 32.255752 37.374388
 280.000000 0.341215 32.479476 37.871578
