#! FIELDS time d metad.bias metad.rct
 0.000000 0.191229 0.000000 0.000000
 0.200000 0.201173 0.000000 0.000000
 0.400000 0.230013 0.000000 0.000000
 0.600000 0.242309 0.000000 0.000000
 0.800000 0.232200 0.000000 0.000000
 1.000000 0.233877 0.000000 0.000000
 1.200000 0.252981 0.775833 0.000000
 1.400000 0.256161 0.578211 0.000000
 1.600000 0.253495 0.742154 0.000000
 1.800000 0.262117 0.294608 0.000000
 2.000000 0.258099 0.472671 0.000000
 2.200000 0.264000 1.815734 0.000000
 2.400000 0.267122 1.576438 0.000000
 2.600000 0.255863 2.290087 0.000000
 2.800000 0.273347 1.072405 0.000000
 3.000000 0.280739 0.556258 0.000000
 3.200000 0.262752 2.734608 0.000000
 3.400000 0.263582 2.731962 0.000000
 3.600000 0.269267 2.676446 0.000000
 3.800000 0.274695 2.541286 0.000000
 4.000000 0.289733 1.608154 0.000000
 4.200000 0.306123 1.307442 0.000000
 4.400000 0.304540 1.492847 0.000000
 4.600000 0.298513 2.258687 0.000000
 4.800000 0.262644 3.051284 0.000000
 5.000000 0.270444 3.365863 1.269904
 5.200000 0.260766 4.208980 1.269904
 5.400000 0.243653 2.882893 1.269904
 5.600000 0.273014 4.951775 1.269904
 5.800000 0.279832 4.861860 1.269904
 6.000000 0.287461 4.193712 1.269904
 6.200000 0.281775 6.098553 1.269904
 6.400000 0.290613 5.189020 1.269904
 6.600000 0.284611 5.935882 1.269904
 6.800000 0.285961 5.813631 1.269904
 7.000000 0.275618 6.034760 1.269904
 7.200000 0.235062 2.405464 1.269904
 7.400000 0.239891 2.744537 1.269904
 7.600000 0.263345 5.776311 1.269904
 7.800000 0.260927 5.351154 1.269904
 8.000000 0.248627 3.517953 1.269904
 8.200000 0.242823 4.355966 1.269904
 8.400000 0.264712 6.854023 1.269904
 8.600000 0.268430 7.238339 1.269904
 8.800000 0.265166 6.904137 1.269904
 9.000000 0.258872 6.178509 1.269904
 9.200000 0.244178 5.334214 1.269904
 9.400000 0.254493 6.945485 1.269904
 9.600000 0.247049 5.811306 1.269904
 9.800000 0.258392 7.450619 1.269904
 10.000000 0.265953 8.177758 4.108116
 10.200000 0.244768 5.880335 4.108116
 10.400000 0.254651 7.882170 4.108116
 10.600000 0.261452 8.952231 4.108116
 10.800000 0.239720 4.834454 4.108116
 11.000000 0.236590 4.211258 4.108116
 11.200000 0.221058 2.481391 4.108116
 11.400000 0.221035 2.476995 4.108116
 11.600000 0.227588 3.805548 4.108116
 11.800000 0.236718 5.686782 4.108116
 12.000000 0.238910 6.104168 4.108116
 12.200000 0.233147 6.211147 4.108116
 12.400000 0.231996 5.933783 4.108116
 12.600000 0.229382 5.274565 4.108116
 12.800000 0.236543 6.969543 4.108116
 13.000000 0.243205 8.148713 4.108116
 13.200000 0.223401 4.226368 4.108116
 13.400000 0.228217 5.710015 4.108116
 13.600000 0.245926 9.710742 4.108116
 13.800000 0.244047 9.483502 4.108116
 14.000000 0.269081 10.124491 4.108116
 14.200000 0.284524 8.712870 4.108116
 14.400000 0.311927 1.243292 4.108116
 14.600000 0.310772 1.421693 4.108116
 14.800000 0.307734 1.974966 4.108116
 15.000000 0.316759 0.669494 6.167972
 15.200000 0.301761 4.437463 6.167972
 15.400000 0.272301 11.022372 6.167972
 15.600000 0.246258 10.095009 6.167972
 15.800000 0.245721 10.018324 6.167972
 16.000000 0.266547 11.332308 6.167972
 16.200000 0.268937 12.296701 6.167972
 16.400000 0.285277 9.171961 6.167972
 16.600000 0.280892 10.384556 6.167972
 16.800000 0.291979 7.122555 6.167972
 17.000000 0.270876 12.151804 6.167972
 17.200000 0.270088 13.235640 6.167972
 17.400000 0.252135 11.889113 6.167972
 17.600000 0.239005 9.072005 6.167972
 17.800000 0.228509 5.884553 6.167972
 18.000000 0.233816 7.578629 6.167972
 18.200000 0.240672 10.628139 6.167972
 18.400000 0.247969 11.924383 6.167972
 18.600000 0.265445 13.487385 6.167972
 18.800000 0.267374 13.458373 6.167972
 19.000000 0.277440 12.117590 6.167972
 19.200000 0.295814 6.729219 6.167972
 19.400000 0.301435 4.982536 6.167972
 19.600000 0.288633 9.429304 6.167972
 19.800000 0.299179 5.628845 6.167972
 20.000000 0.311999 2.948175 8.708449
 20.200000 0.298162 6.946856 8.708449
 20.400000 0.286297 10.675092 8.708449
 20.600000 0.300353 6.417115 8.708449
 20.800000 0.329422 2.047163 8.708449
 21.000000 0.328056 2.246601 8.708449
 21.200000 0.329122 3.669886 8.708449
 21.400000 0.300741 6.629250 8.708449
 21.600000 0.289398 9.678068 8.708449
 21.800000 0.302958 6.259041 8.708449
 22.000000 0.300055 6.760200 8.708449
 22.200000 0.274599 14.078173 8.708449
 22.400000 0.282994 12.442405 8.708449
 22.600000 0.301673 7.751434 8.708449
 22.800000 0.293980 9.440801 8.708449
 23.000000 0.282783 12.495936 8.708449
 23.200000 0.272034 15.092398 8.708449
 23.400000 0.282568 13.553131 8.708449
 23.600000 0.310133 6.724389 8.708449
 23.800000 0.299952 8.595476 8.708449
 24.000000 0.290922 11.124480 8.708449
 24.200000 0.272227 15.575643 8.708449
 24.400000 0.245754 11.747059 8.708449
 24.600000 0.249099 12.354469 8.708449
 24.800000 0.250769 12.648692 8.708449
 25.000000 0.266410 15.204444 10.720241
 25.200000 0.292571 11.873533 10.720241
 25.400000 0.324256 4.802866 10.720241
 25.600000 0.353665 0.474986 10.720241
 25.800000 0.355484 0.372540 10.720241
 26.000000 0.347647 0.968194 10.720241
 26.200000 0.353467 2.041675 10.720241
 26.400000 0.342012 3.226903 10.720241
 26.600000 0.311296 7.078372 10.720241
 26.800000 0.295683 10.853400 10.720241
 27.000000 0.307659 7.729369 10.720241
 27.200000 0.326624 5.557771 10.720241
 27.400000 0.337270 3.912721 10.720241
 27.600000 0.335260 4.189985 10.720241
 27.800000 0.320352 6.660219 10.720241
 28.000000 0.315213 7.577235 10.720241
 28.200000 0.336091 4.546072 10.720241
 28.400000 0.339295 3.990721 10.720241
 28.600000 0.334375 4.868169 10.720241
 28.800000 0.332177 5.304975 10.720241
 29.000000 0.321944 7.505945 10.720241
 29.200000 0.315822 9.868479 10.720241
 29.400000 0.305326 11.120772 10.720241
 29.600000 0.294350 12.822587 10.720241
 29.800000 0.289384 13.919846 10.720241
 30.000000 0.268858 16.361991 11.693433
 30.200000 0.255968 14.844367 11.693433
 30.400000 0.253793 14.312201 11.693433
 30.600000 0.277662 16.899135 11.693433
 30.800000 0.296255 12.605395 11.693433
 31.000000 0.309977 10.630122 11.693433
 31.200000 0.329888 7.322117 11.693433
 31.400000 0.325566 8.574755 11.693433
 31.600000 0.312615 11.388455 11.693433
 31.800000 0.299404 12.858466 11.693433
 32.000000 0.278954 16.825142 11.693433
 32.200000 0.261709 16.586523 11.693433
 32.400000 0.243829 11.919177 11.693433
 32.600000 0.248906 13.226846 11.693433
 32.800000 0.239553 10.758125 11.693433
 33.000000 0.217302 3.247247 11.693433
 33.200000 0.219046 5.284101 11.693433
 33.400000 0.242779 11.998690 11.693433
 33.600000 0.241734 11.762812 11.693433
 33.800000 0.244938 12.481963 11.693433
 34.000000 0.243172 12.086751 11.693433
 34.200000 0.244371 13.373253 11.693433
 34.400000 0.248421 14.235784 11.693433
 34.600000 0.235014 11.013186 11.693433
 34.800000 0.222409 6.724404 11.693433
 35.000000 0.202069 1.435742 12.755854
 35.200000 0.199567 2.724007 12.755854
 35.400000 0.208846 4.160315 12.755854
 35.600000 0.238638 12.099444 12.755854
 35.800000 0.230050 9.712892 12.755854
 36.000000 0.227440 8.909227 12.755854
 36.200000 0.212527 5.586992 12.755854
 36.400000 0.197059 2.535367 12.755854
 36.600000 0.199449 2.912138 12.755854
 36.800000 0.221548 8.215217 12.755854
 37.000000 0.215048 6.259419 12.755854
 37.200000 0.214884 7.538120 12.755854
 37.400000 0.224964 10.370320 12.755854
 37.600000 0.216348 7.946558 12.755854
 37.800000 0.214896 7.541414 12.755854
 38.000000 0.217038 8.140400 12.755854
 38.200000 0.200920 4.689159 12.755854
 38.400000 0.196243 3.478950 12.755854
 38.600000 0.191967 2.521398 12.755854
 38.800000 0.181208 0.881396 12.755854
 39.000000 0.187463 1.697831 12.755854
 39.200000 0.209716 7.764593 12.755854
 39.400000 0.232165 12.903379 12.755854
 39.600000 0.220588 10.471372 12.755854
 39.800000 0.192714 4.202962 12.755854
 40.000000 0.219315 10.157754 12.991869
 40.200000 0.229880 13.371454 12.991869
 40.400000 0.225418 12.622201 12.991869
 40.600000 0.231402 13.578838 12.991869
 40.800000 0.251618 15.493354 12.991869
 41.000000 0.256171 16.209301 12.991869
 41.200000 0.267570 18.675680 12.991869
 41.400000 0.291902 14.753217 12.991869
 41.600000 0.312321 11.496876 12.991869
 41.800000 0.335370 5.775985 12.991869
 42.000000 0.335513 5.738090 12.991869
 42.200000 0.330184 8.508858 12.991869
 42.400000 0.334974 7.236713 12.991869
 42.600000 0.327314 9.243416 12.991869
 42.800000 0.338055 6.424154 12.991869
 43.000000 0.305202 12.567804 12.991869
 43.200000 0.280527 17.917099 12.991869
 43.400000 0.279773 18.053814 12.991869
 43.600000 0.311322 12.924923 12.991869
 43.800000 0.308003 13.292649 12.991869
 44.000000 0.290921 15.649113 12.991869
 44.200000 0.312280 13.118872 12.991869
 44.400000 0.310412 13.406696 12.991869
 44.600000 0.308468 13.683781 12.991869
 44.800000 0.296456 15.429231 12.991869
 45.000000 0.300603 14.755802 14.350646
 45.200000 0.303716 15.206257 14.350646
 45.400000 0.314741 13.275786 14.350646
 45.600000 0.314834 13.255118 14.350646
 45.800000 0.311225 13.989833 14.350646
 46.000000 0.302405 15.397855 14.350646
 46.200000 0.281829 19.144594 14.350646
 46.400000 0.259492 17.770100 14.350646
 46.600000 0.259081 17.691237 14.350646
 46.800000 0.263571 18.517558 14.350646
 47.000000 0.258850 17.646913 14.350646
 47.200000 0.249833 16.724274 14.350646
 47.400000 0.251719 17.063670 14.350646
 47.600000 0.274886 20.010309 14.350646
 47.800000 0.287498 18.540614 14.350646
 48.000000 0.282836 19.252848 14.350646
 48.200000 0.292178 18.406881 14.350646
 48.400000 0.308424 15.468397 14.350646
 48.600000 0.290428 18.724584 14.350646
 48.800000 0.267976 20.276287 14.350646
 49.000000 0.250977 17.004627 14.350646
 49.200000 0.252432 18.107069 14.350646
 49.400000 0.236570 15.267666 14.350646
 49.600000 0.239411 15.764512 14.350646
 49.800000 0.240802 16.003768 14.350646
 50.000000 0.225356 12.965906 15.977785
 50.200000 0.221850 13.049774 15.977785
 50.400000 0.211875 9.972697 15.977785
 50.600000 0.206667 8.280524 15.977785
 50.800000 0.211062 9.706443 15.977785
 51.000000 0.206534 8.238412 15.977785
 51.200000 0.210230 10.609868 15.977785
 51.400000 0.227131 14.824895 15.977785
 51.600000 0.212386 11.263520 15.977785
 51.800000 0.199319 7.198383 15.977785
 52.000000 0.209375 10.344948 15.977785
 52.200000 0.202559 9.192184 15.977785
 52.400000 0.185569 3.901353 15.977785
 52.600000 0.164757 0.622222 15.977785
 52.800000 0.181034 2.862553 15.977785
 53.000000 0.200345 8.431474 15.977785
 53.200000 0.181809 3.585720 15.977785
 53.400000 0.177067 2.468891 15.977785
 53.600000 0.193425 7.211922 15.977785
 53.800000 0.193233 7.145261 15.977785
 54.000000 0.191610 6.586045 15.977785
 54.200000 0.201692 11.132302 15.977785
 54.400000 0.206918 12.527666 15.977785
 54.600000 0.209318 13.084674 15.977785
 54.800000 0.226282 15.611901 15.977785
 55.000000 0.232346 16.127808 16.184925
 55.200000 0.212911 14.180378 16.184925
 55.400000 0.225114 16.258127 16.184925
 55.600000 0.223488 16.046701 16.184925
 55.800000 0.232535 16.995754 16.184925
 56.000000 0.220001 15.527124 16.184925
 56.200000 0.235079 17.707688 16.184925
 56.400000 0.234225 17.678933 16.184925
 56.600000 0.226595 17.229233 16.184925
 56.800000 0.212967 14.977480 16.184925
 57.000000 0.196595 9.865325 16.184925
 57.200000 0.183006 5.802689 16.184925
 57.400000 0.199198 11.902394 16.184925
 57.600000 0.209153 14.772978 16.184925
 57.800000 0.211980 15.399470 16.184925
 58.000000 0.214771 15.936075 16.184925
 58.200000 0.213310 16.521251 16.184925
 58.400000 0.210623 15.937650 16.184925
 58.600000 0.220105 17.556587 16.184925
 58.800000 0.208452 15.391627 16.184925
 59.000000 0.223952 17.880509 16.184925
 59.200000 0.232797 18.763701 16.184925
 59.400000 0.236553 18.635738 16.184925
 59.600000 0.229098 18.819494 16.184925
 59.800000 0.216753 17.825746 16.184925
 60.000000 0.210866 16.533482 16.719267
 60.200000 0.214378 18.184099 16.719267
 60.400000 0.241995 18.580775 16.719267
 60.600000 0.273449 20.944314 16.719267
 60.800000 0.276345 20.821354 16.719267
 61.000000 0.270086 20.903853 16.719267
 61.200000 0.252744 19.317482 16.719267
 61.400000 0.272211 21.634830 16.719267
 61.600000 0.295087 18.062906 16.719267
 61.800000 0.314158 14.141390 16.719267
 62.000000 0.325681 10.587731 16.719267
 62.200000 0.317315 14.198766 16.719267
 62.400000 0.308639 16.019271 16.719267
 62.600000 0.310724 15.648572 16.719267
 62.800000 0.312751 15.252943 16.719267
 63.000000 0.305633 16.506008 16.719267
 63.200000 0.306154 17.262997 16.719267
 63.400000 0.290528 19.574693 16.719267
 63.600000 0.277771 21.467086 16.719267
 63.800000 0.294564 18.931294 16.719267
 64.000000 0.315112 15.424724 16.719267
 64.200000 0.312971 16.823188 16.719267
 64.400000 0.304362 18.218026 16.719267
 64.600000 0.279842 21.302475 16.719267
 64.800000 0.261817 20.724953 16.719267
 65.000000 0.253225 19.380074 17.700631
 65.200000 0.251056 19.849839 17.700631
 65.400000 0.233990 19.341789 17.700631
 65.600000 0.240813 19.242575 17.700631
 65.800000 0.254349 20.271277 17.700631
 66.000000 0.234852 19.320065 17.700631
 66.200000 0.231885 20.118294 17.700631
 66.400000 0.253412 20.486464 17.700631
 66.600000 0.234554 20.067433 17.700631
 66.800000 0.233428 20.092748 17.700631
 67.000000 0.237306 19.996215 17.700631
 67.200000 0.275085 21.975801 17.700631
 67.400000 0.268803 22.135594 17.700631
 67.600000 0.246492 20.579478 17.700631
 67.800000 0.266566 22.050496 17.700631
 68.000000 0.272913 22.100848 17.700631
 68.200000 0.270285 22.796888 17.700631
 68.400000 0.269064 22.773681 17.700631
 68.600000 0.273679 22.718189 17.700631
 68.800000 0.271708 22.790082 17.700631
 69.000000 0.283242 21.491822 17.700631
 69.200000 0.297372 19.566976 17.700631
 69.400000 0.303549 18.659009 17.700631
 69.600000 0.304920 18.454744 17.700631
 69.800000 0.311636 17.239494 17.700631
 70.000000 0.315972 16.144556 18.938206
 70.200000 0.320112 15.646977 18.938206
 70.400000 0.350656 3.863676 18.938206
 70.600000 0.341632 6.656327 18.938206
 70.800000 0.343549 5.984176 18.938206
 71.000000 0.346496 5.035718 18.938206
 71.200000 0.346155 6.538418 18.938206
 71.400000 0.357699 3.358688 18.938206
 71.600000 0.353249 4.491718 18.938206
 71.800000 0.344651 7.005393 18.938206
 72.000000 0.337143 9.543041 18.938206
 72.200000 0.351116 5.819829 18.938206
 72.400000 0.353947 4.915441 18.938206
 72.600000 0.349191 6.458405 18.938206
 72.800000 0.351059 5.838590 18.938206
 73.000000 0.356830 4.051714 18.938206
 73.200000 0.365679 3.137421 18.938206
 73.400000 0.347158 8.334476 18.938206
 73.600000 0.355157 5.996801 18.938206
 73.800000 0.359312 4.806664 18.938206
 74.000000 0.357916 5.201208 18.938206
 74.200000 0.341820 10.673848 18.938206
 74.400000 0.349313 8.883112 18.938206
 74.600000 0.339671 11.195829 18.938206
 74.800000 0.330933 13.543205 18.938206
 75.000000 0.319594 16.801304 18.992537
 75.200000 0.333686 13.291388 18.992537
 75.400000 0.319689 17.604862 18.992537
 75.600000 0.321993 16.978024 18.992537
 75.800000 0.330089 14.437719 18.992537
 76.000000 0.331139 14.098480 18.992537
 76.200000 0.325868 16.679857 18.992537
 76.400000 0.321853 17.788738 18.992537
 76.600000 0.319923 18.250147 18.992537
 76.800000 0.334766 13.865363 18.992537
 77.000000 0.334281 14.020948 18.992537
 77.200000 0.333600 15.175592 18.992537
 77.400000 0.352675 8.871311 18.992537
 77.600000 0.322479 18.315139 18.992537
 77.800000 0.300465 20.221336 18.992537
 78.000000 0.302604 20.149919 18.992537
 78.200000 0.298876 20.987551 18.992537
 78.400000 0.303978 20.825635 18.992537
 78.600000 0.275679 23.335931 18.992537
 78.800000 0.277202 23.245315 18.992537
 79.000000 0.308037 20.686053 18.992537
 79.200000 0.297628 21.593124 18.992537
 79.400000 0.274369 23.438575 18.992537
 79.600000 0.271135 23.403256 18.992537
 79.800000 0.283261 22.772073 18.992537
 80.000000 0.283558 22.738458 19.776620
 80.200000 0.288657 22.771370 19.776620
 80.400000 0.285866 23.102234 19.776620
 80.600000 0.284456 23.270206 19.776620
 80.800000 0.285068 23.197823 19.776620
 81.000000 0.267818 23.553745 19.776620
 81.200000 0.251251 21.436588 19.776620
 81.400000 0.267296 24.103981 19.776620
 81.600000 0.258227 22.559788 19.776620
 81.800000 0.266678 24.024256 19.776620
 82.000000 0.251710 21.494673 19.776620
 82.200000 0.250228 21.985418 19.776620
 82.400000 0.254753 22.601500 19.776620
 82.600000 0.238506 21.286602 19.776620
 82.800000 0.244772 21.518299 19.776620
 83.000000 0.255131 22.660579 19.776620
 83.200000 0.275109 24.968341 19.776620
 83.400000 0.269745 25.079163 19.776620
 83.600000 0.240581 21.737763 19.776620
 83.800000 0.250683 22.648941 19.776620
 84.000000 0.251034 22.695523 19.776620
 84.200000 0.245252 22.651747 19.776620
 84.400000 0.251901 23.450086 19.776620
 84.600000 0.276850 24.965098 19.776620
 84.800000 0.271839 25.342659 19.776620
 85.000000 0.261598 24.809526 21.333513
 85.200000 0.241136 22.509169 21.333513
 85.400000 0.237150 22.135157 21.333513
 85.600000 0.258199 24.923608 21.333513
 85.800000 0.268528 25.872545 21.333513
 86.000000 0.259310 25.086633 21.333513
 86.200000 0.241225 22.794388 21.333513
 86.400000 0.245910 23.437756 21.333513
 86.600000 0.251888 24.424322 21.333513
 86.800000 0.257698 25.416552 21.333513
 87.000000 0.248744 23.886327 21.333513
 87.200000 0.244260 23.774250 21.333513
 87.400000 0.256697 25.779343 21.333513
 87.600000 0.248542 24.456938 21.333513
 87.800000 0.240723 23.255880 21.333513
 88.000000 0.249953 24.691535 21.333513
 88.200000 0.254431 25.988341 21.333513
 88.400000 0.237463 23.226560 21.333513
 88.600000 0.236865 23.135089 21.333513
 88.800000 0.237201 23.186442 21.333513
 89.000000 0.250549 25.373550 21.333513
 89.200000 0.243967 24.780703 21.333513
 89.400000 0.253226 26.361239 21.333513
 89.600000 0.252207 26.205783 21.333513
 89.800000 0.238210 23.744377 21.333513
 90.000000 0.249536 25.768078 22.975609
 90.200000 0.246577 25.795351 22.975609
 90.400000 0.256142 27.262906 22.975609
 90.600000 0.250773 26.529082 22.975609
 90.800000 0.258618 27.487779 22.975609
 91.000000 0.260406 27.593893 22.975609
 91.200000 0.266078 28.053597 22.975609
 91.400000 0.256386 27.782651 22.975609
 91.600000 0.271729 27.379219 22.975609
 91.800000 0.264416 28.134157 22.975609
 92.000000 0.273375 27.078274 22.975609
 92.200000 0.277253 26.734479 22.975609
 92.400000 0.294502 22.703189 22.975609
 92.600000 0.281736 25.553340 22.975609
 92.800000 0.300185 22.111976 22.975609
 93.000000 0.309539 21.482948 22.975609
 93.200000 0.308764 22.221627 22.975609
 93.400000 0.288962 23.975132 22.975609
 93.600000 0.293248 23.264483 22.975609
 93.800000 0.304850 22.457708 22.975609
 94.000000 0.294864 23.068849 22.975609
 94.200000 0.285597 25.226850 22.975609
 94.400000 0.309260 22.574584 22.975609
 94.600000 0.322004 19.800160 22.975609
 94.800000 0.336241 14.649174 22.975609
 95.000000 0.346156 11.136234 23.913258
 95.200000 0.358560 7.616904 23.913258
 95.400000 0.356742 8.315012 23.913258
 95.600000 0.351313 10.364305 23.913258
 95.800000 0.361884 6.354158 23.913258
 96.000000 0.370736 3.364466 23.913258
 96.200000 0.372289 4.431808 23.913258
 96.400000 0.382786 2.013078 23.913258
 96.600000 0.382303 2.100527 23.913258
 96.800000 0.366526 6.137662 23.913258
 97.000000 0.349214 11.663049 23.913258
 97.200000 0.362186 8.236818 23.913258
 97.400000 0.370604 5.284137 23.913258
 97.600000 0.383409 1.979050 23.913258
 97.800000 0.366903 6.538768 23.913258
 98.000000 0.367499 6.330473 23.913258
 98.200000 0.383898 2.615259 23.913258
 98.400000 0.402142 0.282792 23.913258
 98.600000 0.388054 1.758435 23.913258
 98.800000 0.363652 8.979863 23.913258
 99.000000 0.372929 5.788698 23.913258
 99.200000 0.368524 8.589008 23.913258
 99.400000 0.373611 6.913413 23.913258
 99.600000 0.390916 1.950358 23.913258
 99.800000 0.394460 1.327919 23.913258
 100.000000 0.368187 8.696989 23.871682
 100.200000 0.342506 15.403304 23.871682
 100.400000 0.341149 15.654741 23.871682
 100.600000 0.342358 15.430354 23.871682
 100.800000 0.325348 19.432924 23.871682
 101.000000 0.338673 16.141524 23.871682
 101.200000 0.340722 16.580655 23.871682
 101.400000 0.344870 15.768561 23.871682
 101.600000 0.341817 16.363982 23.871682
 101.800000 0.356481 13.342089 23.871682
 102.000000 0.365068 11.014554 23.871682
 102.200000 0.352836 14.930325 23.871682
 102.400000 0.342807 16.524432 23.871682
 102.600000 0.321149 20.973422 23.871682
 102.800000 0.323954 20.355219 23.871682
 103.000000 0.332048 18.522077 23.871682
 103.200000 0.336003 18.454708 23.871682
 103.400000 0.331202 19.471385 23.871682
 103.600000 0.334895 18.684545 23.871682
 103.800000 0.341438 17.377152 23.871682
 104.000000 0.328340 20.092322 23.871682
 104.200000 0.333882 19.565298 23.871682
 104.400000 0.344072 17.292134 23.871682
 104.600000 0.353000 15.374005 23.871682
 104.800000 0.345763 16.929932 23.871682
 105.000000 0.330473 20.337112 23.931808
 105.200000 0.320682 22.846047 23.931808
 105.400000 0.309860 23.588459 23.931808
 105.600000 0.321186 22.777029 23.931808
 105.800000 0.317017 23.255927 23.931808
 106.000000 0.337167 19.458635 23.931808
 106.200000 0.334453 20.841429 23.931808
 106.400000 0.316229 23.598716 23.931808
 106.600000 0.311789 23.726721 23.931808
 106.800000 0.287055 24.954963 23.931808
 107.000000 0.289401 24.531810 23.931808
 107.200000 0.303513 24.003227 23.931808
 107.400000 0.304832 23.992972 23.931808
 107.600000 0.321397 23.229036 23.931808
 107.800000 0.306483 23.985936 23.931808
 108.000000 0.318299 23.554530 23.931808
 108.200000 0.321477 23.818572 23.931808
 108.400000 0.316920 24.277801 23.931808
 108.600000 0.317157 24.260735 23.931808
 108.800000 0.324792 23.316237 23.931808
 109.000000 0.337730 20.321795 23.931808
 109.200000 0.332784 22.281106 23.931808
 109.400000 0.342514 19.669984 23.931808
 109.600000 0.331357 22.603275 23.931808
 109.800000 0.318071 24.486449 23.931808
 110.000000 0.307686 24.550816 24.361468
 110.200000 0.307635 25.135581 24.361468
 110.400000 0.322354 24.479971 24.361468
 110.600000 0.364052 12.869243 24.361468
 110.800000 0.355237 15.791999 24.361468
 111.000000 0.324920 24.087652 24.361468
 111.200000 0.299724 25.053937 24.361468
 111.400000 0.295045 25.070517 24.361468
 111.600000 0.300664 25.082148 24.361468
 111.800000 0.286215 25.987697 24.361468
 112.000000 0.287862 25.735390 24.361468
 112.200000 0.305007 25.582940 24.361468
 112.400000 0.295377 25.549503 24.361468
 112.600000 0.302155 25.495340 24.361468
 112.800000 0.306904 25.651115 24.361468
 113.000000 0.309959 25.738383 24.361468
 113.200000 0.319789 25.858213 24.361468
 113.400000 0.349808 17.644113 24.361468
 113.600000 0.357794 15.036694 24.361468
 113.800000 0.341690 20.333546 24.361468
 114.000000 0.346253 18.818862 24.361468
 114.200000 0.334464 23.188960 24.361468
 114.400000 0.306176 26.183852 24.361468
 114.600000 0.296921 25.873957 24.361468
 114.800000 0.280306 27.630497 24.361468
 115.000000 0.278633 27.898676 25.095672
 115.200000 0.272990 29.127594 25.095672
 115.400000 0.280275 28.137558 25.095672
 115.600000 0.275890 28.801545 25.095672
 115.800000 0.292942 26.320604 25.095672
 116.000000 0.277815 28.529503 25.095672
 116.200000 0.261555 29.348269 25.095672
 116.400000 0.272609 29.623695 25.095672
 116.600000 0.299101 26.268783 25.095672
 116.800000 0.313545 26.424055 25.095672
 117.000000 0.312692 26.438666 25.095672
 117.200000 0.336204 22.864281 25.095672
 117.400000 0.382532 5.402249 25.095672
 117.600000 0.401340 0.700022 25.095672
 117.800000 0.392017 2.292245 25.095672
 118.000000 0.381996 5.617855 25.095672
 118.200000 0.398862 1.716880 25.095672
 118.400000 0.414938 0.176248 25.095672
 118.600000 0.408729 0.482539 25.095672
 118.800000 0.409838 0.407943 25.095672
 119.000000 0.406285 0.685422 25.095672
 119.200000 0.389004 5.211731 25.095672
 119.400000 0.393909 4.056124 25.095672
 119.600000 0.405274 2.479991 25.095672
 119.800000 0.381155 7.736701 25.095672
 120.000000 0.379663 8.283103 25.479122
 120.200000 0.379775 9.451638 25.479122
 120.400000 0.399171 3.693375 25.479122
 120.600000 0.373584 11.688069 25.479122
 120.800000 0.365035 14.378382 25.479122
 121.000000 0.366786 13.867265 25.479122
 121.200000 0.378698 10.538128 25.479122
 121.400000 0.388423 6.724417 25.479122
 121.600000 0.388999 6.523713 25.479122
 121.800000 0.366606 14.863844 25.479122
 122.000000 0.346750 20.026487 25.479122
 122.200000 0.331589 24.668113 25.479122
 122.400000 0.349707 19.929528 25.479122
 122.600000 0.359838 17.167605 25.479122
 122.800000 0.352686 19.114559 25.479122
 123.000000 0.359517 17.256935 25.479122
 123.200000 0.362519 17.202645 25.479122
 123.400000 0.360016 17.929036 25.479122
 123.600000 0.359650 18.031131 25.479122
 123.800000 0.369303 14.914980 25.479122
 124.000000 0.385356 8.066659 25.479122
 124.200000 0.367791 16.084969 25.479122
 124.400000 0.368840 15.753196 25.479122
 124.600000 0.354055 19.638496 25.479122
 124.800000 0.348816 20.863886 25.479122
 125.000000 0.350170 20.546233 25.518183
 125.200000 0.350504 21.168489 25.518183
 125.400000 0.350134 21.255465 25.518183
 125.600000 0.343241 22.807336 25.518183
 125.800000 0.337374 24.033228 25.518183
 126.000000 0.329626 25.477918 25.518183
 126.200000 0.348001 22.013760 25.518183
 126.400000 0.354797 20.270610 25.518183
 126.600000 0.365975 17.061627 25.518183
 126.800000 0.341543 23.581438 25.518183
 127.000000 0.321992 27.058508 25.518183
 127.200000 0.303255 27.099396 25.518183
 127.400000 0.314056 27.841049 25.518183
 127.600000 0.308060 27.496300 25.518183
 127.800000 0.303740 27.136654 25.518183
 128.000000 0.330448 26.345219 25.518183
 128.200000 0.355255 20.331113 25.518183
 128.400000 0.342473 23.960140 25.518183
 128.600000 0.346627 22.793494 25.518183
 128.800000 0.341886 24.122328 25.518183
 129.000000 0.341830 24.137688 25.518183
 129.200000 0.366109 17.215390 25.518183
 129.400000 0.392279 6.661488 25.518183
 129.600000 0.399424 4.544564 25.518183
 129.800000 0.379061 12.062436 25.518183
 130.000000 0.397875 4.943594 25.892907
 130.200000 0.407715 4.014811 25.892907
 130.400000 0.407211 4.122739 25.892907
 130.600000 0.394239 7.373791 25.892907
 130.800000 0.364734 17.809477 25.892907
 131.000000 0.358981 19.613577 25.892907
 131.200000 0.359545 20.170023 25.892907
 131.400000 0.346273 23.976343 25.892907
 131.600000 0.356128 21.204143 25.892907
 131.800000 0.352488 22.260853 25.892907
 132.000000 0.348531 23.367545 25.892907
 132.200000 0.338654 26.363647 25.892907
 132.400000 0.326880 28.150768 25.892907
 132.600000 0.330357 27.762590 25.892907
 132.800000 0.330270 27.773829 25.892907
 133.000000 0.329803 27.833000 25.892907
 133.200000 0.341207 26.193946 25.892907
 133.400000 0.341542 26.111730 25.892907
 133.600000 0.338394 26.846459 25.892907
 133.800000 0.338794 26.757967 25.892907
 134.000000 0.354529 22.372919 25.892907
 134.200000 0.354864 22.911148 25.892907
 134.400000 0.344750 25.804180 25.892907
 134.600000 0.337312 27.411353 25.892907
 134.800000 0.341360 26.595485 25.892907
 135.000000 0.354874 22.907932 26.218576
 135.200000 0.379388 13.266750 26.218576
 135.400000 0.370612 17.318070 26.218576
 135.600000 0.344250 26.417152 26.218576
 135.800000 0.341510 26.986100 26.218576
 136.000000 0.345071 26.233760 26.218576
 136.200000 0.343818 27.053262 26.218576
 136.400000 0.344031 27.007666 26.218576
 136.600000 0.333984 28.618482 26.218576
 136.800000 0.342000 27.422003 26.218576
 137.000000 0.323908 29.193728 26.218576
 137.200000 0.319339 29.543813 26.218576
 137.400000 0.306127 27.926407 26.218576
 137.600000 0.301978 27.378668 26.218576
 137.800000 0.318107 29.462672 26.218576
 138.000000 0.306163 27.931787 26.218576
 138.200000 0.303876 28.108006 26.218576
 138.400000 0.299291 27.586896 26.218576
 138.600000 0.301304 27.785655 26.218576
 138.800000 0.305385 28.321919 26.218576
 139.000000 0.290406 27.523810 26.218576
 139.200000 0.296123 27.876357 26.218576
 139.400000 0.312586 29.507473 26.218576
 139.600000 0.313736 29.620849 26.218576
 139.800000 0.318131 29.923231 26.218576
 140.000000 0.305445 28.640829 27.052579
 140.200000 0.300958 28.615683 27.052579
 140.400000 0.312918 29.973039 27.052579
 140.600000 0.302613 28.790153 27.052579
 140.800000 0.285914 28.690427 27.052579
 141.000000 0.293021 28.244296 27.052579
 141.200000 0.285604 29.162551 27.052579
 141.400000 0.285772 29.147414 27.052579
 141.600000 0.297917 28.839773 27.052579
 141.800000 0.293225 28.739074 27.052579
 142.000000 0.297988 28.843514 27.052579
 142.200000 0.306560 30.010896 27.052579
 142.400000 0.321315 30.501906 27.052579
 142.600000 0.314052 30.522041 27.052579
 142.800000 0.321977 30.471513 27.052579
 143.000000 0.299984 29.451420 27.052579
 143.200000 0.286892 29.741418 27.052579
 143.400000 0.287091 29.732730 27.052579
 143.600000 0.281432 30.049358 27.052579
 143.800000 0.319624 30.757457 27.052579
 144.000000 0.303014 30.153244 27.052579
 144.200000 0.301230 30.466865 27.052579
 144.400000 0.301171 30.462229 27.052579
 144.600000 0.302001 30.528401 27.052579
 144.800000 0.280994 30.230731 27.052579
 145.000000 0.302062 30.533309 28.093395
 145.200000 0.305107 31.215874 28.093395
 145.400000 0.322009 31.019048 28.093395
 145.600000 0.331538 29.754656 28.093395
 145.800000 0.319988 31.201509 28.093395
 146.000000 0.305482 31.242112 28.093395
 146.200000 0.316595 31.750627 28.093395
 146.400000 0.316495 31.756837 28.093395
 146.600000 0.314549 31.852262 28.093395
 146.800000 0.330089 30.095030 28.093395
 147.000000 0.325034 30.868823 28.093395
 147.200000 0.319922 31.897753 28.093395
 147.400000 0.318025 32.045567 28.093395
 147.600000 0.305702 31.884546 28.093395
 147.800000 0.289145 30.531801 28.093395
 148.000000 0.284361 30.477654 28.093395
 148.200000 0.299769 31.574215 28.093395
 148.400000 0.304994 31.997717 28.093395
 148.600000 0.292445 31.069232 28.093395
 148.800000 0.284936 30.925342 28.093395
 149.000000 0.280786 30.957766 28.093395
 149.200000 0.283069 31.372796 28.093395
 149.400000 0.300385 31.813158 28.093395
 149.600000 0.298819 31.708657 28.093395
 149.800000 0.284433 31.355322 28.093395
 150.000000 0.282722 31.377215 29.095341
 150.200000 0.283970 31.792144 29.095341
 150.400000 0.278077 31.816906 29.095341
 150.600000 0.271803 31.531279 29.095341
 150.800000 0.285052 31.775527 29.095341
 151.000000 0.303058 32.166274 29.095341
 151.200000 0.322679 31.826120 29.095341
 151.400000 0.328492 30.893342 29.095341
 151.600000 0.331936 30.247752 29.095341
 151.800000 0.332535 30.129922 29.095341
 152.000000 0.340201 28.458464 29.095341
 152.200000 0.336560 29.770405 29.095341
 152.400000 0.324431 31.852712 29.095341
 152.600000 0.291289 32.042129 29.095341
 152.800000 0.300408 32.454979 29.095341
 153.000000 0.291707 32.052261 29.095341
 153.200000 0.303244 32.928056 29.095341
 153.400000 0.325415 31.751249 29.095341
 153.600000 0.350600 25.945102 29.095341
 153.800000 0.370344 17.641431 29.095341
 154.000000 0.380566 12.777978 29.095341
 154.200000 0.388351 10.363893 29.095341
 154.400000 0.397706 6.952835 29.095341
 154.600000 0.390902 9.347298 29.095341
 154.800000 0.395087 7.819786 29.095341
 155.000000 0.400570 6.082046 29.634119
 155.200000 0.407538 5.448356 29.634119
 155.400000 0.399621 7.693554 29.634119
 155.600000 0.390563 10.546522 29.634119
 155.800000 0.407847 5.363259 29.634119
 156.000000 0.410364 4.681135 29.634119
 156.200000 0.402272 8.154657 29.634119
 156.400000 0.408185 6.676067 29.634119
 156.600000 0.386351 12.444413 29.634119
 156.800000 0.385810 12.624420 29.634119
 157.000000 0.372527 17.737506 29.634119
 157.200000 0.366937 20.772889 29.634119
 157.400000 0.392234 11.002559 29.634119
 157.600000 0.396637 9.738916 29.634119
 157.800000 0.394974 10.199593 29.634119
 158.000000 0.408260 6.701669 29.634119
 158.200000 0.388868 12.643389 29.634119
 158.400000 0.391647 11.884546 29.634119
 158.600000 0.408317 7.984722 29.634119
 158.800000 0.388172 12.847194 29.634119
 159.000000 0.393530 11.415959 29.634119
 159.200000 0.422705 3.842265 29.634119
 159.400000 0.443173 0.326445 29.634119
 159.600000 0.433836 1.248831 29.634119
 159.800000 0.442194 0.383249 29.634119
 160.000000 0.441324 0.440105 29.603010
 160.200000 0.409770 8.355927 29.603010
 160.400000 0.414483 6.933758 29.603010
 160.600000 0.413299 7.293374 29.603010
 160.800000 0.404524 9.829616 29.603010
 161.000000 0.408747 8.656067 29.603010
 161.200000 0.403816 11.141705 29.603010
 161.400000 0.398637 12.227481 29.603010
 161.600000 0.390914 13.701355 29.603010
 161.800000 0.402924 11.345645 29.603010
 162.000000 0.409677 9.571285 29.603010
 162.200000 0.416390 8.438000 29.603010
 162.400000 0.423647 5.879434 29.603010
 162.600000 0.415678 8.696760 29.603010
 162.800000 0.394161 13.735018 29.603010
 163.000000 0.383493 15.740323 29.603010
 163.200000 0.388601 15.443293 29.603010
 163.400000 0.396912 13.930071 29.603010
 163.600000 0.394646 14.324472 29.603010
 163.800000 0.402755 12.789967 29.603010
 164.000000 0.400460 13.271554 29.603010
 164.200000 0.420587 7.349202 29.603010
 164.400000 0.455115 1.167011 29.603010
 164.600000 0.470793 0.246296 29.603010
 164.800000 0.466446 0.419633 29.603010
 165.000000 0.450627 1.542867 29.567837
 165.200000 0.432360 4.510602 29.567837
 165.400000 0.413810 10.201808 29.567837
 165.600000 0.414912 9.768779 29.567837
 165.800000 0.443850 3.628948 29.567837
 166.000000 0.469950 0.985843 29.567837
 166.200000 0.461754 3.360924 29.567837
 166.400000 0.452831 3.843021 29.567837
 166.600000 0.452236 3.862061 29.567837
 166.800000 0.454506 3.780829 29.567837
 167.000000 0.447574 3.959018 29.567837
 167.200000 0.429786 5.709180 29.567837
 167.400000 0.431579 5.517836 29.567837
 167.600000 0.436153 5.313021 29.567837
 167.800000 0.424181 6.793719 29.567837
 168.000000 0.423215 7.054777 29.567837
 168.200000 0.412974 11.637710 29.567837
 168.400000 0.426056 7.602591 29.567837
 168.600000 0.431497 6.622188 29.567837
 168.800000 0.436277 6.185958 29.567837
 169.000000 0.445975 5.837373 29.567837
 169.200000 0.469990 3.515213 29.567837
 169.400000 0.474224 2.760549 29.567837
 169.600000 0.464551 4.568906 29.567837
 169.800000 0.436783 7.275545 29.567837
 170.000000 0.428222 7.813454 29.529753
 170.200000 0.425545 9.471563 29.529753
 170.400000 0.424662 9.634804 29.529753
 170.600000 0.446846 7.717836 29.529753
 170.800000 0.439119 8.219188 29.529753
 171.000000 0.437516 8.290943 29.529753
 171.200000 0.444576 8.995479 29.529753
 171.400000 0.460559 5.837225 29.529753
 171.600000 0.457075 6.689963 29.529753
 171.800000 0.443416 9.113314 29.529753
 172.000000 0.434957 9.612279 29.529753
 172.200000 0.414685 12.882335 29.529753
 172.400000 0.423914 11.452244 29.529753
 172.600000 0.431254 10.911895 29.529753
 172.800000 0.428480 11.061270 29.529753
 173.000000 0.419253 12.086510 29.529753
 173.200000 0.421096 12.822140 29.529753
 173.400000 0.424566 12.341661 29.529753
 173.600000 0.440336 10.800236 29.529753
 173.800000 0.446882 9.725783 29.529753
 174.000000 0.445852 9.931808 29.529753
 174.200000 0.443771 11.418915 29.529753
 174.400000 0.430360 12.389803 29.529753
 174.600000 0.412550 14.290133 29.529753
 174.800000 0.411029 14.497473 29.529753
 175.000000 0.403670 15.278119 29.493816
 175.200000 0.385735 17.258343 29.493816
 175.400000 0.387826 17.018273 29.493816
 175.600000 0.399289 16.411353 29.493816
 175.800000 0.404492 16.097024 29.493816
 176.000000 0.405960 15.957086 29.493816
 176.200000 0.414187 15.489240 29.493816
 176.400000 0.433572 12.538695 29.493816
 176.600000 0.434456 12.473205 29.493816
 176.800000 0.418026 14.687182 29.493816
 177.000000 0.425466 13.351916 29.493816
 177.200000 0.414499 16.164050 29.493816
 177.400000 0.400077 17.402681 29.493816
 177.600000 0.404801 17.299410 29.493816
 177.800000 0.399028 17.397095 29.493816
 178.000000 0.381685 18.138844 29.493816
 178.200000 0.376321 19.919634 29.493816
 178.400000 0.371466 21.025316 29.493816
 178.600000 0.385600 18.397424 29.493816
 178.800000 0.381187 18.999148 29.493816
 179.000000 0.380663 19.086682 29.493816
 179.200000 0.387671 18.871129 29.493816
 179.400000 0.383560 19.378497 29.493816
 179.600000 0.378157 20.283173 29.493816
 179.800000 0.404358 17.782372 29.493816
 180.000000 0.437686 12.911435 29.465813
