#! FIELDS time d metad.bias metad.rct
 0.000000 0.191229 0.000000 0.000000
 0.200000 0.204598 0.000000 0.000000
 0.400000 0.232639 0.000000 0.000000
 0.600000 0.268211 0.000000 0.000000
 0.800000 0.257385 0.000000 0.000000
 1.000000 0.252022 0.000000 0.000000
 1.200000 0.270978 0.785607 0.000000
 1.400000 0.285139 0.149872 0.000000
 1.600000 0.277320 0.419486 0.000000
 1.800000 0.242267 1.415814 0.000000
 2.000000 0.217035 0.112102 0.000000
 2.200000 0.238794 1.791019 0.000000
 2.400000 0.257890 1.660197 0.000000
 2.600000 0.239018 1.793516 0.000000
 2.800000 0.230731 1.783522 0.000000
 3.000000 0.244568 1.866656 0.000000
 3.200000 0.253044 3.212636 0.000000
 3.400000 0.226136 2.595438 0.000000
 3.600000 0.220657 2.334555 0.000000
 3.800000 0.228994 2.740625 0.000000
 4.000000 0.224558 2.519409 0.000000
 4.200000 0.228079 4.214506 0.000000
 4.400000 0.240096 4.260365 0.000000
 4.600000 0.265526 1.811261 0.000000
 4.800000 0.262326 2.256757 0.000000
 5.000000 0.261343 2.395704 1.333914
 5.200000 0.263225 3.690357 1.333914
 5.400000 0.251688 4.885981 1.333914
 5.600000 0.258483 4.338747 1.333914
 5.800000 0.276056 1.629818 1.333914
 6.000000 0.280463 1.072475 1.333914
 6.200000 0.299488 0.811965 1.333914
 6.400000 0.301137 0.691900 1.333914
 6.600000 0.292174 1.469551 1.333914
 6.800000 0.268646 4.025400 1.333914
 7.000000 0.258535 4.903594 1.333914
 7.200000 0.261304 6.092996 1.333914
 7.400000 0.250053 6.352383 1.333914
 7.600000 0.252356 6.432138 1.333914
 7.800000 0.259404 6.252333 1.333914
 8.000000 0.268217 5.211401 1.333914
 8.200000 0.264225 7.109032 1.333914
 8.400000 0.262446 7.265421 1.333914
 8.600000 0.267636 6.685453 1.333914
 8.800000 0.277205 4.906673 1.333914
 9.000000 0.290178 2.298688 1.333914
 9.200000 0.290718 3.784839 1.333914
 9.400000 0.266918 7.259659 1.333914
 9.600000 0.271265 6.799977 1.333914
 9.800000 0.297163 2.678929 1.333914
 10.000000 0.301198 2.036231 3.064024
 10.200000 0.310011 2.270899 3.064024
 10.400000 0.302791 3.390629 3.064024
 10.600000 0.277259 6.429544 3.064024
 10.800000 0.287614 5.379210 3.064024
 11.000000 0.287793 5.360064 3.064024
 11.200000 0.307337 3.269489 3.064024
 11.400000 0.304700 3.822188 3.064024
 11.600000 0.299553 4.892362 3.064024
 11.800000 0.317235 1.491282 3.064024
 12.000000 0.325184 0.619198 3.064024
 12.200000 0.293419 6.175621 3.064024
 12.400000 0.254071 7.538069 3.064024
 12.600000 0.277415 7.505586 3.064024
 12.800000 0.292573 6.284323 3.064024
 13.000000 0.313694 3.318210 3.064024
 13.200000 0.304486 5.772289 3.064024
 13.400000 0.290656 6.976135 3.064024
 13.600000 0.275120 7.663267 3.064024
 13.800000 0.271779 7.773893 3.064024
 14.000000 0.278175 7.557245 3.064024
 14.200000 0.286434 8.294400 3.064024
 14.400000 0.289404 7.999310 3.064024
 14.600000 0.277105 8.841290 3.064024
 14.800000 0.280052 8.730642 3.064024
 15.000000 0.300169 6.619258 4.814329
 15.200000 0.314686 5.598139 4.814329
 15.400000 0.315234 5.504111 4.814329
 15.600000 0.308172 6.698585 4.814329
 15.800000 0.308612 6.625988 4.814329
 16.000000 0.300466 7.881617 4.814329
 16.200000 0.292464 9.853652 4.814329
 16.400000 0.298043 9.415145 4.814329
 16.600000 0.299964 9.181424 4.814329
 16.800000 0.279073 9.700444 4.814329
 17.000000 0.293877 9.777104 4.814329
 17.200000 0.336399 2.032610 4.814329
 17.400000 0.352708 0.364067 4.814329
 17.600000 0.362206 0.083009 4.814329
 17.800000 0.339068 1.631243 4.814329
 18.000000 0.319751 5.513578 4.814329
 18.200000 0.329913 4.292533 4.814329
 18.400000 0.340016 2.048617 4.814329
 18.600000 0.341838 1.729746 4.814329
 18.800000 0.347648 0.929648 4.814329
 19.000000 0.350718 0.634304 4.814329
 19.200000 0.329446 5.030119 4.814329
 19.400000 0.363304 1.280709 4.814329
 19.600000 0.371001 0.694086 4.814329
 19.800000 0.380445 0.235893 4.814329
 20.000000 0.388663 0.066217 6.268275
 20.200000 0.388756 1.809935 6.268275
 20.400000 0.385231 1.817182 6.268275
 20.600000 0.379149 1.705819 6.268275
 20.800000 0.394653 1.630955 6.268275
 21.000000 0.415156 0.364100 6.268275
 21.200000 0.444322 0.257203 6.268275
 21.400000 0.442740 0.314695 6.268275
 21.600000 0.427959 1.248282 6.268275
 21.800000 0.396179 2.324217 6.268275
 22.000000 0.372015 1.594294 6.268275
 22.200000 0.375333 3.255868 6.268275
 22.400000 0.368061 3.161507 6.268275
 22.600000 0.371115 3.212034 6.268275
 22.800000 0.379790 3.250014 6.268275
 23.000000 0.380212 3.246205 6.268275
 23.200000 0.383462 4.675309 6.268275
 23.400000 0.379743 4.764048 6.268275
 23.600000 0.393741 3.867735 6.268275
 23.800000 0.397145 3.530731 6.268275
 24.000000 0.374670 4.665998 6.268275
 24.200000 0.357382 4.194247 6.268275
 24.400000 0.339033 3.749467 6.268275
 24.600000 0.333314 4.424286 6.268275
 24.800000 0.335918 4.070963 6.268275
 25.000000 0.333920 4.335715 6.515913
 25.200000 0.341050 4.892351 6.515913
 25.400000 0.332965 5.916707 6.515913
 25.600000 0.333240 5.876555 6.515913
 25.800000 0.323826 7.344449 6.515913
 26.000000 0.305000 10.323493 6.515913
 26.200000 0.299471 11.983047 6.515913
 26.400000 0.306141 11.266905 6.515913
 26.600000 0.284850 11.400692 6.515913
 26.800000 0.280240 10.823800 6.515913
 27.000000 0.271463 9.772108 6.515913
 27.200000 0.265546 10.239012 6.515913
 27.400000 0.287136 12.307100 6.515913
 27.600000 0.295168 12.432918 6.515913
 27.800000 0.313566 9.971924 6.515913
 28.000000 0.336125 5.599658 6.515913
 28.200000 0.326147 8.471642 6.515913
 28.400000 0.314551 10.254552 6.515913
 28.600000 0.322742 8.983117 6.515913
 28.800000 0.324496 8.719131 6.515913
 29.000000 0.315902 10.041365 6.515913
 29.200000 0.313005 11.597031 6.515913
 29.400000 0.315413 11.236780 6.515913
 29.600000 0.324064 9.748652 6.515913
 29.800000 0.324852 9.601929 6.515913
 30.000000 0.324096 9.742720 8.457393
 30.200000 0.323718 10.946212 8.457393
 30.400000 0.318211 11.834167 8.457393
 30.600000 0.332481 9.092490 8.457393
 30.800000 0.332823 9.012710 8.457393
 31.000000 0.327682 10.164659 8.457393
 31.200000 0.317087 12.853316 8.457393
 31.400000 0.335307 9.405065 8.457393
 31.600000 0.353086 5.615704 8.457393
 31.800000 0.339341 8.312467 8.457393
 32.000000 0.338190 8.623026 8.457393
 32.200000 0.363403 5.810939 8.457393
 32.400000 0.352290 6.459467 8.457393
 32.600000 0.353809 6.246701 8.457393
 32.800000 0.349588 6.935987 8.457393
 33.000000 0.348071 7.252805 8.457393
 33.200000 0.354105 7.378451 8.457393
 33.400000 0.369235 6.512486 8.457393
 33.600000 0.377698 6.405668 8.457393
 33.800000 0.371752 6.518904 8.457393
 34.000000 0.349996 8.112968 8.457393
 34.200000 0.326206 13.222901 8.457393
 34.400000 0.320620 13.481803 8.457393
 34.600000 0.321133 13.466769 8.457393
 34.800000 0.326959 13.169019 8.457393
 35.000000 0.331460 12.736484 9.846308
 35.200000 0.347141 10.497611 9.846308
 35.400000 0.360777 7.763071 9.846308
 35.600000 0.360471 7.801626 9.846308
 35.800000 0.356393 8.428336 9.846308
 36.000000 0.364783 7.361282 9.846308
 36.200000 0.363942 8.689660 9.846308
 36.400000 0.376699 7.620830 9.846308
 36.600000 0.378022 7.460919 9.846308
 36.800000 0.355589 9.620635 9.846308
 37.000000 0.349816 10.602425 9.846308
 37.200000 0.359311 10.030596 9.846308
 37.400000 0.362221 9.613671 9.846308
 37.600000 0.365662 9.177811 9.846308
 37.800000 0.363436 9.453843 9.846308
 38.000000 0.359618 9.984310 9.846308
 38.200000 0.351879 12.284697 9.846308
 38.400000 0.343716 13.466814 9.846308
 38.600000 0.336003 14.282848 9.846308
 38.800000 0.337045 14.198594 9.846308
 39.000000 0.326181 14.606222 9.846308
 39.200000 0.343543 13.955598 9.846308
 39.400000 0.343766 13.918676 9.846308
 39.600000 0.349091 12.991420 9.846308
 39.800000 0.350348 12.766821 9.846308
 40.000000 0.365451 10.271048 11.092661
 40.200000 0.382699 7.785336 11.092661
 40.400000 0.369463 10.722561 11.092661
 40.600000 0.355977 12.688879 11.092661
 40.800000 0.343542 14.335529 11.092661
 41.000000 0.330123 15.528246 11.092661
 41.200000 0.331208 16.364827 11.092661
 41.400000 0.349341 13.952729 11.092661
 41.600000 0.355189 13.007693 11.092661
 41.800000 0.355997 12.882841 11.092661
 42.000000 0.349062 13.999249 11.092661
 42.200000 0.366738 11.688400 11.092661
 42.400000 0.360548 12.891035 11.092661
 42.600000 0.340061 16.248749 11.092661
 42.800000 0.344622 15.642100 11.092661
 43.000000 0.335006 16.696829 11.092661
 43.200000 0.314200 15.696659 11.092661
 43.400000 0.320940 16.763054 11.092661
 43.600000 0.322452 16.973920 11.092661
 43.800000 0.309500 14.985746 11.092661
 44.000000 0.307069 14.661430 11.092661
 44.200000 0.302116 14.958894 11.092661
 44.400000 0.306223 15.465354 11.092661
 44.600000 0.297543 14.391165 11.092661
 44.800000 0.297481 14.383383 11.092661
 45.000000 0.302615 15.020072 13.298361
 45.200000 0.300545 15.653765 13.298361
 45.400000 0.301723 15.805445 13.298361
 45.600000 0.313861 17.140507 13.298361
 45.800000 0.305706 16.278066 13.298361
 46.000000 0.295628 14.952472 13.298361
 46.200000 0.306947 17.092221 13.298361
 46.400000 0.318547 17.865333 13.298361
 46.600000 0.314130 17.586738 13.298361
 46.800000 0.294863 15.732259 13.298361
 47.000000 0.287222 14.308266 13.298361
 47.200000 0.296135 16.703142 13.298361
 47.400000 0.312911 17.718220 13.298361
 47.600000 0.300782 17.146484 13.298361
 47.800000 0.299936 17.080999 13.298361
 48.000000 0.303061 17.294585 13.298361
 48.200000 0.314716 18.394780 13.298361
 48.400000 0.325581 18.452241 13.298361
 48.600000 0.313157 18.374104 13.298361
 48.800000 0.314223 18.388237 13.298361
 49.000000 0.314537 18.392394 13.298361
 49.200000 0.294931 17.580045 13.298361
 49.400000 0.286056 15.540960 13.298361
 49.600000 0.290988 16.760338 13.298361
 49.800000 0.273744 12.441103 13.298361
 50.000000 0.297143 17.959116 15.150192
 50.200000 0.307847 19.594766 15.150192
 50.400000 0.295124 18.394625 15.150192
 50.600000 0.294735 18.319774 15.150192
 50.800000 0.284769 15.762762 15.150192
 51.000000 0.289336 17.056729 15.150192
 51.200000 0.296602 19.385409 15.150192
 51.400000 0.294283 19.004960 15.150192
 51.600000 0.289229 17.846731 15.150192
 51.800000 0.293800 18.913260 15.150192
 52.000000 0.294221 18.993384 15.150192
 52.200000 0.292489 19.388604 15.150192
 52.400000 0.289407 18.607413 15.150192
 52.600000 0.283961 16.886456 15.150192
 52.800000 0.272640 13.109032 15.150192
 53.000000 0.287480 18.037923 15.150192
 53.200000 0.274235 14.126798 15.150192
 53.400000 0.274762 14.308905 15.150192
 53.600000 0.276771 15.021803 15.150192
 53.800000 0.281586 16.791290 15.150192
 54.000000 0.274398 14.182712 15.150192
 54.200000 0.266467 12.539321 15.150192
 54.400000 0.272721 14.540137 15.150192
 54.600000 0.296857 21.106981 15.150192
 54.800000 0.298505 21.198032 15.150192
 55.000000 0.289994 20.083343 16.848377
 55.200000 0.277496 16.700551 16.848377
 55.400000 0.260540 10.940336 16.848377
 55.600000 0.258633 10.399652 16.848377
 55.800000 0.247979 7.645249 16.848377
 56.000000 0.265357 12.392542 16.848377
 56.200000 0.271861 15.512335 16.848377
 56.400000 0.262428 12.481853 16.848377
 56.600000 0.267857 14.198123 16.848377
 56.800000 0.269392 14.696240 16.848377
 57.000000 0.270912 15.196474 16.848377
 57.200000 0.253556 10.222341 16.848377
 57.400000 0.269422 15.591148 16.848377
 57.600000 0.276771 18.002909 16.848377
 57.800000 0.264199 13.839577 16.848377
 58.000000 0.283438 20.001822 16.848377
 58.200000 0.306677 21.626811 16.848377
 58.400000 0.316216 20.317823 16.848377
 58.600000 0.312572 20.780085 16.848377
 58.800000 0.302518 22.164472 16.848377
 59.000000 0.287713 21.720817 16.848377
 59.200000 0.305781 22.073693 16.848377
 59.400000 0.294613 23.116325 16.848377
 59.600000 0.293582 23.086040 16.848377
 59.800000 0.282222 21.002077 16.848377
 60.000000 0.269406 16.363918 18.211223
 60.200000 0.249859 9.459592 18.211223
 60.400000 0.252167 10.315989 18.211223
 60.600000 0.261507 14.050400 18.211223
 60.800000 0.242827 7.210089 18.211223
 61.000000 0.252464 10.429421 18.211223
 61.200000 0.246751 9.412091 18.211223
 61.400000 0.258289 13.760886 18.211223
 61.600000 0.250343 10.724103 18.211223
 61.800000 0.250845 10.913025 18.211223
 62.000000 0.252758 11.641545 18.211223
 62.200000 0.249000 11.233369 18.211223
 62.400000 0.245398 9.867306 18.211223
 62.600000 0.239206 7.753215 18.211223
 62.800000 0.253440 12.943753 18.211223
 63.000000 0.252965 12.762715 18.211223
 63.200000 0.247849 11.726146 18.211223
 63.400000 0.249914 12.557435 18.211223
 63.600000 0.243411 9.955048 18.211223
 63.800000 0.240796 8.967750 18.211223
 64.000000 0.245156 10.643224 18.211223
 64.200000 0.224168 5.205997 18.211223
 64.400000 0.236293 8.371578 18.211223
 64.600000 0.257919 16.298362 18.211223
 64.800000 0.257078 16.047332 18.211223
 65.000000 0.231325 6.852154 18.426442
 65.200000 0.224875 6.521011 18.426442
 65.400000 0.244362 12.298905 18.426442
 65.600000 0.243150 11.877715 18.426442
 65.800000 0.239948 10.781124 18.426442
 66.000000 0.250873 14.501805 18.426442
 66.200000 0.234871 9.674954 18.426442
 66.400000 0.229537 7.998799 18.426442
 66.600000 0.237992 10.768027 18.426442
 66.800000 0.237165 10.471065 18.426442
 67.000000 0.222327 6.084305 18.426442
 67.200000 0.225127 8.100375 18.426442
 67.400000 0.237693 11.448802 18.426442
 67.600000 0.236246 11.014041 18.426442
 67.800000 0.233059 10.110523 18.426442
 68.000000 0.230016 9.309267 18.426442
 68.200000 0.243841 14.170190 18.426442
 68.400000 0.238043 12.557447 18.426442
 68.600000 0.234165 11.527900 18.426442
 68.800000 0.226180 9.474851 18.426442
 69.000000 0.210665 4.914837 18.426442
 69.200000 0.226333 10.328737 18.426442
 69.400000 0.221368 9.250466 18.426442
 69.600000 0.212225 6.793200 18.426442
 69.800000 0.201203 3.496252 18.426442
 70.000000 0.195866 2.201441 18.476477
 70.200000 0.198626 4.389613 18.476477
 70.400000 0.196689 3.963511 18.476477
 70.600000 0.199210 4.521470 18.476477
 70.800000 0.193347 3.272361 18.476477
 71.000000 0.190569 2.747249 18.476477
 71.200000 0.195143 5.114427 18.476477
 71.400000 0.199709 5.921496 18.476477
 71.600000 0.193019 4.735666 18.476477
 71.800000 0.194815 5.056142 18.476477
 72.000000 0.174431 1.545594 18.476477
 72.200000 0.173504 3.050929 18.476477
 72.400000 0.183967 4.433164 18.476477
 72.600000 0.182997 4.313092 18.476477
 72.800000 0.197840 6.072092 18.476477
 73.000000 0.184878 4.544290 18.476477
 73.200000 0.203043 7.468462 18.476477
 73.400000 0.194004 6.794531 18.476477
 73.600000 0.211741 8.478960 18.476477
 73.800000 0.225150 10.461103 18.476477
 74.000000 0.220301 9.728303 18.476477
 74.200000 0.223461 11.313380 18.476477
 74.400000 0.210711 9.263973 18.476477
 74.600000 0.226493 11.711349 18.476477
 74.800000 0.225754 11.616166 18.476477
 75.000000 0.220492 10.891433 18.443405
 75.200000 0.224211 12.458821 18.443405
 75.400000 0.229707 13.020169 18.443405
 75.600000 0.214309 10.878360 18.443405
 75.800000 0.224879 12.534592 18.443405
 76.000000 0.230333 13.080030 18.443405
 76.200000 0.211968 10.859312 18.443405
 76.400000 0.214070 11.372564 18.443405
 76.600000 0.236415 14.638571 18.443405
 76.800000 0.239276 14.963845 18.443405
 77.000000 0.240189 15.078885 18.443405
 77.200000 0.232652 15.062025 18.443405
 77.400000 0.225980 14.159836 18.443405
 77.600000 0.226358 14.219102 18.443405
 77.800000 0.229525 14.672598 18.443405
 78.000000 0.240763 16.047536 18.443405
 78.200000 0.235047 16.139170 18.443405
 78.400000 0.248677 17.894695 18.443405
 78.600000 0.250326 18.082859 18.443405
 78.800000 0.245601 17.524237 18.443405
 79.000000 0.259225 18.947659 18.443405
 79.200000 0.245321 17.978529 18.443405
 79.400000 0.223885 14.305201 18.443405
 79.600000 0.213207 11.502074 18.443405
 79.800000 0.211402 10.987725 18.443405
 80.000000 0.207204 9.844996 18.718983
 80.200000 0.205458 10.530857 18.718983
 80.400000 0.206005 10.668042 18.718983
 80.600000 0.211133 12.002421 18.718983
 80.800000 0.200102 9.282155 18.718983
 81.000000 0.209776 11.645201 18.718983
 81.200000 0.208434 12.330321 18.718983
 81.400000 0.200969 10.347908 18.718983
 81.600000 0.211222 13.062550 18.718983
 81.800000 0.223738 15.561285 18.718983
 82.000000 0.234316 16.716717 18.718983
 82.200000 0.222090 15.920568 18.718983
 82.400000 0.208744 12.606311 18.718983
 82.600000 0.226151 16.580483 18.718983
 82.800000 0.248475 19.043391 18.718983
 83.000000 0.241134 18.265126 18.718983
 83.200000 0.236582 18.523582 18.718983
 83.400000 0.236773 18.546262 18.718983
 83.600000 0.247193 19.627658 18.718983
 83.800000 0.260353 20.322054 18.718983
 84.000000 0.258637 20.266023 18.718983
 84.200000 0.252877 20.682360 18.718983
 84.400000 0.230584 17.872889 18.718983
 84.600000 0.227778 17.408601 18.718983
 84.800000 0.232099 18.107801 18.718983
 85.000000 0.224695 16.841499 19.127974
 85.200000 0.249609 20.614990 19.127974
 85.400000 0.255104 20.927009 19.127974
 85.600000 0.249501 20.607127 19.127974
 85.800000 0.252982 20.828100 19.127974
 86.000000 0.250433 20.673181 19.127974
 86.200000 0.243467 20.710428 19.127974
 86.400000 0.271336 21.730148 19.127974
 86.600000 0.289052 23.414405 19.127974
 86.800000 0.289362 23.432271 19.127974
 87.000000 0.285657 23.135009 19.127974
 87.200000 0.271780 22.158548 19.127974
 87.400000 0.247185 21.126950 19.127974
 87.600000 0.235320 19.645262 19.127974
 87.800000 0.234278 19.494957 19.127974
 88.000000 0.245089 20.908388 19.127974
 88.200000 0.266635 22.135809 19.127974
 88.400000 0.276225 22.672814 19.127974
 88.600000 0.267333 22.142680 19.127974
 88.800000 0.262803 22.155194 19.127974
 89.000000 0.270214 22.219703 19.127974
 89.200000 0.271538 22.932848 19.127974
 89.400000 0.275924 23.246220 19.127974
 89.600000 0.263667 22.735616 19.127974
 89.800000 0.253971 22.560839 19.127974
 90.000000 0.227941 18.838732 20.219577
 90.200000 0.224540 18.804498 20.219577
 90.400000 0.240545 21.637538 20.219577
 90.600000 0.268120 22.819289 20.219577
 90.800000 0.274466 23.129860 20.219577
 91.000000 0.267810 22.812659 20.219577
 91.200000 0.274501 23.705895 20.219577
 91.400000 0.275492 23.767780 20.219577
 91.600000 0.263206 23.383385 20.219577
 91.800000 0.256415 23.252708 20.219577
 92.000000 0.248989 22.766805 20.219577
 92.200000 0.243379 22.729691 20.219577
 92.400000 0.255789 23.800994 20.219577
 92.600000 0.261348 23.814669 20.219577
 92.800000 0.263080 23.789932 20.219577
 93.000000 0.236582 21.623533 20.219577
 93.200000 0.234393 21.879119 20.219577
 93.400000 0.233795 21.760030 20.219577
 93.600000 0.228882 20.654512 20.219577
 93.800000 0.241907 23.139465 20.219577
 94.000000 0.250094 23.944300 20.219577
 94.200000 0.265970 24.189755 20.219577
 94.400000 0.249801 24.529525 20.219577
 94.600000 0.232165 21.713660 20.219577
 94.800000 0.236557 22.687342 20.219577
 95.000000 0.248547 24.443483 21.432702
 95.200000 0.256656 25.146276 21.432702
 95.400000 0.229810 21.392290 21.432702
 95.600000 0.220834 18.469582 21.432702
 95.800000 0.230222 21.508582 21.432702
 96.000000 0.226669 20.453277 21.432702
 96.200000 0.229568 22.013638 21.432702
 96.400000 0.227007 21.261905 21.432702
 96.600000 0.236854 23.740494 21.432702
 96.800000 0.237715 23.908471 21.432702
 97.000000 0.215188 16.811995 21.432702
 97.200000 0.217041 18.417482 21.432702
 97.400000 0.214825 17.483994 21.432702
 97.600000 0.225537 21.447185 21.432702
 97.800000 0.226176 21.633699 21.432702
 98.000000 0.223143 20.696371 21.432702
 98.200000 0.216200 18.693646 21.432702
 98.400000 0.235817 24.335991 21.432702
 98.600000 0.229647 23.188364 21.432702
 98.800000 0.232821 23.834577 21.432702
 99.000000 0.235579 24.299376 21.432702
 99.200000 0.222812 21.694171 21.432702
 99.400000 0.199048 11.085578 21.432702
 99.600000 0.211529 16.713163 21.432702
 99.800000 0.208172 15.073203 21.432702
 100.000000 0.219423 20.371451 22.132001
 100.200000 0.210898 17.004526 22.132001
 100.400000 0.215677 19.392348 22.132001
 100.600000 0.225230 23.167126 22.132001
 100.800000 0.242928 25.922726 22.132001
 101.000000 0.248069 26.026639 22.132001
 101.200000 0.246679 26.574095 22.132001
 101.400000 0.261243 25.458625 22.132001
 101.600000 0.265811 24.888361 22.132001
 101.800000 0.253188 26.358466 22.132001
 102.000000 0.242556 26.417205 22.132001
 102.200000 0.245887 27.088084 22.132001
 102.400000 0.232322 25.551225 22.132001
 102.600000 0.206977 15.043950 22.132001
 102.800000 0.199670 11.628887 22.132001
 103.000000 0.193321 9.313879 22.132001
 103.200000 0.189633 9.338171 22.132001
 103.400000 0.207082 15.855608 22.132001
 103.600000 0.220084 21.853969 22.132001
 103.800000 0.231546 25.425089 22.132001
 104.000000 0.215230 19.724897 22.132001
 104.200000 0.200592 13.496683 22.132001
 104.400000 0.208347 17.102826 22.132001
 104.600000 0.222974 23.601038 22.132001
 104.800000 0.235405 26.444105 22.132001
 105.000000 0.240932 27.004446 23.215250
 105.200000 0.236227 27.050881 23.215250
 105.400000 0.212929 19.449861 23.215250
 105.600000 0.211214 18.592960 23.215250
 105.800000 0.209270 17.614437 23.215250
 106.000000 0.215461 20.682233 23.215250
 106.200000 0.217459 22.299652 23.215250
 106.400000 0.208113 17.652576 23.215250
 106.600000 0.198771 13.125528 23.215250
 106.800000 0.199094 13.265954 23.215250
 107.000000 0.208871 18.046606 23.215250
 107.200000 0.237232 27.551467 23.215250
 107.400000 0.203307 15.950108 23.215250
 107.600000 0.196220 12.613091 23.215250
 107.800000 0.194293 11.804436 23.215250
 108.000000 0.200857 14.735892 23.215250
 108.200000 0.197346 13.988660 23.215250
 108.400000 0.183907 8.513235 23.215250
 108.600000 0.175401 5.612173 23.215250
 108.800000 0.188818 10.370694 23.215250
 109.000000 0.175624 5.682433 23.215250
 109.200000 0.192522 12.592620 23.215250
 109.400000 0.193205 12.844475 23.215250
 109.600000 0.190995 12.044751 23.215250
 109.800000 0.195738 13.814620 23.215250
 110.000000 0.191067 12.070179 23.498296
 110.200000 0.189338 12.484992 23.498296
 110.400000 0.208252 19.965429 23.498296
 110.600000 0.194306 14.257225 23.498296
 110.800000 0.175963 7.763458 23.498296
 111.000000 0.176960 8.120515 23.498296
 111.200000 0.188317 13.043030 23.498296
 111.400000 0.194055 14.800843 23.498296
 111.600000 0.195460 15.252667 23.498296
 111.800000 0.212076 21.682471 23.498296
 112.000000 0.185322 12.129452 23.498296
 112.200000 0.195313 16.021134 23.498296
 112.400000 0.210680 21.353623 23.498296
 112.600000 0.221570 25.074356 23.498296
 112.800000 0.202785 18.393517 23.498296
 113.000000 0.185046 13.062951 23.498296
 113.200000 0.186625 14.518106 23.498296
 113.400000 0.199800 17.988769 23.498296
 113.600000 0.218331 24.193255 23.498296
 113.800000 0.219320 24.492340 23.498296
 114.000000 0.227304 26.393161 23.498296
 114.200000 0.217063 24.220426 23.498296
 114.400000 0.216580 24.053646 23.498296
 114.600000 0.200390 18.265027 23.498296
 114.800000 0.182131 13.075664 23.498296
 115.000000 0.205285 19.870530 23.853563
 115.200000 0.210344 22.425333 23.853563
 115.400000 0.210004 22.301098 23.853563
 115.600000 0.205603 20.705068 23.853563
 115.800000 0.221161 25.921966 23.853563
 116.000000 0.221336 25.966457 23.853563
 116.200000 0.210075 22.742120 23.853563
 116.400000 0.202297 19.814523 23.853563
 116.600000 0.203731 20.328566 23.853563
 116.800000 0.232487 28.227215 23.853563
 117.000000 0.231457 28.150067 23.853563
 117.200000 0.242489 28.772341 23.853563
 117.400000 0.259033 26.483173 23.853563
 117.600000 0.260432 26.208185 23.853563
 117.800000 0.257890 26.707551 23.853563
 118.000000 0.250094 28.049804 23.853563
 118.200000 0.243801 29.154165 23.853563
 118.400000 0.240879 29.256547 23.853563
 118.600000 0.255136 27.705236 23.853563
 118.800000 0.249320 28.654123 23.853563
 119.000000 0.250892 28.437393 23.853563
 119.200000 0.248329 29.260029 23.853563
 119.400000 0.248323 29.260641 23.853563
 119.600000 0.246641 29.421869 23.853563
 119.800000 0.237340 29.567356 23.853563
 120.000000 0.229565 28.840838 25.350419
 120.200000 0.229258 29.279031 25.350419
 120.400000 0.217201 26.068837 25.350419
 120.600000 0.199584 19.005560 25.350419
 120.800000 0.187314 15.137624 25.350419
 121.000000 0.193815 17.148893 25.350419
 121.200000 0.209221 23.270566 25.350419
 121.400000 0.212328 24.491360 25.350419
 121.600000 0.224644 28.476873 25.350419
 121.800000 0.208212 22.875823 25.350419
 122.000000 0.202718 20.827020 25.350419
 122.200000 0.197257 19.668538 25.350419
 122.400000 0.205538 22.531844 25.350419
 122.600000 0.193119 18.314568 25.350419
 122.800000 0.182265 14.243936 25.350419
 123.000000 0.207580 23.286756 25.350419
 123.200000 0.207245 23.782375 25.350419
 123.400000 0.209011 24.439158 25.350419
 123.600000 0.226112 29.280332 25.350419
 123.800000 0.255943 28.116964 25.350419
 124.000000 0.244254 29.920138 25.350419
 124.200000 0.241920 30.513851 25.350419
 124.400000 0.260515 27.300005 25.350419
 124.600000 0.267156 25.744195 25.350419
 124.800000 0.284100 24.649667 25.350419
 125.000000 0.262351 26.833981 26.141286
 125.200000 0.256799 28.742633 26.141286
 125.400000 0.239418 30.731770 26.141286
 125.600000 0.239082 30.726797 26.141286
 125.800000 0.275314 25.069270 26.141286
 126.000000 0.267015 26.276765 26.141286
 126.200000 0.248765 30.492570 26.141286
 126.400000 0.272835 25.812410 26.141286
 126.600000 0.281264 25.190512 26.141286
 126.800000 0.273653 25.710575 26.141286
 127.000000 0.285781 25.076765 26.141286
 127.200000 0.267258 27.035428 26.141286
 127.400000 0.264153 27.657785 26.141286
 127.600000 0.264797 27.522308 26.141286
 127.800000 0.272913 26.198303 26.141286
 128.000000 0.272312 26.265230 26.141286
 128.200000 0.269467 27.189104 26.141286
 128.400000 0.280133 26.237192 26.141286
 128.600000 0.280898 26.206283 26.141286
 128.800000 0.273088 26.722252 26.141286
 129.000000 0.266331 27.713732 26.141286
 129.200000 0.269515 27.679703 26.141286
 129.400000 0.259639 29.493030 26.141286
 129.600000 0.263359 28.781882 26.141286
 129.800000 0.279219 26.628918 26.141286
 130.000000 0.295686 25.045736 26.781776
 130.200000 0.304908 23.448061 26.781776
 130.400000 0.315873 20.881922 26.781776
 130.600000 0.323435 19.770913 26.781776
 130.800000 0.318049 20.511209 26.781776
 131.000000 0.305769 23.220560 26.781776
 131.200000 0.296390 25.997730 26.781776
 131.400000 0.290771 26.705111 26.781776
 131.600000 0.271164 27.625597 26.781776
 131.800000 0.264212 28.693360 26.781776
 132.000000 0.268640 27.960738 26.781776
 132.200000 0.286504 27.175359 26.781776
 132.400000 0.294212 26.451446 26.781776
 132.600000 0.295087 26.314323 26.781776
 132.800000 0.281528 27.368979 26.781776
 133.000000 0.275464 27.691340 26.781776
 133.200000 0.264762 29.477622 26.781776
 133.400000 0.263722 29.633667 26.781776
 133.600000 0.259510 30.258846 26.781776
 133.800000 0.251932 31.088921 26.781776
 134.000000 0.257924 30.475527 26.781776
 134.200000 0.253356 31.407636 26.781776
 134.400000 0.252515 31.468171 26.781776
 134.600000 0.247641 31.631889 26.781776
 134.800000 0.242508 31.495862 26.781776
 135.000000 0.240418 31.368879 27.729196
 135.200000 0.231513 30.843153 27.729196
 135.400000 0.243170 31.953808 27.729196
 135.600000 0.246335 32.024972 27.729196
 135.800000 0.246705 32.024939 27.729196
 136.000000 0.256893 31.291953 27.729196
 136.200000 0.267617 29.847091 27.729196
 136.400000 0.270617 29.331198 27.729196
 136.600000 0.256875 31.728628 27.729196
 136.800000 0.261365 31.004871 27.729196
 137.000000 0.266334 30.082778 27.729196
 137.200000 0.252087 32.518769 27.729196
 137.400000 0.250756 32.571031 27.729196
 137.600000 0.261624 31.394506 27.729196
 137.800000 0.272455 29.470726 27.729196
 138.000000 0.259692 31.711151 27.729196
 138.200000 0.253079 32.848152 27.729196
 138.400000 0.246616 32.852068 27.729196
 138.600000 0.258528 32.309839 27.729196
 138.800000 0.265807 31.030941 27.729196
 139.000000 0.254576 32.748268 27.729196
 139.200000 0.255823 33.042068 27.729196
 139.400000 0.260531 32.378740 27.729196
 139.600000 0.255608 33.063597 27.729196
 139.800000 0.260640 32.359641 27.729196
 140.000000 0.245988 33.164428 29.118109
 140.200000 0.243143 33.303666 29.118109
 140.400000 0.249244 33.702820 29.118109
 140.600000 0.267213 31.185162 29.118109
 140.800000 0.261494 32.439302 29.118109
 141.000000 0.261744 32.388769 29.118109
 141.200000 0.264539 32.196180 29.118109
 141.400000 0.277707 29.367695 29.118109
 141.600000 0.280999 28.862152 29.118109
 141.800000 0.275165 29.821515 29.118109
 142.000000 0.266335 31.779411 29.118109
 142.200000 0.260814 33.383329 29.118109
 142.400000 0.269250 31.509422 29.118109
 142.600000 0.259213 33.655891 29.118109
 142.800000 0.247146 34.078110 29.118109
 143.000000 0.241478 33.376132 29.118109
 143.200000 0.215972 27.253568 29.118109
 143.400000 0.198366 20.565287 29.118109
 143.600000 0.193853 18.969669 29.118109
 143.800000 0.198378 20.569572 29.118109
 144.000000 0.209117 24.619628 29.118109
 144.200000 0.189317 17.557323 29.118109
 144.400000 0.186195 16.266459 29.118109
 144.600000 0.204431 23.356327 29.118109
 144.800000 0.196089 20.160026 29.118109
 145.000000 0.181803 14.292170 29.960739
 145.200000 0.163621 5.781220 29.960739
 145.400000 0.157205 3.223680 29.960739
 145.600000 0.157639 3.369076 29.960739
 145.800000 0.154577 2.431468 29.960739
 146.000000 0.159999 4.232955 29.960739
 146.200000 0.173313 11.798196 29.960739
 146.400000 0.162020 6.500946 29.960739
 146.600000 0.169575 9.968506 29.960739
 146.800000 0.173891 12.079807 29.960739
 147.000000 0.155603 4.111053 29.960739
 147.200000 0.154390 5.184669 29.960739
 147.400000 0.162123 7.869913 29.960739
 147.600000 0.160562 7.284360 29.960739
 147.800000 0.169887 11.045182 29.960739
 148.000000 0.182333 16.238229 29.960739
 148.200000 0.176100 14.494288 29.960739
 148.400000 0.177176 14.968469 29.960739
 148.600000 0.175520 14.234897 29.960739
 148.800000 0.177837 15.255678 29.960739
 149.000000 0.181241 16.663440 29.960739
 149.200000 0.184669 18.755447 29.960739
 149.400000 0.175033 14.780051 29.960739
 149.600000 0.147474 3.390677 29.960739
 149.800000 0.169301 11.982317 29.960739
 150.000000 0.189008 20.095147 29.935379
 150.200000 0.195231 22.368847 29.935379
 150.400000 0.163014 9.138741 29.935379
 150.600000 0.160756 8.103671 29.935379
 150.800000 0.164093 9.654535 29.935379
 151.000000 0.147732 3.473582 29.935379
 151.200000 0.162331 9.751480 29.935379
 151.400000 0.162150 9.678707 29.935379
 151.600000 0.167572 12.014329 29.935379
 151.800000 0.185896 19.916603 29.935379
 152.000000 0.183237 19.004387 29.935379
 152.200000 0.170232 13.767514 29.935379
 152.400000 0.173310 15.316819 29.935379
 152.600000 0.182451 19.461653 29.935379
 152.800000 0.191284 22.087685 29.935379
 153.000000 0.189353 21.626114 29.935379
 153.200000 0.195298 23.551493 29.935379
 153.400000 0.177320 17.753497 29.935379
 153.600000 0.180962 19.444087 29.935379
 153.800000 0.185596 21.207953 29.935379
 154.000000 0.167432 12.609442 29.935379
 154.200000 0.164850 12.315443 29.935379
 154.400000 0.183897 21.162229 29.935379
 154.600000 0.183223 20.936489 29.935379
 154.800000 0.172660 16.288391 29.935379
 155.000000 0.174941 17.428223 29.915341
 155.200000 0.189960 23.253000 29.915341
 155.400000 0.188618 23.001229 29.915341
 155.600000 0.190827 23.400703 29.915341
 155.800000 0.201451 24.927190 29.915341
 156.000000 0.211148 27.035377 29.915341
 156.200000 0.181900 21.265644 29.915341
 156.400000 0.183619 21.847656 29.915341
 156.600000 0.196489 24.529857 29.915341
 156.800000 0.199141 24.949638 29.915341
 157.000000 0.198972 24.921844 29.915341
 157.200000 0.199637 25.608463 29.915341
 157.400000 0.202777 26.163630 29.915341
 157.600000 0.210152 27.737967 29.915341
 157.800000 0.203948 26.387259 29.915341
 158.000000 0.195194 24.889692 29.915341
 158.200000 0.208944 27.834638 29.915341
 158.400000 0.222276 30.676761 29.915341
 158.600000 0.206791 27.401457 29.915341
 158.800000 0.208040 27.649264 29.915341
 159.000000 0.186567 23.588660 29.915341
 159.200000 0.193441 25.719314 29.915341
 159.400000 0.205968 27.507677 29.915341
 159.600000 0.209167 28.076805 29.915341
 159.800000 0.207746 27.815154 29.915341
 160.000000 0.197849 26.345739 30.054221
 160.200000 0.203333 27.600091 30.054221
 160.400000 0.215181 29.561088 30.054221
 160.600000 0.198441 26.963741 30.054221
 160.800000 0.199815 27.139514 30.054221
 161.000000 0.167776 15.030736 30.054221
 161.200000 0.172860 18.905191 30.054221
 161.400000 0.174354 19.747733 30.054221
 161.600000 0.182006 23.463231 30.054221
 161.800000 0.185391 24.667745 30.054221
 162.000000 0.168721 16.485366 30.054221
 162.200000 0.167147 16.391246 30.054221
 162.400000 0.170602 18.427325 30.054221
 162.600000 0.191229 26.352585 30.054221
 162.800000 0.183103 24.415924 30.054221
 163.000000 0.168372 17.118364 30.054221
 163.200000 0.156193 10.775511 30.054221
 163.400000 0.168744 18.154346 30.054221
 163.600000 0.180535 24.050598 30.054221
 163.800000 0.172665 20.388000 30.054221
 164.000000 0.154043 9.629211 30.054221
 164.200000 0.172260 20.710220 30.054221
 164.400000 0.169838 19.448197 30.054221
 164.600000 0.164677 16.604182 30.054221
 164.800000 0.162836 15.569597 30.054221
 165.000000 0.168996 18.995174 30.038360
 165.200000 0.161333 15.386097 30.038360
 165.400000 0.158596 13.797910 30.038360
 165.600000 0.162611 16.128850 30.038360
 165.800000 0.156198 12.427542 30.038360
 166.000000 0.161749 15.627600 30.038360
 166.200000 0.151584 10.591210 30.038360
 166.400000 0.165648 18.724315 30.038360
 166.600000 0.140683 5.198912 30.038360
 166.800000 0.156630 13.494861 30.038360
 167.000000 0.142218 5.850138 30.038360
 167.200000 0.145548 8.715077 30.038360
 167.400000 0.137014 5.087012 30.038360
 167.600000 0.149287 10.535007 30.038360
 167.800000 0.141300 6.801942 30.038360
 168.000000 0.152009 11.918905 30.038360
 168.200000 0.142589 8.206653 30.038360
 168.400000 0.133426 4.325682 30.038360
 168.600000 0.134164 4.594241 30.038360
 168.800000 0.120232 1.094126 30.038360
 169.000000 0.122361 1.422396 30.038360
 169.200000 0.139568 7.658179 30.038360
 169.400000 0.146103 10.397446 30.038360
 169.600000 0.148301 11.408433 30.038360
 169.800000 0.140504 8.020698 30.038360
 170.000000 0.120270 2.726037 30.005646
 170.200000 0.148388 11.714149 30.005646
 170.400000 0.123555 4.787250 30.005646
 170.600000 0.133508 6.649601 30.005646
 170.800000 0.145410 10.464525 30.005646
 171.000000 0.141172 8.871142 30.005646
 171.200000 0.145038 11.455669 30.005646
 171.400000 0.159354 17.400122 30.005646
 171.600000 0.153161 14.732039 30.005646
 171.800000 0.135604 8.272328 30.005646
 172.000000 0.142192 10.407987 30.005646
 172.200000 0.142454 11.602286 30.005646
 172.400000 0.144408 12.306757 30.005646
 172.600000 0.132817 8.404017 30.005646
 172.800000 0.120059 5.048884 30.005646
 173.000000 0.140329 10.853149 30.005646
 173.200000 0.135341 10.208538 30.005646
 173.400000 0.137045 10.793490 30.005646
 173.600000 0.134790 10.021041 30.005646
 173.800000 0.136701 10.674745 30.005646
 174.000000 0.131331 8.864374 30.005646
 174.200000 0.126802 8.556325 30.005646
 174.400000 0.160422 19.009086 30.005646
 174.600000 0.164213 20.304693 30.005646
 174.800000 0.149826 15.745595 30.005646
 175.000000 0.174644 23.926118 29.981708
 175.200000 0.167357 21.952804 29.981708
 175.400000 0.194955 27.525408 29.981708
 175.600000 0.199179 27.667913 29.981708
 175.800000 0.205508 28.140098 29.981708
 176.000000 0.214548 29.483284 29.981708
 176.200000 0.235104 33.139719 29.981708
 176.400000 0.224393 31.599399 29.981708
 176.600000 0.227669 32.082370 29.981708
 176.800000 0.224020 31.542438 29.981708
 177.000000 0.205262 28.502320 29.981708
 177.200000 0.212968 30.108705 29.981708
 177.400000 0.200661 28.518804 29.981708
 177.600000 0.185308 27.206895 29.981708
 177.800000 0.153336 17.000784 29.981708
 178.000000 0.141009 13.173398 29.981708
 178.200000 0.162014 20.337649 29.981708
 178.400000 0.168929 22.737070 29.981708
 178.600000 0.174291 24.566324 29.981708
 178.800000 0.203216 28.763055 29.981708
 179.000000 0.194443 28.080969 29.981708
 179.200000 0.196688 28.720161 29.981708
 179.400000 0.192297 28.433965 29.981708
 179.600000 0.224616 31.911976 29.981708
 179.800000 0.202876 29.155324 29.981708
 180.000000 0.195075 28.621514 30.214829
 180.200000 0.201265 29.472940 30.214829
 180.400000 0.195770 29.152722 30.214829
 180.600000 0.184508 27.876471 30.214829
 180.800000 0.193346 28.995117 30.214829
 181.000000 0.187501 28.387095 30.214829
 181.200000 0.206147 30.073321 30.214829
 181.400000 0.212958 30.696546 30.214829
 181.600000 0.211550 30.550008 30.214829
 181.800000 0.214298 30.841957 30.214829
 182.000000 0.212170 30.613706 30.214829
 182.200000 0.208474 30.692123 30.214829
 182.400000 0.195866 29.828801 30.214829
 182.600000 0.192785 29.611273 30.214829
 182.800000 0.204714 30.373338 30.214829
 183.000000 0.198350 29.972234 30.214829
 183.200000 0.198684 30.451071 30.214829
 183.400000 0.197949 30.410251 30.214829
 183.600000 0.206850 30.937617 30.214829
 183.800000 0.208017 31.023594 30.214829
 184.000000 0.194414 30.179354 30.214829
 184.200000 0.189720 30.128749 30.214829
 184.400000 0.200765 30.981617 30.214829
 184.600000 0.204140 31.128092 30.214829
 184.800000 0.200425 30.966866 30.214829
 185.000000 0.210693 31.490428 30.596145
 185.200000 0.198859 31.212279 30.596145
 185.400000 0.195030 30.930132 30.596145
 185.600000 0.209556 31.847147 30.596145
 185.800000 0.217428 32.348616 30.596145
 186.000000 0.208285 31.766063 30.596145
 186.200000 0.192476 30.913033 30.596145
 186.400000 0.185810 29.661617 30.596145
 186.600000 0.184845 29.413455 30.596145
 186.800000 0.202283 31.806744 30.596145
 187.000000 0.215688 32.617676 30.596145
 187.200000 0.225902 33.368242 30.596145
 187.400000 0.225848 33.366851 30.596145
 187.600000 0.231943 33.592449 30.596145
 187.800000 0.230535 33.525752 30.596145
 188.000000 0.218161 33.138238 30.596145
 188.200000 0.200931 32.172050 30.596145
 188.400000 0.202997 32.379735 30.596145
 188.600000 0.201360 32.216063 30.596145
 188.800000 0.211917 33.175935 30.596145
 189.000000 0.211377 33.134885 30.596145
 189.200000 0.226638 33.966809 30.596145
 189.400000 0.227028 33.966472 30.596145
 189.600000 0.228190 33.968153 30.596145
 189.800000 0.225033 33.970018 30.596145
 190.000000 0.237159 34.203637 31.402577
 190.200000 0.222892 34.211130 31.402577
 190.400000 0.204628 32.934174 31.402577
 190.600000 0.193931 31.554433 31.402577
 190.800000 0.197024 32.008679 31.402577
 191.000000 0.190806 31.005111 31.402577
 191.200000 0.197217 32.436270 31.402577
 191.400000 0.209460 33.645890 31.402577
 191.600000 0.210739 33.745729 31.402577
 191.800000 0.189947 31.272351 31.402577
 192.000000 0.191755 31.622520 31.402577
 192.200000 0.207283 33.712276 31.402577
 192.400000 0.222412 34.300703 31.402577
 192.600000 0.198435 32.968773 31.402577
 192.800000 0.198451 32.970369 31.402577
 193.000000 0.196715 32.778213 31.402577
 193.200000 0.179063 28.462990 31.402577
 193.400000 0.169612 24.076071 31.402577
 193.600000 0.180833 29.199898 31.402577
 193.800000 0.170463 24.476387 31.402577
 194.000000 0.173561 25.947863 31.402577
 194.200000 0.172612 26.046192 31.402577
 194.400000 0.194998 33.161580 31.402577
 194.600000 0.202012 33.777709 31.402577
 194.800000 0.204381 33.920628 31.402577
 195.000000 0.228716 34.373716 31.896263
 195.200000 0.241777 35.112905 31.896263
 195.400000 0.228658 34.751922 31.896263
 195.600000 0.202297 33.875863 31.896263
 195.800000 0.213062 34.520882 31.896263
 196.000000 0.226234 34.747156 31.896263
 196.200000 0.213760 34.813937 31.896263
 196.400000 0.186712 31.632587 31.896263
 196.600000 0.210903 34.637395 31.896263
 196.800000 0.208409 34.459787 31.896263
 197.000000 0.230776 35.124291 31.896263
 197.200000 0.245868 35.604391 31.896263
 197.400000 0.232620 35.498821 31.896263
 197.600000 0.231204 35.492153 31.896263
 197.800000 0.216797 35.198288 31.896263
 198.000000 0.220566 35.363855 31.896263
 198.200000 0.222350 35.773601 31.896263
 198.400000 0.222814 35.782553 31.896263
 198.600000 0.218011 35.617843 31.896263
 198.800000 0.210610 35.055743 31.896263
 199.000000 0.202036 34.183600 31.896263
 199.200000 0.180198 29.585646 31.896263
 199.400000 0.205464 34.912244 31.896263
 199.600000 0.218232 35.841918 31.896263
 199.800000 0.230536 35.841729 31.896263
 200.000000 0.245841 35.696541 32.829105
 200.200000 0.246620 36.028250 32.829105
 200.400000 0.245752 36.055822 32.829105
 200.600000 0.217332 35.865469 32.829105
 200.800000 0.234490 36.050582 32.829105
 201.000000 0.242411 36.097170 32.829105
 201.200000 0.264622 33.140392 32.829105
 201.400000 0.254488 35.564807 32.829105
 201.600000 0.257989 34.873987 32.829105
 201.800000 0.259168 34.598720 32.829105
 202.000000 0.264736 33.107953 32.829105
 202.200000 0.265175 33.383017 32.829105
 202.400000 0.276885 30.232497 32.829105
 202.600000 0.265423 33.312029 32.829105
 202.800000 0.279856 29.615374 32.829105
 203.000000 0.298033 26.120756 32.829105
 203.200000 0.277513 30.308430 32.829105
 203.400000 0.275966 30.625681 32.829105
 203.600000 0.281774 29.560765 32.829105
 203.800000 0.300017 26.144491 32.829105
 204.000000 0.308235 23.713309 32.829105
 204.200000 0.310639 23.613424 32.829105
 204.400000 0.302311 26.055227 32.829105
 204.600000 0.288962 28.760500 32.829105
 204.800000 0.295553 27.686597 32.829105
 205.000000 0.283708 29.425600 33.173321
 205.200000 0.294437 28.267987 33.173321
 205.400000 0.315172 22.425981 33.173321
 205.600000 0.327177 19.914531 33.173321
 205.800000 0.313794 22.795604 33.173321
 206.000000 0.300139 26.895504 33.173321
 206.200000 0.296725 28.280786 33.173321
 206.400000 0.288535 29.655951 33.173321
 206.600000 0.283840 30.172513 33.173321
 206.800000 0.281535 30.433662 33.173321
 207.000000 0.279400 30.706851 33.173321
 207.200000 0.278038 31.346735 33.173321
 207.400000 0.273017 32.215856 33.173321
 207.600000 0.281537 30.874464 33.173321
 207.800000 0.293421 29.233731 33.173321
 208.000000 0.292933 29.326830 33.173321
 208.200000 0.273902 32.255816 33.173321
 208.400000 0.273000 32.414667 33.173321
 208.600000 0.279006 31.514835 33.173321
 208.800000 0.291806 30.001597 33.173321
 209.000000 0.289996 30.283648 33.173321
 209.200000 0.285668 31.242381 33.173321
 209.400000 0.304714 26.782357 33.173321
 209.600000 0.309841 24.873030 33.173321
 209.800000 0.301445 27.946165 33.173321
 210.000000 0.293819 30.067689 33.292173
 210.200000 0.308331 25.719684 33.292173
 210.400000 0.313877 23.643121 33.292173
 210.600000 0.313131 23.905545 33.292173
 210.800000 0.302707 27.893004 33.292173
 211.000000 0.314180 23.538359 33.292173
 211.200000 0.321284 21.975359 33.292173
 211.400000 0.318838 22.663250 33.292173
 211.600000 0.329850 19.937492 33.292173
 211.800000 0.344162 16.744524 33.292173
 212.000000 0.328126 20.319227 33.292173
 212.200000 0.321080 22.664083 33.292173
 212.400000 0.313140 24.943349 33.292173
 212.600000 0.318266 23.403402 33.292173
 212.800000 0.309584 26.145013 33.292173
 213.000000 0.316432 23.925540 33.292173
 213.200000 0.347064 16.468579 33.292173
 213.400000 0.355047 14.438655 33.292173
 213.600000 0.366015 11.961500 33.292173
 213.800000 0.361244 13.013448 33.292173
 214.000000 0.349640 15.790340 33.292173
 214.200000 0.353175 15.736218 33.292173
 214.400000 0.343706 18.176354 33.292173
 214.600000 0.336566 19.905110 33.292173
 214.800000 0.348297 17.004333 33.292173
 215.000000 0.349835 16.605881 33.277014
 215.200000 0.339186 19.935712 33.277014
 215.400000 0.313017 25.652544 33.277014
 215.600000 0.311168 26.225062 33.277014
 215.800000 0.280951 32.078732 33.277014
 216.000000 0.270840 33.183350 33.277014
 216.200000 0.287714 31.904041 33.277014
 216.400000 0.274603 33.023068 33.277014
 216.600000 0.269096 33.885516 33.277014
 216.800000 0.266670 34.337315 33.277014
 217.000000 0.262689 35.098973 33.277014
 217.200000 0.273244 33.494308 33.277014
 217.400000 0.256996 36.390459 33.277014
 217.600000 0.249193 36.944320 33.277014
 217.800000 0.223924 36.238624 33.277014
 218.000000 0.242432 36.825892 33.277014
 218.200000 0.255371 36.814083 33.277014
 218.400000 0.224479 36.418722 33.277014
 218.600000 0.213487 35.737343 33.277014
 218.800000 0.224718 36.427898 33.277014
 219.000000 0.237061 36.910197 33.277014
 219.200000 0.245575 37.547343 33.277014
 219.400000 0.259234 36.362419 33.277014
 219.600000 0.278787 32.801438 33.277014
 219.800000 0.266524 34.861430 33.277014
 220.000000 0.277035 33.004150 33.988100
 220.200000 0.285025 32.588422 33.988100
 220.400000 0.266349 35.210820 33.988100
 220.600000 0.269745 34.550548 33.988100
 220.800000 0.258652 36.656432 33.988100
 221.000000 0.268834 34.722841 33.988100
 221.200000 0.283567 32.955817 33.988100
 221.400000 0.287952 32.447960 33.988100
 221.600000 0.287243 32.537597 33.988100
 221.800000 0.279002 33.473496 33.988100
 222.000000 0.274752 34.057732 33.988100
 222.200000 0.279265 33.808369 33.988100
 222.400000 0.303065 29.043072 33.988100
 222.600000 0.325180 22.644107 33.988100
 222.800000 0.315653 24.913210 33.988100
 223.000000 0.287222 32.811588 33.988100
 223.200000 0.282290 33.817641 33.988100
 223.400000 0.283199 33.714649 33.988100
 223.600000 0.279623 34.119420 33.988100
 223.800000 0.278638 34.233950 33.988100
 224.000000 0.296821 31.259231 33.988100
 224.200000 0.301867 30.099444 33.988100
 224.400000 0.284024 33.921627 33.988100
 224.600000 0.294017 32.405660 33.988100
 224.800000 0.278128 34.494140 33.988100
 225.000000 0.268595 35.754798 34.414175
 225.200000 0.269712 35.935555 34.414175
 225.400000 0.257688 37.633321 34.414175
 225.600000 0.275716 35.077348 34.414175
 225.800000 0.280272 34.544090 34.414175
 226.000000 0.271731 35.627509 34.414175
 226.200000 0.262813 37.302990 34.414175
 226.400000 0.261735 37.441134 34.414175
 226.600000 0.260530 37.584198 34.414175
 226.800000 0.245834 37.968766 34.414175
 227.000000 0.247106 38.028632 34.414175
 227.200000 0.264243 37.275470 34.414175
 227.400000 0.259564 37.917090 34.414175
 227.600000 0.238531 37.753811 34.414175
 227.800000 0.239089 37.799821 34.414175
 228.000000 0.253604 38.384188 34.414175
 228.200000 0.249045 38.716759 34.414175
 228.400000 0.228643 37.112412 34.414175
 228.600000 0.232569 37.413561 34.414175
 228.800000 0.229222 37.155010 34.414175
 229.000000 0.228860 37.128349 34.414175
 229.200000 0.242891 38.560226 34.414175
 229.400000 0.241208 38.434413 34.414175
 229.600000 0.242448 38.528275 34.414175
 229.800000 0.258736 38.353586 34.414175
 230.000000 0.271698 36.231453 35.210722
 230.200000 0.276319 35.824907 35.210722
 230.400000 0.260258 38.417587 35.210722
 230.600000 0.275611 35.935448 35.210722
 230.800000 0.295542 32.312145 35.210722
 231.000000 0.285119 34.523895 35.210722
 231.200000 0.282710 35.254535 35.210722
 231.400000 0.273330 36.580439 35.210722
 231.600000 0.279994 35.631495 35.210722
 231.800000 0.288658 34.292209 35.210722
 232.000000 0.276994 36.045812 35.210722
 232.200000 0.270367 37.359782 35.210722
 232.400000 0.263094 38.382304 35.210722
 232.600000 0.284858 35.246042 35.210722
 232.800000 0.300816 30.919846 35.210722
 233.000000 0.301674 30.588072 35.210722
 233.200000 0.298125 32.344180 35.210722
 233.400000 0.306644 29.016186 35.210722
 233.600000 0.298892 32.076068 35.210722
 233.800000 0.304529 29.888847 35.210722
 234.000000 0.301447 31.124522 35.210722
 234.200000 0.301792 31.427135 35.210722
 234.400000 0.301611 31.497896 35.210722
 234.600000 0.292634 34.358077 35.210722
 234.800000 0.280919 36.186339 35.210722
 235.000000 0.274794 36.888129 35.566006
 235.200000 0.285142 35.951537 35.566006
 235.400000 0.288851 35.347402 35.566006
 235.600000 0.295853 33.621200 35.566006
 235.800000 0.297714 33.013337 35.566006
 236.000000 0.289884 35.146329 35.566006
 236.200000 0.288573 35.763132 35.566006
 236.400000 0.282147 36.667418 35.566006
 236.600000 0.292030 35.034655 35.566006
 236.800000 0.307132 29.442751 35.566006
 237.000000 0.332036 21.490568 35.566006
 237.200000 0.318185 25.456336 35.566006
 237.400000 0.310985 28.013282 35.566006
 237.600000 0.319909 24.950371 35.566006
 237.800000 0.318083 25.487622 35.566006
 238.000000 0.314790 26.574640 35.566006
 238.200000 0.304556 31.127673 35.566006
 238.400000 0.316707 26.454892 35.566006
 238.600000 0.300780 32.594998 35.566006
 238.800000 0.305429 30.774088 35.566006
 239.000000 0.299378 33.099343 35.566006
 239.200000 0.301373 32.770810 35.566006
 239.400000 0.330248 22.898528 35.566006
 239.600000 0.312584 28.188120 35.566006
 239.800000 0.322338 24.899066 35.566006
 240.000000 0.302163 32.466601 35.713526
 240.200000 0.284814 36.878853 35.713526
 240.400000 0.308363 30.293699 35.713526
 240.600000 0.314076 27.913471 35.713526
 240.800000 0.315262 27.454461 35.713526
 241.000000 0.323780 24.649915 35.713526
 241.200000 0.339024 21.141400 35.713526
 241.400000 0.335438 22.128195 35.713526
 241.600000 0.326334 24.533012 35.713526
 241.800000 0.300584 33.651821 35.713526
 242.000000 0.277341 37.444895 35.713526
 242.200000 0.273822 38.047824 35.713526
 242.400000 0.271814 38.217757 35.713526
 242.600000 0.274264 38.011904 35.713526
 242.800000 0.283606 37.298220 35.713526
 243.000000 0.276442 37.842196 35.713526
 243.200000 0.274576 38.308631 35.713526
 243.400000 0.271048 38.589259 35.713526
 243.600000 0.273986 38.354424 35.713526
 243.800000 0.283894 37.559765 35.713526
 244.000000 0.275837 38.212178 35.713526
 244.200000 0.269902 38.978221 35.713526
 244.400000 0.264889 39.322056 35.713526
 244.600000 0.246676 39.120896 35.713526
 244.800000 0.239724 38.437574 35.713526
 245.000000 0.242982 38.769987 36.283672
 245.200000 0.243581 39.140994 36.283672
 245.400000 0.260126 39.706525 36.283672
 245.600000 0.253252 39.785488 36.283672
 245.800000 0.253416 39.789200 36.283672
 246.000000 0.263824 39.501027 36.283672
 246.200000 0.247301 39.636503 36.283672
 246.400000 0.225672 37.404480 36.283672
 246.600000 0.234130 38.204891 36.283672
 246.800000 0.217832 36.621686 36.283672
 247.000000 0.212780 36.024809 36.283672
 247.200000 0.222454 37.387922 36.283672
 247.400000 0.222514 37.393036 36.283672
 247.600000 0.231535 38.108465 36.283672
 247.800000 0.236976 38.605497 36.283672
 248.000000 0.237768 38.686570 36.283672
 248.200000 0.248616 40.008718 36.283672
 248.400000 0.246873 39.883097 36.283672
 248.600000 0.242652 39.502622 36.283672
 248.800000 0.232274 38.462353 36.283672
 249.000000 0.233806 38.604636 36.283672
 249.200000 0.242349 39.738872 36.283672
 249.400000 0.236684 39.195479 36.283672
 249.600000 0.215559 36.959777 36.283672
 249.800000 0.220698 37.609894 36.283672
 250.000000 0.250220 40.274693 36.984189
 250.200000 0.248432 40.480110 36.984189
 250.400000 0.242010 39.958592 36.984189
 250.600000 0.251606 40.608829 36.984189
 250.800000 0.236969 39.420051 36.984189
 251.000000 0.228737 38.544018 36.984189
 251.200000 0.239835 39.971550 36.984189
 251.400000 0.237182 39.711554 36.984189
 251.600000 0.235567 39.550592 36.984189
 251.800000 0.238767 39.868230 36.984189
 252.000000 0.237356 39.728773 36.984189
 252.200000 0.238895 40.177411 36.984189
 252.400000 0.238967 40.184208 36.984189
 252.600000 0.250785 40.891679 36.984189
 252.800000 0.243990 40.605973 36.984189
 253.000000 0.243464 40.568098 36.984189
 253.200000 0.238978 40.459953 36.984189
 253.400000 0.242852 40.808909 36.984189
 253.600000 0.259026 40.785517 36.984189
 253.800000 0.274196 39.082964 36.984189
 254.000000 0.269667 39.610850 36.984189
 254.200000 0.239840 40.586100 36.984189
 254.400000 0.226152 38.956645 36.984189
 254.600000 0.232147 39.718291 36.984189
 254.800000 0.230716 39.543874 36.984189
 255.000000 0.228580 39.274789 37.710440
 255.200000 0.226261 39.271784 37.710440
 255.400000 0.222107 38.664759 37.710440
 255.600000 0.209021 36.360999 37.710440
 255.800000 0.223865 38.932190 37.710440
 256.000000 0.223548 38.885140 37.710440
 256.200000 0.230766 40.126787 37.710440
 256.400000 0.216434 37.988792 37.710440
 256.600000 0.200475 34.997025 37.710440
 256.800000 0.188717 32.580572 37.710440
 257.000000 0.193354 33.680681 37.710440
 257.200000 0.201144 35.454990 37.710440
 257.400000 0.198794 35.068892 37.710440
 257.600000 0.206994 36.425354 37.710440
 257.800000 0.209758 36.911685 37.710440
 258.000000 0.207771 36.560184 37.710440
 258.200000 0.197265 35.078491 37.710440
 258.400000 0.203238 36.124460 37.710440
 258.600000 0.198342 35.275175 37.710440
 258.800000 0.208538 37.037638 37.710440
 259.000000 0.197118 35.050909 37.710440
 259.200000 0.176294 28.262238 37.710440
 259.400000 0.183320 31.501163 37.710440
 259.600000 0.170025 25.051510 37.710440
 259.800000 0.165151 22.661667 37.710440
 260.000000 0.148399 16.498997 37.908912
 260.200000 0.152838 18.683571 37.908912
 260.400000 0.164824 22.970148 37.908912
 260.600000 0.164991 23.041975 37.908912
 260.800000 0.168988 24.852879 37.908912
 261.000000 0.174056 27.316414 37.908912
 261.200000 0.170258 25.961225 37.908912
 261.400000 0.162421 22.360272 37.908912
 261.600000 0.150254 18.047028 37.908912
 261.800000 0.162393 22.348852 37.908912
 262.000000 0.167225 24.499879 37.908912
 262.200000 0.173615 28.154393 37.908912
 262.400000 0.165494 24.283799 37.908912
 262.600000 0.152891 19.262727 37.908912
 262.800000 0.153995 19.649136 37.908912
 263.000000 0.149390 18.061847 37.908912
 263.200000 0.155479 20.900779 37.908912
 263.400000 0.151158 19.442608 37.908912
 263.600000 0.167202 25.462549 37.908912
 263.800000 0.162042 23.304475 37.908912
 264.000000 0.170648 27.010895 37.908912
 264.200000 0.163356 24.298151 37.908912
 264.400000 0.158320 22.274022 37.908912
 264.600000 0.183007 32.637347 37.908912
 264.800000 0.181401 32.082250 37.908912
 265.000000 0.160469 23.113481 37.899303
 265.200000 0.160635 23.804469 37.899303
 265.400000 0.157862 22.715277 37.899303
 265.600000 0.141598 16.380218 37.899303
 265.800000 0.161444 24.129423 37.899303
 266.000000 0.177823 31.018145 37.899303
 266.200000 0.165508 26.128696 37.899303
 266.400000 0.142870 16.943254 37.899303
 266.600000 0.175140 30.376356 37.899303
 266.800000 0.187402 34.409670 37.899303
 267.000000 0.201397 36.507776 37.899303
 267.200000 0.220276 39.272113 37.899303
 267.400000 0.205534 37.357656 37.899303
 267.600000 0.202036 36.929250 37.899303
 267.800000 0.196869 36.292360 37.899303
 268.000000 0.199127 36.576453 37.899303
 268.200000 0.194670 36.317842 37.899303
 268.400000 0.186085 34.537964 37.899303
 268.600000 0.172193 29.228368 37.899303
 268.800000 0.169568 28.025916 37.899303
 269.000000 0.176974 31.330693 37.899303
 269.200000 0.173107 30.061290 37.899303
 269.400000 0.166954 27.174796 37.899303
 269.600000 0.160656 24.300412 37.899303
 269.800000 0.157455 22.929042 37.899303
 270.000000 0.164315 25.945949 37.994430
 270.200000 0.165259 26.932287 37.994430
 270.400000 0.168762 28.555735 37.994430
 270.600000 0.178693 32.811373 37.994430
 270.800000 0.169731 29.002396 37.994430
 271.000000 0.154227 22.043142 37.994430
 271.200000 0.151932 21.721765 37.994430
 271.400000 0.148979 20.441655 37.994430
 271.600000 0.158746 24.615105 37.994430
 271.800000 0.173841 31.123855 37.994430
 272.000000 0.153143 22.238561 37.994430
 272.200000 0.147043 20.180505 37.994430
 272.400000 0.167357 28.765341 37.994430
 272.600000 0.149379 21.246940 37.994430
 272.800000 0.148947 21.052493 37.994430
 273.000000 0.161206 26.231735 37.994430
 273.200000 0.163907 27.878290 37.994430
 273.400000 0.162057 27.124556 37.994430
 273.600000 0.155739 24.487836 37.994430
 273.800000 0.163569 27.741057 37.994430
 274.000000 0.166808 29.046487 37.994430
 274.200000 0.179946 34.120942 37.994430
 274.400000 0.166808 29.526452 37.994430
 274.600000 0.149374 21.886665 37.994430
 274.800000 0.144876 19.620213 37.994430
 275.000000 0.152730 23.484361 37.985171
 275.200000 0.158003 26.428425 37.985171
 275.400000 0.144172 19.775991 37.985171
 275.600000 0.139520 17.194166 37.985171
 275.800000 0.146279 20.902395 37.985171
 276.000000 0.155571 25.381926 37.985171
 276.200000 0.153137 24.844943 37.985171
 276.400000 0.138723 17.044679 37.985171
 276.600000 0.149048 22.837349 37.985171
 276.800000 0.152358 24.478166 37.985171
 277.000000 0.133779 14.160489 37.985171
 277.200000 0.123089 9.282817 37.985171
 277.400000 0.141822 19.661290 37.985171
 277.600000 0.156933 26.817861 37.985171
 277.800000 0.153704 25.491999 37.985171
 278.000000 0.152746 25.079530 37.985171
 278.200000 0.133322 15.076960 37.985171
 278.400000 0.133395 15.120129 37.985171
 278.600000 0.131749 14.146797 37.985171
 278.800000 0.134496 15.776497 37.985171
 279.000000 0.146083 22.444945 37.985171
 279.200000 0.162862 29.848138 37.985171
 279.400000 0.165712 30.719216 37.985171
 279.600000 0.158391 28.380441 37.985171
 279.800000 0.154756 27.046580 37.985171
 280.000000 0.172385 32.636961 37.978831
 280.200000 0.162640 30.109635 37.978831
 280.400000 0.164671 30.763763 37.978831
 280.600000 0.172098 32.966713 37.978831
 280.800000 0.140103 19.741045 37.978831
 281.000000 0.122880 9.452218 37.978831
 281.200000 0.130266 14.675465 37.978831
 281.400000 0.144254 22.585872 37.978831
 281.600000 0.134120 16.902453 37.978831
 281.800000 0.135861 17.912068 37.978831
 282.000000 0.142441 21.621884 37.978831
 282.200000 0.147667 24.927017 37.978831
 282.400000 0.141663 21.865783 37.978831
 282.600000 0.142712 22.436092 37.978831
 282.800000 0.160741 29.835809 37.978831
 283.000000 0.177244 34.345062 37.978831
 283.200000 0.179387 35.199036 37.978831
 283.400000 0.188432 36.620329 37.978831
 283.600000 0.191825 36.929598 37.978831
 283.800000 0.211850 38.499440 37.978831
 284.000000 0.207930 38.094601 37.978831
 284.200000 0.188331 36.745810 37.978831
 284.400000 0.183809 36.101404 37.978831
 284.600000 0.204581 38.108434 37.978831
 284.800000 0.198735 37.648813 37.978831
 285.000000 0.190086 36.941161 38.084942
 285.200000 0.210398 38.795978 38.084942
 285.400000 0.232681 40.604669 38.084942
 285.600000 0.238157 40.974324 38.084942
 285.800000 0.256347 41.267535 38.084942
 286.000000 0.237060 40.901103 38.084942
 286.200000 0.198831 37.950986 38.084942
 286.400000 0.174309 34.224256 38.084942
 286.600000 0.167588 32.261487 38.084942
 286.800000 0.178990 35.420747 38.084942
 287.000000 0.197502 37.866584 38.084942
 287.200000 0.218971 39.824853 38.084942
 287.400000 0.217958 39.736474 38.084942
 287.600000 0.232052 40.851587 38.084942
 287.800000 0.210161 39.057739 38.084942
 288.000000 0.208106 38.891776 38.084942
 288.200000 0.214800 39.737257 38.084942
 288.400000 0.216938 39.906834 38.084942
 288.600000 0.210024 39.353308 38.084942
 288.800000 0.220534 40.178354 38.084942
 289.000000 0.231418 40.898244 38.084942
 289.200000 0.228371 40.982903 38.084942
 289.400000 0.229488 41.057429 38.084942
 289.600000 0.254222 41.611112 38.084942
 289.800000 0.248953 41.806623 38.084942
 290.000000 0.226935 40.884025 38.635971
 290.200000 0.252037 41.791795 38.635971
 290.400000 0.260419 41.102779 38.635971
 290.600000 0.283851 38.198622 38.635971
 290.800000 0.283084 38.302856 38.635971
 291.000000 0.266493 40.368637 38.635971
 291.200000 0.243379 42.009976 38.635971
 291.400000 0.251284 41.999259 38.635971
 291.600000 0.261447 41.260463 38.635971
 291.800000 0.259977 41.415170 38.635971
 292.000000 0.271066 40.057497 38.635971
 292.200000 0.269888 40.507072 38.635971
 292.400000 0.260007 41.635864 38.635971
 292.600000 0.261338 41.510288 38.635971
 292.800000 0.255914 41.941554 38.635971
 293.000000 0.253972 42.038985 38.635971
 293.200000 0.288597 37.698441 38.635971
 293.400000 0.289928 37.401777 38.635971
 293.600000 0.298373 34.874484 38.635971
 293.800000 0.295029 36.012782 38.635971
 294.000000 0.297674 35.125816 38.635971
 294.200000 0.314035 28.654516 38.635971
 294.400000 0.329401 23.761158 38.635971
 294.600000 0.334700 22.343623 38.635971
 294.800000 0.347547 18.642999 38.635971
 295.000000 0.355807 16.085865 39.017868
 295.200000 0.373941 11.027128 39.017868
 295.400000 0.385395 7.346920 39.017868
 295.600000 0.374978 10.685576 39.017868
 295.800000 0.358514 16.088439 39.017868
 296.000000 0.364504 14.141209 39.017868
 296.200000 0.387503 7.005079 39.017868
 296.400000 0.392280 5.583418 39.017868
 296.600000 0.401081 3.677221 39.017868
 296.800000 0.394021 5.128173 39.017868
 297.000000 0.383430 8.373353 39.017868
 297.200000 0.365930 15.207750 39.017868
 297.400000 0.351992 18.889339 39.017868
 297.600000 0.342333 21.107549 39.017868
 297.800000 0.359023 17.116430 39.017868
 298.000000 0.351764 18.944471 39.017868
 298.200000 0.352291 19.569198 39.017868
 298.400000 0.341996 21.790652 39.017868
 298.600000 0.333044 23.506710 39.017868
 298.800000 0.353494 19.270890 39.017868
 299.000000 0.358081 18.052350 39.017868
 299.200000 0.370135 14.885461 39.017868
 299.400000 0.381504 10.582128 39.017868
 299.600000 0.389217 7.708283 39.017868
 299.800000 0.393268 6.355699 39.017868
 300.000000 0.381749 10.488256 38.990789
 300.200000 0.386284 9.818035 38.990789
 300.400000 0.388976 8.769898 38.990789
 300.600000 0.399296 5.243707 38.990789
 300.800000 0.385671 10.058531 38.990789
 301.000000 0.381903 11.525980 38.990789
 301.200000 0.384840 11.411551 38.990789
 301.400000 0.400569 5.382213 38.990789
 301.600000 0.404459 4.341489 38.990789
 301.800000 0.391518 8.659717 38.990789
 302.000000 0.368761 16.846254 38.990789
 302.200000 0.358280 20.049099 38.990789
 302.400000 0.365042 18.619825 38.990789
 302.600000 0.359118 19.890462 38.990789
 302.800000 0.342410 22.402302 38.990789
 303.000000 0.319251 26.885294 38.990789
 303.200000 0.318213 27.744499 38.990789
 303.400000 0.315670 28.610934 38.990789
 303.600000 0.319082 27.466639 38.990789
 303.800000 0.323248 26.264322 38.990789
 304.000000 0.352099 21.128686 38.990789
 304.200000 0.347035 22.534561 38.990789
 304.400000 0.326589 25.597015 38.990789
 304.600000 0.327075 25.494166 38.990789
 304.800000 0.322525 26.554725 38.990789
 305.000000 0.320612 27.074657 38.973861
 305.200000 0.320837 27.534988 38.973861
 305.400000 0.344883 22.950643 38.973861
 305.600000 0.357851 20.804074 38.973861
 305.800000 0.360209 20.293079 38.973861
 306.000000 0.328327 25.698867 38.973861
 306.200000 0.311233 31.034217 38.973861
 306.400000 0.317093 29.090490 38.973861
 306.600000 0.326794 26.588774 38.973861
 306.800000 0.326206 26.719996 38.973861
 307.000000 0.308669 31.973807 38.973861
 307.200000 0.320469 28.433922 38.973861
 307.400000 0.315665 29.910920 38.973861
 307.600000 0.299282 35.739768 38.973861
 307.800000 0.307628 32.783147 38.973861
 308.000000 0.315127 30.089170 38.973861
 308.200000 0.320031 28.993974 38.973861
 308.400000 0.346512 23.053634 38.973861
 308.600000 0.363404 19.563009 38.973861
 308.800000 0.389553 9.811834 38.973861
 309.000000 0.407368 3.749918 38.973861
 309.200000 0.398182 7.495125 38.973861
 309.400000 0.386352 11.810523 38.973861
 309.600000 0.381943 13.561744 38.973861
 309.800000 0.388326 11.024122 38.973861
 310.000000 0.402983 6.185184 38.972799
 310.200000 0.392546 10.445275 38.972799
 310.400000 0.381281 14.284287 38.972799
 310.600000 0.390010 11.277330 38.972799
 310.800000 0.391886 10.658086 38.972799
 311.000000 0.390101 11.246875 38.972799
 311.200000 0.373330 17.438085 38.972799
 311.400000 0.366087 19.223491 38.972799
 311.600000 0.355503 21.467670 38.972799
 311.800000 0.350148 22.440158 38.972799
 312.000000 0.350934 22.302401 38.972799
 312.200000 0.375104 17.140361 38.972799
 312.400000 0.369658 18.666908 38.972799
 312.600000 0.373748 17.531110 38.972799
 312.800000 0.383551 14.524658 38.972799
 313.000000 0.403206 8.183538 38.972799
 313.200000 0.396871 11.201447 38.972799
 313.400000 0.378204 16.518215 38.972799
 313.600000 0.368949 18.944969 38.972799
 313.800000 0.374130 17.605543 38.972799
 314.000000 0.357716 21.632042 38.972799
 314.200000 0.359127 21.988016 38.972799
 314.400000 0.353061 23.201477 38.972799
 314.600000 0.340264 25.012020 38.972799
 314.800000 0.341649 24.826964 38.972799
 315.000000 0.333737 26.008883 38.948232
 315.200000 0.314707 30.976755 38.948232
 315.400000 0.333655 26.572490 38.948232
 315.600000 0.352481 23.552171 38.948232
 315.800000 0.341106 25.385581 38.948232
 316.000000 0.337558 25.927918 38.948232
 316.200000 0.347854 24.796946 38.948232
 316.400000 0.337564 26.478379 38.948232
 316.600000 0.332566 27.285105 38.948232
 316.800000 0.312525 31.803218 38.948232
 317.000000 0.306489 33.770852 38.948232
 317.200000 0.290379 38.337218 38.948232
 317.400000 0.294654 37.547381 38.948232
 317.600000 0.318143 30.493836 38.948232
 317.800000 0.344245 25.434659 38.948232
 318.000000 0.343585 25.544098 38.948232
 318.200000 0.344450 25.960364 38.948232
 318.400000 0.325746 28.952121 38.948232
 318.600000 0.323744 29.342468 38.948232
 318.800000 0.315810 31.254739 38.948232
 319.000000 0.318850 30.446655 38.948232
 319.200000 0.317968 31.121512 38.948232
 319.400000 0.327475 29.018455 38.948232
 319.600000 0.319593 30.713735 38.948232
 319.800000 0.315722 31.720508 38.948232
 320.000000 0.337686 27.226666 38.952797
 320.200000 0.327851 29.366246 38.952797
 320.400000 0.319948 30.885880 38.952797
 320.600000 0.323479 30.158187 38.952797
 320.800000 0.312943 32.647789 38.952797
 321.000000 0.317677 31.410118 38.952797
 321.200000 0.310567 33.720995 38.952797
 321.400000 0.302179 36.093417 38.952797
 321.600000 0.317442 31.898811 38.952797
 321.800000 0.327408 29.792304 38.952797
 322.000000 0.326744 29.918115 38.952797
 322.200000 0.319619 31.799340 38.952797
 322.400000 0.320375 31.639157 38.952797
 322.600000 0.328201 30.103247 38.952797
 322.800000 0.345966 26.504249 38.952797
 323.000000 0.345924 26.514073 38.952797
 323.200000 0.348166 26.507360 38.952797
 323.400000 0.332318 29.679987 38.952797
 323.600000 0.331452 29.825625 38.952797
 323.800000 0.347138 26.761823 38.952797
 324.000000 0.345781 27.084551 38.952797
 324.200000 0.363530 22.019959 38.952797
 324.400000 0.355085 24.989690 38.952797
 324.600000 0.337523 29.219163 38.952797
 324.800000 0.319839 31.986540 38.952797
 325.000000 0.317100 32.524633 38.954524
 325.200000 0.326498 31.224493 38.954524
 325.400000 0.319277 32.498708 38.954524
 325.600000 0.333542 30.072276 38.954524
 325.800000 0.352536 25.819834 38.954524
 326.000000 0.353584 25.491555 38.954524
 326.200000 0.362182 22.990603 38.954524
 326.400000 0.390080 13.270071 38.954524
 326.600000 0.394002 12.080362 38.954524
 326.800000 0.400842 10.081455 38.954524
 327.000000 0.407770 8.104577 38.954524
 327.200000 0.399579 11.495032 38.954524
 327.400000 0.394479 12.760928 38.954524
 327.600000 0.410472 8.522017 38.954524
 327.800000 0.401264 11.070263 38.954524
 328.000000 0.381103 16.379359 38.954524
 328.200000 0.374648 19.198321 38.954524
 328.400000 0.375181 19.031120 38.954524
 328.600000 0.376485 18.625482 38.954524
 328.800000 0.386690 15.567821 38.954524
 329.000000 0.387870 15.222990 38.954524
 329.200000 0.374822 19.751582 38.954524
 329.400000 0.367829 21.788742 38.954524
 329.600000 0.374849 19.743896 38.954524
 329.800000 0.357824 24.987844 38.954524
 330.000000 0.355507 25.704533 38.930545
 330.200000 0.361465 24.331154 38.930545
 330.400000 0.376022 19.636661 38.930545
 330.600000 0.395515 13.829105 38.930545
 330.800000 0.399500 12.575164 38.930545
 331.000000 0.390782 15.286002 38.930545
 331.200000 0.367968 22.417420 38.930545
 331.400000 0.375944 20.202232 38.930545
 331.600000 0.366623 22.826646 38.930545
 331.800000 0.384043 18.098441 38.930545
 332.000000 0.388633 16.812606 38.930545
 332.200000 0.379644 19.940272 38.930545
 332.400000 0.367250 22.932974 38.930545
 332.600000 0.356880 25.992147 38.930545
 332.800000 0.364500 23.716291 38.930545
 333.000000 0.347893 28.283508 38.930545
 333.200000 0.333647 30.798188 38.930545
 333.400000 0.354612 27.085281 38.930545
 333.600000 0.371942 21.854030 38.930545
 333.800000 0.385232 18.603500 38.930545
 334.000000 0.398496 14.336598 38.930545
 334.200000 0.394428 16.688540 38.930545
 334.400000 0.398282 15.340049 38.930545
 334.600000 0.386727 18.875602 38.930545
 334.800000 0.375232 21.312760 38.930545
 335.000000 0.377235 20.897044 38.907121
 335.200000 0.371618 22.765207 38.907121
 335.400000 0.387881 19.125365 38.907121
 335.600000 0.400804 14.575108 38.907121
 335.800000 0.389101 18.776059 38.907121
 336.000000 0.387439 19.247757 38.907121
 336.200000 0.386464 20.250494 38.907121
 336.400000 0.401303 14.850912 38.907121
 336.600000 0.418381 6.871462 38.907121
 336.800000 0.430501 2.562756 38.907121
 337.000000 0.461726 0.010535 38.907121
 337.200000 0.468898 1.559877 38.907121
 337.400000 0.461254 1.760260 38.907121
 337.600000 0.410076 10.735902 38.907121
 337.800000 0.435250 1.890254 38.907121
 338.000000 0.450630 1.482466 38.907121
 338.200000 0.460321 3.086084 38.907121
 338.400000 0.462354 2.962676 38.907121
 338.600000 0.450745 3.124823 38.907121
 338.800000 0.425774 4.483339 38.907121
 339.000000 0.428320 3.850448 38.907121
 339.200000 0.457232 3.422977 38.907121
 339.400000 0.447132 3.637267 38.907121
 339.600000 0.431041 4.785072 38.907121
 339.800000 0.425505 6.006901 38.907121
 340.000000 0.425728 5.948318 38.881550
