#! FIELDS time d metad.bias metad.rct
 0.000000 0.191229 0.000000 0.000000
 0.200000 0.196507 0.000000 0.000000
 0.400000 0.216121 0.000000 0.000000
 0.600000 0.238765 0.000000 0.000000
 0.800000 0.215389 0.000000 0.000000
 1.000000 0.229473 0.000000 0.000000
 1.200000 0.258147 0.278677 0.000000
 1.400000 0.272778 0.023776 0.000000
 1.600000 0.275218 0.013376 0.000000
 1.800000 0.280232 0.002334 0.000000
 2.000000 0.292433 0.000000 0.000000
 2.200000 0.293916 1.741442 0.000000
 2.400000 0.295143 1.721621 0.000000
 2.600000 0.301149 1.477668 0.000000
 2.800000 0.295504 1.713643 0.000000
 3.000000 0.300900 1.491810 0.000000
 3.200000 0.275023 1.271982 0.000000
 3.400000 0.289489 2.941804 0.000000
 3.600000 0.271661 0.941249 0.000000
 3.800000 0.271749 0.948973 0.000000
 4.000000 0.273952 1.159155 0.000000
 4.200000 0.266556 2.059226 0.000000
 4.400000 0.267416 2.144949 0.000000
 4.600000 0.285126 3.752938 0.000000
 4.800000 0.310879 2.208800 0.000000
 5.000000 0.336694 0.111174 0.990741
 5.200000 0.347296 1.366249 0.990741
 5.400000 0.343242 1.612400 0.990741
 5.600000 0.341245 1.709189 0.990741
 5.800000 0.334537 1.883726 0.990741
 6.000000 0.304440 3.239088 0.990741
 6.200000 0.325231 2.473322 0.990741
 6.400000 0.338456 1.923151 0.990741
 6.600000 0.336275 2.016990 0.990741
 6.800000 0.333903 2.106669 0.990741
 7.000000 0.343381 1.654235 0.990741
 7.200000 0.361491 1.224345 0.990741
 7.400000 0.349612 2.710397 0.990741
 7.600000 0.348879 2.793471 0.990741
 7.800000 0.356969 1.774195 0.990741
 8.000000 0.362908 1.070502 0.990741
 8.200000 0.377060 1.239095 0.990741
 8.400000 0.387886 0.433213 0.990741
 8.600000 0.400024 0.075042 0.990741
 8.800000 0.397885 0.107032 0.990741
 9.000000 0.399057 0.088397 0.990741
 9.200000 0.388457 1.761654 0.990741
 9.400000 0.388920 1.768661 0.990741
 9.600000 0.409017 1.409213 0.990741
 9.800000 0.407977 1.475126 0.990741
 10.000000 0.406320 1.572062 1.960378
 10.200000 0.418486 1.924914 1.960378
 10.400000 0.398705 3.270330 1.960378
 10.600000 0.417275 2.080891 1.960378
 10.800000 0.417698 2.026461 1.960378
 11.000000 0.416200 2.218528 1.960378
 11.200000 0.420396 3.205258 1.960378
 11.400000 0.436067 0.963208 1.960378
 11.600000 0.426468 2.239207 1.960378
 11.800000 0.446033 0.272282 1.960378
 12.000000 0.441302 0.522866 1.960378
 12.200000 0.433569 2.737144 1.960378
 12.400000 0.410802 4.548432 1.960378
 12.600000 0.433798 2.721598 1.960378
 12.800000 0.428198 3.139179 1.960378
 13.000000 0.411194 4.533767 1.960378
 13.200000 0.408147 6.002609 1.960378
 13.400000 0.385934 2.924501 1.960378
 13.600000 0.395495 4.555006 1.960378
 13.800000 0.399021 5.159465 1.960378
 14.000000 0.390791 3.695471 1.960378
 14.200000 0.372666 2.965157 1.960378
 14.400000 0.369628 2.926464 1.960378
 14.600000 0.366658 2.972184 1.960378
 14.800000 0.370537 2.928213 1.960378
 15.000000 0.364273 3.056510 3.083793
 15.200000 0.387223 5.022311 3.083793
 15.400000 0.374688 4.245760 3.083793
 15.600000 0.383802 4.647053 3.083793
 15.800000 0.378387 4.298486 3.083793
 16.000000 0.377661 4.276836 3.083793
 16.200000 0.369554 5.611447 3.083793
 16.400000 0.367150 5.589931 3.083793
 16.600000 0.357096 5.382942 3.083793
 16.800000 0.387574 6.228224 3.083793
 17.000000 0.394441 6.775341 3.083793
 17.200000 0.376255 6.310417 3.083793
 17.400000 0.357107 5.439332 3.083793
 17.600000 0.368180 5.877264 3.083793
 17.800000 0.361132 5.603240 3.083793
 18.000000 0.350757 5.141348 3.083793
 18.200000 0.317753 3.632619 3.083793
 18.400000 0.323194 3.598148 3.083793
 18.600000 0.321313 3.561698 3.083793
 18.800000 0.322752 3.584941 3.083793
 19.000000 0.339597 5.443117 3.083793
 19.200000 0.329952 5.245787 3.083793
 19.400000 0.310840 4.395415 3.083793
 19.600000 0.300249 5.129341 3.083793
 19.800000 0.314411 4.179195 3.083793
 20.000000 0.304778 4.877308 4.583339
 20.200000 0.303143 6.387853 4.583339
 20.400000 0.319816 4.994689 4.583339
 20.600000 0.328761 5.444318 4.583339
 20.800000 0.336716 6.533297 4.583339
 21.000000 0.327236 5.282421 4.583339
 21.200000 0.328069 6.748456 4.583339
 21.400000 0.332132 7.190933 4.583339
 21.600000 0.334642 7.462819 4.583339
 21.800000 0.331522 7.122835 4.583339
 22.000000 0.323989 6.396802 4.583339
 22.200000 0.309429 7.350038 4.583339
 22.400000 0.307044 7.344481 4.583339
 22.600000 0.317199 7.399255 4.583339
 22.800000 0.336989 8.593300 4.583339
 23.000000 0.322626 7.626756 4.583339
 23.200000 0.305506 7.975116 4.583339
 23.400000 0.299727 7.472366 4.583339
 23.600000 0.293775 6.665828 4.583339
 23.800000 0.280692 4.315729 4.583339
 24.000000 0.291410 6.273275 4.583339
 24.200000 0.289256 7.202094 4.583339
 24.400000 0.287846 6.921182 4.583339
 24.600000 0.280481 5.292314 4.583339
 24.800000 0.304269 8.804267 4.583339
 25.000000 0.306479 8.834483 6.231724
 25.200000 0.311399 9.950411 6.231724
 25.400000 0.302112 9.868759 6.231724
 25.600000 0.310701 9.968223 6.231724
 25.800000 0.321489 9.695034 6.231724
 26.000000 0.340785 9.351301 6.231724
 26.200000 0.338923 10.599530 6.231724
 26.400000 0.341762 10.439320 6.231724
 26.600000 0.342223 10.404519 6.231724
 26.800000 0.348445 9.728746 6.231724
 27.000000 0.370067 6.943633 6.231724
 27.200000 0.384367 7.995799 6.231724
 27.400000 0.370353 8.210736 6.231724
 27.600000 0.352096 9.827367 6.231724
 27.800000 0.356402 9.386721 6.231724
 28.000000 0.383132 7.961060 6.231724
 28.200000 0.357297 9.573011 6.231724
 28.400000 0.352373 9.946951 6.231724
 28.600000 0.348240 10.280020 6.231724
 28.800000 0.352944 9.900582 6.231724
 29.000000 0.343037 10.620755 6.231724
 29.200000 0.336739 11.772099 6.231724
 29.400000 0.343701 11.674955 6.231724
 29.600000 0.334342 11.663898 6.231724
 29.800000 0.299501 9.688294 6.231724
 30.000000 0.325216 10.889677 8.097987
 30.200000 0.347870 11.686316 8.097987
 30.400000 0.345235 12.013200 8.097987
 30.600000 0.351633 11.159321 8.097987
 30.800000 0.334124 12.553832 8.097987
 31.000000 0.295099 9.193560 8.097987
 31.200000 0.292601 9.814673 8.097987
 31.400000 0.279249 5.909641 8.097987
 31.600000 0.285313 7.785379 8.097987
 31.800000 0.298655 10.940581 8.097987
 32.000000 0.299454 11.041780 8.097987
 32.200000 0.299665 12.136646 8.097987
 32.400000 0.313935 12.279999 8.097987
 32.600000 0.325130 12.359654 8.097987
 32.800000 0.322147 12.257983 8.097987
 33.000000 0.349106 11.520782 8.097987
 33.200000 0.378323 9.309459 8.097987
 33.400000 0.374471 9.420135 8.097987
 33.600000 0.351380 12.231725 8.097987
 33.800000 0.348762 12.615828 8.097987
 34.000000 0.366384 10.024827 8.097987
 34.200000 0.379159 10.076999 8.097987
 34.400000 0.356050 12.361039 8.097987
 34.600000 0.354775 12.516058 8.097987
 34.800000 0.365885 11.198369 8.097987
 35.000000 0.361720 11.672545 9.744490
 35.200000 0.353424 13.569460 9.744490
 35.400000 0.334788 13.654438 9.744490
 35.600000 0.332192 13.416383 9.744490
 35.800000 0.337406 13.846820 9.744490
 36.000000 0.327818 12.974637 9.744490
 36.200000 0.340719 14.676151 9.744490
 36.400000 0.355842 13.519712 9.744490
 36.600000 0.342738 14.631823 9.744490
 36.800000 0.317745 13.125517 9.744490
 37.000000 0.329881 14.155937 9.744490
 37.200000 0.328925 14.994699 9.744490
 37.400000 0.325583 14.628929 9.744490
 37.600000 0.315320 13.608059 9.744490
 37.800000 0.300602 12.563526 9.744490
 38.000000 0.305230 13.036402 9.744490
 38.200000 0.334396 15.549079 9.744490
 38.400000 0.319343 14.571417 9.744490
 38.600000 0.303794 13.895183 9.744490
 38.800000 0.299215 13.259641 9.744490
 39.000000 0.290338 10.798568 9.744490
 39.200000 0.275537 5.926235 9.744490
 39.400000 0.279393 7.443459 9.744490
 39.600000 0.283978 9.364790 9.744490
 39.800000 0.274460 5.531881 9.744490
 40.000000 0.290641 11.987155 11.514019
 40.200000 0.279514 8.272132 11.514019
 40.400000 0.286601 11.440979 11.514019
 40.600000 0.283546 10.099811 11.514019
 40.800000 0.278333 7.744593 11.514019
 41.000000 0.265395 3.140071 11.514019
 41.200000 0.267921 5.324230 11.514019
 41.400000 0.264983 4.560220 11.514019
 41.600000 0.259022 3.303965 11.514019
 41.800000 0.252049 2.340999 11.514019
 42.000000 0.269853 5.878696 11.514019
 42.200000 0.300061 15.405272 11.514019
 42.400000 0.325383 15.138863 11.514019
 42.600000 0.334878 15.581394 11.514019
 42.800000 0.345867 15.028713 11.514019
 43.000000 0.311660 15.094804 11.514019
 43.200000 0.297594 15.778531 11.514019
 43.400000 0.296633 15.627699 11.514019
 43.600000 0.305784 16.244010 11.514019
 43.800000 0.316219 15.765754 11.514019
 44.000000 0.331366 15.852302 11.514019
 44.200000 0.329832 16.687310 11.514019
 44.400000 0.322117 16.390910 11.514019
 44.600000 0.315956 16.284685 11.514019
 44.800000 0.301608 16.297240 11.514019
 45.000000 0.314417 16.298486 13.071609
 45.200000 0.311916 17.180618 13.071609
 45.400000 0.320197 17.117380 13.071609
 45.600000 0.324790 17.164353 13.071609
 45.800000 0.339480 16.628406 13.071609
 46.000000 0.334036 17.068622 13.071609
 46.200000 0.339950 17.331600 13.071609
 46.400000 0.325847 17.881088 13.071609
 46.600000 0.305077 17.260636 13.071609
 46.800000 0.302975 17.103698 13.071609
 47.000000 0.319401 17.621740 13.071609
 47.200000 0.344452 16.792415 13.071609
 47.400000 0.347767 16.077468 13.071609
 47.600000 0.325398 18.601236 13.071609
 47.800000 0.307315 17.939278 13.071609
 48.000000 0.284619 12.427307 13.071609
 48.200000 0.262140 5.420404 13.071609
 48.400000 0.272074 8.653413 13.071609
 48.600000 0.284964 13.563852 13.071609
 48.800000 0.286314 14.066669 13.071609
 49.000000 0.295917 16.968953 13.071609
 49.200000 0.305194 18.846616 13.071609
 49.400000 0.322175 18.734442 13.071609
 49.600000 0.321932 18.733438 13.071609
 49.800000 0.323064 18.738054 13.071609
 50.000000 0.349036 15.795001 14.874989
 50.200000 0.347113 17.081434 14.874989
 50.400000 0.331944 19.021796 14.874989
 50.600000 0.314118 18.829933 14.874989
 50.800000 0.314525 18.826885 14.874989
 51.000000 0.332297 19.012030 14.874989
 51.200000 0.311550 19.146131 14.874989
 51.400000 0.309165 19.112784 14.874989
 51.600000 0.302101 18.793328 14.874989
 51.800000 0.295990 17.845348 14.874989
 52.000000 0.306611 19.056551 14.874989
 52.200000 0.297419 18.760470 14.874989
 52.400000 0.312537 19.852981 14.874989
 52.600000 0.321610 19.928948 14.874989
 52.800000 0.329067 20.026509 14.874989
 53.000000 0.332423 19.927675 14.874989
 53.200000 0.349473 17.339698 14.874989
 53.400000 0.339035 19.896225 14.874989
 53.600000 0.322044 20.504913 14.874989
 53.800000 0.318241 20.329767 14.874989
 54.000000 0.321100 20.459672 14.874989
 54.200000 0.324094 21.289006 14.874989
 54.400000 0.328167 21.352577 14.874989
 54.600000 0.363387 13.592507 14.874989
 54.800000 0.370369 12.104146 14.874989
 55.000000 0.357256 15.167196 16.905507
 55.200000 0.337139 20.954331 16.905507
 55.400000 0.324144 21.367039 16.905507
 55.600000 0.338101 20.814596 16.905507
 55.800000 0.347346 18.807237 16.905507
 56.000000 0.333221 21.353660 16.905507
 56.200000 0.336167 21.742071 16.905507
 56.400000 0.346812 19.395203 16.905507
 56.600000 0.370103 12.802883 16.905507
 56.800000 0.379003 11.075901 16.905507
 57.000000 0.395142 9.651115 16.905507
 57.200000 0.388707 11.089513 16.905507
 57.400000 0.356299 16.567995 16.905507
 57.600000 0.344458 20.049900 16.905507
 57.800000 0.326915 22.084292 16.905507
 58.000000 0.304690 20.345702 16.905507
 58.200000 0.305047 21.093578 16.905507
 58.400000 0.306708 21.259141 16.905507
 58.600000 0.311508 21.580720 16.905507
 58.800000 0.309899 21.489780 16.905507
 59.000000 0.331424 22.260745 16.905507
 59.200000 0.334031 22.711228 16.905507
 59.400000 0.314849 22.103224 16.905507
 59.600000 0.317559 22.314918 16.905507
 59.800000 0.307219 21.478382 16.905507
 60.000000 0.307151 21.471442 18.565695
 60.200000 0.294117 19.143836 18.565695
 60.400000 0.272919 9.395255 18.565695
 60.600000 0.267029 7.118896 18.565695
 60.800000 0.271374 8.762632 18.565695
 61.000000 0.280927 13.043483 18.565695
 61.200000 0.292155 19.102875 18.565695
 61.400000 0.284404 15.705694 18.565695
 61.600000 0.272715 10.152574 18.565695
 61.800000 0.283344 15.195874 18.565695
 62.000000 0.292437 19.209177 18.565695
 62.200000 0.270499 9.437886 18.565695
 62.400000 0.255945 4.152396 18.565695
 62.600000 0.273865 11.015809 18.565695
 62.800000 0.272524 10.374631 18.565695
 63.000000 0.274614 11.380088 18.565695
 63.200000 0.273820 12.046775 18.565695
 63.400000 0.253359 3.928586 18.565695
 63.600000 0.266690 8.708267 18.565695
 63.800000 0.274047 12.157121 18.565695
 64.000000 0.250383 3.271567 18.565695
 64.200000 0.257822 6.563919 18.565695
 64.400000 0.258154 6.659387 18.565695
 64.600000 0.255325 5.888531 18.565695
 64.800000 0.271834 11.629611 18.565695
 65.000000 0.260357 7.326477 18.985403
 65.200000 0.260926 8.769924 18.985403
 65.400000 0.255077 7.012483 18.985403
 65.600000 0.264902 10.082274 18.985403
 65.800000 0.267379 10.941567 18.985403
 66.000000 0.258731 8.083821 18.985403
 66.200000 0.243167 5.042005 18.985403
 66.400000 0.255787 8.410539 18.985403
 66.600000 0.275390 14.610642 18.985403
 66.800000 0.267687 12.071891 18.985403
 67.000000 0.279347 16.036462 18.985403
 67.200000 0.261997 10.745114 18.985403
 67.400000 0.259889 10.027544 18.985403
 67.600000 0.260423 10.208875 18.985403
 67.800000 0.246928 6.008804 18.985403
 68.000000 0.250537 7.017810 18.985403
 68.200000 0.255810 9.869928 18.985403
 68.400000 0.249020 7.853849 18.985403
 68.600000 0.253006 9.030544 18.985403
 68.800000 0.246863 7.233890 18.985403
 69.000000 0.236538 4.630219 18.985403
 69.200000 0.237541 6.270511 18.985403
 69.400000 0.243460 7.578827 18.985403
 69.600000 0.251514 9.450287 18.985403
 69.800000 0.264419 12.659922 18.985403
 70.000000 0.253239 9.865089 19.117203
 70.200000 0.249694 10.115438 19.117203
 70.400000 0.254468 11.287529 19.117203
 70.600000 0.260785 12.721907 19.117203
 70.800000 0.280150 17.612970 19.117203
 71.000000 0.262294 13.050862 19.117203
 71.200000 0.254539 12.160151 19.117203
 71.400000 0.246549 9.868197 19.117203
 71.600000 0.244461 9.237441 19.117203
 71.800000 0.252559 11.619696 19.117203
 72.000000 0.261024 13.749034 19.117203
 72.200000 0.235830 6.910908 19.117203
 72.400000 0.206961 0.811236 19.117203
 72.600000 0.214475 1.765867 19.117203
 72.800000 0.218732 2.523760 19.117203
 73.000000 0.207650 0.878519 19.117203
 73.200000 0.220445 4.039297 19.117203
 73.400000 0.233324 6.538019 19.117203
 73.600000 0.240053 8.425259 19.117203
 73.800000 0.231801 6.165519 19.117203
 74.000000 0.228069 5.344555 19.117203
 74.200000 0.220798 5.316112 19.117203
 74.400000 0.225223 6.157708 19.117203
 74.600000 0.221048 5.362295 19.117203
 74.800000 0.220461 5.254059 19.117203
 75.000000 0.219602 5.097095 19.147905
 75.200000 0.221023 6.746022 19.147905
 75.400000 0.221382 6.809180 19.147905
 75.600000 0.223858 7.232670 19.147905
 75.800000 0.226844 7.718192 19.147905
 76.000000 0.230660 8.321736 19.147905
 76.200000 0.231785 9.705755 19.147905
 76.400000 0.212295 5.642041 19.147905
 76.600000 0.200204 2.821363 19.147905
 76.800000 0.206705 4.263728 19.147905
 77.000000 0.199551 2.691258 19.147905
 77.200000 0.191566 2.722252 19.147905
 77.400000 0.190464 2.526201 19.147905
 77.600000 0.190666 2.561827 19.147905
 77.800000 0.184310 1.550373 19.147905
 78.000000 0.187266 1.991064 19.147905
 78.200000 0.169033 1.016846 19.147905
 78.400000 0.169558 1.070383 19.147905
 78.600000 0.163184 0.536027 19.147905
 78.800000 0.159016 0.312184 19.147905
 79.000000 0.179432 2.355731 19.147905
 79.200000 0.170910 2.556250 19.147905
 79.400000 0.166100 1.809870 19.147905
 79.600000 0.184237 4.606032 19.147905
 79.800000 0.178890 3.848178 19.147905
 80.000000 0.165839 1.772203 19.100869
 80.200000 0.152214 1.479920 19.100869
 80.400000 0.167268 3.592433 19.100869
 80.600000 0.183592 5.323640 19.100869
 80.800000 0.181665 5.185255 19.100869
 81.000000 0.170705 4.057068 19.100869
 81.200000 0.190497 6.322782 19.100869
 81.400000 0.179979 6.255932 19.100869
 81.600000 0.168844 5.259954 19.100869
 81.800000 0.156210 2.910977 19.100869
 82.000000 0.153963 2.479446 19.100869
 82.200000 0.159419 5.017017 19.100869
 82.400000 0.153081 3.881304 19.100869
 82.600000 0.149762 3.255985 19.100869
 82.800000 0.162352 5.470721 19.100869
 83.000000 0.174978 6.553759 19.100869
 83.200000 0.171985 7.714812 19.100869
 83.400000 0.177206 7.888012 19.100869
 83.600000 0.192225 7.045196 19.100869
 83.800000 0.198680 6.747519 19.100869
 84.000000 0.190679 7.151814 19.100869
 84.200000 0.215301 8.027585 19.100869
 84.400000 0.217958 8.279022 19.100869
 84.600000 0.206474 7.608308 19.100869
 84.800000 0.230042 9.689892 19.100869
 85.000000 0.228125 9.457938 19.057638
 85.200000 0.233106 11.151636 19.057638
 85.400000 0.252240 13.590926 19.057638
 85.600000 0.219541 9.421487 19.057638
 85.800000 0.207868 8.083825 19.057638
 86.000000 0.223020 9.929068 19.057638
 86.200000 0.220277 10.635280 19.057638
 86.400000 0.221613 10.845015 19.057638
 86.600000 0.231454 11.941181 19.057638
 86.800000 0.233673 12.081770 19.057638
 87.000000 0.242542 12.613794 19.057638
 87.200000 0.241922 13.562203 19.057638
 87.400000 0.237464 13.227315 19.057638
 87.600000 0.215646 10.064126 19.057638
 87.800000 0.199084 8.327993 19.057638
 88.000000 0.203487 8.449876 19.057638
 88.200000 0.221632 11.800933 19.057638
 88.400000 0.209062 10.094310 19.057638
 88.600000 0.216080 10.990641 19.057638
 88.800000 0.214018 10.699288 19.057638
 89.000000 0.225682 12.334082 19.057638
 89.200000 0.207808 10.466127 19.057638
 89.400000 0.215974 11.794394 19.057638
 89.600000 0.213702 11.389870 19.057638
 89.800000 0.199320 9.698270 19.057638
 90.000000 0.217575 12.081772 19.045795
 90.200000 0.207214 11.193303 19.045795
 90.400000 0.211556 11.967853 19.045795
 90.600000 0.197079 10.004172 19.045795
 90.800000 0.213916 12.419121 19.045795
 91.000000 0.218755 13.309703 19.045795
 91.200000 0.201493 10.901335 19.045795
 91.400000 0.170381 8.201724 19.045795
 91.600000 0.155259 4.916607 19.045795
 91.800000 0.165741 7.356059 19.045795
 92.000000 0.182681 9.446523 19.045795
 92.200000 0.186576 10.752927 19.045795
 92.400000 0.176550 10.046281 19.045795
 92.600000 0.179083 10.327197 19.045795
 92.800000 0.182790 10.601436 19.045795
 93.000000 0.190702 10.846107 19.045795
 93.200000 0.180634 11.321852 19.045795
 93.400000 0.159051 6.292187 19.045795
 93.600000 0.140112 1.734488 19.045795
 93.800000 0.155840 5.360390 19.045795
 94.000000 0.175887 10.621349 19.045795
 94.200000 0.206272 12.825766 19.045795
 94.400000 0.205668 12.770006 19.045795
 94.600000 0.187266 12.639947 19.045795
 94.800000 0.170245 10.434375 19.045795
 95.000000 0.139972 1.772097 19.021994
 95.200000 0.146443 4.575774 19.021994
 95.400000 0.153441 6.123252 19.021994
 95.600000 0.160864 8.095661 19.021994
 95.800000 0.164404 9.093294 19.021994
 96.000000 0.168041 10.085825 19.021994
 96.200000 0.171268 11.975396 19.021994
 96.400000 0.211550 13.493695 19.021994
 96.600000 0.216299 14.197480 19.021994
 96.800000 0.217985 14.438358 19.021994
 97.000000 0.205012 12.766144 19.021994
 97.200000 0.204118 13.696770 19.021994
 97.400000 0.214246 14.710552 19.021994
 97.600000 0.188251 13.620503 19.021994
 97.800000 0.163404 9.896133 19.021994
 98.000000 0.150174 5.909174 19.021994
 98.200000 0.138617 4.322605 19.021994
 98.400000 0.133849 3.243142 19.021994
 98.600000 0.122762 1.303716 19.021994
 98.800000 0.129353 2.344250 19.021994
 99.000000 0.129138 2.304853 19.021994
 99.200000 0.125177 3.168353 19.021994
 99.400000 0.133890 4.753754 19.021994
 99.600000 0.145394 6.880445 19.021994
 99.800000 0.177940 13.440073 19.021994
 100.000000 0.185213 13.709274 19.005110
 100.200000 0.207538 14.279549 19.005110
 100.400000 0.223646 15.552497 19.005110
 100.600000 0.232712 15.356048 19.005110
 100.800000 0.235978 15.130878 19.005110
 101.000000 0.244278 14.715969 19.005110
 101.200000 0.244791 15.618223 19.005110
 101.400000 0.247367 15.613100 19.005110
 101.600000 0.246799 15.610417 19.005110
 101.800000 0.240406 15.724752 19.005110
 102.000000 0.225999 16.022349 19.005110
 102.200000 0.240010 16.292880 19.005110
 102.400000 0.250511 15.891202 19.005110
 102.600000 0.245735 15.970974 19.005110
 102.800000 0.258637 16.119437 19.005110
 103.000000 0.250830 15.892141 19.005110
 103.200000 0.219602 16.448319 19.005110
 103.400000 0.227281 17.163903 19.005110
 103.600000 0.226090 17.102795 19.005110
 103.800000 0.210051 15.037000 19.005110
 104.000000 0.204712 14.487618 19.005110
 104.200000 0.202462 15.271850 19.005110
 104.400000 0.189910 15.146438 19.005110
 104.600000 0.209212 15.806733 19.005110
 104.800000 0.212874 16.230169 19.005110
 105.000000 0.199555 15.166976 19.099893
 105.200000 0.201960 16.127512 19.099893
 105.400000 0.201199 16.102349 19.099893
 105.600000 0.193243 15.948749 19.099893
 105.800000 0.221302 17.473317 19.099893
 106.000000 0.241141 16.977154 19.099893
 106.200000 0.244082 17.662561 19.099893
 106.400000 0.236803 18.009906 19.099893
 106.600000 0.225102 18.071200 19.099893
 106.800000 0.215792 17.276641 19.099893
 107.000000 0.212596 16.939011 19.099893
 107.200000 0.214538 17.959202 19.099893
 107.400000 0.212449 17.746696 19.099893
 107.600000 0.217156 18.205733 19.099893
 107.800000 0.224639 18.642941 19.099893
 108.000000 0.208843 17.379497 19.099893
 108.200000 0.212304 18.517438 19.099893
 108.400000 0.241501 17.982417 19.099893
 108.600000 0.247741 17.598915 19.099893
 108.800000 0.245621 17.709059 19.099893
 109.000000 0.249067 17.540489 19.099893
 109.200000 0.260207 17.885056 19.099893
 109.400000 0.264283 17.750310 19.099893
 109.600000 0.276097 18.213430 19.099893
 109.800000 0.276906 18.320429 19.099893
 110.000000 0.249689 18.315930 19.332931
 110.200000 0.244436 19.270995 19.332931
 110.400000 0.236912 19.478198 19.332931
 110.600000 0.235669 19.508982 19.332931
 110.800000 0.243204 19.306442 19.332931
 111.000000 0.246687 19.200792 19.332931
 111.200000 0.247850 19.902185 19.332931
 111.400000 0.248251 19.885796 19.332931
 111.600000 0.224486 19.750679 19.332931
 111.800000 0.244772 19.999030 19.332931
 112.000000 0.239185 20.073796 19.332931
 112.200000 0.236518 20.783627 19.332931
 112.400000 0.234609 20.753233 19.332931
 112.600000 0.244695 20.669676 19.332931
 112.800000 0.257363 19.599704 19.332931
 113.000000 0.282010 19.358727 19.332931
 113.200000 0.265622 19.053877 19.332931
 113.400000 0.270283 18.897105 19.332931
 113.600000 0.251593 20.310910 19.332931
 113.800000 0.248245 20.539481 19.332931
 114.000000 0.234878 20.762809 19.332931
 114.200000 0.231411 21.325794 19.332931
 114.400000 0.235734 21.471730 19.332931
 114.600000 0.249513 20.892311 19.332931
 114.800000 0.250033 20.842655 19.332931
 115.000000 0.265620 19.137815 19.891622
 115.200000 0.275271 19.744127 19.891622
 115.400000 0.265339 19.905226 19.891622
 115.600000 0.245775 21.504130 19.891622
 115.800000 0.240474 21.621932 19.891622
 116.000000 0.262098 20.188287 19.891622
 116.200000 0.236088 21.739377 19.891622
 116.400000 0.247317 21.872854 19.891622
 116.600000 0.251204 21.740609 19.891622
 116.800000 0.257448 21.326085 19.891622
 117.000000 0.256184 21.428660 19.891622
 117.200000 0.257680 21.976788 19.891622
 117.400000 0.250165 22.407990 19.891622
 117.600000 0.263628 21.351421 19.891622
 117.800000 0.244285 22.398034 19.891622
 118.000000 0.237551 22.106137 19.891622
 118.200000 0.233181 22.420818 19.891622
 118.400000 0.243111 22.975154 19.891622
 118.600000 0.255458 22.476445 19.891622
 118.800000 0.263419 21.521903 19.891622
 119.000000 0.264362 21.399995 19.891622
 119.200000 0.251973 23.240209 19.891622
 119.400000 0.244492 23.269959 19.891622
 119.600000 0.240203 23.075914 19.891622
 119.800000 0.230653 22.206460 19.891622
 120.000000 0.222424 20.975564 20.616790
 120.200000 0.237417 23.301706 20.616790
 120.400000 0.238517 23.352097 20.616790
 120.600000 0.235176 23.174239 20.616790
 120.800000 0.246075 23.503997 20.616790
 121.000000 0.238142 23.335699 20.616790
 121.200000 0.236137 23.846646 20.616790
 121.400000 0.242457 24.068715 20.616790
 121.600000 0.231303 23.419646 20.616790
 121.800000 0.218365 21.178181 20.616790
 122.000000 0.202207 18.004081 20.616790
 122.200000 0.191144 17.296533 20.616790
 122.400000 0.184843 16.409259 20.616790
 122.600000 0.204230 19.098171 20.616790
 122.800000 0.205372 19.279654 20.616790
 123.000000 0.209436 19.967633 20.616790
 123.200000 0.225528 23.230512 20.616790
 123.400000 0.223085 22.920287 20.616790
 123.600000 0.224706 23.130927 20.616790
 123.800000 0.225308 23.204379 20.616790
 124.000000 0.233778 23.944813 20.616790
 124.200000 0.247104 24.455162 20.616790
 124.400000 0.251427 24.099248 20.616790
 124.600000 0.241591 24.678851 20.616790
 124.800000 0.255498 23.629796 20.616790
 125.000000 0.234447 24.581363 21.443697
 125.200000 0.226300 24.356237 21.443697
 125.400000 0.232832 25.072622 21.443697
 125.600000 0.229691 24.793605 21.443697
 125.800000 0.218730 22.978366 21.443697
 126.000000 0.215475 22.289639 21.443697
 126.200000 0.227795 25.027541 21.443697
 126.400000 0.240643 25.386894 21.443697
 126.600000 0.264634 22.330176 21.443697
 126.800000 0.252538 24.294488 21.443697
 127.000000 0.278543 21.114287 21.443697
 127.200000 0.275270 21.791279 21.443697
 127.400000 0.261842 23.174154 21.443697
 127.600000 0.265382 22.671090 21.443697
 127.800000 0.276664 21.773671 21.443697
 128.000000 0.279421 21.827179 21.443697
 128.200000 0.265410 23.094722 21.443697
 128.400000 0.268197 22.813270 21.443697
 128.600000 0.274440 22.442438 21.443697
 128.800000 0.262715 23.402878 21.443697
 129.000000 0.278004 22.443999 21.443697
 129.200000 0.287912 23.649492 21.443697
 129.400000 0.261108 23.935686 21.443697
 129.600000 0.262633 23.793008 21.443697
 129.800000 0.278212 23.092939 21.443697
 130.000000 0.287423 23.615252 22.174565
 130.200000 0.289541 24.364115 22.174565
 130.400000 0.285910 24.116526 22.174565
 130.600000 0.279556 23.667618 22.174565
 130.800000 0.284324 23.996273 22.174565
 131.000000 0.282940 23.891812 22.174565
 131.200000 0.276314 24.074703 22.174565
 131.400000 0.280917 24.348748 22.174565
 131.600000 0.286727 24.761455 22.174565
 131.800000 0.283032 24.502337 22.174565
 132.000000 0.260018 24.340944 22.174565
 132.200000 0.260893 24.878008 22.174565
 132.400000 0.289743 25.002454 22.174565
 132.600000 0.291930 25.046770 22.174565
 132.800000 0.285764 24.833494 22.174565
 133.000000 0.258746 25.011787 22.174565
 133.200000 0.259208 25.557277 22.174565
 133.400000 0.281806 24.793268 22.174565
 133.600000 0.272948 24.739245 22.174565
 133.800000 0.285751 24.945502 22.174565
 134.000000 0.296440 24.998167 22.174565
 134.200000 0.293443 25.650934 22.174565
 134.400000 0.286105 25.411955 22.174565
 134.600000 0.275514 24.910507 22.174565
 134.800000 0.256943 25.708982 22.174565
 135.000000 0.263574 25.312496 23.176363
 135.200000 0.294793 25.694867 23.176363
 135.400000 0.289671 25.710769 23.176363
 135.600000 0.310842 24.063448 23.176363
 135.800000 0.315739 23.651366 23.176363
 136.000000 0.293136 25.732413 23.176363
 136.200000 0.282280 25.865281 23.176363
 136.400000 0.292523 26.293489 23.176363
 136.600000 0.285864 26.079335 23.176363
 136.800000 0.277345 25.639713 23.176363
 137.000000 0.269953 25.662572 23.176363
 137.200000 0.260966 26.554647 23.176363
 137.400000 0.258097 26.619719 23.176363
 137.600000 0.257410 26.629483 23.176363
 137.800000 0.254429 26.643766 23.176363
 138.000000 0.272547 26.151404 23.176363
 138.200000 0.279196 26.661811 23.176363
 138.400000 0.270966 26.732236 23.176363
 138.600000 0.274757 26.664074 23.176363
 138.800000 0.284733 26.748288 23.176363
 139.000000 0.276714 26.652492 23.176363
 139.200000 0.261501 27.273350 23.176363
 139.400000 0.251259 26.938928 23.176363
 139.600000 0.260315 27.257197 23.176363
 139.800000 0.260770 27.264117 23.176363
 140.000000 0.268274 27.260534 24.349363
 140.200000 0.284243 27.504955 24.349363
 140.400000 0.252846 27.318873 24.349363
 140.600000 0.241749 26.526706 24.349363
 140.800000 0.242597 26.587763 24.349363
 141.000000 0.269029 27.770666 24.349363
 141.200000 0.256703 27.915461 24.349363
 141.400000 0.230760 25.606469 24.349363
 141.600000 0.224217 24.678272 24.349363
 141.800000 0.223388 24.536356 24.349363
 142.000000 0.242561 26.691481 24.349363
 142.200000 0.237764 26.796720 24.349363
 142.400000 0.225957 25.246705 24.349363
 142.600000 0.239462 26.953889 24.349363
 142.800000 0.247650 27.640916 24.349363
 143.000000 0.260880 28.416062 24.349363
 143.200000 0.261719 28.926699 24.349363
 143.400000 0.256580 28.724116 24.349363
 143.600000 0.255370 28.645186 24.349363
 143.800000 0.242348 27.435896 24.349363
 144.000000 0.251041 28.295335 24.349363
 144.200000 0.256546 29.185840 24.349363
 144.400000 0.269594 29.021405 24.349363
 144.600000 0.251806 28.858046 24.349363
 144.800000 0.246123 28.293411 24.349363
 145.000000 0.230451 26.209593 25.492892
 145.200000 0.208072 21.504725 25.492892
 145.400000 0.217170 23.858724 25.492892
 145.600000 0.229701 26.626877 25.492892
 145.800000 0.241163 28.133037 25.492892
 146.000000 0.246278 28.622164 25.492892
 146.200000 0.260127 29.696715 25.492892
 146.400000 0.262236 29.643519 25.492892
 146.600000 0.269278 29.209905 25.492892
 146.800000 0.264673 29.533449 25.492892
 147.000000 0.253042 29.574933 25.492892
 147.200000 0.225369 26.068493 25.492892
 147.400000 0.217174 23.959320 25.492892
 147.600000 0.221965 25.227023 25.492892
 147.800000 0.235361 28.082308 25.492892
 148.000000 0.234344 27.910769 25.492892
 148.200000 0.251899 30.238298 25.492892
 148.400000 0.261080 30.185779 25.492892
 148.600000 0.258672 30.280634 25.492892
 148.800000 0.263395 30.043363 25.492892
 149.000000 0.251402 30.219037 25.492892
 149.200000 0.262232 30.471521 25.492892
 149.400000 0.260183 30.611492 25.492892
 149.600000 0.277679 28.722617 25.492892
 149.800000 0.291281 27.511101 25.492892
 150.000000 0.287340 27.867554 26.662918
 150.200000 0.291252 28.002764 26.662918
 150.400000 0.289967 28.135857 26.662918
 150.600000 0.283416 28.676420 26.662918
 150.800000 0.286133 28.471098 26.662918
 151.000000 0.288934 28.234335 26.662918
 151.200000 0.283420 29.141032 26.662918
 151.400000 0.269434 30.167779 26.662918
 151.600000 0.294116 28.121556 26.662918
 151.800000 0.287614 28.845936 26.662918
 152.000000 0.265435 30.492273 26.662918
 152.200000 0.266984 30.820157 26.662918
 152.400000 0.269571 30.589133 26.662918
 152.600000 0.286246 29.123090 26.662918
 152.800000 0.301057 26.860253 26.662918
 153.000000 0.312147 24.529496 26.662918
 153.200000 0.271959 30.376307 26.662918
 153.400000 0.263140 31.092408 26.662918
 153.600000 0.280161 29.680648 26.662918
 153.800000 0.283262 29.463469 26.662918
 154.000000 0.287350 29.170229 26.662918
 154.200000 0.277784 30.252399 26.662918
 154.400000 0.276061 30.365579 26.662918
 154.600000 0.250470 30.968918 26.662918
 154.800000 0.260077 31.304089 26.662918
 155.000000 0.264260 31.171525 27.614754
 155.200000 0.256088 31.652408 27.614754
 155.400000 0.263216 31.653840 27.614754
 155.600000 0.269133 31.280299 27.614754
 155.800000 0.272718 30.974178 27.614754
 156.000000 0.247593 30.937874 27.614754
 156.200000 0.266244 31.697213 27.614754
 156.400000 0.281804 30.261346 27.614754
 156.600000 0.294358 28.932788 27.614754
 156.800000 0.308146 26.033089 27.614754
 157.000000 0.301309 27.585376 27.614754
 157.200000 0.296801 29.002056 27.614754
 157.400000 0.276397 30.854785 27.614754
 157.600000 0.289222 29.974779 27.614754
 157.800000 0.301549 28.043804 27.614754
 158.000000 0.298471 28.692676 27.614754
 158.200000 0.302661 28.258256 27.614754
 158.400000 0.309789 26.489608 27.614754
 158.600000 0.308475 26.808886 27.614754
 158.800000 0.298478 29.178780 27.614754
 159.000000 0.302100 28.392189 27.614754
 159.200000 0.296978 29.921935 27.614754
 159.400000 0.295351 30.166378 27.614754
 159.600000 0.295291 30.174646 27.614754
 159.800000 0.302179 28.867547 27.614754
 160.000000 0.310279 26.799614 28.265340
 160.200000 0.297008 30.275251 28.265340
 160.400000 0.277364 31.134049 28.265340
 160.600000 0.274461 31.266865 28.265340
 160.800000 0.296175 30.388489 28.265340
 161.000000 0.298948 29.967341 28.265340
 161.200000 0.286538 31.303404 28.265340
 161.400000 0.263426 31.995873 28.265340
 161.600000 0.272288 31.490681 28.265340
 161.800000 0.280308 31.263453 28.265340
 162.000000 0.269278 31.667314 28.265340
 162.200000 0.283121 31.554240 28.265340
 162.400000 0.304328 29.287159 28.265340
 162.600000 0.327710 24.431223 28.265340
 162.800000 0.317375 26.002680 28.265340
 163.000000 0.306669 28.669191 28.265340
 163.200000 0.304834 29.641391 28.265340
 163.400000 0.285559 31.715475 28.265340
 163.600000 0.277025 31.746677 28.265340
 163.800000 0.288104 31.721993 28.265340
 164.000000 0.283222 31.696584 28.265340
 164.200000 0.286307 32.137430 28.265340
 164.400000 0.285020 32.134752 28.265340
 164.600000 0.290761 32.057645 28.265340
 164.800000 0.301286 30.679319 28.265340
 165.000000 0.306537 29.319766 29.119373
 165.200000 0.328932 24.581067 29.119373
 165.400000 0.340760 21.863479 29.119373
 165.600000 0.364046 14.513256 29.119373
 165.800000 0.363160 14.745890 29.119373
 166.000000 0.347890 19.552469 29.119373
 166.200000 0.343058 21.850503 29.119373
 166.400000 0.331417 24.528558 29.119373
 166.600000 0.336520 23.570215 29.119373
 166.800000 0.319294 26.460577 29.119373
 167.000000 0.319010 26.517925 29.119373
 167.200000 0.315491 27.836255 29.119373
 167.400000 0.328052 25.485722 29.119373
 167.600000 0.324678 26.030267 29.119373
 167.800000 0.327691 25.544255 29.119373
 168.000000 0.309004 29.531554 29.119373
 168.200000 0.316262 28.071732 29.119373
 168.400000 0.320895 27.029645 29.119373
 168.600000 0.321049 26.998311 29.119373
 168.800000 0.321694 26.868175 29.119373
 169.000000 0.324725 26.293268 29.119373
 169.200000 0.321774 27.384428 29.119373
 169.400000 0.324059 26.957524 29.119373
 169.600000 0.335972 24.472879 29.119373
 169.800000 0.367433 14.008840 29.119373
 170.000000 0.346738 20.972908 29.361319
 170.200000 0.331555 25.935924 29.361319
 170.400000 0.345279 22.188266 29.361319
 170.600000 0.343504 22.806345 29.361319
 170.800000 0.348490 21.007408 29.361319
 171.000000 0.387770 11.162142 29.361319
 171.200000 0.380828 12.611297 29.361319
 171.400000 0.349341 20.722612 29.361319
 171.600000 0.345831 22.009613 29.361319
 171.800000 0.349745 20.571478 29.361319
 172.000000 0.342213 23.243786 29.361319
 172.200000 0.366334 15.143736 29.361319
 172.400000 0.384045 12.419848 29.361319
 172.600000 0.375702 13.183490 29.361319
 172.800000 0.370175 14.182716 29.361319
 173.000000 0.358638 17.650634 29.361319
 173.200000 0.343057 24.052265 29.361319
 173.400000 0.362445 17.096613 29.361319
 173.600000 0.383993 12.612591 29.361319
 173.800000 0.359721 18.053655 29.361319
 174.000000 0.357303 18.942593 29.361319
 174.200000 0.346362 23.563971 29.361319
 174.400000 0.338385 25.647120 29.361319
 174.600000 0.351338 21.891278 29.361319
 174.800000 0.353170 21.229225 29.361319
 175.000000 0.339978 25.302172 29.378654
 175.200000 0.335771 26.680090 29.378654
 175.400000 0.341248 25.565256 29.378654
 175.600000 0.337908 26.304921 29.378654
 175.800000 0.332939 27.072805 29.378654
 176.000000 0.327767 27.584662 29.378654
 176.200000 0.312843 29.928946 29.378654
 176.400000 0.315394 29.472195 29.378654
 176.600000 0.308437 30.815370 29.378654
 176.800000 0.324355 28.384925 29.378654
 177.000000 0.350003 22.984173 29.378654
 177.200000 0.358584 20.074304 29.378654
 177.400000 0.351142 23.168806 29.378654
 177.600000 0.353469 22.227133 29.378654
 177.800000 0.354718 21.708136 29.378654
 178.000000 0.368884 16.053594 29.378654
 178.200000 0.367880 17.252409 29.378654
 178.400000 0.371116 16.186586 29.378654
 178.600000 0.364452 18.489481 29.378654
 178.800000 0.384674 13.241419 29.378654
 179.000000 0.378182 14.337119 29.378654
 179.200000 0.373435 16.380358 29.378654
 179.400000 0.362671 19.704228 29.378654
 179.600000 0.370876 17.082069 29.378654
 179.800000 0.376396 15.653827 29.378654
 180.000000 0.360088 20.608524 29.432425
 180.200000 0.375909 16.167044 29.432425
 180.400000 0.361860 20.679977 29.432425
 180.600000 0.347681 25.397970 29.432425
 180.800000 0.345968 25.864298 29.432425
 181.000000 0.351294 24.310321 29.432425
 181.200000 0.352566 24.490128 29.432425
 181.400000 0.351423 24.861695 29.432425
 181.600000 0.343034 27.086318 29.432425
 181.800000 0.359307 22.096590 29.432425
 182.000000 0.370499 18.000441 29.432425
 182.200000 0.358904 22.827734 29.432425
 182.400000 0.356932 23.490941 29.432425
 182.600000 0.366490 20.173647 29.432425
 182.800000 0.381730 15.488160 29.432425
 183.000000 0.381360 15.577920 29.432425
 183.200000 0.384919 15.611357 29.432425
 183.400000 0.376590 17.686412 29.432425
 183.600000 0.385492 15.480794 29.432425
 183.800000 0.390331 14.403175 29.432425
 184.000000 0.403231 11.221225 29.432425
 184.200000 0.427584 4.601067 29.432425
 184.400000 0.434740 3.278422 29.432425
 184.600000 0.406335 11.352493 29.432425
 184.800000 0.417302 7.598571 29.432425
 185.000000 0.426169 4.939126 29.423557
 185.200000 0.436667 4.113270 29.423557
 185.400000 0.424778 6.694876 29.423557
 185.600000 0.417952 8.587006 29.423557
 185.800000 0.420133 7.957590 29.423557
 186.000000 0.407004 11.758924 29.423557
 186.200000 0.380320 17.260642 29.423557
 186.400000 0.391636 15.608895 29.423557
 186.600000 0.399428 14.479002 29.423557
 186.800000 0.418577 9.174143 29.423557
 187.000000 0.408121 12.488481 29.423557
 187.200000 0.402162 14.878398 29.423557
 187.400000 0.387932 16.481573 29.423557
 187.600000 0.375187 18.456717 29.423557
 187.800000 0.398827 15.411249 29.423557
 188.000000 0.393079 16.030994 29.423557
 188.200000 0.381936 17.835899 29.423557
 188.400000 0.368665 20.390851 29.423557
 188.600000 0.367162 20.794485 29.423557
 188.800000 0.375002 18.913042 29.423557
 189.000000 0.374667 18.980087 29.423557
 189.200000 0.379346 18.885978 29.423557
 189.400000 0.353886 24.948581 29.423557
 189.600000 0.374129 19.841325 29.423557
 189.800000 0.401685 15.838417 29.423557
 190.000000 0.426235 7.337971 29.393908
 190.200000 0.425665 8.792904 29.393908
 190.400000 0.417265 11.740236 29.393908
 190.600000 0.423184 9.648863 29.393908
 190.800000 0.427118 8.304382 29.393908
 191.000000 0.427287 8.248189 29.393908
 191.200000 0.416483 12.948099 29.393908
 191.400000 0.402461 16.324818 29.393908
 191.600000 0.379791 18.829752 29.393908
 191.800000 0.355503 24.527631 29.393908
 192.000000 0.365601 21.855034 29.393908
 192.200000 0.336272 28.287530 29.393908
 192.400000 0.340160 27.933057 29.393908
 192.600000 0.348674 26.571538 29.393908
 192.800000 0.354518 25.287980 29.393908
 193.000000 0.375543 20.090772 29.393908
 193.200000 0.367547 22.636494 29.393908
 193.400000 0.366330 22.920310 29.393908
 193.600000 0.353801 25.704692 29.393908
 193.800000 0.341208 27.857708 29.393908
 194.000000 0.354923 25.469428 29.393908
 194.200000 0.363959 23.938756 29.393908
 194.400000 0.372980 21.646895 29.393908
 194.600000 0.374636 21.240440 29.393908
 194.800000 0.377554 20.561479 29.393908
 195.000000 0.377988 20.465250 29.403065
 195.200000 0.370237 22.957003 29.403065
 195.400000 0.367302 23.639037 29.403065
 195.600000 0.369192 23.201479 29.403065
 195.800000 0.366657 23.786562 29.403065
 196.000000 0.364428 24.288498 29.403065
 196.200000 0.355411 26.649181 29.403065
 196.400000 0.347758 27.791331 29.403065
 196.600000 0.360982 25.612574 29.403065
 196.800000 0.374285 22.485408 29.403065
 197.000000 0.391132 18.802722 29.403065
 197.200000 0.396195 18.625659 29.403065
 197.400000 0.428386 9.130483 29.403065
 197.600000 0.415047 13.644174 29.403065
 197.800000 0.425798 10.009160 29.403065
 198.000000 0.411543 14.763627 29.403065
 198.200000 0.416687 13.957180 29.403065
 198.400000 0.433986 7.571960 29.403065
 198.600000 0.431694 8.392309 29.403065
 198.800000 0.423908 11.299071 29.403065
 199.000000 0.419946 12.780857 29.403065
 199.200000 0.420229 13.666289 29.403065
 199.400000 0.426978 11.027903 29.403065
 199.600000 0.415855 15.202276 29.403065
 199.800000 0.405247 18.019851 29.403065
 200.000000 0.398724 19.107306 29.391468
