#! FIELDS time d metad.bias metad.rct
 0.000000 0.136957 0.000000 0.000000
 0.200000 0.146782 0.000000 0.000000
 0.400000 0.138464 0.000000 0.000000
 0.600000 0.149639 0.000000 0.000000
 0.800000 0.134931 0.000000 0.000000
 1.000000 0.149299 0.000000 0.000000
 1.200000 0.160094 1.349986 0.000000
 1.400000 0.162090 1.215546 0.000000
 1.600000 0.177517 0.295439 0.000000
 1.800000 0.181479 0.172175 0.000000
 2.000000 0.178931 0.245771 0.000000
 2.200000 0.168029 2.129097 0.000000
 2.400000 0.180692 1.911869 0.000000
 2.600000 0.176169 2.050837 0.000000
 2.800000 0.185504 1.664024 0.000000
 3.000000 0.188105 1.493413 0.000000
 3.200000 0.207529 0.984622 0.000000
 3.400000 0.211599 0.636515 0.000000
 3.600000 0.212123 0.598648 0.000000
 3.800000 0.215178 0.408873 0.000000
 4.000000 0.187125 3.193956 0.000000
 4.200000 0.169379 3.626806 0.000000
 4.400000 0.170390 3.747360 0.000000
 4.600000 0.182114 4.796074 0.000000
 4.800000 0.197302 3.384507 0.000000
 5.000000 0.209299 1.328638 1.295608
 5.200000 0.217462 1.914907 1.295608
 5.400000 0.202599 3.904535 1.295608
 5.600000 0.188016 5.252970 1.295608
 5.800000 0.177574 4.708392 1.295608
 6.000000 0.198896 4.390355 1.295608
 6.200000 0.207346 4.475617 1.295608
 6.400000 0.218281 2.439838 1.295608
 6.600000 0.199364 5.770097 1.295608
 6.800000 0.186924 6.309468 1.295608
 7.000000 0.173281 4.513174 1.295608
 7.200000 0.172283 5.773526 1.295608
 7.400000 0.178510 6.725024 1.295608
 7.600000 0.189553 7.188649 1.295608
 7.800000 0.184537 7.217045 1.295608
 8.000000 0.182799 7.131112 1.295608
 8.200000 0.159943 4.115696 1.295608
 8.400000 0.155429 3.385854 1.295608
 8.600000 0.167403 5.661055 1.295608
 8.800000 0.157691 3.731205 1.295608
 9.000000 0.169635 6.171753 1.295608
 9.200000 0.163481 6.024847 1.295608
 9.400000 0.182654 9.306753 1.295608
 9.600000 0.180115 9.201392 1.295608
 9.800000 0.182079 9.295330 1.295608
 10.000000 0.164289 6.220307 4.263358
 10.200000 0.172368 9.242457 4.263358
 10.400000 0.185027 9.784942 4.263358
 10.600000 0.181717 9.958540 4.263358
 10.800000 0.192755 8.604957 4.263358
 11.000000 0.174853 9.595339 4.263358
 11.200000 0.191788 9.403290 4.263358
 11.400000 0.197526 7.868166 4.263358
 11.600000 0.193657 8.931519 4.263358
 11.800000 0.181746 10.984763 4.263358
 12.000000 0.200457 7.026124 4.263358
 12.200000 0.212718 4.655679 4.263358
 12.400000 0.203253 7.482594 4.263358
 12.600000 0.185608 11.396803 4.263358
 12.800000 0.187824 11.151935 4.263358
 13.000000 0.187408 11.205434 4.263358
 13.200000 0.191159 11.638557 4.263358
 13.400000 0.205502 7.316472 4.263358
 13.600000 0.218205 3.324054 4.263358
 13.800000 0.200827 8.910027 4.263358
 14.000000 0.209419 5.981460 4.263358
 14.200000 0.208758 7.542995 4.263358
 14.400000 0.198061 10.809905 4.263358
 14.600000 0.191893 12.156619 4.263358
 14.800000 0.178466 12.496414 4.263358
 15.000000 0.152366 5.067214 7.175094
 15.200000 0.160480 8.775955 7.175094
 15.400000 0.160313 8.727896 7.175094
 15.600000 0.162485 9.349044 7.175094
 15.800000 0.154304 7.008028 7.175094
 16.000000 0.151934 6.343304 7.175094
 16.200000 0.162539 10.391231 7.175094
 16.400000 0.171629 12.263486 7.175094
 16.600000 0.160276 9.847251 7.175094
 16.800000 0.168574 11.706642 7.175094
 17.000000 0.176477 12.913833 7.175094
 17.200000 0.184893 13.938953 7.175094
 17.400000 0.195413 11.936300 7.175094
 17.600000 0.189928 13.221280 7.175094
 17.800000 0.185906 13.836312 7.175094
 18.000000 0.217031 4.839992 7.175094
 18.200000 0.216133 6.536948 7.175094
 18.400000 0.214339 7.109329 7.175094
 18.600000 0.208497 8.928371 7.175094
 18.800000 0.222331 4.600946 7.175094
 19.000000 0.210426 8.339505 7.175094
 19.200000 0.213718 8.484924 7.175094
 19.400000 0.224307 4.808046 7.175094
 19.600000 0.227989 3.638983 7.175094
 19.800000 0.228405 3.516101 7.175094
 20.000000 0.217226 7.277353 9.066883
 20.200000 0.230204 3.879024 9.066883
 20.400000 0.227862 4.660800 9.066883
 20.600000 0.245406 0.707412 9.066883
 20.800000 0.237466 1.928457 9.066883
 21.000000 0.229864 3.988542 9.066883
 21.200000 0.230146 5.362414 9.066883
 21.400000 0.219309 8.938924 9.066883
 21.600000 0.238383 2.986432 9.066883
 21.800000 0.238126 3.049978 9.066883
 22.000000 0.220277 8.633849 9.066883
 22.200000 0.221797 9.327409 9.066883
 22.400000 0.221833 9.315284 9.066883
 22.600000 0.204639 13.112372 9.066883
 22.800000 0.185395 14.563055 9.066883
 23.000000 0.193722 14.139875 9.066883
 23.200000 0.210932 12.669142 9.066883
 23.400000 0.233065 5.304512 9.066883
 23.600000 0.230699 6.163065 9.066883
 23.800000 0.232356 5.557415 9.066883
 24.000000 0.236185 4.247376 9.066883
 24.200000 0.221301 10.547267 9.066883
 24.400000 0.238218 5.053335 9.066883
 24.600000 0.250730 1.916009 9.066883
 24.800000 0.241831 3.987668 9.066883
 25.000000 0.242204 3.884409 10.253067
 25.200000 0.239428 6.130899 10.253067
 25.400000 0.227416 9.523061 10.253067
 25.600000 0.208758 13.510161 10.253067
 25.800000 0.208907 13.488807 10.253067
 26.000000 0.196622 14.870903 10.253067
 26.200000 0.199075 15.534800 10.253067
 26.400000 0.197966 15.648621 10.253067
 26.600000 0.197168 15.724448 10.253067
 26.800000 0.216599 12.524760 10.253067
 27.000000 0.231826 8.351312 10.253067
 27.200000 0.237281 7.891048 10.253067
 27.400000 0.236266 8.210920 10.253067
 27.600000 0.238067 7.641342 10.253067
 27.800000 0.230792 9.856635 10.253067
 28.000000 0.231566 9.633283 10.253067
 28.200000 0.215668 14.066607 10.253067
 28.400000 0.211866 14.545455 10.253067
 28.600000 0.200851 15.611843 10.253067
 28.800000 0.185890 16.087263 10.253067
 29.000000 0.192436 16.125334 10.253067
 29.200000 0.213363 14.687875 10.253067
 29.400000 0.216091 14.253029 10.253067
 29.600000 0.233553 10.193053 10.253067
 29.800000 0.231935 10.689758 10.253067
 30.000000 0.232680 10.464291 12.043692
 30.200000 0.208206 15.720604 12.043692
 30.400000 0.185173 16.811455 12.043692
 30.600000 0.181242 16.331281 12.043692
 30.800000 0.178771 15.890932 12.043692
 31.000000 0.172581 14.395681 12.043692
 31.200000 0.169134 14.286164 12.043692
 31.400000 0.172638 15.332989 12.043692
 31.600000 0.169930 14.535577 12.043692
 31.800000 0.166182 13.316450 12.043692
 32.000000 0.165375 13.042268 12.043692
 32.200000 0.152187 9.075353 12.043692
 32.400000 0.134916 3.074591 12.043692
 32.600000 0.148907 7.807859 12.043692
 32.800000 0.156508 10.749861 12.043692
 33.000000 0.172417 16.147899 12.043692
 33.200000 0.184106 18.470585 12.043692
 33.400000 0.182663 18.449161 12.043692
 33.600000 0.174353 17.451529 12.043692
 33.800000 0.176593 17.871841 12.043692
 34.000000 0.181789 18.415663 12.043692
 34.200000 0.189152 18.936897 12.043692
 34.400000 0.175605 18.407948 12.043692
 34.600000 0.158831 12.442993 12.043692
 34.800000 0.140859 4.990851 12.043692
 35.000000 0.146029 6.943563 13.992600
 35.200000 0.156133 12.277900 13.992600
 35.400000 0.142053 6.658868 13.992600
 35.600000 0.136831 4.733141 13.992600
 35.800000 0.156135 12.278684 13.992600
 36.000000 0.132703 3.405478 13.992600
 36.200000 0.141292 7.642102 13.992600
 36.400000 0.147290 9.669860 13.992600
 36.600000 0.158599 13.581102 13.992600
 36.800000 0.162597 14.969215 13.992600
 37.000000 0.151046 10.958290 13.992600
 37.200000 0.141899 8.736602 13.992600
 37.400000 0.132106 5.217317 13.992600
 37.600000 0.122235 2.465851 13.992600
 37.800000 0.140251 8.124145 13.992600
 38.000000 0.131170 4.910512 13.992600
 38.200000 0.148628 11.901034 13.992600
 38.400000 0.148476 11.855583 13.992600
 38.600000 0.152082 12.917577 13.992600
 38.800000 0.133848 7.190688 13.992600
 39.000000 0.139813 9.152487 13.992600
 39.200000 0.149938 13.216197 13.992600
 39.400000 0.139301 10.149251 13.992600
 39.600000 0.142094 11.037451 13.992600
 39.800000 0.137773 9.638895 13.992600
 40.000000 0.146422 12.291701 14.434427
 40.200000 0.173252 18.821433 14.434427
 40.400000 0.166936 17.717669 14.434427
 40.600000 0.166160 17.565224 14.434427
 40.800000 0.178264 19.357914 14.434427
 41.000000 0.179315 19.417053 14.434427
 41.200000 0.187111 19.872803 14.434427
 41.400000 0.168027 18.483118 14.434427
 41.600000 0.166344 18.108232 14.434427
 41.800000 0.166169 18.068451 14.434427
 42.000000 0.183368 20.165081 14.434427
 42.200000 0.174933 20.359279 14.434427
 42.400000 0.172062 19.832548 14.434427
 42.600000 0.165198 18.188342 14.434427
 42.800000 0.154032 15.393953 14.434427
 43.000000 0.160855 17.076415 14.434427
 43.200000 0.139612 11.492363 14.434427
 43.400000 0.153756 16.057504 14.434427
 43.600000 0.161927 18.164428 14.434427
 43.800000 0.149555 14.881194 14.434427
 44.000000 0.179138 21.218497 14.434427
 44.200000 0.187329 21.292801 14.434427
 44.400000 0.193352 19.979135 14.434427
 44.600000 0.196111 19.264571 14.434427
 44.800000 0.181595 21.896751 14.434427
 45.000000 0.196184 19.245561 16.955819
 45.200000 0.188885 21.663748 16.955819
 45.400000 0.203158 18.141387 16.955819
 45.600000 0.196168 19.992244 16.955819
 45.800000 0.214144 15.727826 16.955819
 46.000000 0.233695 11.276441 16.955819
 46.200000 0.223537 14.790241 16.955819
 46.400000 0.221898 15.056784 16.955819
 46.600000 0.220939 15.203221 16.955819
 46.800000 0.230237 13.361385 16.955819
 47.000000 0.240013 9.944862 16.955819
 47.200000 0.264629 1.573283 16.955819
 47.400000 0.250774 6.150682 16.955819
 47.600000 0.222996 15.470138 16.955819
 47.800000 0.202074 18.576964 16.955819
 48.000000 0.175065 21.831578 16.955819
 48.200000 0.165833 20.225722 16.955819
 48.400000 0.173469 22.208268 16.955819
 48.600000 0.186488 22.531569 16.955819
 48.800000 0.185544 22.662945 16.955819
 49.000000 0.189721 21.933038 16.955819
 49.200000 0.186352 23.194004 16.955819
 49.400000 0.212404 16.890950 16.955819
 49.600000 0.215571 16.430898 16.955819
 49.800000 0.208312 17.644707 16.955819
 50.000000 0.191773 22.110117 18.531289
 50.200000 0.194470 22.028604 18.531289
 50.400000 0.204662 18.938981 18.531289
 50.600000 0.201434 19.885810 18.531289
 50.800000 0.185203 23.928256 18.531289
 51.000000 0.169061 21.619356 18.531289
 51.200000 0.159400 18.917590 18.531289
 51.400000 0.155138 17.411881 18.531289
 51.600000 0.153736 16.922191 18.531289
 51.800000 0.171137 22.913689 18.531289
 52.000000 0.178581 24.381986 18.531289
 52.200000 0.194891 22.382694 18.531289
 52.400000 0.200057 20.599920 18.531289
 52.600000 0.216574 16.493297 18.531289
 52.800000 0.208323 18.099669 18.531289
 53.000000 0.204438 19.174817 18.531289
 53.200000 0.204170 20.001030 18.531289
 53.400000 0.204369 19.940537 18.531289
 53.600000 0.203927 20.075523 18.531289
 53.800000 0.199808 21.395658 18.531289
 54.000000 0.213699 17.574454 18.531289
 54.200000 0.221774 16.850040 18.531289
 54.400000 0.202188 21.217000 18.531289
 54.600000 0.215028 18.110873 18.531289
 54.800000 0.218675 17.425853 18.531289
 55.000000 0.234665 13.476204 19.989117
 55.200000 0.239257 12.538447 19.989117
 55.400000 0.231960 15.339584 19.989117
 55.600000 0.257581 3.759113 19.989117
 55.800000 0.253070 5.636658 19.989117
 56.000000 0.243560 10.436826 19.989117
 56.200000 0.222902 17.762111 19.989117
 56.400000 0.215457 18.637984 19.989117
 56.600000 0.233340 15.770822 19.989117
 56.800000 0.240506 13.029894 19.989117
 57.000000 0.244264 11.172864 19.989117
 57.200000 0.267292 1.837240 19.989117
 57.400000 0.245924 11.355811 19.989117
 57.600000 0.215424 18.808225 19.989117
 57.800000 0.219173 18.449612 19.989117
 58.000000 0.213448 19.049071 19.989117
 58.200000 0.225641 18.431433 19.989117
 58.400000 0.252691 7.656145 19.989117
 58.600000 0.273983 0.717108 19.989117
 58.800000 0.266121 2.123914 19.989117
 59.000000 0.251891 8.091855 19.989117
 59.200000 0.255434 7.411489 19.989117
 59.400000 0.255754 7.246204 19.989117
 59.600000 0.244672 13.194848 19.989117
 59.800000 0.253739 8.307624 19.989117
 60.000000 0.273042 1.278540 20.180229
 60.200000 0.246912 12.393540 20.180229
 60.400000 0.231039 17.974939 20.180229
 60.600000 0.227857 18.453522 20.180229
 60.800000 0.218566 19.309159 20.180229
 61.000000 0.197223 23.153149 20.180229
 61.200000 0.173549 24.408405 20.180229
 61.400000 0.170574 23.469944 20.180229
 61.600000 0.167124 22.216783 20.180229
 61.800000 0.138302 11.120051 20.180229
 62.000000 0.160926 19.800919 20.180229
 62.200000 0.167486 23.012033 20.180229
 62.400000 0.179564 25.996394 20.180229
 62.600000 0.213380 20.199261 20.180229
 62.800000 0.203430 22.210397 20.180229
 63.000000 0.194797 24.428748 20.180229
 63.200000 0.204869 22.332660 20.180229
 63.400000 0.210254 21.070313 20.180229
 63.600000 0.230202 18.207805 20.180229
 63.800000 0.237340 16.439299 20.180229
 64.000000 0.235081 17.118979 20.180229
 64.200000 0.230747 18.891888 20.180229
 64.400000 0.205198 22.359195 20.180229
 64.600000 0.208440 21.632675 20.180229
 64.800000 0.220449 19.980298 20.180229
 65.000000 0.224129 19.679457 21.408957
 65.200000 0.205239 22.678215 21.408957
 65.400000 0.210348 21.736359 21.408957
 65.600000 0.211116 21.620869 21.408957
 65.800000 0.195108 25.074469 21.408957
 66.000000 0.206010 22.517918 21.408957
 66.200000 0.205542 23.255895 21.408957
 66.400000 0.210893 22.262328 21.408957
 66.600000 0.203887 23.608671 21.408957
 66.800000 0.203971 23.590446 21.408957
 67.000000 0.209877 22.431468 21.408957
 67.200000 0.197796 25.451230 21.408957
 67.400000 0.198360 25.338105 21.408957
 67.600000 0.197003 25.607804 21.408957
 67.800000 0.199438 25.118639 21.408957
 68.000000 0.170723 24.326978 21.408957
 68.200000 0.150240 16.596318 21.408957
 68.400000 0.126648 6.245556 21.408957
 68.600000 0.116807 2.868822 21.408957
 68.800000 0.137031 10.829951 21.408957
 69.000000 0.140154 12.242881 21.408957
 69.200000 0.140162 13.260792 21.408957
 69.400000 0.153385 18.591299 21.408957
 69.600000 0.130269 8.598006 21.408957
 69.800000 0.121949 4.945463 21.408957
 70.000000 0.136920 11.770566 22.359900
 70.200000 0.130544 9.674865 22.359900
 70.400000 0.133338 11.072222 22.359900
 70.600000 0.123677 6.339572 22.359900
 70.800000 0.127299 8.057999 22.359900
 71.000000 0.130980 9.893707 22.359900
 71.200000 0.126878 8.937138 22.359900
 71.400000 0.131014 11.037134 22.359900
 71.600000 0.131053 11.056778 22.359900
 71.800000 0.122536 6.789984 22.359900
 72.000000 0.113569 3.170412 22.359900
 72.200000 0.125115 9.177970 22.359900
 72.400000 0.137448 14.504827 22.359900
 72.600000 0.148654 18.215061 22.359900
 72.800000 0.150375 18.707601 22.359900
 73.000000 0.129977 11.347770 22.359900
 73.200000 0.118509 7.216656 22.359900
 73.400000 0.117877 6.951109 22.359900
 73.600000 0.113326 5.181745 22.359900
 73.800000 0.125375 10.299567 22.359900
 74.000000 0.130454 12.615272 22.359900
 74.200000 0.146943 18.815513 22.359900
 74.400000 0.155707 20.728417 22.359900
 74.600000 0.136128 15.880155 22.359900
 74.800000 0.126215 11.646769 22.359900
 75.000000 0.138816 16.767803 22.399206
 75.200000 0.154658 20.952401 22.399206
 75.400000 0.132282 15.152486 22.399206
 75.600000 0.118649 8.342393 22.399206
 75.800000 0.119229 8.630290 22.399206
 76.000000 0.127471 12.868310 22.399206
 76.200000 0.122422 11.193484 22.399206
 76.400000 0.128685 14.455768 22.399206
 76.600000 0.117634 8.641833 22.399206
 76.800000 0.116327 7.974821 22.399206
 77.000000 0.122532 11.252911 22.399206
 77.200000 0.110265 5.957845 22.399206
 77.400000 0.142548 19.637920 22.399206
 77.600000 0.153619 21.084922 22.399206
 77.800000 0.158827 22.042036 22.399206
 78.000000 0.159185 22.121749 22.399206
 78.200000 0.135352 18.186220 22.399206
 78.400000 0.124585 13.449713 22.399206
 78.600000 0.133038 17.370080 22.399206
 78.800000 0.120523 11.242145 22.399206
 79.000000 0.122378 12.260665 22.399206
 79.200000 0.142654 20.415506 22.399206
 79.400000 0.161281 23.304734 22.399206
 79.600000 0.164158 24.036465 22.399206
 79.800000 0.147787 21.065546 22.399206
 80.000000 0.111619 7.365186 22.628379
