#! FIELDS time d metad.bias metad.rct
 0.000000 0.216687 0.000000 0.000000
 0.200000 0.241786 0.000000 0.000000
 0.400000 0.251070 0.000000 0.000000
 0.600000 0.261284 0.000000 0.000000
 0.800000 0.244099 0.000000 0.000000
 1.000000 0.239935 0.000000 0.000000
 1.200000 0.247906 1.519118 0.000000
 1.400000 0.233461 1.594050 0.000000
 1.600000 0.218067 0.602437 0.000000
 1.800000 0.229509 1.373707 0.000000
 2.000000 0.211510 0.287744 0.000000
 2.200000 0.215814 2.135743 0.000000
 2.400000 0.215301 2.125137 0.000000
 2.600000 0.206035 1.749175 0.000000
 2.800000 0.208619 1.890826 0.000000
 3.000000 0.217699 2.167445 0.000000
 3.200000 0.223167 3.698415 0.000000
 3.400000 0.204133 2.683328 0.000000
 3.600000 0.239217 2.624874 0.000000
 3.800000 0.264948 0.441292 0.000000
 4.000000 0.263076 0.544700 0.000000
 4.200000 0.238229 3.141273 0.000000
 4.400000 0.226169 3.651807 0.000000
 4.600000 0.260090 2.414100 0.000000
 4.800000 0.295460 0.163117 0.000000
 5.000000 0.313715 0.002430 1.002033
 5.200000 0.292182 0.880112 1.002033
 5.400000 0.283794 0.913393 1.002033
 5.600000 0.275462 1.380872 1.002033
 5.800000 0.263045 2.257023 1.002033
 6.000000 0.267399 1.978105 1.002033
 6.200000 0.296330 1.282372 1.002033
 6.400000 0.282283 1.949757 1.002033
 6.600000 0.271215 3.249341 1.002033
 6.800000 0.274867 2.839434 1.002033
 7.000000 0.276797 2.602919 1.002033
 7.200000 0.279512 3.801791 1.002033
 7.400000 0.294228 2.058258 1.002033
 7.600000 0.265544 4.869008 1.002033
 7.800000 0.217683 3.773941 1.002033
 8.000000 0.200327 2.169093 1.002033
 8.200000 0.171896 0.322607 1.002033
 8.400000 0.178255 0.728102 1.002033
 8.600000 0.183373 1.245011 1.002033
 8.800000 0.201091 3.860740 1.002033
 9.000000 0.198217 3.453879 1.002033
 9.200000 0.178590 1.392210 1.002033
 9.400000 0.179251 1.487685 1.002033
 9.600000 0.180702 1.710358 1.002033
 9.800000 0.172298 0.676335 1.002033
 10.000000 0.176355 1.097972 2.285565
 10.200000 0.192783 4.915514 2.285565
 10.400000 0.221413 4.845238 2.285565
 10.600000 0.231297 3.847879 2.285565
 10.800000 0.237543 3.549545 2.285565
 11.000000 0.223647 4.587697 2.285565
 11.200000 0.228090 5.483542 2.285565
 11.400000 0.255345 4.480716 2.285565
 11.600000 0.227290 5.581302 2.285565
 11.800000 0.223790 5.997946 2.285565
 12.000000 0.217373 6.604704 2.285565
 12.200000 0.212311 8.047385 2.285565
 12.400000 0.210773 8.004098 2.285565
 12.600000 0.217832 7.875497 2.285565
 12.800000 0.246768 4.332980 2.285565
 13.000000 0.253007 4.424197 2.285565
 13.200000 0.213224 8.093866 2.285565
 13.400000 0.201999 7.088072 2.285565
 13.600000 0.222883 7.507381 2.285565
 13.800000 0.236005 5.963825 2.285565
 14.000000 0.226087 7.113406 2.285565
 14.200000 0.228729 8.024978 2.285565
 14.400000 0.209948 8.699258 2.285565
 14.600000 0.202942 7.619290 2.285565
 14.800000 0.207117 8.332138 2.285565
 15.000000 0.218325 9.047705 4.824471
 15.200000 0.211011 9.845708 4.824471
 15.400000 0.209924 9.695996 4.824471
 15.600000 0.216936 10.236632 4.824471
 15.800000 0.222886 9.869632 4.824471
 16.000000 0.234320 7.874741 4.824471
 16.200000 0.231498 9.624693 4.824471
 16.400000 0.219061 10.923319 4.824471
 16.600000 0.211765 10.332818 4.824471
 16.800000 0.207295 9.491576 4.824471
 17.000000 0.204641 8.872289 4.824471
 17.200000 0.182045 4.042328 4.824471
 17.400000 0.170605 2.189639 4.824471
 17.600000 0.191536 6.335916 4.824471
 17.800000 0.195426 7.457121 4.824471
 18.000000 0.199468 8.646498 4.824471
 18.200000 0.187767 6.212263 4.824471
 18.400000 0.178892 3.911119 4.824471
 18.600000 0.190692 7.105699 4.824471
 18.800000 0.192210 7.584080 4.824471
 19.000000 0.197372 9.211211 4.824471
 19.200000 0.175683 3.658980 4.824471
 19.400000 0.189730 7.826169 4.824471
 19.600000 0.184442 6.068974 4.824471
 19.800000 0.177136 4.005664 4.824471
 20.000000 0.181374 5.139550 7.463042
 20.200000 0.176562 5.188156 7.463042
 20.400000 0.175696 4.957269 7.463042
 20.600000 0.177750 5.510532 7.463042
 20.800000 0.168085 3.114530 7.463042
 21.000000 0.166652 2.810053 7.463042
 21.200000 0.168954 4.832089 7.463042
 21.400000 0.169811 5.010298 7.463042
 21.600000 0.183234 7.911109 7.463042
 21.800000 0.190912 9.784445 7.463042
 22.000000 0.178333 6.810545 7.463042
 22.200000 0.164515 4.758392 7.463042
 22.400000 0.171131 6.436291 7.463042
 22.600000 0.170585 6.301881 7.463042
 22.800000 0.182451 8.974185 7.463042
 23.000000 0.175913 7.565713 7.463042
 23.200000 0.184324 10.426906 7.463042
 23.400000 0.199109 12.591972 7.463042
 23.600000 0.195544 12.120725 7.463042
 23.800000 0.191046 11.469427 7.463042
 24.000000 0.189892 11.296812 7.463042
 24.200000 0.180521 10.632587 7.463042
 24.400000 0.175137 9.288003 7.463042
 24.600000 0.177916 10.018461 7.463042
 24.800000 0.161671 5.010905 7.463042
 25.000000 0.162580 5.306855 8.741906
 25.200000 0.159539 5.689070 8.741906
 25.400000 0.168993 8.687437 8.741906
 25.600000 0.174049 10.011639 8.741906
 25.800000 0.170109 9.002793 8.741906
 26.000000 0.155959 4.541216 8.741906
 26.200000 0.152837 5.009290 8.741906
 26.400000 0.174387 10.761013 8.741906
 26.600000 0.177395 11.247992 8.741906
 26.800000 0.171040 10.117451 8.741906
 27.000000 0.176547 11.118712 8.741906
 27.200000 0.178599 12.478354 8.741906
 27.400000 0.160142 7.847293 8.741906
 27.600000 0.170975 11.099028 8.741906
 27.800000 0.166270 9.841187 8.741906
 28.000000 0.158050 7.117354 8.741906
 28.200000 0.173793 12.437143 8.741906
 28.400000 0.187658 13.482565 8.741906
 28.600000 0.189114 13.541754 8.741906
 28.800000 0.186711 13.443318 8.741906
 29.000000 0.188120 13.501490 8.741906
 29.200000 0.189878 14.524903 8.741906
 29.400000 0.196045 14.652536 8.741906
 29.600000 0.202428 14.615548 8.741906
 29.800000 0.197737 14.661781 8.741906
 30.000000 0.197077 14.659627 10.640832
 30.200000 0.194701 15.536378 10.640832
 30.400000 0.205477 15.290255 10.640832
 30.600000 0.200906 15.525038 10.640832
 30.800000 0.179276 14.285957 10.640832
 31.000000 0.160567 9.471963 10.640832
 31.200000 0.174365 14.185058 10.640832
 31.400000 0.185182 15.279636 10.640832
 31.600000 0.171581 13.697182 10.640832
 31.800000 0.173888 14.108854 10.640832
 32.000000 0.201485 15.532428 10.640832
 32.200000 0.200735 16.434494 10.640832
 32.400000 0.193848 16.378686 10.640832
 32.600000 0.194566 16.406501 10.640832
 32.800000 0.206280 16.067933 10.640832
 33.000000 0.222610 12.781968 10.640832
 33.200000 0.220406 14.354159 10.640832
 33.400000 0.212834 15.904565 10.640832
 33.600000 0.229775 11.640349 10.640832
 33.800000 0.215036 15.532040 10.640832
 34.000000 0.190212 16.271056 10.640832
 34.200000 0.175976 15.171751 10.640832
 34.400000 0.166826 12.906326 10.640832
 34.600000 0.184932 16.577468 10.640832
 34.800000 0.211448 16.414074 10.640832
 35.000000 0.231098 11.253482 12.666055
 35.200000 0.250669 7.524923 12.666055
 35.400000 0.272497 5.307460 12.666055
 35.600000 0.284428 3.262186 12.666055
 35.800000 0.265554 6.183078 12.666055
 36.000000 0.247091 8.070475 12.666055
 36.200000 0.227329 13.969041 12.666055
 36.400000 0.230056 13.274723 12.666055
 36.600000 0.242506 10.186560 12.666055
 36.800000 0.232939 12.523961 12.666055
 37.000000 0.221238 15.367321 12.666055
 37.200000 0.240941 10.903792 12.666055
 37.400000 0.255588 8.110850 12.666055
 37.600000 0.248248 9.266904 12.666055
 37.800000 0.232269 13.372010 12.666055
 38.000000 0.215338 17.237092 12.666055
 38.200000 0.214891 18.105111 12.666055
 38.400000 0.199820 18.375020 12.666055
 38.600000 0.201894 18.491715 12.666055
 38.800000 0.213109 18.296856 12.666055
 39.000000 0.220332 17.199311 12.666055
 39.200000 0.187296 17.135841 12.666055
 39.400000 0.196766 18.377487 12.666055
 39.600000 0.204645 19.053848 12.666055
 39.800000 0.198439 18.557509 12.666055
 40.000000 0.194339 18.090650 14.666196
 40.200000 0.190287 18.314418 14.666196
 40.400000 0.188834 18.088452 14.666196
 40.600000 0.187455 17.862528 14.666196
 40.800000 0.185313 17.491941 14.666196
 41.000000 0.163957 12.079738 14.666196
 41.200000 0.172095 15.489475 14.666196
 41.400000 0.178515 16.790245 14.666196
 41.600000 0.172835 15.660912 14.666196
 41.800000 0.179764 17.004337 14.666196
 42.000000 0.181369 17.266141 14.666196
 42.200000 0.202457 19.927706 14.666196
 42.400000 0.208283 19.843721 14.666196
 42.600000 0.197625 19.765697 14.666196
 42.800000 0.186878 18.839498 14.666196
 43.000000 0.185963 18.727669 14.666196
 43.200000 0.184444 19.285789 14.666196
 43.400000 0.175704 17.624523 14.666196
 43.600000 0.199395 20.353680 14.666196
 43.800000 0.215760 19.212981 14.666196
 44.000000 0.225369 16.837374 14.666196
 44.200000 0.233007 14.885406 14.666196
 44.400000 0.252288 8.866437 14.666196
 44.600000 0.247588 9.901584 14.666196
 44.800000 0.228942 16.433247 14.666196
 45.000000 0.231119 15.616609 16.204266
 45.200000 0.239774 13.042897 16.204266
 45.400000 0.208484 20.795641 16.204266
 45.600000 0.203369 20.761022 16.204266
 45.800000 0.201604 20.711988 16.204266
 46.000000 0.198430 20.585399 16.204266
 46.200000 0.203709 21.425990 16.204266
 46.400000 0.194969 21.070798 16.204266
 46.600000 0.171995 16.771566 16.204266
 46.800000 0.170056 16.139363 16.204266
 47.000000 0.166686 14.919653 16.204266
 47.200000 0.174178 18.220336 16.204266
 47.400000 0.195750 21.264304 16.204266
 47.600000 0.188887 20.740180 16.204266
 47.800000 0.180111 19.516079 16.204266
 48.000000 0.186718 20.500251 16.204266
 48.200000 0.205749 21.762215 16.204266
 48.400000 0.236656 14.307695 16.204266
 48.600000 0.250528 9.597491 16.204266
 48.800000 0.242849 11.908163 16.204266
 49.000000 0.243163 11.797197 16.204266
 49.200000 0.218618 20.648037 16.204266
 49.400000 0.197025 21.886532 16.204266
 49.600000 0.214027 21.260525 16.204266
 49.800000 0.231728 17.092560 16.204266
 50.000000 0.232898 16.666525 17.628756
 50.200000 0.224796 20.024706 17.628756
 50.400000 0.213153 21.696415 17.628756
 50.600000 0.219971 20.982526 17.628756
 50.800000 0.221781 20.673678 17.628756
 51.000000 0.205053 21.977197 17.628756
 51.200000 0.191308 22.082967 17.628756
 51.400000 0.179676 20.220987 17.628756
 51.600000 0.188714 21.790429 17.628756
 51.800000 0.183097 20.920582 17.628756
 52.000000 0.177239 19.637773 17.628756
 52.200000 0.164913 15.891259 17.628756
 52.400000 0.159976 13.397409 17.628756
 52.600000 0.174584 19.630838 17.628756
 52.800000 0.176716 20.231710 17.628756
 53.000000 0.159793 13.299615 17.628756
 53.200000 0.165648 17.129164 17.628756
 53.400000 0.165075 16.876685 17.628756
 53.600000 0.159822 14.282565 17.628756
 53.800000 0.171047 19.186886 17.628756
 54.000000 0.172961 19.777444 17.628756
 54.200000 0.175667 21.211507 17.628756
 54.400000 0.175058 21.065363 17.628756
 54.600000 0.160021 14.888774 17.628756
 54.800000 0.152847 10.622649 17.628756
 55.000000 0.152234 10.251763 18.858373
 55.200000 0.161548 16.642494 18.858373
 55.400000 0.172847 20.899319 18.858373
 55.600000 0.185062 22.754894 18.858373
 55.800000 0.187901 22.921489 18.858373
 56.000000 0.191597 23.040847 18.858373
 56.200000 0.189987 23.624452 18.858373
 56.400000 0.197350 23.638633 18.858373
 56.600000 0.204560 23.296658 18.858373
 56.800000 0.202829 23.402631 18.858373
 57.000000 0.187539 23.508527 18.858373
 57.200000 0.175970 22.416400 18.858373
 57.400000 0.155628 13.487396 18.858373
 57.600000 0.175373 22.268046 18.858373
 57.800000 0.168806 20.181333 18.858373
 58.000000 0.184341 23.858277 18.858373
 58.200000 0.195088 24.689765 18.858373
 58.400000 0.190986 24.800327 18.858373
 58.600000 0.218233 21.945013 18.858373
 58.800000 0.237396 15.832471 18.858373
 59.000000 0.248534 11.576847 18.858373
 59.200000 0.228062 19.799322 18.858373
 59.400000 0.208179 23.464682 18.858373
 59.600000 0.212159 22.976076 18.858373
 59.800000 0.223801 20.941601 18.858373
 60.000000 0.233054 18.187875 20.314303
 60.200000 0.245548 14.193663 20.314303
 60.400000 0.252742 11.613816 20.314303
 60.600000 0.254105 11.169933 20.314303
 60.800000 0.257068 10.252136 20.314303
 61.000000 0.245355 14.267311 20.314303
 61.200000 0.223832 21.908204 20.314303
 61.400000 0.217916 22.772844 20.314303
 61.600000 0.229245 20.714344 20.314303
 61.800000 0.247703 14.298684 20.314303
 62.000000 0.247833 14.249464 20.314303
 62.200000 0.263142 9.540317 20.314303
 62.400000 0.279226 4.657939 20.314303
 62.600000 0.296257 1.983544 20.314303
 62.800000 0.288966 2.688269 20.314303
 63.000000 0.294394 2.100557 20.314303
 63.200000 0.300494 3.315765 20.314303
 63.400000 0.285793 4.559836 20.314303
 63.600000 0.290817 3.993864 20.314303
 63.800000 0.298799 3.409816 20.314303
 64.000000 0.310946 2.727500 20.314303
 64.200000 0.326541 2.275443 20.314303
 64.400000 0.323231 2.796075 20.314303
 64.600000 0.330610 1.664402 20.314303
 64.800000 0.320236 3.250235 20.314303
 65.000000 0.280528 5.570326 20.382618
 65.200000 0.273822 8.060354 20.382618
 65.400000 0.289580 5.813907 20.382618
 65.600000 0.288988 5.871585 20.382618
 65.800000 0.297955 5.217266 20.382618
 66.000000 0.283852 6.465654 20.382618
 66.200000 0.281490 8.089549 20.382618
 66.400000 0.277517 8.611451 20.382618
 66.600000 0.256342 12.642543 20.382618
 66.800000 0.241667 17.522295 20.382618
 67.000000 0.251246 14.224433 20.382618
 67.200000 0.254490 14.099509 20.382618
 67.400000 0.250461 15.412852 20.382618
 67.600000 0.233482 20.549282 20.382618
 67.800000 0.232860 20.695693 20.382618
 68.000000 0.242166 18.124246 20.382618
 68.200000 0.264194 11.609473 20.382618
 68.400000 0.275864 9.132491 20.382618
 68.600000 0.278089 8.764771 20.382618
 68.800000 0.292316 6.716059 20.382618
 69.000000 0.277773 8.815962 20.382618
 69.200000 0.260250 13.343235 20.382618
 69.400000 0.261163 13.108521 20.382618
 69.600000 0.247138 17.401270 20.382618
 69.800000 0.235735 20.718308 20.382618
 70.000000 0.245958 17.785629 20.583828
 70.200000 0.254697 15.612720 20.583828
 70.400000 0.264500 12.694554 20.583828
 70.600000 0.253365 16.064500 20.583828
 70.800000 0.261086 13.603893 20.583828
 71.000000 0.265069 12.555352 20.583828
 71.200000 0.258713 15.223232 20.583828
 71.400000 0.246952 18.734329 20.583828
 71.600000 0.255851 16.055355 20.583828
 71.800000 0.265176 13.530128 20.583828
 72.000000 0.277452 10.846569 20.583828
 72.200000 0.290729 8.699041 20.583828
 72.400000 0.284093 10.378847 20.583828
 72.600000 0.276528 12.120291 20.583828
 72.800000 0.253447 17.075477 20.583828
 73.000000 0.253261 17.126010 20.583828
 73.200000 0.259394 16.304745 20.583828
 73.400000 0.269517 13.926384 20.583828
 73.600000 0.280112 11.500409 20.583828
 73.800000 0.279282 11.705761 20.583828
 74.000000 0.312397 4.676861 20.583828
 74.200000 0.323904 3.816420 20.583828
 74.400000 0.312516 6.079291 20.583828
 74.600000 0.317324 5.231140 20.583828
 74.800000 0.312530 6.077024 20.583828
 75.000000 0.312756 6.041628 20.638379
 75.200000 0.311715 7.535205 20.638379
 75.400000 0.309267 7.845239 20.638379
 75.600000 0.287726 10.210322 20.638379
 75.800000 0.266479 14.619294 20.638379
 76.000000 0.274342 12.966261 20.638379
 76.200000 0.261041 16.551652 20.638379
 76.400000 0.242710 20.724008 20.638379
 76.600000 0.235171 22.039599 20.638379
 76.800000 0.235934 21.929173 20.638379
 77.000000 0.252922 18.387296 20.638379
 77.200000 0.267493 15.763342 20.638379
 77.400000 0.282185 12.294195 20.638379
 77.600000 0.314236 7.155940 20.638379
 77.800000 0.314206 7.161428 20.638379
 78.000000 0.295461 9.406943 20.638379
 78.200000 0.293218 10.914022 20.638379
 78.400000 0.291974 11.127244 20.638379
 78.600000 0.306191 9.131457 20.638379
 78.800000 0.302895 9.566522 20.638379
 79.000000 0.303579 9.479689 20.638379
 79.200000 0.309211 9.739842 20.638379
 79.400000 0.290188 12.220925 20.638379
 79.600000 0.292054 11.966644 20.638379
 79.800000 0.299640 11.085798 20.638379
 80.000000 0.297416 11.329131 20.700667
 80.200000 0.285192 13.741053 20.700667
 80.400000 0.273935 15.199726 20.700667
 80.600000 0.280986 14.267846 20.700667
 80.800000 0.296761 12.457075 20.700667
 81.000000 0.289201 13.271723 20.700667
 81.200000 0.267832 16.462037 20.700667
 81.400000 0.274399 15.730532 20.700667
 81.600000 0.276117 15.564890 20.700667
 81.800000 0.283182 14.883250 20.700667
 82.000000 0.308607 11.072040 20.700667
 82.200000 0.312540 10.963797 20.700667
 82.400000 0.333266 2.925095 20.700667
 82.600000 0.338920 1.540099 20.700667
 82.800000 0.327264 5.019216 20.700667
 83.000000 0.322231 7.110597 20.700667
 83.200000 0.322764 8.156918 20.700667
 83.400000 0.340695 1.820125 20.700667
 83.600000 0.350386 0.484462 20.700667
 83.800000 0.332596 4.132201 20.700667
 84.000000 0.334345 3.534209 20.700667
 84.200000 0.352263 1.089079 20.700667
 84.400000 0.343541 2.523382 20.700667
 84.600000 0.354748 0.823844 20.700667
 84.800000 0.348231 1.645692 20.700667
 85.000000 0.357241 0.609676 20.666186
 85.200000 0.337313 4.810379 20.666186
 85.400000 0.344797 3.468841 20.666186
 85.600000 0.345546 3.371946 20.666186
 85.800000 0.348960 2.994231 20.666186
 86.000000 0.343283 3.682704 20.666186
 86.200000 0.328901 8.165789 20.666186
 86.400000 0.349579 4.294893 20.666186
 86.600000 0.356520 3.373089 20.666186
 86.800000 0.363822 2.371929 20.666186
 87.000000 0.353817 3.736118 20.666186
 87.200000 0.382002 0.741877 20.666186
 87.400000 0.359845 4.284766 20.666186
 87.600000 0.353659 5.238751 20.666186
 87.800000 0.353174 5.301835 20.666186
 88.000000 0.339437 6.725118 20.666186
 88.200000 0.332845 8.881410 20.666186
 88.400000 0.345311 7.335784 20.666186
 88.600000 0.363692 3.931127 20.666186
 88.800000 0.360255 4.706247 20.666186
 89.000000 0.357455 5.313722 20.666186
 89.200000 0.374917 2.368901 20.666186
 89.400000 0.378033 1.749900 20.666186
 89.600000 0.356999 6.789508 20.666186
 89.800000 0.345865 8.289682 20.666186
 90.000000 0.366907 4.346787 20.619075
 90.200000 0.386223 1.276817 20.619075
 90.400000 0.372895 4.156816 20.619075
 90.600000 0.386387 1.253262 20.619075
 90.800000 0.364113 6.504250 20.619075
 91.000000 0.379614 2.484333 20.619075
 91.200000 0.385996 2.740772 20.619075
 91.400000 0.383177 3.294138 20.619075
 91.600000 0.396826 1.116680 20.619075
 91.800000 0.394389 1.407578 20.619075
 92.000000 0.396491 1.153960 20.619075
 92.200000 0.395438 2.935124 20.619075
 92.400000 0.378845 5.051503 20.619075
 92.600000 0.360055 8.161920 20.619075
 92.800000 0.345451 8.952945 20.619075
 93.000000 0.327753 10.008589 20.619075
 93.200000 0.352080 9.129832 20.619075
 93.400000 0.362945 7.830718 20.619075
 93.600000 0.360278 8.238472 20.619075
 93.800000 0.379572 4.939352 20.619075
 94.000000 0.376767 5.389767 20.619075
 94.200000 0.398413 3.083759 20.619075
 94.400000 0.395359 3.581156 20.619075
 94.600000 0.408466 1.628470 20.619075
 94.800000 0.368799 8.005725 20.619075
 95.000000 0.373842 7.244912 20.574618
 95.200000 0.396613 3.773266 20.574618
 95.400000 0.416191 0.843015 20.574618
 95.600000 0.383767 6.585485 20.574618
 95.800000 0.362844 9.708775 20.574618
 96.000000 0.363065 9.695698 20.574618
 96.200000 0.377005 8.702965 20.574618
 96.400000 0.418918 0.625044 20.574618
 96.600000 0.430859 0.119033 20.574618
 96.800000 0.394934 4.238691 20.574618
 97.000000 0.394329 4.377414 20.574618
 97.200000 0.408870 2.566727 20.574618
 97.400000 0.410897 2.183419 20.574618
 97.600000 0.418280 1.072623 20.574618
 97.800000 0.413965 1.665666 20.574618
 98.000000 0.417363 1.184931 20.574618
 98.200000 0.422588 2.204612 20.574618
 98.400000 0.436356 0.814110 20.574618
 98.600000 0.447571 0.217522 20.574618
 98.800000 0.447005 0.235457 20.574618
 99.000000 0.443095 0.393323 20.574618
 99.200000 0.437933 2.318586 20.574618
 99.400000 0.434747 2.415612 20.574618
 99.600000 0.398771 5.573004 20.574618
 99.800000 0.376879 9.502880 20.574618
 100.000000 0.361863 11.030261 20.531243
