#! FIELDS time d metad.bias metad.rct
 0.000000 0.216687 0.000000 0.000000
 0.200000 0.238797 0.000000 0.000000
 0.400000 0.229310 0.000000 0.000000
 0.600000 0.229469 0.000000 0.000000
 0.800000 0.236968 0.000000 0.000000
 1.000000 0.212394 0.000000 0.000000
 1.200000 0.204147 1.504059 0.000000
 1.400000 0.206932 1.637519 0.000000
 1.600000 0.197239 1.049082 0.000000
 1.800000 0.199934 1.238416 0.000000
 2.000000 0.196010 0.962224 0.000000
 2.200000 0.201122 2.900451 0.000000
 2.400000 0.193800 2.468298 0.000000
 2.600000 0.208755 2.866714 0.000000
 2.800000 0.213610 2.584911 0.000000
 3.000000 0.218929 2.110731 0.000000
 3.200000 0.217217 3.859343 0.000000
 3.400000 0.203296 3.869169 0.000000
 3.600000 0.195628 3.086009 0.000000
 3.800000 0.194787 2.981992 0.000000
 4.000000 0.192563 2.698517 0.000000
 4.200000 0.209397 4.966458 0.000000
 4.400000 0.245107 0.509237 0.000000
 4.600000 0.241262 0.815112 0.000000
 4.800000 0.236512 1.336780 0.000000
 5.000000 0.220700 3.777455 1.578383
 5.200000 0.229342 3.639378 1.578383
 5.400000 0.253222 0.292097 1.578383
 5.600000 0.245659 0.841955 1.578383
 5.800000 0.240286 1.538145 1.578383
 6.000000 0.235227 2.428770 1.578383
 6.200000 0.251558 1.244052 1.578383
 6.400000 0.261346 0.408742 1.578383
 6.600000 0.255046 0.871476 1.578383
 6.800000 0.233941 4.248321 1.578383
 7.000000 0.238857 3.293831 1.578383
 7.200000 0.261132 0.920266 1.578383
 7.400000 0.267624 0.400900 1.578383
 7.600000 0.243126 3.953983 1.578383
 7.800000 0.235910 5.348482 1.578383
 8.000000 0.211221 6.775139 1.578383
 8.200000 0.204679 7.399333 1.578383
 8.400000 0.179457 2.336075 1.578383
 8.600000 0.159629 0.223318 1.578383
 8.800000 0.157365 0.153667 1.578383
 9.000000 0.160638 0.262444 1.578383
 9.200000 0.169007 2.308682 1.578383
 9.400000 0.162875 2.078847 1.578383
 9.600000 0.181882 3.439399 1.578383
 9.800000 0.162489 2.064602 1.578383
 10.000000 0.159415 1.939619 3.217835
 10.200000 0.149295 2.607639 3.217835
 10.400000 0.152704 3.020713 3.217835
 10.600000 0.152704 3.020721 3.217835
 10.800000 0.165191 3.651545 3.217835
 11.000000 0.163508 3.648175 3.217835
 11.200000 0.154809 4.489362 3.217835
 11.400000 0.155702 4.608836 3.217835
 11.600000 0.174147 4.751789 3.217835
 11.800000 0.187780 5.070021 3.217835
 12.000000 0.184940 4.819448 3.217835
 12.200000 0.174604 5.844651 3.217835
 12.400000 0.169956 5.818104 3.217835
 12.600000 0.168977 5.808760 3.217835
 12.800000 0.172721 5.832708 3.217835
 13.000000 0.153884 4.517763 3.217835
 13.200000 0.150891 5.361047 3.217835
 13.400000 0.166556 6.765805 3.217835
 13.600000 0.175765 6.349203 3.217835
 13.800000 0.186801 6.500388 3.217835
 14.000000 0.175772 6.348943 3.217835
 14.200000 0.178035 7.593208 3.217835
 14.400000 0.189962 7.574864 3.217835
 14.600000 0.194717 7.757291 3.217835
 14.800000 0.188041 7.527314 3.217835
 15.000000 0.191529 7.625806 4.999913
 15.200000 0.200637 9.095241 4.999913
 15.400000 0.191838 8.882737 4.999913
 15.600000 0.183599 8.574265 4.999913
 15.800000 0.185174 8.630175 4.999913
 16.000000 0.194924 8.981269 4.999913
 16.200000 0.190287 9.944432 4.999913
 16.400000 0.196091 10.181842 4.999913
 16.600000 0.203465 10.109343 4.999913
 16.800000 0.180626 9.227462 4.999913
 17.000000 0.166224 8.336625 4.999913
 17.200000 0.151019 6.490011 4.999913
 17.400000 0.146490 5.042166 4.999913
 17.600000 0.149637 6.055508 4.999913
 17.800000 0.140344 3.170380 4.999913
 18.000000 0.145458 4.710894 4.999913
 18.200000 0.161175 9.778592 4.999913
 18.400000 0.160088 9.657644 4.999913
 18.600000 0.159540 9.588449 4.999913
 18.800000 0.170253 10.120292 4.999913
 19.000000 0.169588 10.122375 4.999913
 19.200000 0.174947 11.121867 4.999913
 19.400000 0.156948 9.967207 4.999913
 19.600000 0.180710 10.923539 4.999913
 19.800000 0.186093 10.792355 4.999913
 20.000000 0.198388 10.498294 7.361849
 20.200000 0.198789 11.578008 7.361849
 20.400000 0.184630 11.541029 7.361849
 20.600000 0.184965 11.548654 7.361849
 20.800000 0.179335 11.455931 7.361849
 21.000000 0.175304 11.443628 7.361849
 21.200000 0.191892 12.255307 7.361849
 21.400000 0.188217 12.350409 7.361849
 21.600000 0.180263 12.459854 7.361849
 21.800000 0.150692 8.503005 7.361849
 22.000000 0.138972 4.285404 7.361849
 22.200000 0.138948 5.723603 7.361849
 22.400000 0.167671 12.504418 7.361849
 22.600000 0.161644 11.998645 7.361849
 22.800000 0.168357 12.530191 7.361849
 23.000000 0.163046 12.167098 7.361849
 23.200000 0.151684 10.622639 7.361849
 23.400000 0.153674 11.245572 7.361849
 23.600000 0.160192 12.788050 7.361849
 23.800000 0.164197 13.295676 7.361849
 24.000000 0.144832 8.170425 7.361849
 24.200000 0.156884 12.990588 7.361849
 24.400000 0.161514 13.647873 7.361849
 24.600000 0.150472 11.350250 7.361849
 24.800000 0.149914 11.173365 7.361849
 25.000000 0.140403 7.689130 9.257557
 25.200000 0.149971 12.204790 9.257557
 25.400000 0.161638 14.113855 9.257557
 25.600000 0.168386 14.055226 9.257557
 25.800000 0.171637 13.837183 9.257557
 26.000000 0.167803 14.084705 9.257557
 26.200000 0.173486 14.555883 9.257557
 26.400000 0.190031 12.835855 9.257557
 26.600000 0.185894 13.202247 9.257557
 26.800000 0.193530 12.537913 9.257557
 27.000000 0.204336 11.434909 9.257557
 27.200000 0.209350 11.766151 9.257557
 27.400000 0.204709 12.440102 9.257557
 27.600000 0.199396 12.986285 9.257557
 27.800000 0.195672 13.238762 9.257557
 28.000000 0.214339 10.862668 9.257557
 28.200000 0.200308 13.605397 9.257557
 28.400000 0.181971 14.043412 9.257557
 28.600000 0.171122 14.892067 9.257557
 28.800000 0.165906 15.122333 9.257557
 29.000000 0.179808 14.183794 9.257557
 29.200000 0.183859 14.844603 9.257557
 29.400000 0.182621 14.921688 9.257557
 29.600000 0.170896 15.687679 9.257557
 29.800000 0.144479 10.785414 9.257557
 30.000000 0.139972 8.955761 11.232311
 30.200000 0.138004 9.303849 11.232311
 30.400000 0.134584 7.837543 11.232311
 30.600000 0.135125 8.070079 11.232311
 30.800000 0.151176 14.067886 11.232311
 31.000000 0.172831 15.699061 11.232311
 31.200000 0.162615 16.596490 11.232311
 31.400000 0.153678 15.067307 11.232311
 31.600000 0.183272 15.578670 11.232311
 31.800000 0.177732 16.136470 11.232311
 32.000000 0.193691 14.693169 11.232311
 32.200000 0.204696 14.336216 11.232311
 32.400000 0.207588 13.832461 11.232311
 32.600000 0.175073 16.808095 11.232311
 32.800000 0.176845 16.706655 11.232311
 33.000000 0.172581 16.923042 11.232311
 33.200000 0.156132 16.128589 11.232311
 33.400000 0.165124 17.621703 11.232311
 33.600000 0.146095 12.842191 11.232311
 33.800000 0.124287 3.789655 11.232311
 34.000000 0.132522 7.000664 11.232311
 34.200000 0.145250 13.400432 11.232311
 34.400000 0.141543 12.033238 11.232311
 34.600000 0.143189 12.656740 11.232311
 34.800000 0.150930 15.205418 11.232311
 35.000000 0.158197 16.900672 13.476385
 35.200000 0.166284 18.513593 13.476385
 35.400000 0.137056 10.524997 13.476385
 35.600000 0.135394 9.775547 13.476385
 35.800000 0.139938 11.794234 13.476385
 36.000000 0.151905 16.230544 13.476385
 36.200000 0.174284 18.432073 13.476385
 36.400000 0.176178 18.191575 13.476385
 36.600000 0.187864 16.653510 13.476385
 36.800000 0.183974 17.137633 13.476385
 37.000000 0.184111 17.119901 13.476385
 37.200000 0.202399 15.192823 13.476385
 37.400000 0.203376 15.004328 13.476385
 37.600000 0.189451 17.231934 13.476385
 37.800000 0.164362 19.388674 13.476385
 38.000000 0.173733 19.140110 13.476385
 38.200000 0.175470 19.715880 13.476385
 38.400000 0.177453 19.484071 13.476385
 38.600000 0.198232 16.127298 13.476385
 38.800000 0.176717 19.574259 13.476385
 39.000000 0.171230 20.063232 13.476385
 39.200000 0.158048 19.575685 13.476385
 39.400000 0.146904 15.765117 13.476385
 39.600000 0.154643 18.639868 13.476385
 39.800000 0.145430 15.124495 13.476385
 40.000000 0.150812 17.330611 15.974470
 40.200000 0.149507 17.636900 15.974470
 40.400000 0.148385 17.181034 15.974470
 40.600000 0.150362 17.969420 15.974470
 40.800000 0.143833 15.130110 15.974470
 41.000000 0.155719 19.726955 15.974470
 41.200000 0.171596 21.481937 15.974470
 41.400000 0.172758 21.334601 15.974470
 41.600000 0.184092 19.209309 15.974470
 41.800000 0.168964 21.727292 15.974470
 42.000000 0.160862 21.496138 15.974470
 42.200000 0.147860 18.054559 15.974470
 42.400000 0.142603 15.344742 15.974470
 42.600000 0.135536 11.313274 15.974470
 42.800000 0.121668 4.304355 15.974470
 43.000000 0.129262 7.816957 15.974470
 43.200000 0.134231 11.732368 15.974470
 43.400000 0.126670 7.720225 15.974470
 43.600000 0.128693 8.754793 15.974470
 43.800000 0.114708 2.883731 15.974470
 44.000000 0.110520 1.829022 15.974470
 44.200000 0.135532 12.842182 15.974470
 44.400000 0.128322 9.357895 15.974470
 44.600000 0.132894 11.530713 15.974470
 44.800000 0.138588 14.371904 15.974470
 45.000000 0.136323 13.238595 17.330279
 45.200000 0.121089 6.983517 17.330279
 45.400000 0.134317 13.196981 17.330279
 45.600000 0.141143 16.554260 17.330279
 45.800000 0.121661 7.212527 17.330279
 46.000000 0.123651 8.046241 17.330279
 46.200000 0.136372 15.086224 17.330279
 46.400000 0.135271 14.584726 17.330279
 46.600000 0.128596 11.490241 17.330279
 46.800000 0.134155 14.071651 17.330279
 47.000000 0.127030 10.772819 17.330279
 47.200000 0.118793 8.207624 17.330279
 47.400000 0.133725 14.852477 17.330279
 47.600000 0.147530 20.058961 17.330279
 47.800000 0.142264 18.282609 17.330279
 48.000000 0.136958 16.220210 17.330279
 48.200000 0.132195 14.989995 17.330279
 48.400000 0.127385 12.709757 17.330279
 48.600000 0.129240 13.603278 17.330279
 48.800000 0.126058 12.065904 17.330279
 49.000000 0.132184 14.985042 17.330279
 49.200000 0.120782 10.202509 17.330279
 49.400000 0.129871 14.791329 17.330279
 49.600000 0.123312 11.487577 17.330279
 49.800000 0.134487 16.906690 17.330279
 50.000000 0.149994 21.799760 18.417042
 50.200000 0.144307 21.024479 18.417042
 50.400000 0.147172 21.816930 18.417042
 50.600000 0.150754 22.612817 18.417042
 50.800000 0.135080 17.562505 18.417042
 51.000000 0.128458 14.334309 18.417042
 51.200000 0.145105 21.757309 18.417042
 51.400000 0.143235 21.261360 18.417042
 51.600000 0.142854 21.153188 18.417042
 51.800000 0.137114 19.224675 18.417042
 52.000000 0.147841 22.382367 18.417042
 52.200000 0.123603 12.827531 18.417042
 52.400000 0.120647 11.162204 18.417042
 52.600000 0.117495 9.443301 18.417042
 52.800000 0.118689 10.083799 18.417042
 53.000000 0.130518 16.632770 18.417042
 53.200000 0.126562 15.299575 18.417042
 53.400000 0.133396 18.888838 18.417042
 53.600000 0.141662 22.025316 18.417042
 53.800000 0.142847 22.356570 18.417042
 54.000000 0.139558 21.365339 18.417042
 54.200000 0.160423 24.499656 18.417042
 54.400000 0.166095 23.810963 18.417042
 54.600000 0.187950 18.577110 18.417042
 54.800000 0.215306 12.264481 18.417042
 55.000000 0.231185 7.655717 19.609654
 55.200000 0.250186 3.217285 19.609654
 55.400000 0.246829 4.121567 19.609654
 55.600000 0.245255 4.575997 19.609654
 55.800000 0.251160 2.974260 19.609654
 56.000000 0.261587 1.038242 19.609654
 56.200000 0.257268 3.289480 19.609654
 56.400000 0.253234 3.920526 19.609654
 56.600000 0.260752 2.815312 19.609654
 56.800000 0.253529 3.871063 19.609654
 57.000000 0.247942 4.914579 19.609654
 57.200000 0.238538 8.306181 19.609654
 57.400000 0.247884 6.332509 19.609654
 57.600000 0.246167 6.690361 19.609654
 57.800000 0.236561 8.726172 19.609654
 58.000000 0.243151 7.326676 19.609654
 58.200000 0.254865 5.847166 19.609654
 58.400000 0.273116 1.947672 19.609654
 58.600000 0.295173 0.141111 19.609654
 58.800000 0.274298 1.765687 19.609654
 59.000000 0.249991 7.035988 19.609654
 59.200000 0.244837 9.430280 19.609654
 59.400000 0.245879 9.224632 19.609654
 59.600000 0.273405 2.278674 19.609654
 59.800000 0.259325 5.815066 19.609654
 60.000000 0.261760 5.129530 19.559740
 60.200000 0.227917 11.838582 19.559740
 60.400000 0.211653 14.016352 19.559740
 60.600000 0.227651 11.864819 19.559740
 60.800000 0.222557 12.427564 19.559740
 61.000000 0.223899 12.267623 19.559740
 61.200000 0.227071 12.913827 19.559740
 61.400000 0.225965 13.041683 19.559740
 61.600000 0.219557 13.787271 19.559740
 61.800000 0.224995 13.153819 19.559740
 62.000000 0.221525 13.556993 19.559740
 62.200000 0.216513 15.052036 19.559740
 62.400000 0.223244 14.307286 19.559740
 62.600000 0.233194 12.901775 19.559740
 62.800000 0.228597 13.593180 19.559740
 63.000000 0.239363 11.869285 19.559740
 63.200000 0.256780 8.522413 19.559740
 63.400000 0.283577 1.296722 19.559740
 63.600000 0.272654 3.587706 19.559740
 63.800000 0.284803 1.125929 19.559740
 64.000000 0.289352 0.632733 19.559740
 64.200000 0.276261 3.842659 19.559740
 64.400000 0.283906 2.841853 19.559740
 64.600000 0.284697 2.761270 19.559740
 64.800000 0.264495 6.466282 19.559740
 65.000000 0.265779 6.120403 19.544230
 65.200000 0.255334 10.143491 19.544230
 65.400000 0.268960 6.620712 19.544230
 65.600000 0.269455 6.493672 19.544230
 65.800000 0.257578 9.595149 19.544230
 66.000000 0.236477 13.575582 19.544230
 66.200000 0.261230 8.902410 19.544230
 66.400000 0.264726 7.893095 19.544230
 66.600000 0.241682 13.737985 19.544230
 66.800000 0.246722 12.731941 19.544230
 67.000000 0.256718 10.191458 19.544230
 67.200000 0.270496 7.029681 19.544230
 67.400000 0.273151 6.238689 19.544230
 67.600000 0.271560 6.706611 19.544230
 67.800000 0.266619 8.249436 19.544230
 68.000000 0.262743 9.489510 19.544230
 68.200000 0.266196 9.501785 19.544230
 68.400000 0.260234 11.402087 19.544230
 68.600000 0.237699 15.146703 19.544230
 68.800000 0.227031 15.596525 19.544230
 69.000000 0.238599 15.085471 19.544230
 69.200000 0.216294 16.106477 19.544230
 69.400000 0.214962 16.101356 19.544230
 69.600000 0.244666 15.349636 19.544230
 69.800000 0.247643 14.885478 19.544230
 70.000000 0.253256 13.711748 19.549652
 70.200000 0.264634 10.932638 19.549652
 70.400000 0.249170 15.520886 19.549652
 70.600000 0.279941 5.307034 19.549652
 70.800000 0.319093 0.235584 19.549652
 71.000000 0.286669 3.628457 19.549652
 71.200000 0.308979 1.253465 19.549652
 71.400000 0.301811 2.299308 19.549652
 71.600000 0.303896 1.964763 19.549652
 71.800000 0.306069 1.640860 19.549652
 72.000000 0.318482 0.410147 19.549652
 72.200000 0.325023 1.713634 19.549652
 72.400000 0.305169 2.929541 19.549652
 72.600000 0.317028 2.208512 19.549652
 72.800000 0.311931 2.483364 19.549652
 73.000000 0.323012 1.852130 19.549652
 73.200000 0.318260 3.673309 19.549652
 73.400000 0.303316 3.763657 19.549652
 73.600000 0.303319 3.763549 19.549652
 73.800000 0.293781 4.407484 19.549652
 74.000000 0.308165 3.697918 19.549652
 74.200000 0.318336 4.850303 19.549652
 74.400000 0.345203 0.953965 19.549652
 74.600000 0.338526 1.838699 19.549652
 74.800000 0.345311 0.942515 19.549652
 75.000000 0.327332 3.744341 19.499125
 75.200000 0.324704 5.602761 19.499125
 75.400000 0.321352 5.935966 19.499125
 75.600000 0.325174 5.542410 19.499125
 75.800000 0.326231 5.395017 19.499125
 76.000000 0.308994 5.879899 19.499125
 76.200000 0.331234 4.960399 19.499125
 76.400000 0.357214 0.385401 19.499125
 76.600000 0.355274 0.514081 19.499125
 76.800000 0.338350 3.192774 19.499125
 77.000000 0.343149 2.136451 19.499125
 77.200000 0.368695 0.416611 19.499125
 77.400000 0.361738 0.919063 19.499125
 77.600000 0.350296 2.414543 19.499125
 77.800000 0.345939 3.188448 19.499125
 78.000000 0.329183 6.480340 19.499125
 78.200000 0.352106 2.529399 19.499125
 78.400000 0.364783 0.740951 19.499125
 78.600000 0.362206 0.990002 19.499125
 78.800000 0.370649 0.348271 19.499125
 79.000000 0.371027 0.330145 19.499125
 79.200000 0.335669 6.553558 19.499125
 79.400000 0.334656 6.774846 19.499125
 79.600000 0.343699 4.764462 19.499125
 79.800000 0.353664 3.113129 19.499125
 80.000000 0.326639 8.184724 19.451053
 80.200000 0.322589 9.713673 19.451053
 80.400000 0.309048 8.487663 19.451053
 80.600000 0.295989 6.615025 19.451053
 80.800000 0.298740 6.896703 19.451053
 81.000000 0.297104 6.718509 19.451053
 81.200000 0.299523 8.272775 19.451053
 81.400000 0.304551 8.879336 19.451053
 81.600000 0.315249 10.007473 19.451053
 81.800000 0.339049 6.676182 19.451053
 82.000000 0.355830 3.066841 19.451053
 82.200000 0.354034 4.814003 19.451053
 82.400000 0.384924 1.381615 19.451053
 82.600000 0.391460 0.773834 19.451053
 82.800000 0.391484 0.771891 19.451053
 83.000000 0.395120 0.519725 19.451053
 83.200000 0.372379 3.367046 19.451053
 83.400000 0.357190 4.503090 19.451053
 83.600000 0.374409 3.250236 19.451053
 83.800000 0.361751 4.092582 19.451053
 84.000000 0.349030 5.547813 19.451053
 84.200000 0.344462 7.663733 19.451053
 84.400000 0.349871 6.781249 19.451053
 84.600000 0.341649 8.140727 19.451053
 84.800000 0.320634 10.430286 19.451053
 85.000000 0.323782 10.407150 19.405392
 85.200000 0.351882 6.657703 19.405392
 85.400000 0.382323 2.967265 19.405392
 85.600000 0.380905 3.058400 19.405392
 85.800000 0.357082 5.788874 19.405392
 86.000000 0.347053 7.562771 19.405392
 86.200000 0.341770 9.829373 19.405392
 86.400000 0.334106 11.118915 19.405392
 86.600000 0.362881 5.645323 19.405392
 86.800000 0.366823 4.933891 19.405392
 87.000000 0.361912 5.829650 19.405392
 87.200000 0.368358 5.908045 19.405392
 87.400000 0.384198 3.357012 19.405392
 87.600000 0.378045 4.166449 19.405392
 87.800000 0.396146 2.274415 19.405392
 88.000000 0.383041 3.490344 19.405392
 88.200000 0.376106 5.820547 19.405392
 88.400000 0.400703 2.643925 19.405392
 88.600000 0.396242 3.282726 19.405392
 88.800000 0.406330 1.860790 19.405392
 89.000000 0.383093 4.982191 19.405392
 89.200000 0.365081 7.970088 19.405392
 89.400000 0.365365 7.945951 19.405392
 89.600000 0.378295 6.884791 19.405392
 89.800000 0.388615 5.618269 19.405392
 90.000000 0.376215 7.068620 19.360784
 90.200000 0.378863 8.089133 19.360784
 90.400000 0.388162 6.618984 19.360784
 90.600000 0.412215 1.433819 19.360784
 90.800000 0.412204 1.435374 19.360784
 91.000000 0.422044 0.444068 19.360784
 91.200000 0.417655 2.428680 19.360784
 91.400000 0.409566 3.063724 19.360784
 91.600000 0.404689 3.663620 19.360784
 91.800000 0.402720 3.963345 19.360784
 92.000000 0.406115 3.467163 19.360784
 92.200000 0.411949 4.230179 19.360784
 92.400000 0.422054 3.010515 19.360784
 92.600000 0.408065 4.713641 19.360784
 92.800000 0.436202 1.333123 19.360784
 93.000000 0.431910 1.811142 19.360784
 93.200000 0.407871 5.183258 19.360784
 93.400000 0.405344 5.402680 19.360784
 93.600000 0.420263 4.422126 19.360784
 93.800000 0.411995 4.891467 19.360784
 94.000000 0.413978 4.772562 19.360784
 94.200000 0.408286 6.466744 19.360784
 94.400000 0.409089 6.430684 19.360784
 94.600000 0.390077 7.656536 19.360784
 94.800000 0.386918 7.924737 19.360784
 95.000000 0.399598 6.914458 19.314027
 95.200000 0.385765 8.858432 19.314027
 95.400000 0.407051 7.658844 19.314027
 95.600000 0.388493 8.769544 19.314027
 95.800000 0.386168 8.846790 19.314027
 96.000000 0.391150 8.661477 19.314027
 96.200000 0.378976 9.835049 19.314027
 96.400000 0.357446 9.378086 19.314027
 96.600000 0.346390 10.059329 19.314027
 96.800000 0.324852 11.942203 19.314027
 97.000000 0.326824 11.913484 19.314027
 97.200000 0.367657 9.405071 19.314027
 97.400000 0.359492 9.423434 19.314027
 97.600000 0.363317 9.358502 19.314027
 97.800000 0.361665 9.372535 19.314027
 98.000000 0.363570 9.358035 19.314027
 98.200000 0.352084 10.729998 19.314027
 98.400000 0.368181 10.517870 19.314027
 98.600000 0.364758 10.511223 19.314027
 98.800000 0.347951 10.972689 19.314027
 99.000000 0.364216 10.511116 19.314027
 99.200000 0.371163 11.512015 19.314027
 99.400000 0.363608 11.606237 19.314027
 99.600000 0.348758 11.559541 19.314027
 99.800000 0.361377 11.594497 19.314027
 100.000000 0.388352 10.535624 19.282620
 100.200000 0.379706 12.075548 19.282620
 100.400000 0.379816 12.073237 19.282620
 100.600000 0.360854 11.792482 19.282620
 100.800000 0.358066 11.702678 19.282620
 101.000000 0.373842 12.111136 19.282620
 101.200000 0.357761 12.266944 19.282620
 101.400000 0.337902 12.308135 19.282620
 101.600000 0.331098 12.875853 19.282620
 101.800000 0.310370 11.002684 19.282620
 102.000000 0.287459 7.543240 19.282620
 102.200000 0.295898 9.284100 19.282620
 102.400000 0.323475 13.055285 19.282620
 102.600000 0.317634 12.557473 19.282620
 102.800000 0.337991 12.302356 19.282620
 103.000000 0.314583 12.112491 19.282620
 103.200000 0.309359 12.170970 19.282620
 103.400000 0.293143 9.422406 19.282620
 103.600000 0.296215 9.795293 19.282620
 103.800000 0.303852 11.069703 19.282620
 104.000000 0.328404 13.709318 19.282620
 104.200000 0.352999 12.255403 19.282620
 104.400000 0.333591 14.046627 19.282620
 104.600000 0.340735 12.984798 19.282620
 104.800000 0.346151 12.428760 19.282620
 105.000000 0.350943 12.247370 19.267532
 105.200000 0.355783 13.294234 19.267532
 105.400000 0.344160 13.507970 19.267532
 105.600000 0.316558 14.190236 19.267532
 105.800000 0.295196 9.741919 19.267532
 106.000000 0.295795 9.826854 19.267532
 106.200000 0.286156 9.881269 19.267532
 106.400000 0.293022 10.577067 19.267532
 106.600000 0.293038 10.579114 19.267532
 106.800000 0.313400 14.119645 19.267532
 107.000000 0.337026 14.206976 19.267532
 107.200000 0.324758 15.879963 19.267532
 107.400000 0.332195 15.645241 19.267532
 107.600000 0.354746 13.739320 19.267532
 107.800000 0.339319 14.864801 19.267532
 108.000000 0.332514 15.617349 19.267532
 108.200000 0.332539 16.487897 19.267532
 108.400000 0.320691 16.223006 19.267532
 108.600000 0.313544 14.807648 19.267532
 108.800000 0.336822 15.997652 19.267532
 109.000000 0.350429 14.316071 19.267532
 109.200000 0.366865 14.205606 19.267532
 109.400000 0.355680 14.853809 19.267532
 109.600000 0.319558 16.157096 19.267532
 109.800000 0.318266 15.911548 19.267532
 110.000000 0.301294 11.991431 19.289320
 110.200000 0.298807 12.534027 19.289320
 110.400000 0.284540 10.338814 19.289320
 110.600000 0.290489 11.085837 19.289320
 110.800000 0.297842 12.351922 19.289320
 111.000000 0.315723 16.010953 19.289320
 111.200000 0.296095 12.394267 19.289320
 111.400000 0.291694 11.511591 19.289320
 111.600000 0.282975 10.292609 19.289320
 111.800000 0.304318 14.273653 19.289320
 112.000000 0.282428 10.252410 19.289320
 112.200000 0.304582 14.708433 19.289320
 112.400000 0.292476 12.545176 19.289320
 112.600000 0.271396 11.593481 19.289320
 112.800000 0.278712 11.206150 19.289320
 113.000000 0.292464 12.543217 19.289320
 113.200000 0.322915 17.944814 19.289320
 113.400000 0.334204 17.345493 19.289320
 113.600000 0.333379 17.445845 19.289320
 113.800000 0.306440 15.740382 19.289320
 114.000000 0.302991 15.169558 19.289320
 114.200000 0.301790 15.865166 19.289320
 114.400000 0.307128 16.713850 19.289320
 114.600000 0.305630 16.480948 19.289320
 114.800000 0.306147 16.561914 19.289320
 115.000000 0.307790 16.815205 19.352904
 115.200000 0.308151 17.697116 19.352904
 115.400000 0.316239 18.640236 19.352904
 115.600000 0.302185 16.700943 19.352904
 115.800000 0.280290 12.400505 19.352904
 116.000000 0.275544 12.028936 19.352904
 116.200000 0.274742 13.035805 19.352904
 116.400000 0.281090 13.461964 19.352904
 116.600000 0.272415 13.051831 19.352904
 116.800000 0.284615 13.935081 19.352904
 117.000000 0.285282 14.038174 19.352904
 117.200000 0.286733 15.204398 19.352904
 117.400000 0.289367 15.624899 19.352904
 117.600000 0.299940 17.132473 19.352904
 117.800000 0.294181 16.360162 19.352904
 118.000000 0.287708 15.360200 19.352904
 118.200000 0.280980 15.146280 19.352904
 118.400000 0.274555 14.358684 19.352904
 118.600000 0.281845 15.281683 19.352904
 118.800000 0.308552 18.460669 19.352904
 119.000000 0.310819 18.621493 19.352904
 119.200000 0.312251 19.475360 19.352904
 119.400000 0.323976 19.371893 19.352904
 119.600000 0.340910 16.630570 19.352904
 119.800000 0.358968 14.663734 19.352904
 120.000000 0.365013 14.310296 19.445360
 120.200000 0.360525 15.451325 19.445360
 120.400000 0.331923 18.347883 19.445360
 120.600000 0.343796 16.508781 19.445360
 120.800000 0.342145 16.714109 19.445360
 121.000000 0.309125 19.260961 19.445360
 121.200000 0.300158 18.997771 19.445360
 121.400000 0.298422 18.740242 19.445360
 121.600000 0.327987 19.280508 19.445360
 121.800000 0.338153 17.416218 19.445360
 122.000000 0.331150 18.724476 19.445360
 122.200000 0.352256 16.102017 19.445360
 122.400000 0.371760 14.775303 19.445360
 122.600000 0.369635 14.957096 19.445360
 122.800000 0.358632 15.672708 19.445360
 123.000000 0.354806 15.910982 19.445360
 123.200000 0.351388 17.015255 19.445360
 123.400000 0.357806 16.565857 19.445360
 123.600000 0.357843 16.563189 19.445360
 123.800000 0.371590 15.250337 19.445360
 124.000000 0.367897 15.680547 19.445360
 124.200000 0.367981 16.541650 19.445360
 124.400000 0.360771 17.121238 19.445360
 124.600000 0.357512 17.271069 19.445360
 124.800000 0.365196 16.815258 19.445360
 125.000000 0.380432 14.629502 19.620550
 125.200000 0.402738 10.193926 19.620550
 125.400000 0.396516 11.761407 19.620550
 125.600000 0.391796 12.974566 19.620550
 125.800000 0.390330 13.342963 19.620550
 126.000000 0.381543 15.328083 19.620550
 126.200000 0.391356 13.799345 19.620550
 126.400000 0.399817 11.337788 19.620550
 126.600000 0.424149 5.816149 19.620550
 126.800000 0.432293 4.207669 19.620550
 127.000000 0.418840 6.843220 19.620550
 127.200000 0.408054 10.144818 19.620550
 127.400000 0.437095 3.871992 19.620550
 127.600000 0.444096 2.313161 19.620550
 127.800000 0.421265 7.646895 19.620550
 128.000000 0.417721 8.348605 19.620550
 128.200000 0.433064 5.589374 19.620550
 128.400000 0.450093 1.423903 19.620550
 128.600000 0.465744 0.158304 19.620550
 128.800000 0.457508 0.572997 19.620550
 129.000000 0.444236 2.536810 19.620550
 129.200000 0.453302 2.286755 19.620550
 129.400000 0.448155 3.256839 19.620550
 129.600000 0.464592 0.814308 19.620550
 129.800000 0.441440 4.744077 19.620550
 130.000000 0.443234 4.327155 19.603773
 130.200000 0.443943 5.607436 19.603773
 130.400000 0.463395 1.509651 19.603773
 130.600000 0.444624 5.449934 19.603773
 130.800000 0.462723 1.612897 19.603773
 131.000000 0.470388 0.682305 19.603773
 131.200000 0.458957 3.532923 19.603773
 131.400000 0.454291 4.173039 19.603773
 131.600000 0.417455 10.248080 19.603773
 131.800000 0.412113 10.830691 19.603773
 132.000000 0.444410 5.876011 19.603773
 132.200000 0.471437 2.552361 19.603773
 132.400000 0.471874 2.500920 19.603773
 132.600000 0.484803 1.167636 19.603773
 132.800000 0.472909 2.381281 19.603773
 133.000000 0.479034 1.721406 19.603773
 133.200000 0.475600 3.660588 19.603773
 133.400000 0.482437 2.965086 19.603773
 133.600000 0.450867 6.221271 19.603773
 133.800000 0.432681 9.062829 19.603773
 134.000000 0.416136 10.619980 19.603773
 134.200000 0.434582 9.334576 19.603773
 134.400000 0.433322 9.548538 19.603773
 134.600000 0.446565 7.099411 19.603773
 134.800000 0.451080 6.255873 19.603773
 135.000000 0.473304 3.842833 19.567793
 135.200000 0.490771 2.637394 19.567793
 135.400000 0.454420 6.356689 19.567793
 135.600000 0.453087 6.500690 19.567793
 135.800000 0.448468 7.108528 19.567793
 136.000000 0.420881 11.275659 19.567793
 136.200000 0.426651 11.564837 19.567793
 136.400000 0.475855 5.092488 19.567793
 136.600000 0.477748 4.880169 19.567793
 136.800000 0.477915 4.859472 19.567793
 137.000000 0.495621 1.776815 19.567793
 137.200000 0.479342 5.566084 19.567793
 137.400000 0.472390 5.867903 19.567793
 137.600000 0.479864 5.525511 19.567793
 137.800000 0.479945 5.518968 19.567793
 138.000000 0.441006 8.741676 19.567793
 138.200000 0.446366 8.794366 19.567793
 138.400000 0.438204 10.492712 19.567793
 138.600000 0.437867 10.558153 19.567793
 138.800000 0.450848 7.889736 19.567793
 139.000000 0.429198 11.999126 19.567793
 139.200000 0.435014 12.038244 19.567793
 139.400000 0.439441 11.059149 19.567793
 139.600000 0.438698 11.234281 19.567793
 139.800000 0.430588 12.825738 19.567793
 140.000000 0.439657 11.007424 19.544994
 140.200000 0.430905 13.680593 19.544994
 140.400000 0.426460 14.070950 19.544994
 140.600000 0.427765 13.986061 19.544994
 140.800000 0.420418 14.175943 19.544994
 141.000000 0.436066 12.862182 19.544994
 141.200000 0.446235 11.115988 19.544994
 141.400000 0.446061 11.171031 19.544994
 141.600000 0.429570 14.726398 19.544994
 141.800000 0.414161 14.267820 19.544994
 142.000000 0.396658 14.065120 19.544994
 142.200000 0.412715 14.671521 19.544994
 142.400000 0.394246 15.277084 19.544994
 142.600000 0.378133 17.373522 19.544994
 142.800000 0.385798 16.450506 19.544994
 143.000000 0.394320 15.267957 19.544994
 143.200000 0.371391 18.111680 19.544994
 143.400000 0.387373 17.023450 19.544994
 143.600000 0.407935 15.095365 19.544994
 143.800000 0.392220 16.417847 19.544994
 144.000000 0.391508 16.508210 19.544994
 144.200000 0.405165 15.734778 19.544994
 144.400000 0.415193 15.367044 19.544994
 144.600000 0.395783 16.782977 19.544994
 144.800000 0.383386 18.179565 19.544994
 145.000000 0.405872 15.682468 19.605405
 145.200000 0.412760 16.178516 19.605405
 145.400000 0.411143 16.248624 19.605405
 145.600000 0.430997 14.948094 19.605405
 145.800000 0.410906 16.259599 19.605405
 146.000000 0.384089 18.430142 19.605405
 146.200000 0.344250 18.057491 19.605405
 146.400000 0.354257 17.931879 19.605405
 146.600000 0.327266 20.309689 19.605405
 146.800000 0.362443 18.425742 19.605405
 147.000000 0.367844 18.820728 19.605405
 147.200000 0.372418 19.829177 19.605405
 147.400000 0.357910 18.725050 19.605405
 147.600000 0.354264 18.433932 19.605405
 147.800000 0.358824 18.805998 19.605405
 148.000000 0.360909 18.994886 19.605405
 148.200000 0.362524 19.888724 19.605405
 148.400000 0.369365 20.317370 19.605405
 148.600000 0.385531 19.692071 19.605405
 148.800000 0.361674 19.814714 19.605405
 149.000000 0.341701 18.775582 19.605405
 149.200000 0.332486 20.370824 19.605405
 149.400000 0.313898 20.814244 19.605405
 149.600000 0.310350 20.475683 19.605405
 149.800000 0.312001 20.645657 19.605405
 150.000000 0.322676 21.097764 19.930353
 150.200000 0.312290 21.211085 19.930353
 150.400000 0.303559 19.915699 19.930353
 150.600000 0.293428 18.023357 19.930353
 150.800000 0.299470 19.197275 19.930353
 151.000000 0.299336 19.172773 19.930353
 151.200000 0.285089 16.700152 19.930353
 151.400000 0.292891 18.591008 19.930353
 151.600000 0.294239 18.892435 19.930353
 151.800000 0.280532 15.647049 19.930353
 152.000000 0.290994 18.147788 19.930353
 152.200000 0.282260 16.685755 19.930353
 152.400000 0.276916 15.470929 19.930353
 152.600000 0.284058 17.150211 19.930353
 152.800000 0.268505 14.543546 19.930353
 153.000000 0.267547 14.527626 19.930353
 153.200000 0.256134 16.001813 19.930353
 153.400000 0.277656 16.346850 19.930353
 153.600000 0.276446 16.150860 19.930353
 153.800000 0.284246 17.691796 19.930353
 154.000000 0.270459 15.530232 19.930353
 154.200000 0.273000 16.583046 19.930353
 154.400000 0.280381 17.560476 19.930353
 154.600000 0.276523 16.969994 19.930353
 154.800000 0.265250 16.286371 19.930353
 155.000000 0.296034 20.363953 20.188571
 155.200000 0.316814 22.474156 20.188571
 155.400000 0.320643 22.359372 20.188571
 155.600000 0.288919 19.789822 20.188571
 155.800000 0.269160 16.488945 20.188571
 156.000000 0.279637 17.823662 20.188571
 156.200000 0.296603 21.569285 20.188571
 156.400000 0.325422 21.985881 20.188571
 156.600000 0.357672 19.911089 20.188571
 156.800000 0.353766 19.697568 20.188571
 157.000000 0.329021 21.538809 20.188571
 157.200000 0.358196 20.042611 20.188571
 157.400000 0.347115 19.902189 20.188571
 157.600000 0.346588 19.926795 20.188571
 157.800000 0.356216 19.954239 20.188571
 158.000000 0.333621 21.508154 20.188571
 158.200000 0.327809 22.992055 20.188571
 158.400000 0.331711 22.477764 20.188571
 158.600000 0.321083 23.407102 20.188571
 158.800000 0.338629 21.359052 20.188571
 159.000000 0.355981 20.164763 20.188571
 159.200000 0.364655 21.023199 20.188571
 159.400000 0.350115 20.854426 20.188571
 159.600000 0.348270 20.901257 20.188571
 159.800000 0.362225 20.997409 20.188571
 160.000000 0.362361 20.999435 20.675268
 160.200000 0.354658 21.457645 20.675268
 160.400000 0.358179 21.582233 20.675268
 160.600000 0.350705 21.353556 20.675268
 160.800000 0.354702 21.459160 20.675268
 161.000000 0.359811 21.631913 20.675268
 161.200000 0.351211 21.928280 20.675268
 161.400000 0.331511 22.888192 20.675268
 161.600000 0.327478 23.252676 20.675268
 161.800000 0.346800 21.821541 20.675268
 162.000000 0.339850 22.066386 20.675268
 162.200000 0.344363 22.469579 20.675268
 162.400000 0.328532 23.661655 20.675268
 162.600000 0.336346 23.016692 20.675268
 162.800000 0.353948 22.472754 20.675268
 163.000000 0.348548 22.397670 20.675268
 163.200000 0.339259 23.298900 20.675268
 163.400000 0.332822 23.709941 20.675268
 163.600000 0.330112 23.859441 20.675268
 163.800000 0.349623 23.045021 20.675268
 164.000000 0.375149 21.816839 20.675268
 164.200000 0.359104 23.441705 20.675268
 164.400000 0.352649 23.280674 20.675268
 164.600000 0.372758 22.775393 20.675268
 164.800000 0.392510 19.268485 20.675268
 165.000000 0.384262 20.967374 21.279250
 165.200000 0.385213 21.467785 21.279250
 165.400000 0.378916 22.564958 21.279250
 165.600000 0.383947 21.715366 21.279250
 165.800000 0.363850 23.678603 21.279250
 166.000000 0.365168 23.667393 21.279250
 166.200000 0.385869 21.569116 21.279250
 166.400000 0.390388 20.494726 21.279250
 166.600000 0.399974 18.250601 21.279250
 166.800000 0.404609 17.399904 21.279250
 167.000000 0.388241 21.015471 21.279250
 167.200000 0.379059 23.509411 21.279250
 167.400000 0.351764 23.762287 21.279250
 167.600000 0.376919 23.803517 21.279250
 167.800000 0.400257 18.689839 21.279250
 168.000000 0.398638 19.074376 21.279250
 168.200000 0.400417 19.395992 21.279250
 168.400000 0.369052 24.538855 21.279250
 168.600000 0.360130 24.356495 21.279250
 168.800000 0.328472 23.961402 21.279250
 169.000000 0.334998 23.667805 21.279250
 169.200000 0.360088 24.503757 21.279250
 169.400000 0.364599 24.622283 21.279250
 169.600000 0.332667 24.390396 21.279250
 169.800000 0.340612 24.011932 21.279250
 170.000000 0.336282 24.210999 21.960514
 170.200000 0.356889 24.586159 21.960514
 170.400000 0.366045 24.710804 21.960514
 170.600000 0.343280 24.476324 21.960514
 170.800000 0.333833 24.923624 21.960514
 171.000000 0.321881 24.737398 21.960514
 171.200000 0.322746 25.386128 21.960514
 171.400000 0.352761 24.533293 21.960514
 171.600000 0.390792 21.724475 21.960514
 171.800000 0.390947 21.688609 21.960514
 172.000000 0.378548 23.906641 21.960514
 172.200000 0.364939 25.128040 21.960514
 172.400000 0.351489 24.635264 21.960514
 172.600000 0.351997 24.647991 21.960514
 172.800000 0.352220 24.654063 21.960514
 173.000000 0.364681 25.123213 21.960514
 173.200000 0.367307 25.711474 21.960514
 173.400000 0.365327 25.705367 21.960514
 173.600000 0.346554 24.891175 21.960514
 173.800000 0.352327 25.063905 21.960514
 174.000000 0.351541 25.025533 21.960514
 174.200000 0.338510 25.535309 21.960514
 174.400000 0.353625 25.702945 21.960514
 174.600000 0.357649 25.909642 21.960514
 174.800000 0.365748 26.076220 21.960514
 175.000000 0.371218 25.839790 22.895511
 175.200000 0.354284 26.029760 22.895511
 175.400000 0.340742 25.535057 22.895511
 175.600000 0.367066 26.581186 22.895511
 175.800000 0.377007 25.737072 22.895511
 176.000000 0.380397 25.144648 22.895511
 176.200000 0.367050 26.965403 22.895511
 176.400000 0.381940 25.396110 22.895511
 176.600000 0.381802 25.426107 22.895511
 176.800000 0.399073 20.356080 22.895511
 177.000000 0.420557 16.302769 22.895511
 177.200000 0.413450 17.879989 22.895511
 177.400000 0.404705 19.276513 22.895511
 177.600000 0.392691 22.530982 22.895511
 177.800000 0.387870 23.947262 22.895511
 178.000000 0.397991 20.961242 22.895511
 178.200000 0.400197 21.035152 22.895511
 178.400000 0.409947 18.839487 22.895511
 178.600000 0.396683 22.023597 22.895511
 178.800000 0.407428 19.311578 22.895511
 179.000000 0.425995 16.639936 22.895511
 179.200000 0.443801 12.589302 22.895511
 179.400000 0.451372 9.815710 22.895511
 179.600000 0.461852 7.166395 22.895511
 179.800000 0.451698 9.706096 22.895511
 180.000000 0.438457 14.488940 23.165044
