#! FIELDS time d metad.bias metad.rct
 0.000000 0.216687 0.000000 0.000000
 0.200000 0.238262 0.000000 0.000000
 0.400000 0.225935 0.000000 0.000000
 0.600000 0.213311 0.000000 0.000000
 0.800000 0.199833 0.000000 0.000000
 1.000000 0.204812 0.000000 0.000000
 1.200000 0.195853 1.463577 0.000000
 1.400000 0.182250 0.562331 0.000000
 1.600000 0.176156 0.279360 0.000000
 1.800000 0.184032 0.668286 0.000000
 2.000000 0.191866 1.204798 0.000000
 2.200000 0.197435 3.098166 0.000000
 2.400000 0.213980 2.008574 0.000000
 2.600000 0.230754 0.444102 0.000000
 2.800000 0.232388 0.360213 0.000000
 3.000000 0.249016 0.019423 0.000000
 3.200000 0.243109 1.683342 0.000000
 3.400000 0.240185 1.581168 0.000000
 3.600000 0.254146 1.653422 0.000000
 3.800000 0.265628 0.945372 0.000000
 4.000000 0.254231 1.650057 0.000000
 4.200000 0.251506 3.334224 0.000000
 4.400000 0.211598 2.375962 0.000000
 4.600000 0.174933 1.113226 0.000000
 4.800000 0.163365 0.305213 0.000000
 5.000000 0.201522 3.064559 1.128047
 5.200000 0.195005 4.424122 1.128047
 5.400000 0.187208 3.424747 1.128047
 5.600000 0.188136 3.573908 1.128047
 5.800000 0.204223 4.451151 1.128047
 6.000000 0.231627 2.010505 1.128047
 6.200000 0.224558 3.471589 1.128047
 6.400000 0.202930 4.786868 1.128047
 6.600000 0.197217 4.673574 1.128047
 6.800000 0.204674 4.732698 1.128047
 7.000000 0.220660 3.579098 1.128047
 7.200000 0.213635 5.407427 1.128047
 7.400000 0.219539 5.123265 1.128047
 7.600000 0.210337 5.532802 1.128047
 7.800000 0.183766 2.917602 1.128047
 8.000000 0.181989 2.589208 1.128047
 8.200000 0.182530 4.246635 1.128047
 8.400000 0.187926 5.137553 1.128047
 8.600000 0.170926 2.135850 1.128047
 8.800000 0.182237 4.193593 1.128047
 9.000000 0.183183 4.363333 1.128047
 9.200000 0.185751 6.221282 1.128047
 9.400000 0.181864 5.561057 1.128047
 9.600000 0.183805 5.912462 1.128047
 9.800000 0.193917 6.946458 1.128047
 10.000000 0.203712 6.661461 3.225234
 10.200000 0.195830 8.110470 3.225234
 10.400000 0.191129 7.721787 3.225234
 10.600000 0.188315 7.319394 3.225234
 10.800000 0.206601 7.698180 3.225234
 11.000000 0.228642 5.147298 3.225234
 11.200000 0.216994 7.364504 3.225234
 11.400000 0.225147 6.763292 3.225234
 11.600000 0.236609 6.033169 3.225234
 11.800000 0.221806 6.994461 3.225234
 12.000000 0.208925 8.014566 3.225234
 12.200000 0.196905 9.181265 3.225234
 12.400000 0.191157 8.389929 3.225234
 12.600000 0.198216 9.291350 3.225234
 12.800000 0.192225 8.573606 3.225234
 13.000000 0.180380 5.856924 3.225234
 13.200000 0.180347 7.196206 3.225234
 13.400000 0.177134 6.284972 3.225234
 13.600000 0.168162 3.646195 3.225234
 13.800000 0.181541 7.514218 3.225234
 14.000000 0.181185 7.420928 3.225234
 14.200000 0.178116 7.801798 3.225234
 14.400000 0.179370 8.174845 3.225234
 14.600000 0.169662 5.004693 3.225234
 14.800000 0.173007 6.137526 3.225234
 15.000000 0.168902 4.751247 5.674254
 15.200000 0.180451 9.532586 5.674254
 15.400000 0.202741 10.461873 5.674254
 15.600000 0.205053 10.211752 5.674254
 15.800000 0.213485 9.074650 5.674254
 16.000000 0.200497 10.664231 5.674254
 16.200000 0.211636 10.166837 5.674254
 16.400000 0.212673 9.974395 5.674254
 16.600000 0.232742 6.736118 5.674254
 16.800000 0.231342 6.903274 5.674254
 17.000000 0.224779 7.809683 5.674254
 17.200000 0.218174 10.061317 5.674254
 17.400000 0.237395 7.097840 5.674254
 17.600000 0.222568 9.387407 5.674254
 17.800000 0.202693 11.959699 5.674254
 18.000000 0.194484 12.113063 5.674254
 18.200000 0.206583 12.356230 5.674254
 18.400000 0.216269 10.701427 5.674254
 18.600000 0.226856 8.820589 5.674254
 18.800000 0.213563 11.194421 5.674254
 19.000000 0.210728 11.695339 5.674254
 19.200000 0.229111 8.931051 5.674254
 19.400000 0.236819 7.429763 5.674254
 19.600000 0.235602 7.653263 5.674254
 19.800000 0.232258 8.294770 5.674254
 20.000000 0.242674 6.404426 8.403696
 20.200000 0.232860 9.238069 8.403696
 20.400000 0.214532 12.249429 8.403696
 20.600000 0.207181 13.356854 8.403696
 20.800000 0.198681 13.892730 8.403696
 21.000000 0.198955 13.893197 8.403696
 21.200000 0.192704 14.405281 8.403696
 21.400000 0.165466 5.349249 8.403696
 21.600000 0.162849 4.423951 8.403696
 21.800000 0.177614 10.159878 8.403696
 22.000000 0.173884 8.676052 8.403696
 22.200000 0.170314 8.384684 8.403696
 22.400000 0.165284 6.290976 8.403696
 22.600000 0.190422 14.677491 8.403696
 22.800000 0.188068 14.289667 8.403696
 23.000000 0.194474 15.078192 8.403696
 23.200000 0.196051 16.030944 8.403696
 23.400000 0.199963 15.920474 8.403696
 23.600000 0.183354 13.862651 8.403696
 23.800000 0.182694 13.652369 8.403696
 24.000000 0.179159 12.395189 8.403696
 24.200000 0.185229 15.341971 8.403696
 24.400000 0.208652 14.726898 8.403696
 24.600000 0.235015 8.989712 8.403696
 24.800000 0.219967 11.896538 8.403696
 25.000000 0.217999 12.373986 11.250080
 25.200000 0.224937 11.700525 11.250080
 25.400000 0.208817 15.523513 11.250080
 25.600000 0.239585 8.611400 11.250080
 25.800000 0.267634 2.385484 11.250080
 26.000000 0.268503 2.215894 11.250080
 26.200000 0.243893 8.156737 11.250080
 26.400000 0.241322 8.570567 11.250080
 26.600000 0.221486 12.532960 11.250080
 26.800000 0.222384 12.317642 11.250080
 27.000000 0.221220 12.597017 11.250080
 27.200000 0.233509 10.639487 11.250080
 27.400000 0.243370 8.574689 11.250080
 27.600000 0.261145 5.243735 11.250080
 27.800000 0.273534 2.867756 11.250080
 28.000000 0.247095 7.871897 11.250080
 28.200000 0.246142 9.278956 11.250080
 28.400000 0.237490 10.767450 11.250080
 28.600000 0.244122 9.638515 11.250080
 28.800000 0.257108 7.004287 11.250080
 29.000000 0.251945 8.149917 11.250080
 29.200000 0.271336 4.127038 11.250080
 29.400000 0.291798 0.616048 11.250080
 29.600000 0.281454 1.876298 11.250080
 29.800000 0.262141 6.759463 11.250080
 30.000000 0.270499 4.353567 11.804668
 30.200000 0.287808 1.726568 11.804668
 30.400000 0.302705 0.263549 11.804668
 30.600000 0.289999 1.385012 11.804668
 30.800000 0.292046 1.109010 11.804668
 31.000000 0.292663 1.033865 11.804668
 31.200000 0.290521 2.964956 11.804668
 31.400000 0.303647 1.504075 11.804668
 31.600000 0.303144 1.554378 11.804668
 31.800000 0.273548 5.705706 11.804668
 32.000000 0.290177 3.007827 11.804668
 32.200000 0.280344 5.661230 11.804668
 32.400000 0.287888 4.814630 11.804668
 32.600000 0.268213 7.380621 11.804668
 32.800000 0.264130 8.104734 11.804668
 33.000000 0.251580 10.181164 11.804668
 33.200000 0.253753 10.975522 11.804668
 33.400000 0.251061 11.361092 11.804668
 33.600000 0.271205 7.358281 11.804668
 33.800000 0.302698 2.679968 11.804668
 34.000000 0.307831 1.875708 11.804668
 34.200000 0.301813 4.308703 11.804668
 34.400000 0.287097 5.588757 11.804668
 34.600000 0.292835 5.189928 11.804668
 34.800000 0.299014 4.631439 11.804668
 35.000000 0.331305 0.561112 11.859277
 35.200000 0.362184 0.202189 11.859277
 35.400000 0.360126 0.267278 11.859277
 35.600000 0.328802 2.428410 11.859277
 35.800000 0.298564 4.833793 11.859277
 36.000000 0.286022 5.677539 11.859277
 36.200000 0.267222 8.853288 11.859277
 36.400000 0.263458 9.492375 11.859277
 36.600000 0.259245 10.238340 11.859277
 36.800000 0.274264 7.910548 11.859277
 37.000000 0.277149 7.640086 11.859277
 37.200000 0.280552 8.600332 11.859277
 37.400000 0.277605 8.847024 11.859277
 37.600000 0.276654 8.926955 11.859277
 37.800000 0.276112 8.972768 11.859277
 38.000000 0.289155 7.712563 11.859277
 38.200000 0.304509 5.904629 11.859277
 38.400000 0.349844 0.822289 11.859277
 38.600000 0.333222 2.157982 11.859277
 38.800000 0.322468 2.993746 11.859277
 39.000000 0.307481 5.251111 11.859277
 39.200000 0.306290 6.888569 11.859277
 39.400000 0.303627 7.445212 11.859277
 39.600000 0.327325 3.171370 11.859277
 39.800000 0.357411 0.379295 11.859277
 40.000000 0.344909 1.262772 11.911876
 40.200000 0.348463 2.562633 11.911876
 40.400000 0.356046 1.701176 11.911876
 40.600000 0.353150 2.035489 11.911876
 40.800000 0.319316 4.711777 11.911876
 41.000000 0.316731 5.057877 11.911876
 41.200000 0.328492 4.960038 11.911876
 41.400000 0.312088 7.152619 11.911876
 41.600000 0.326945 5.132949 11.911876
 41.800000 0.327964 5.018451 11.911876
 42.000000 0.340547 3.667461 11.911876
 42.200000 0.370399 0.644602 11.911876
 42.400000 0.362213 1.583473 11.911876
 42.600000 0.350359 3.664976 11.911876
 42.800000 0.361529 1.685676 11.911876
 43.000000 0.363054 1.462447 11.911876
 43.200000 0.327483 6.184010 11.911876
 43.400000 0.318371 6.732576 11.911876
 43.600000 0.324155 6.330803 11.911876
 43.800000 0.330878 6.070675 11.911876
 44.000000 0.336462 5.885216 11.911876
 44.200000 0.307692 8.173292 11.911876
 44.400000 0.306688 8.280627 11.911876
 44.600000 0.302069 8.797975 11.911876
 44.800000 0.334083 7.301000 11.911876
 45.000000 0.341144 6.928899 11.910463
 45.200000 0.305247 8.510513 11.910463
 45.400000 0.318346 7.785901 11.910463
 45.600000 0.299574 9.097553 11.910463
 45.800000 0.323445 7.931554 11.910463
 46.000000 0.302975 8.743993 11.910463
 46.200000 0.308721 9.290482 11.910463
 46.400000 0.337240 8.524897 11.910463
 46.600000 0.331938 8.571155 11.910463
 46.800000 0.317938 8.504392 11.910463
 47.000000 0.327669 8.472287 11.910463
 47.200000 0.321999 9.514689 11.910463
 47.400000 0.305650 10.044301 11.910463
 47.600000 0.322271 9.520756 11.910463
 47.800000 0.328508 9.691876 11.910463
 48.000000 0.314863 9.526722 11.910463
 48.200000 0.314299 10.688014 11.910463
 48.400000 0.327440 10.471130 11.910463
 48.600000 0.333776 10.207407 11.910463
 48.800000 0.336021 10.012555 11.910463
 49.000000 0.361254 4.322133 11.910463
 49.200000 0.363581 5.202712 11.910463
 49.400000 0.375497 2.538084 11.910463
 49.600000 0.347725 8.845109 11.910463
 49.800000 0.373566 2.925508 11.910463
 50.000000 0.390528 0.535553 12.008611
 50.200000 0.381040 2.975246 12.008611
 50.400000 0.353547 7.684650 12.008611
 50.600000 0.311310 10.789513 12.008611
 50.800000 0.302494 11.085059 12.008611
 51.000000 0.322259 10.580509 12.008611
 51.200000 0.349880 8.651475 12.008611
 51.400000 0.341863 10.268403 12.008611
 51.600000 0.353500 7.817833 12.008611
 51.800000 0.362521 5.782723 12.008611
 52.000000 0.351155 8.361096 12.008611
 52.200000 0.351359 9.519847 12.008611
 52.400000 0.334838 11.861490 12.008611
 52.600000 0.338591 11.615765 12.008611
 52.800000 0.319289 11.794117 12.008611
 53.000000 0.293420 11.273555 12.008611
 53.200000 0.288487 12.007781 12.008611
 53.400000 0.293986 12.357266 12.008611
 53.600000 0.289206 12.066737 12.008611
 53.800000 0.300474 12.454899 12.008611
 54.000000 0.306858 12.315363 12.008611
 54.200000 0.323875 12.558222 12.008611
 54.400000 0.343238 11.128880 12.008611
 54.600000 0.331478 12.257303 12.008611
 54.800000 0.313984 13.012014 12.008611
 55.000000 0.291936 12.870839 12.425955
 55.200000 0.273016 11.178450 12.425955
 55.400000 0.294361 14.059672 12.425955
 55.600000 0.329465 12.389210 12.425955
 55.800000 0.315119 13.251228 12.425955
 56.000000 0.333691 12.153660 12.425955
 56.200000 0.327735 13.412702 12.425955
 56.400000 0.317714 13.623787 12.425955
 56.600000 0.337610 12.821027 12.425955
 56.800000 0.349602 10.508367 12.425955
 57.000000 0.359148 7.802292 12.425955
 57.200000 0.380718 3.619382 12.425955
 57.400000 0.355324 10.111428 12.425955
 57.600000 0.366293 6.948386 12.425955
 57.800000 0.385336 2.976258 12.425955
 58.000000 0.382639 3.330214 12.425955
 58.200000 0.364450 8.205885 12.425955
 58.400000 0.370859 6.801335 12.425955
 58.600000 0.386563 4.289997 12.425955
 58.800000 0.376681 5.741226 12.425955
 59.000000 0.379137 5.352509 12.425955
 59.200000 0.363258 9.273735 12.425955
 59.400000 0.352416 11.338999 12.425955
 59.600000 0.329782 13.541411 12.425955
 59.800000 0.338406 13.248156 12.425955
 60.000000 0.379145 6.730033 12.579426
