#! FIELDS time d metad.bias metad.rct
 0.000000 0.216687 0.000000 0.000000
 0.200000 0.247883 0.000000 0.000000
 0.400000 0.227768 0.000000 0.000000
 0.600000 0.207559 0.000000 0.000000
 0.800000 0.191596 0.000000 0.000000
 1.000000 0.195951 0.000000 0.000000
 1.200000 0.213831 0.858315 0.000000
 1.400000 0.229334 0.143983 0.000000
 1.600000 0.234522 0.060898 0.000000
 1.800000 0.239666 0.021712 0.000000
 2.000000 0.239707 0.021514 0.000000
 2.200000 0.224909 1.342071 0.000000
 2.400000 0.215702 1.216945 0.000000
 2.600000 0.214053 1.245599 0.000000
 2.800000 0.211814 1.306544 0.000000
 3.000000 0.235961 1.741165 0.000000
 3.200000 0.230048 3.047456 0.000000
 3.400000 0.201099 1.815990 0.000000
 3.600000 0.187228 1.482828 0.000000
 3.800000 0.213722 1.790576 0.000000
 4.000000 0.221678 2.274761 0.000000
 4.200000 0.211610 3.006241 0.000000
 4.400000 0.190324 1.823204 0.000000
 4.600000 0.188465 1.687544 0.000000
 4.800000 0.182677 1.232749 0.000000
 5.000000 0.170209 0.400060 1.111997
 5.200000 0.171411 2.172794 1.111997
 5.400000 0.165670 1.867146 1.111997
 5.600000 0.161385 1.565284 1.111997
 5.800000 0.180621 2.421373 1.111997
 6.000000 0.190221 2.519922 1.111997
 6.200000 0.208672 3.608422 1.111997
 6.400000 0.216261 3.730289 1.111997
 6.600000 0.218474 3.838620 1.111997
 6.800000 0.215461 3.698008 1.111997
 7.000000 0.219278 3.883549 1.111997
 7.200000 0.250488 2.775482 1.111997
 7.400000 0.261604 1.040837 1.111997
 7.600000 0.259780 1.264389 1.111997
 7.800000 0.253142 2.293395 1.111997
 8.000000 0.245234 3.760921 1.111997
 8.200000 0.246393 5.021512 1.111997
 8.400000 0.248927 4.503879 1.111997
 8.600000 0.254401 3.303072 1.111997
 8.800000 0.247741 4.751738 1.111997
 9.000000 0.259853 2.174295 1.111997
 9.200000 0.249546 5.625439 1.111997
 9.400000 0.239437 6.730091 1.111997
 9.600000 0.238545 6.771379 1.111997
 9.800000 0.243934 6.373692 1.111997
 10.000000 0.223926 6.195559 3.110757
 10.200000 0.194488 4.623130 3.110757
 10.400000 0.209521 5.715228 3.110757
 10.600000 0.220869 7.187564 3.110757
 10.800000 0.236328 7.773611 3.110757
 11.000000 0.238892 7.562742 3.110757
 11.200000 0.213600 6.524877 3.110757
 11.400000 0.208927 5.815815 3.110757
 11.600000 0.218200 7.327618 3.110757
 11.800000 0.210511 6.038298 3.110757
 12.000000 0.213637 6.531057 3.110757
 12.200000 0.196896 5.462993 3.110757
 12.400000 0.179938 3.809211 3.110757
 12.600000 0.172314 3.010997 3.110757
 12.800000 0.161450 1.816714 3.110757
 13.000000 0.166991 2.426260 3.110757
 13.200000 0.191944 5.355763 3.110757
 13.400000 0.184127 5.037109 3.110757
 13.600000 0.189904 5.257213 3.110757
 13.800000 0.209103 7.116726 3.110757
 14.000000 0.211747 7.538637 3.110757
 14.200000 0.214580 9.232266 3.110757
 14.400000 0.209275 8.377363 3.110757
 14.600000 0.206895 7.973050 3.110757
 14.800000 0.184960 5.317564 3.110757
 15.000000 0.177267 4.864927 5.192122
 15.200000 0.173079 5.937849 5.192122
 15.400000 0.165705 4.904039 5.192122
 15.600000 0.178691 6.351599 5.192122
 15.800000 0.177196 6.269677 5.192122
 16.000000 0.192630 6.779523 5.192122
 16.200000 0.214059 9.685853 5.192122
 16.400000 0.200167 8.470388 5.192122
 16.600000 0.203297 8.691039 5.192122
 16.800000 0.203800 8.730320 5.192122
 17.000000 0.201058 8.529102 5.192122
 17.200000 0.183668 8.214602 5.192122
 17.400000 0.187207 8.595431 5.192122
 17.600000 0.201577 9.760895 5.192122
 17.800000 0.221561 10.739779 5.192122
 18.000000 0.226844 10.674851 5.192122
 18.200000 0.248272 7.748930 5.192122
 18.400000 0.255896 5.504357 5.192122
 18.600000 0.245622 8.511081 5.192122
 18.800000 0.239327 10.116595 5.192122
 19.000000 0.262955 3.631506 5.192122
 19.200000 0.271980 3.068637 5.192122
 19.400000 0.248859 8.532478 5.192122
 19.600000 0.250538 8.135356 5.192122
 19.800000 0.255370 6.964966 5.192122
 20.000000 0.252493 7.664990 7.232871
 20.200000 0.250573 9.360576 7.232871
 20.400000 0.263767 5.862925 7.232871
 20.600000 0.262466 6.234410 7.232871
 20.800000 0.284501 1.141321 7.232871
 21.000000 0.264399 5.682612 7.232871
 21.200000 0.249867 10.368522 7.232871
 21.400000 0.234388 12.070518 7.232871
 21.600000 0.216304 11.535027 7.232871
 21.800000 0.207823 10.657830 7.232871
 22.000000 0.201077 9.975396 7.232871
 22.200000 0.195589 10.504764 7.232871
 22.400000 0.195379 10.479454 7.232871
 22.600000 0.218635 12.306953 7.232871
 22.800000 0.211877 11.952485 7.232871
 23.000000 0.186773 9.291320 7.232871
 23.200000 0.165518 5.679694 7.232871
 23.400000 0.170793 7.077706 7.232871
 23.600000 0.162084 4.752484 7.232871
 23.800000 0.178406 8.893345 7.232871
 24.000000 0.165009 5.542210 7.232871
 24.200000 0.162782 6.292415 7.232871
 24.400000 0.167412 7.538824 7.232871
 24.600000 0.168378 7.779419 7.232871
 24.800000 0.173749 8.972427 7.232871
 25.000000 0.194361 11.571256 8.755107
 25.200000 0.189905 12.231080 8.755107
 25.400000 0.197208 12.761310 8.755107
 25.600000 0.205104 12.849540 8.755107
 25.800000 0.209133 12.804696 8.755107
 26.000000 0.197713 12.779309 8.755107
 26.200000 0.174643 9.888453 8.755107
 26.400000 0.164673 7.049673 8.755107
 26.600000 0.164592 7.024911 8.755107
 26.800000 0.159454 5.437842 8.755107
 27.000000 0.149564 2.653943 8.755107
 27.200000 0.159086 6.595057 8.755107
 27.400000 0.146848 3.580799 8.755107
 27.600000 0.150905 4.532522 8.755107
 27.800000 0.142827 2.734108 8.755107
 28.000000 0.152506 4.927369 8.755107
 28.200000 0.156340 7.256134 8.755107
 28.400000 0.137509 2.653169 8.755107
 28.600000 0.151340 6.039954 8.755107
 28.800000 0.153650 6.615173 8.755107
 29.000000 0.133306 1.844993 8.755107
 29.200000 0.134345 3.637774 8.755107
 29.400000 0.144845 5.576521 8.755107
 29.600000 0.139074 4.489679 8.755107
 29.800000 0.148569 6.290588 8.755107
 30.000000 0.131378 3.128802 9.413630
 30.200000 0.135201 5.262312 9.413630
 30.400000 0.141570 6.162789 9.413630
 30.600000 0.141232 6.117682 9.413630
 30.800000 0.135296 5.276711 9.413630
 31.000000 0.142216 6.248452 9.413630
 31.200000 0.135776 6.556992 9.413630
 31.400000 0.157516 9.078266 9.413630
 31.600000 0.159772 9.273284 9.413630
 31.800000 0.167611 10.037323 9.413630
 32.000000 0.167507 10.025912 9.413630
 32.200000 0.164442 10.804142 9.413630
 32.400000 0.143453 8.039183 9.413630
 32.600000 0.130503 5.530211 9.413630
 32.800000 0.129834 5.374909 9.413630
 33.000000 0.116607 2.331370 9.413630
 33.200000 0.125350 5.634220 9.413630
 33.400000 0.122720 5.127082 9.413630
 33.600000 0.131789 6.767167 9.413630
 33.800000 0.140400 7.983912 9.413630
 34.000000 0.133581 7.047465 9.413630
 34.200000 0.131152 7.925339 9.413630
 34.400000 0.146628 9.602639 9.413630
 34.600000 0.156648 10.297526 9.413630
 34.800000 0.166527 11.153277 9.413630
 35.000000 0.149651 9.798988 9.912946
 35.200000 0.155014 11.233233 9.912946
 35.400000 0.133524 8.950878 9.912946
 35.600000 0.127152 7.501079 9.912946
 35.800000 0.144057 10.482525 9.912946
 36.000000 0.121262 5.937786 9.912946
 36.200000 0.110484 4.205506 9.912946
 36.400000 0.145801 10.992774 9.912946
 36.600000 0.144108 10.906858 9.912946
 36.800000 0.112939 4.896456 9.912946
 37.000000 0.117521 6.224764 9.912946
 37.200000 0.137538 10.950978 9.912946
 37.400000 0.159029 11.499736 9.912946
 37.600000 0.165903 11.741886 9.912946
 37.800000 0.164201 11.674330 9.912946
 38.000000 0.159698 11.519743 9.912946
 38.200000 0.157437 12.490595 9.912946
 38.400000 0.161460 12.616513 9.912946
 38.600000 0.135176 11.073225 9.912946
 38.800000 0.141921 11.644308 9.912946
 39.000000 0.150274 12.154348 9.912946
 39.200000 0.148315 13.054095 9.912946
 39.400000 0.144820 12.788528 9.912946
 39.600000 0.155215 13.364532 9.912946
 39.800000 0.148551 13.069551 9.912946
 40.000000 0.141591 12.482171 10.790846
 40.200000 0.154866 14.033962 10.790846
 40.400000 0.161767 13.787990 10.790846
 40.600000 0.159054 13.913427 10.790846
 40.800000 0.153657 14.046799 10.790846
 41.000000 0.149298 13.995730 10.790846
 41.200000 0.164630 14.189484 10.790846
 41.400000 0.181247 13.409134 10.790846
 41.600000 0.186057 13.592954 10.790846
 41.800000 0.162653 14.372484 10.790846
 42.000000 0.166781 13.989295 10.790846
 42.200000 0.180385 14.013179 10.790846
 42.400000 0.166244 14.976475 10.790846
 42.600000 0.175597 14.205540 10.790846
 42.800000 0.192408 14.108067 10.790846
 43.000000 0.169340 14.692568 10.790846
 43.200000 0.154708 16.158034 10.790846
 43.400000 0.147355 15.564702 10.790846
 43.600000 0.165569 15.917976 10.790846
 43.800000 0.168989 15.633820 10.790846
 44.000000 0.145849 15.370511 10.790846
 44.200000 0.144722 16.089606 10.790846
 44.400000 0.153621 16.880851 10.790846
 44.600000 0.173785 15.348942 10.790846
 44.800000 0.198580 14.213739 10.790846
 45.000000 0.204740 13.889822 12.608726
 45.200000 0.189408 15.002380 12.608726
 45.400000 0.171628 15.672502 12.608726
 45.600000 0.165367 16.338547 12.608726
 45.800000 0.179648 15.048045 12.608726
 46.000000 0.192600 15.066241 12.608726
 46.200000 0.169283 16.188432 12.608726
 46.400000 0.162760 16.699691 12.608726
 46.600000 0.163936 16.618140 12.608726
 46.800000 0.163287 16.664167 12.608726
 47.000000 0.163716 16.634001 12.608726
 47.200000 0.145982 16.690283 12.608726
 47.400000 0.138687 15.135516 12.608726
 47.600000 0.141707 15.852684 12.608726
 47.800000 0.149139 17.156828 12.608726
 48.000000 0.164508 17.408675 12.608726
 48.200000 0.152125 18.041374 12.608726
 48.400000 0.157988 18.429867 12.608726
 48.600000 0.170461 17.593531 12.608726
 48.800000 0.141119 15.958368 12.608726
 49.000000 0.129234 12.410381 12.608726
 49.200000 0.100284 2.699128 12.608726
 49.400000 0.109732 5.794237 12.608726
 49.600000 0.133806 14.850580 12.608726
 49.800000 0.119771 9.858574 12.608726
 50.000000 0.115575 8.134150 14.100812
 50.200000 0.122481 12.037704 14.100812
 50.400000 0.147993 18.017249 14.100812
 50.600000 0.139316 16.637252 14.100812
 50.800000 0.122564 12.067452 14.100812
 51.000000 0.125688 13.134729 14.100812
 51.200000 0.121497 12.617426 14.100812
 51.400000 0.131604 15.775833 14.100812
 51.600000 0.153958 18.688663 14.100812
 51.800000 0.161572 18.548531 14.100812
 52.000000 0.159071 18.672661 14.100812
 52.200000 0.151225 19.236545 14.100812
 52.400000 0.152054 19.298662 14.100812
 52.600000 0.146191 18.695405 14.100812
 52.800000 0.159110 19.433023 14.100812
 53.000000 0.156734 19.472251 14.100812
 53.200000 0.178793 17.259379 14.100812
 53.400000 0.167942 19.131617 14.100812
 53.600000 0.182320 16.851428 14.100812
 53.800000 0.178278 17.331196 14.100812
 54.000000 0.160980 20.046233 14.100812
 54.200000 0.170499 19.256406 14.100812
 54.400000 0.183964 16.932866 14.100812
 54.600000 0.199356 16.029613 14.100812
 54.800000 0.201455 15.857561 14.100812
 55.000000 0.174382 18.439443 16.192305
 55.200000 0.158849 21.328403 16.192305
 55.400000 0.143310 19.218326 16.192305
 55.600000 0.137331 17.777369 16.192305
 55.800000 0.125890 14.375003 16.192305
 56.000000 0.134645 17.070311 16.192305
 56.200000 0.123806 14.244994 16.192305
 56.400000 0.111815 8.690953 16.192305
 56.600000 0.101111 4.003817 16.192305
 56.800000 0.108296 7.010641 16.192305
 57.000000 0.106740 6.299426 16.192305
 57.200000 0.113446 10.682150 16.192305
 57.400000 0.144140 20.129397 16.192305
 57.600000 0.135347 18.288726 16.192305
 57.800000 0.129903 16.877354 16.192305
 58.000000 0.124091 15.036507 16.192305
 58.200000 0.129166 17.510643 16.192305
 58.400000 0.130687 17.910083 16.192305
 58.600000 0.155754 21.627281 16.192305
 58.800000 0.142327 20.215278 16.192305
 59.000000 0.117942 13.479234 16.192305
 59.200000 0.132157 18.880055 16.192305
 59.400000 0.143587 20.632625 16.192305
 59.600000 0.132841 19.011476 16.192305
 59.800000 0.145877 20.913284 16.192305
 60.000000 0.144164 20.705338 17.265847
 60.200000 0.135881 20.137212 17.265847
 60.400000 0.118810 14.983560 17.265847
 60.600000 0.124730 17.319052 17.265847
 60.800000 0.122278 16.429358 17.265847
 61.000000 0.134657 19.905847 17.265847
 61.200000 0.136420 20.950759 17.265847
 61.400000 0.142514 21.814422 17.265847
 61.600000 0.148461 22.336449 17.265847
 61.800000 0.140900 21.619606 17.265847
 62.000000 0.116780 14.396500 17.265847
 62.200000 0.116336 15.091629 17.265847
 62.400000 0.137099 21.432521 17.265847
 62.600000 0.137132 21.436917 17.265847
 62.800000 0.146057 22.299973 17.265847
 63.000000 0.146677 22.338926 17.265847
 63.200000 0.157329 22.895810 17.265847
 63.400000 0.166690 21.345770 17.265847
 63.600000 0.146867 22.997198 17.265847
 63.800000 0.141472 22.536855 17.265847
 64.000000 0.136681 21.894541 17.265847
 64.200000 0.181082 18.059977 17.265847
 64.400000 0.175393 19.242637 17.265847
 64.600000 0.158541 23.000856 17.265847
 64.800000 0.160188 22.760100 17.265847
 65.000000 0.156353 23.254398 19.136574
 65.200000 0.141150 23.502975 19.136574
 65.400000 0.151414 24.138352 19.136574
 65.600000 0.151582 24.136349 19.136574
 65.800000 0.125835 19.889393 19.136574
 66.000000 0.137490 22.959615 19.136574
 66.200000 0.148003 24.576160 19.136574
 66.400000 0.172367 20.385557 19.136574
 66.600000 0.139681 23.926924 19.136574
 66.800000 0.120695 18.041645 19.136574
 67.000000 0.120388 17.886595 19.136574
 67.200000 0.122842 19.852978 19.136574
 67.400000 0.136381 23.835105 19.136574
 67.600000 0.149774 24.698467 19.136574
 67.800000 0.158807 23.834369 19.136574
 68.000000 0.167879 21.686950 19.136574
 68.200000 0.190975 17.151177 19.136574
 68.400000 0.188971 17.375917 19.136574
 68.600000 0.167182 22.550136 19.136574
 68.800000 0.176104 19.930541 19.136574
 69.000000 0.194628 16.783932 19.136574
 69.200000 0.183290 18.851620 19.136574
 69.400000 0.182906 18.912411 19.136574
 69.600000 0.174827 20.640050 19.136574
 69.800000 0.183662 18.794613 19.136574
 70.000000 0.205216 16.248968 20.187623
 70.200000 0.217930 14.820376 20.187623
 70.400000 0.209075 16.433806 20.187623
 70.600000 0.183581 19.105695 20.187623
 70.800000 0.176103 20.443967 20.187623
 71.000000 0.176612 20.327935 20.187623
 71.200000 0.189277 19.094042 20.187623
 71.400000 0.195614 18.521544 20.187623
 71.600000 0.175791 21.223203 20.187623
 71.800000 0.161302 24.460607 20.187623
 72.000000 0.189807 19.045914 20.187623
 72.200000 0.194966 19.290880 20.187623
 72.400000 0.205755 17.541632 20.187623
 72.600000 0.201996 18.271911 20.187623
 72.800000 0.193146 19.483201 20.187623
 73.000000 0.179141 21.080420 20.187623
 73.200000 0.181147 21.437900 20.187623
 73.400000 0.177702 22.017549 20.187623
 73.600000 0.180414 21.553688 20.187623
 73.800000 0.198805 19.083898 20.187623
 74.000000 0.199883 18.891626 20.187623
 74.200000 0.190126 20.899642 20.187623
 74.400000 0.185576 21.300713 20.187623
 74.600000 0.174244 22.849914 20.187623
 74.800000 0.120761 18.866970 20.187623
 75.000000 0.093818 3.654201 20.836843
 75.200000 0.113014 15.069842 20.836843
 75.400000 0.108932 12.696869 20.836843
 75.600000 0.089746 3.772943 20.836843
 75.800000 0.107223 11.705006 20.836843
 76.000000 0.113271 15.217218 20.836843
 76.200000 0.134752 23.984282 20.836843
 76.400000 0.155801 25.334245 20.836843
 76.600000 0.159742 25.098255 20.836843
 76.800000 0.168678 23.862057 20.836843
 77.000000 0.176537 22.456084 20.836843
 77.200000 0.175719 23.235796 20.836843
 77.400000 0.171343 23.983802 20.836843
 77.600000 0.182280 22.243005 20.836843
 77.800000 0.189374 21.411624 20.836843
 78.000000 0.211484 16.964860 20.836843
 78.200000 0.219422 15.749203 20.836843
 78.400000 0.225878 14.341122 20.836843
 78.600000 0.220269 15.548618 20.836843
 78.800000 0.222356 15.075068 20.836843
 79.000000 0.233788 12.953011 20.836843
 79.200000 0.215943 17.100146 20.836843
 79.400000 0.212001 17.991088 20.836843
 79.600000 0.219468 16.360575 20.836843
 79.800000 0.210859 18.255730 20.836843
 80.000000 0.217311 16.804906 21.265518
 80.200000 0.208073 19.582168 21.265518
 80.400000 0.191406 21.711302 21.265518
 80.600000 0.178765 22.848537 21.265518
 80.800000 0.163150 25.166310 21.265518
 81.000000 0.153124 25.571856 21.265518
 81.200000 0.187135 22.035219 21.265518
 81.400000 0.202003 20.650168 21.265518
 81.600000 0.186172 22.113135 21.265518
 81.800000 0.177245 23.218138 21.265518
 82.000000 0.192246 21.672419 21.265518
 82.200000 0.202616 21.081151 21.265518
 82.400000 0.211220 19.232983 21.265518
 82.600000 0.204997 20.625809 21.265518
 82.800000 0.199182 21.630666 21.265518
 83.000000 0.194475 22.161775 21.265518
 83.200000 0.169964 24.923684 21.265518
 83.400000 0.159682 26.059722 21.265518
 83.600000 0.179856 23.695937 21.265518
 83.800000 0.165412 25.536924 21.265518
 84.000000 0.168047 25.193551 21.265518
 84.200000 0.190574 23.265884 21.265518
 84.400000 0.207009 20.678361 21.265518
 84.600000 0.198591 22.409960 21.265518
 84.800000 0.193601 23.019361 21.265518
 85.000000 0.185730 23.591121 22.477707
 85.200000 0.168333 26.035217 22.477707
 85.400000 0.147491 26.116685 22.477707
 85.600000 0.136781 24.677515 22.477707
 85.800000 0.147761 26.143913 22.477707
 86.000000 0.154415 26.632449 22.477707
 86.200000 0.138021 25.177357 22.477707
 86.400000 0.133449 24.247617 22.477707
 86.600000 0.154340 27.163608 22.477707
 86.800000 0.173291 25.666132 22.477707
 87.000000 0.179224 24.877614 22.477707
 87.200000 0.182420 25.109488 22.477707
 87.400000 0.173436 26.181332 22.477707
 87.600000 0.197205 23.356026 22.477707
 87.800000 0.216832 18.217219 22.477707
 88.000000 0.228309 15.528276 22.477707
 88.200000 0.234299 15.130538 22.477707
 88.400000 0.226898 16.696890 22.477707
 88.600000 0.218641 18.453878 22.477707
 88.800000 0.226466 16.786199 22.477707
 89.000000 0.214530 19.422145 22.477707
 89.200000 0.198602 23.627861 22.477707
 89.400000 0.247463 12.044379 22.477707
 89.600000 0.270357 5.345417 22.477707
 89.800000 0.254640 10.102952 22.477707
 90.000000 0.257374 9.328545 23.163017
 90.200000 0.249073 12.607974 23.163017
 90.400000 0.231002 16.487878 23.163017
 90.600000 0.221086 18.642770 23.163017
 90.800000 0.222671 18.288736 23.163017
 91.000000 0.267771 7.063847 23.163017
 91.200000 0.281958 3.311850 23.163017
 91.400000 0.281417 3.475007 23.163017
 91.600000 0.289672 1.472751 23.163017
 91.800000 0.277348 4.818913 23.163017
 92.000000 0.261373 10.427425 23.163017
 92.200000 0.256018 12.837139 23.163017
 92.400000 0.273691 6.935686 23.163017
 92.600000 0.265956 10.025513 23.163017
 92.800000 0.268930 8.891914 23.163017
 93.000000 0.294798 0.841748 23.163017
 93.200000 0.309301 1.111921 23.163017
 93.400000 0.319850 0.416094 23.163017
 93.600000 0.294200 2.600437 23.163017
 93.800000 0.297862 2.181435 23.163017
 94.000000 0.292786 2.782711 23.163017
 94.200000 0.287662 5.059368 23.163017
 94.400000 0.267691 10.082256 23.163017
 94.600000 0.284669 5.563340 23.163017
 94.800000 0.314512 1.259694 23.163017
 95.000000 0.303688 2.792894 23.116525
 95.200000 0.283339 6.429209 23.116525
 95.400000 0.259179 12.357398 23.116525
 95.600000 0.263725 11.268530 23.116525
 95.800000 0.278466 7.288107 23.116525
 96.000000 0.268772 9.853146 23.116525
 96.200000 0.276655 8.678588 23.116525
 96.400000 0.291035 6.022652 23.116525
 96.600000 0.314856 2.397399 23.116525
 96.800000 0.327285 0.711790 23.116525
 97.000000 0.307084 3.827832 23.116525
 97.200000 0.288798 6.991585 23.116525
 97.400000 0.291934 6.805838 23.116525
 97.600000 0.292454 6.779000 23.116525
 97.800000 0.273991 9.560187 23.116525
 98.000000 0.274054 9.543204 23.116525
 98.200000 0.256859 14.238246 23.116525
 98.400000 0.239647 15.511981 23.116525
 98.600000 0.232416 16.514522 23.116525
 98.800000 0.220359 18.841708 23.116525
 99.000000 0.248581 14.798554 23.116525
 99.200000 0.246910 15.797476 23.116525
 99.400000 0.240356 16.213568 23.116525
 99.600000 0.237930 16.419255 23.116525
 99.800000 0.226079 17.948938 23.116525
 100.000000 0.237090 16.498794 23.091084
 100.200000 0.235667 17.478587 23.091084
 100.400000 0.234892 17.557345 23.091084
 100.600000 0.213704 20.686919 23.091084
 100.800000 0.208123 21.866862 23.091084
 101.000000 0.211702 21.103325 23.091084
 101.200000 0.216242 20.836120 23.091084
 101.400000 0.216312 20.821782 23.091084
 101.600000 0.202348 23.594235 23.091084
 101.800000 0.180050 25.488795 23.091084
 102.000000 0.162539 27.336702 23.091084
 102.200000 0.179379 25.827212 23.091084
 102.400000 0.210229 22.098865 23.091084
 102.600000 0.208266 22.506170 23.091084
 102.800000 0.193517 24.676770 23.091084
 103.000000 0.179679 25.792395 23.091084
 103.200000 0.178113 26.532529 23.091084
 103.400000 0.188549 25.496686 23.091084
 103.600000 0.207832 22.688805 23.091084
 103.800000 0.213888 21.366261 23.091084
 104.000000 0.205573 23.162212 23.091084
 104.200000 0.189167 25.786754 23.091084
 104.400000 0.171314 27.441687 23.091084
 104.600000 0.164779 28.051802 23.091084
 104.800000 0.166576 27.923798 23.091084
 105.000000 0.181683 26.300714 24.153830
 105.200000 0.175342 27.458082 24.153830
 105.400000 0.181856 26.828072 24.153830
 105.600000 0.170699 27.926459 24.153830
 105.800000 0.179021 27.086824 24.153830
 106.000000 0.191277 26.095530 24.153830
 106.200000 0.212656 22.453420 24.153830
 106.400000 0.219212 20.789272 24.153830
 106.600000 0.207050 23.919102 24.153830
 106.800000 0.192285 26.552009 24.153830
 107.000000 0.206749 23.994827 24.153830
 107.200000 0.216755 21.872041 24.153830
 107.400000 0.211682 23.280377 24.153830
 107.600000 0.211947 23.206769 24.153830
 107.800000 0.205440 24.915467 24.153830
 108.000000 0.202059 25.653380 24.153830
 108.200000 0.210353 24.125567 24.153830
 108.400000 0.208978 24.519775 24.153830
 108.600000 0.205404 25.468497 24.153830
 108.800000 0.225365 19.893772 24.153830
 109.000000 0.222930 20.496335 24.153830
 109.200000 0.221736 21.508961 24.153830
 109.400000 0.227805 20.004231 24.153830
 109.600000 0.214494 23.491342 24.153830
 109.800000 0.205713 25.754716 24.153830
 110.000000 0.183827 27.623531 24.967952
 110.200000 0.192047 27.914984 24.967952
 110.400000 0.195224 27.689019 24.967952
 110.600000 0.179991 28.222159 24.967952
 110.800000 0.184238 28.127393 24.967952
 111.000000 0.205240 26.042283 24.967952
 111.200000 0.230181 19.611183 24.967952
 111.400000 0.238089 18.014568 24.967952
 111.600000 0.238250 17.987142 24.967952
 111.800000 0.230645 19.503958 24.967952
 112.000000 0.232082 19.183011 24.967952
 112.200000 0.218332 23.324633 24.967952
 112.400000 0.224933 21.599770 24.967952
 112.600000 0.211808 25.115465 24.967952
 112.800000 0.215650 24.061595 24.967952
 113.000000 0.210637 25.428176 24.967952
 113.200000 0.230973 20.396237 24.967952
 113.400000 0.211278 25.821160 24.967952
 113.600000 0.226466 21.545380 24.967952
 113.800000 0.230775 20.444388 24.967952
 114.000000 0.230120 20.605580 24.967952
 114.200000 0.225514 22.466850 24.967952
 114.400000 0.210908 26.227118 24.967952
 114.600000 0.215344 25.112444 24.967952
 114.800000 0.221748 23.437754 24.967952
 115.000000 0.215805 24.992749 25.464057
 115.200000 0.227275 22.447138 25.464057
 115.400000 0.234772 20.435807 25.464057
 115.600000 0.251177 16.876120 25.464057
 115.800000 0.246787 17.703924 25.464057
 116.000000 0.235916 20.143427 25.464057
 116.200000 0.253096 16.886550 25.464057
 116.400000 0.267419 13.125775 25.464057
 116.600000 0.269270 12.531531 25.464057
 116.800000 0.269025 12.610822 25.464057
 117.000000 0.279051 9.539893 25.464057
 117.200000 0.274692 11.885636 25.464057
 117.400000 0.271561 12.796051 25.464057
 117.600000 0.285847 9.159893 25.464057
 117.800000 0.285145 9.294349 25.464057
 118.000000 0.291279 8.265163 25.464057
 118.200000 0.295147 8.882729 25.464057
 118.400000 0.301099 7.759671 25.464057
 118.600000 0.311954 4.939449 25.464057
 118.800000 0.306179 6.534898 25.464057
 119.000000 0.284040 10.594177 25.464057
 119.200000 0.281542 12.125134 25.464057
 119.400000 0.293822 9.975805 25.464057
 119.600000 0.317701 3.456526 25.464057
 119.800000 0.296779 9.366549 25.464057
 120.000000 0.300582 8.463863 25.461907
 120.200000 0.308745 7.155748 25.461907
 120.400000 0.334051 0.689491 25.461907
 120.600000 0.336559 0.475733 25.461907
 120.800000 0.320074 3.359365 25.461907
 121.000000 0.339825 0.280500 25.461907
 121.200000 0.347324 1.589440 25.461907
 121.400000 0.350547 1.368414 25.461907
 121.600000 0.327746 2.799902 25.461907
 121.800000 0.336604 2.161240 25.461907
 122.000000 0.328211 2.749238 25.461907
 122.200000 0.339939 3.143091 25.461907
 122.400000 0.325885 4.561185 25.461907
 122.600000 0.316550 6.112879 25.461907
 122.800000 0.288409 11.852210 25.461907
 123.000000 0.292747 11.327825 25.461907
 123.200000 0.316081 6.528706 25.461907
 123.400000 0.336038 3.554319 25.461907
 123.600000 0.342568 2.851470 25.461907
 123.800000 0.332581 3.896027 25.461907
 124.000000 0.321485 5.346669 25.461907
 124.200000 0.332981 4.883898 25.461907
 124.400000 0.355413 1.413200 25.461907
 124.600000 0.347120 2.618745 25.461907
 124.800000 0.343270 3.247433 25.461907
 125.000000 0.326669 5.847155 25.418530
 125.200000 0.347624 3.044789 25.418530
 125.400000 0.366501 0.459303 25.418530
 125.600000 0.361129 0.897976 25.418530
 125.800000 0.359655 1.058407 25.418530
 126.000000 0.367298 0.411539 25.418530
 126.200000 0.356765 2.769917 25.418530
 126.400000 0.369312 2.010586 25.418530
 126.600000 0.380415 1.213040 25.418530
 126.800000 0.372898 1.777014 25.418530
 127.000000 0.392249 0.428822 25.418530
 127.200000 0.403695 1.369750 25.418530
 127.400000 0.402245 1.485124 25.418530
 127.600000 0.389214 2.275116 25.418530
 127.800000 0.378241 2.490767 25.418530
 128.000000 0.376962 2.500316 25.418530
 128.200000 0.389500 3.367569 25.418530
 128.400000 0.390942 3.218894 25.418530
 128.600000 0.379691 4.017254 25.418530
 128.800000 0.349216 3.857142 25.418530
 129.000000 0.336119 5.738192 25.418530
 129.200000 0.352802 4.334240 25.418530
 129.400000 0.356816 4.023384 25.418530
 129.600000 0.355040 4.135390 25.418530
 129.800000 0.364539 3.926370 25.418530
 130.000000 0.344125 5.630601 25.375732
 130.200000 0.350449 5.857069 25.375732
 130.400000 0.359294 4.746528 25.375732
 130.600000 0.364542 4.464073 25.375732
 130.800000 0.345823 6.679568 25.375732
 131.000000 0.353781 5.345666 25.375732
 131.200000 0.354850 6.579425 25.375732
 131.400000 0.347671 7.610936 25.375732
 131.600000 0.343310 8.221238 25.375732
 131.800000 0.346363 7.800441 25.375732
 132.000000 0.351696 7.020704 25.375732
 132.200000 0.348988 8.676861 25.375732
 132.400000 0.386468 3.877594 25.375732
 132.600000 0.390578 3.373627 25.375732
 132.800000 0.382876 4.292577 25.375732
 133.000000 0.387269 3.781731 25.375732
 133.200000 0.398751 3.415507 25.375732
 133.400000 0.401617 2.880893 25.375732
 133.600000 0.380553 5.887575 25.375732
 133.800000 0.359390 7.407409 25.375732
 134.000000 0.356319 7.782125 25.375732
 134.200000 0.336698 10.221530 25.375732
 134.400000 0.348451 9.874120 25.375732
 134.600000 0.340055 10.250181 25.375732
 134.800000 0.328186 9.866924 25.375732
 135.000000 0.332104 10.057442 25.334484
 135.200000 0.336026 11.285651 25.334484
 135.400000 0.334969 11.271219 25.334484
 135.600000 0.332913 11.210208 25.334484
 135.800000 0.320093 10.482966 25.334484
 136.000000 0.346167 10.759368 25.334484
 136.200000 0.338284 12.217244 25.334484
 136.400000 0.353540 10.721695 25.334484
 136.600000 0.354402 10.558613 25.334484
 136.800000 0.352938 10.833004 25.334484
 137.000000 0.393484 4.418588 25.334484
 137.200000 0.409686 2.325562 25.334484
 137.400000 0.405460 3.239249 25.334484
 137.600000 0.395682 5.439403 25.334484
 137.800000 0.354368 10.610297 25.334484
 138.000000 0.363948 8.878727 25.334484
 138.200000 0.374562 8.587033 25.334484
 138.400000 0.361608 10.435019 25.334484
 138.600000 0.370437 9.098443 25.334484
 138.800000 0.386673 7.183118 25.334484
 139.000000 0.402398 3.991691 25.334484
 139.200000 0.373352 8.951784 25.334484
 139.400000 0.363578 10.164910 25.334484
 139.600000 0.353800 11.655483 25.334484
 139.800000 0.367157 9.651228 25.334484
 140.000000 0.370741 9.213551 25.294363
 140.200000 0.361663 11.426146 25.294363
 140.400000 0.370364 10.415923 25.294363
 140.600000 0.371900 10.248806 25.294363
 140.800000 0.364426 11.100111 25.294363
 141.000000 0.388399 8.454533 25.294363
 141.200000 0.403123 6.131917 25.294363
 141.400000 0.404706 5.638355 25.294363
 141.600000 0.384011 10.156499 25.294363
 141.800000 0.384756 10.086687 25.294363
 142.000000 0.381167 10.378228 25.294363
 142.200000 0.361389 12.154533 25.294363
 142.400000 0.379404 11.584281 25.294363
 142.600000 0.381615 11.448929 25.294363
 142.800000 0.381270 11.473375 25.294363
 143.000000 0.359449 12.251567 25.294363
 143.200000 0.342952 13.367350 25.294363
 143.400000 0.317099 10.630354 25.294363
 143.600000 0.318555 10.679598 25.294363
 143.800000 0.321016 10.835518 25.294363
 144.000000 0.330755 12.038744 25.294363
 144.200000 0.329471 12.875646 25.294363
 144.400000 0.332662 13.321217 25.294363
 144.600000 0.320464 11.601622 25.294363
 144.800000 0.308966 11.322686 25.294363
 145.000000 0.314502 11.196682 25.256289
 145.200000 0.306317 12.437914 25.256289
 145.400000 0.327268 13.281686 25.256289
 145.600000 0.331250 13.700750 25.256289
 145.800000 0.304137 12.565368 25.256289
 146.000000 0.338887 14.215014 25.256289
 146.200000 0.354535 14.335253 25.256289
 146.400000 0.351584 14.634488 25.256289
 146.600000 0.348103 14.928280 25.256289
 146.800000 0.351353 14.656418 25.256289
 147.000000 0.349501 14.820217 25.256289
 147.200000 0.350508 15.636113 25.256289
 147.400000 0.368685 13.292085 25.256289
 147.600000 0.377690 12.333269 25.256289
 147.800000 0.351642 15.524135 25.256289
 148.000000 0.332179 15.091750 25.256289
 148.200000 0.356366 15.193962 25.256289
 148.400000 0.346007 16.523395 25.256289
 148.600000 0.329558 15.547759 25.256289
 148.800000 0.315492 13.107968 25.256289
 149.000000 0.312159 12.836461 25.256289
 149.200000 0.316773 14.199852 25.256289
 149.400000 0.313394 13.901245 25.256289
 149.600000 0.302057 13.648819 25.256289
 149.800000 0.308601 13.688087 25.256289
 150.000000 0.316556 14.176915 25.223069
 150.200000 0.311999 14.704097 25.223069
 150.400000 0.327690 16.481541 25.223069
 150.600000 0.315365 14.987608 25.223069
 150.800000 0.303272 14.273919 25.223069
 151.000000 0.286848 13.729175 25.223069
 151.200000 0.278261 14.790024 25.223069
 151.400000 0.292526 14.764416 25.223069
 151.600000 0.283565 14.666016 25.223069
 151.800000 0.281105 14.697268 25.223069
 152.000000 0.314303 15.065363 25.223069
 152.200000 0.298017 15.303850 25.223069
 152.400000 0.288145 14.889535 25.223069
 152.600000 0.284026 14.779733 25.223069
 152.800000 0.281758 14.768329 25.223069
 153.000000 0.326827 17.034168 25.223069
 153.200000 0.310700 16.210998 25.223069
 153.400000 0.282004 14.775380 25.223069
 153.600000 0.293373 15.179833 25.223069
 153.800000 0.296253 15.337708 25.223069
 154.000000 0.265488 15.900107 25.223069
 154.200000 0.297830 15.504915 25.223069
 154.400000 0.319321 17.079181 25.223069
 154.600000 0.317335 16.857198 25.223069
 154.800000 0.303738 15.772241 25.223069
 155.000000 0.291430 15.267170 25.195720
 155.200000 0.310742 16.607928 25.195720
 155.400000 0.308907 16.532308 25.195720
 155.600000 0.320537 17.349579 25.195720
 155.800000 0.301723 16.374540 25.195720
 156.000000 0.292803 16.194282 25.195720
 156.200000 0.276312 16.588760 25.195720
 156.400000 0.286205 16.782296 25.195720
 156.600000 0.302215 17.079986 25.195720
 156.800000 0.316791 17.244687 25.195720
 157.000000 0.320086 17.468259 25.195720
 157.200000 0.326340 18.675112 25.195720
 157.400000 0.346503 17.282613 25.195720
 157.600000 0.366876 13.601289 25.195720
 157.800000 0.384594 11.487783 25.195720
 158.000000 0.388986 10.704305 25.195720
 158.200000 0.367459 13.906094 25.195720
 158.400000 0.351308 16.437689 25.195720
 158.600000 0.357991 15.220324 25.195720
 158.800000 0.357130 15.369520 25.195720
 159.000000 0.369134 13.748159 25.195720
 159.200000 0.391487 11.521374 25.195720
 159.400000 0.408849 5.039104 25.195720
 159.600000 0.414742 3.081436 25.195720
 159.800000 0.408041 5.342075 25.195720
 160.000000 0.390292 11.852269 25.166901
 160.200000 0.383625 14.177731 25.166901
 160.400000 0.356688 16.201473 25.166901
 160.600000 0.374572 14.836711 25.166901
 160.800000 0.388977 13.215008 25.166901
 161.000000 0.416674 2.773015 25.166901
 161.200000 0.420248 3.385951 25.166901
 161.400000 0.411970 5.774848 25.166901
 161.600000 0.418651 3.784749 25.166901
 161.800000 0.404435 8.526675 25.166901
 162.000000 0.388635 13.561756 25.166901
 162.200000 0.390806 14.038311 25.166901
 162.400000 0.381445 15.365264 25.166901
 162.600000 0.359102 16.044453 25.166901
 162.800000 0.362400 15.768963 25.166901
 163.000000 0.351320 16.978033 25.166901
 163.200000 0.366450 16.051409 25.166901
 163.400000 0.375476 15.704591 25.166901
 163.600000 0.388200 14.639690 25.166901
 163.800000 0.394223 13.077533 25.166901
 164.000000 0.408731 7.299208 25.166901
 164.200000 0.415685 5.926600 25.166901
 164.400000 0.432953 1.525969 25.166901
 164.600000 0.428000 2.432953 25.166901
 164.800000 0.421496 4.059782 25.166901
 165.000000 0.400889 11.669873 25.134806
 165.200000 0.404002 11.479405 25.134806
 165.400000 0.410510 8.706381 25.134806
 165.600000 0.414258 7.137138 25.134806
 165.800000 0.415617 6.592481 25.134806
 166.000000 0.425224 3.343835 25.134806
 166.200000 0.415217 7.957270 25.134806
 166.400000 0.408602 10.341350 25.134806
 166.600000 0.410863 9.507830 25.134806
 166.800000 0.425909 4.665382 25.134806
 167.000000 0.415008 8.029709 25.134806
 167.200000 0.428390 4.839092 25.134806
 167.400000 0.450148 0.613672 25.134806
 167.600000 0.449426 0.674814 25.134806
 167.800000 0.453495 0.383428 25.134806
 168.000000 0.431705 3.883167 25.134806
 168.200000 0.435217 4.407904 25.134806
 168.400000 0.433766 4.794258 25.134806
 168.600000 0.436155 4.162990 25.134806
 168.800000 0.455268 0.719628 25.134806
 169.000000 0.457051 0.571867 25.134806
 169.200000 0.454074 2.506665 25.134806
 169.400000 0.428304 6.568490 25.134806
 169.600000 0.432564 5.567631 25.134806
 169.800000 0.433116 5.445141 25.134806
 170.000000 0.447964 3.048669 25.096749
 170.200000 0.419002 9.208042 25.096749
 170.400000 0.417507 9.572932 25.096749
 170.600000 0.392188 15.817061 25.096749
 170.800000 0.372910 16.040128 25.096749
 171.000000 0.357163 17.020842 25.096749
 171.200000 0.339398 19.451215 25.096749
 171.400000 0.371736 16.541287 25.096749
 171.600000 0.375379 16.484380 25.096749
 171.800000 0.368568 16.681001 25.096749
 172.000000 0.360336 17.447340 25.096749
 172.200000 0.372981 17.074042 25.096749
 172.400000 0.380208 16.831335 25.096749
 172.600000 0.374378 17.009149 25.096749
 172.800000 0.367481 17.468347 25.096749
 173.000000 0.363417 17.890226 25.096749
 173.200000 0.360098 19.050009 25.096749
 173.400000 0.374157 17.628645 25.096749
 173.600000 0.398390 14.786958 25.096749
 173.800000 0.377300 17.422045 25.096749
 174.000000 0.399438 14.524340 25.096749
 174.200000 0.408492 12.763140 25.096749
 174.400000 0.396946 16.033621 25.096749
 174.600000 0.393873 16.631010 25.096749
 174.800000 0.383595 17.565818 25.096749
 175.000000 0.380005 17.658669 25.080686
 175.200000 0.372746 18.631460 25.080686
 175.400000 0.360711 19.361594 25.080686
 175.600000 0.367436 18.886412 25.080686
 175.800000 0.372323 18.646547 25.080686
 176.000000 0.350358 19.968088 25.080686
 176.200000 0.353630 20.528602 25.080686
 176.400000 0.341788 20.657248 25.080686
 176.600000 0.356422 20.325678 25.080686
 176.800000 0.353124 20.559078 25.080686
 177.000000 0.365406 19.452552 25.080686
 177.200000 0.361547 20.555036 25.080686
 177.400000 0.353982 21.056376 25.080686
 177.600000 0.347068 21.097748 25.080686
 177.800000 0.348169 21.118945 25.080686
 178.000000 0.381262 18.928960 25.080686
 178.200000 0.360973 20.906568 25.080686
 178.400000 0.358906 21.021844 25.080686
 178.600000 0.367891 20.452972 25.080686
 178.800000 0.364960 20.648435 25.080686
 179.000000 0.370346 20.299013 25.080686
 179.200000 0.370770 20.981713 25.080686
 179.400000 0.389019 19.140498 25.080686
 179.600000 0.344802 21.226957 25.080686
 179.800000 0.332543 20.088749 25.080686
 180.000000 0.323555 18.960357 25.090217
 180.200000 0.344646 21.495557 25.090217
 180.400000 0.339532 21.238356 25.090217
 180.600000 0.344595 21.493469 25.090217
 180.800000 0.359595 21.573842 25.090217
 181.000000 0.366876 21.219715 25.090217
 181.200000 0.377855 21.034219 25.090217
 181.400000 0.368747 21.783830 25.090217
 181.600000 0.352739 22.120671 25.090217
 181.800000 0.360237 22.166872 25.090217
 182.000000 0.364135 22.040741 25.090217
 182.200000 0.360673 22.795967 25.090217
 182.400000 0.380794 21.064394 25.090217
 182.600000 0.389063 19.522784 25.090217
 182.800000 0.413519 11.348393 25.090217
 183.000000 0.407282 13.534778 25.090217
 183.200000 0.420460 9.900244 25.090217
 183.400000 0.420514 9.883641 25.090217
 183.600000 0.428002 7.794724 25.090217
 183.800000 0.431595 6.976571 25.090217
 184.000000 0.440234 5.506566 25.090217
 184.200000 0.423582 9.706738 25.090217
 184.400000 0.412585 12.807950 25.090217
 184.600000 0.393438 19.000136 25.090217
 184.800000 0.404835 15.464007 25.090217
 185.000000 0.403258 16.008550 25.098324
 185.200000 0.388472 20.622573 25.098324
 185.400000 0.372335 22.250913 25.098324
 185.600000 0.371090 22.342921 25.098324
 185.800000 0.366055 22.654212 25.098324
 186.000000 0.351573 22.543282 25.098324
 186.200000 0.364736 23.149466 25.098324
 186.400000 0.348909 22.986791 25.098324
 186.600000 0.317895 19.049896 25.098324
 186.800000 0.322750 19.730823 25.098324
 187.000000 0.319849 19.315765 25.098324
 187.200000 0.306673 18.482531 25.098324
 187.400000 0.305566 18.386791 25.098324
 187.600000 0.299812 17.949393 25.098324
 187.800000 0.286372 16.945881 25.098324
 188.000000 0.317927 19.788221 25.098324
 188.200000 0.323929 21.285042 25.098324
 188.400000 0.294368 17.763739 25.098324
 188.600000 0.281419 16.716432 25.098324
 188.800000 0.285618 16.965965 25.098324
 189.000000 0.317528 20.457714 25.098324
 189.200000 0.306585 19.557822 25.098324
 189.400000 0.283084 16.847887 25.098324
 189.600000 0.278198 16.650811 25.098324
 189.800000 0.319344 21.405411 25.098324
 190.000000 0.317966 21.221687 25.141169
 190.200000 0.295834 18.381779 25.141169
 190.400000 0.300268 19.044351 25.141169
 190.600000 0.329463 22.860538 25.141169
 190.800000 0.325780 22.687156 25.141169
 191.000000 0.297279 18.592239 25.141169
 191.200000 0.303608 20.273886 25.141169
 191.400000 0.281402 17.222676 25.141169
 191.600000 0.296487 19.239680 25.141169
 191.800000 0.317925 22.191584 25.141169
 192.000000 0.317957 22.195125 25.141169
 192.200000 0.331609 23.403458 25.141169
 192.400000 0.329678 23.419963 25.141169
 192.600000 0.327724 23.414268 25.141169
 192.800000 0.319163 22.971476 25.141169
 193.000000 0.332162 23.395913 25.141169
 193.200000 0.315131 22.825641 25.141169
 193.400000 0.285762 17.753744 25.141169
 193.600000 0.305051 21.048487 25.141169
 193.800000 0.314437 22.714533 25.141169
 194.000000 0.294731 19.199312 25.141169
 194.200000 0.289243 18.966333 25.141169
 194.400000 0.282028 17.834177 25.141169
 194.600000 0.268167 17.218426 25.141169
 194.800000 0.286890 18.560600 25.141169
 195.000000 0.298039 20.508804 25.199384
 195.200000 0.281513 18.152073 25.199384
 195.400000 0.288286 19.366861 25.199384
 195.600000 0.300450 21.598728 25.199384
 195.800000 0.296734 20.988244 25.199384
 196.000000 0.308096 22.665873 25.199384
 196.200000 0.301896 22.402855 25.199384
 196.400000 0.279941 18.039490 25.199384
 196.600000 0.291955 20.453010 25.199384
 196.800000 0.283598 18.655046 25.199384
 197.000000 0.278995 17.909430 25.199384
 197.200000 0.295655 21.673536 25.199384
 197.400000 0.281429 19.047533 25.199384
 197.600000 0.276656 18.424611 25.199384
 197.800000 0.318337 24.313836 25.199384
 198.000000 0.336402 24.063534 25.199384
 198.200000 0.346077 24.267708 25.199384
 198.400000 0.322190 24.843949 25.199384
 198.600000 0.348287 24.203687 25.199384
 198.800000 0.352961 24.066604 25.199384
 199.000000 0.373927 22.375607 25.199384
 199.200000 0.390418 20.670903 25.199384
 199.400000 0.390465 20.661098 25.199384
 199.600000 0.386086 21.471433 25.199384
 199.800000 0.377835 22.587040 25.199384
 200.000000 0.373435 23.073474 25.303666
 200.200000 0.377120 23.277188 25.303666
 200.400000 0.362121 24.501752 25.303666
 200.600000 0.359199 24.566650 25.303666
 200.800000 0.335925 24.736367 25.303666
 201.000000 0.342370 24.538615 25.303666
 201.200000 0.328950 25.338604 25.303666
 201.400000 0.329494 25.343298 25.303666
 201.600000 0.338526 25.209483 25.303666
 201.800000 0.348369 25.047205 25.303666
 202.000000 0.345369 25.076857 25.303666
 202.200000 0.344788 25.656883 25.303666
 202.400000 0.335866 25.740799 25.303666
 202.600000 0.352177 25.535972 25.303666
 202.800000 0.329965 25.683169 25.303666
 203.000000 0.326036 25.524308 25.303666
 203.200000 0.331637 26.241624 25.303666
 203.400000 0.315891 25.041816 25.303666
 203.600000 0.336067 26.188824 25.303666
 203.800000 0.357347 25.414496 25.303666
 204.000000 0.349725 25.747176 25.303666
 204.200000 0.354830 26.069234 25.303666
 204.400000 0.353786 26.127696 25.303666
 204.600000 0.332145 26.521230 25.303666
 204.800000 0.334313 26.551085 25.303666
 205.000000 0.355515 26.027566 25.602121
 205.200000 0.366313 25.421118 25.602121
 205.400000 0.356758 26.492158 25.602121
 205.600000 0.351178 26.775200 25.602121
 205.800000 0.348466 26.835135 25.602121
 206.000000 0.329225 26.545625 25.602121
 206.200000 0.311451 24.676876 25.602121
 206.400000 0.326373 26.877307 25.602121
 206.600000 0.335604 27.272572 25.602121
 206.800000 0.304461 23.425644 25.602121
 207.000000 0.290152 20.699431 25.602121
 207.200000 0.284536 20.239055 25.602121
 207.400000 0.270560 18.301212 25.602121
 207.600000 0.282636 19.866852 25.602121
 207.800000 0.282037 19.754509 25.602121
 208.000000 0.273947 18.576152 25.602121
 208.200000 0.282245 20.449571 25.602121
 208.400000 0.307735 24.418918 25.602121
 208.600000 0.301985 23.624715 25.602121
 208.800000 0.310467 24.815716 25.602121
 209.000000 0.318071 25.954680 25.602121
 209.200000 0.321568 26.959601 25.602121
 209.400000 0.315060 26.048178 25.602121
 209.600000 0.313472 25.792859 25.602121
 209.800000 0.304132 24.274418 25.602121
 210.000000 0.310889 25.369169 25.836591
 210.200000 0.303508 24.676124 25.836591
 210.400000 0.288410 21.776447 25.836591
 210.600000 0.286733 21.434330 25.836591
 210.800000 0.286779 21.443541 25.836591
 211.000000 0.289842 22.071048 25.836591
 211.200000 0.279764 20.669992 25.836591
 211.400000 0.288519 22.451033 25.836591
 211.600000 0.294479 23.635468 25.836591
 211.800000 0.275556 19.971130 25.836591
 212.000000 0.285455 21.806030 25.836591
 212.200000 0.298540 24.790882 25.836591
 212.400000 0.306663 25.814044 25.836591
 212.600000 0.290126 23.415112 25.836591
 212.800000 0.289128 23.220824 25.836591
 213.000000 0.279991 21.331802 25.836591
 213.200000 0.269176 20.102921 25.836591
 213.400000 0.286854 23.369437 25.836591
 213.600000 0.279120 21.834693 25.836591
 213.800000 0.278848 21.780865 25.836591
 214.000000 0.274514 20.963166 25.836591
 214.200000 0.255445 19.172291 25.836591
 214.400000 0.271374 21.108410 25.836591
 214.600000 0.286279 23.765837 25.836591
 214.800000 0.276701 22.045786 25.836591
 215.000000 0.277135 22.125131 25.924070
 215.200000 0.259160 19.756705 25.924070
 215.400000 0.262319 20.177381 25.924070
 215.600000 0.265511 20.677667 25.924070
 215.800000 0.254968 19.368788 25.924070
 216.000000 0.263099 20.293428 25.924070
 216.200000 0.247556 19.762559 25.924070
 216.400000 0.262573 20.923083 25.924070
 216.600000 0.288356 24.758962 25.924070
 216.800000 0.298712 25.582827 25.924070
 217.000000 0.300551 25.695354 25.924070
 217.200000 0.293165 25.700346 25.924070
 217.400000 0.257270 20.218700 25.924070
 217.600000 0.254216 19.923113 25.924070
 217.800000 0.288383 25.162501 25.924070
 218.000000 0.284034 24.541601 25.924070
 218.200000 0.272085 22.955604 25.924070
 218.400000 0.274234 23.372316 25.924070
 218.600000 0.260255 20.768581 25.924070
 218.800000 0.265450 21.674243 25.924070
 219.000000 0.263210 21.266132 25.924070
 219.200000 0.262056 21.742166 25.924070
 219.400000 0.277500 24.425833 25.924070
 219.600000 0.273688 23.798322 25.924070
 219.800000 0.292181 26.212845 25.924070
 220.000000 0.310771 27.055520 26.145251
 220.200000 0.313013 27.721432 26.145251
 220.400000 0.320747 28.136695 26.145251
 220.600000 0.312286 27.675358 26.145251
 220.800000 0.306111 27.305476 26.145251
 221.000000 0.309571 27.506326 26.145251
 221.200000 0.300983 27.475132 26.145251
 221.400000 0.287492 26.127501 26.145251
 221.600000 0.301106 27.483466 26.145251
 221.800000 0.324623 28.526029 26.145251
 222.000000 0.344434 27.429219 26.145251
 222.200000 0.328554 28.699678 26.145251
 222.400000 0.328047 28.710399 26.145251
 222.600000 0.338491 28.270726 26.145251
 222.800000 0.339085 28.238781 26.145251
 223.000000 0.310892 28.140793 26.145251
 223.200000 0.312266 28.728168 26.145251
 223.400000 0.328262 28.961111 26.145251
 223.600000 0.347865 27.763046 26.145251
 223.800000 0.374092 24.263452 26.145251
 224.000000 0.366113 25.658107 26.145251
 224.200000 0.337131 28.535437 26.145251
 224.400000 0.333773 28.720641 26.145251
 224.600000 0.355287 27.579859 26.145251
 224.800000 0.354246 27.661624 26.145251
 225.000000 0.353911 27.686274 26.623881
 225.200000 0.358206 27.796263 26.623881
 225.400000 0.353725 28.209461 26.623881
 225.600000 0.367607 26.296357 26.623881
 225.800000 0.355631 28.057640 26.623881
 226.000000 0.349560 28.436633 26.623881
 226.200000 0.353588 28.694667 26.623881
 226.400000 0.348936 28.953632 26.623881
 226.600000 0.362605 27.528254 26.623881
 226.800000 0.352791 28.753756 26.623881
 227.000000 0.376640 24.502816 26.623881
 227.200000 0.379591 24.410357 26.623881
 227.400000 0.375625 25.319716 26.623881
 227.600000 0.372309 26.051207 26.623881
 227.800000 0.371973 26.123652 26.623881
 228.000000 0.385404 22.998288 26.623881
 228.200000 0.377777 25.382556 26.623881
 228.400000 0.381028 24.674917 26.623881
 228.600000 0.402710 17.730664 26.623881
 228.800000 0.398403 19.451831 26.623881
 229.000000 0.383754 24.038100 26.623881
 229.200000 0.383921 24.597381 26.623881
 229.400000 0.384945 24.341032 26.623881
 229.600000 0.388145 23.465817 26.623881
 229.800000 0.397797 20.070390 26.623881
 230.000000 0.397898 20.029322 26.860031
 230.200000 0.437851 7.279411 26.860031
 230.400000 0.451635 5.227737 26.860031
 230.600000 0.435947 7.576124 26.860031
 230.800000 0.420612 11.179926 26.860031
 231.000000 0.413167 14.002670 26.860031
 231.200000 0.411452 15.670412 26.860031
 231.400000 0.411382 15.700196 26.860031
 231.600000 0.418084 12.948986 26.860031
 231.800000 0.414409 14.421539 26.860031
 232.000000 0.416669 13.502481 26.860031
 232.200000 0.406398 18.613162 26.860031
 232.400000 0.422109 12.383296 26.860031
 232.600000 0.431999 9.257878 26.860031
 232.800000 0.427160 10.663466 26.860031
 233.000000 0.436211 8.230285 26.860031
 233.200000 0.432588 10.281591 26.860031
 233.400000 0.446604 7.173184 26.860031
 233.600000 0.454645 5.337381 26.860031
 233.800000 0.450323 6.337897 26.860031
 234.000000 0.460921 3.884604 26.860031
 234.200000 0.485013 0.787198 26.860031
 234.400000 0.489185 0.452394 26.860031
 234.600000 0.470658 3.123386 26.860031
 234.800000 0.452039 7.178052 26.860031
 235.000000 0.443165 8.653201 26.838105
 235.200000 0.456593 7.090822 26.838105
 235.400000 0.469694 3.583216 26.838105
 235.600000 0.473739 2.624717 26.838105
 235.800000 0.475304 2.292511 26.838105
 236.000000 0.469598 3.607348 26.838105
 236.200000 0.464900 6.273407 26.838105
 236.400000 0.462663 6.808124 26.838105
 236.600000 0.465204 6.199060 26.838105
 236.800000 0.475742 3.574003 26.838105
 237.000000 0.474021 3.989824 26.838105
 237.200000 0.461872 8.045610 26.838105
 237.400000 0.466732 7.122089 26.838105
 237.600000 0.466188 7.234077 26.838105
 237.800000 0.479528 4.088685 26.838105
 238.000000 0.485105 2.786450 26.838105
 238.200000 0.495935 2.165800 26.838105
 238.400000 0.482556 4.884791 26.838105
 238.600000 0.487279 3.864326 26.838105
 238.800000 0.484907 4.375003 26.838105
 239.000000 0.482407 4.917108 26.838105
 239.200000 0.484953 5.750621 26.838105
 239.400000 0.468454 8.499048 26.838105
 239.600000 0.455610 9.493099 26.838105
 239.800000 0.469611 8.378860 26.838105
 240.000000 0.436938 11.000739 26.808569
