#! FIELDS time d metad.bias metad.rct
 0.000000 0.216687 0.000000 0.000000
 0.200000 0.244202 0.000000 0.000000
 0.400000 0.244288 0.000000 0.000000
 0.600000 0.228464 0.000000 0.000000
 0.800000 0.225398 0.000000 0.000000
 1.000000 0.212668 0.000000 0.000000
 1.200000 0.218403 1.626437 0.000000
 1.400000 0.242397 0.242628 0.000000
 1.600000 0.252111 0.051877 0.000000
 1.800000 0.247070 0.123004 0.000000
 2.000000 0.232699 0.715494 0.000000
 2.200000 0.222167 2.755518 0.000000
 2.400000 0.225979 2.712291 0.000000
 2.600000 0.224074 2.746126 0.000000
 2.800000 0.233117 2.383437 0.000000
 3.000000 0.240886 1.755525 0.000000
 3.200000 0.246508 2.751140 0.000000
 3.400000 0.245690 2.853268 0.000000
 3.600000 0.247913 2.569618 0.000000
 3.800000 0.267857 0.424530 0.000000
 4.000000 0.264682 0.630119 0.000000
 4.200000 0.273387 1.628897 0.000000
 4.400000 0.261646 2.551797 0.000000
 4.600000 0.243795 3.720269 0.000000
 4.800000 0.222480 3.545581 0.000000
 5.000000 0.221758 3.495414 1.328391
 5.200000 0.219613 4.817211 1.328391
 5.400000 0.221629 4.983830 1.328391
 5.600000 0.234274 5.043666 1.328391
 5.800000 0.230187 5.205116 1.328391
 6.000000 0.214949 4.284827 1.328391
 6.200000 0.218516 6.114999 1.328391
 6.400000 0.232060 5.903409 1.328391
 6.600000 0.219360 6.177975 1.328391
 6.800000 0.213401 5.508352 1.328391
 7.000000 0.195868 2.005586 1.328391
 7.200000 0.195513 3.541989 1.328391
 7.400000 0.205454 5.293510 1.328391
 7.600000 0.217663 6.595132 1.328391
 7.800000 0.221546 6.657535 1.328391
 8.000000 0.223977 6.603832 1.328391
 8.200000 0.223239 7.929865 1.328391
 8.400000 0.224097 7.903386 1.328391
 8.600000 0.258089 2.991435 1.328391
 8.800000 0.247698 4.329481 1.328391
 9.000000 0.241252 5.474796 1.328391
 9.200000 0.248148 5.490842 1.328391
 9.400000 0.256737 3.934855 1.328391
 9.600000 0.250785 4.982057 1.328391
 9.800000 0.240853 6.920987 1.328391
 10.000000 0.227112 8.591480 4.124892
 10.200000 0.239108 8.104298 4.124892
 10.400000 0.224912 9.803783 4.124892
 10.600000 0.238486 8.241010 4.124892
 10.800000 0.246098 6.431692 4.124892
 11.000000 0.233982 9.102463 4.124892
 11.200000 0.232489 10.485326 4.124892
 11.400000 0.248670 6.533485 4.124892
 11.600000 0.256929 4.427830 4.124892
 11.800000 0.243645 7.980532 4.124892
 12.000000 0.229115 10.786637 4.124892
 12.200000 0.226590 11.898774 4.124892
 12.400000 0.244838 8.261685 4.124892
 12.600000 0.240433 9.679868 4.124892
 12.800000 0.254250 5.314246 4.124892
 13.000000 0.261275 3.663976 4.124892
 13.200000 0.258288 5.756350 4.124892
 13.400000 0.272225 3.103108 4.124892
 13.600000 0.251912 7.206609 4.124892
 13.800000 0.234832 11.443467 4.124892
 14.000000 0.240951 10.112833 4.124892
 14.200000 0.244889 10.139359 4.124892
 14.400000 0.262244 5.366543 4.124892
 14.600000 0.273700 2.941319 4.124892
 14.800000 0.260595 5.757240 4.124892
 15.000000 0.274746 2.743643 6.828540
 15.200000 0.292116 1.289104 6.828540
 15.400000 0.268589 5.390528 6.828540
 15.600000 0.271151 4.946620 6.828540
 15.800000 0.279516 3.388773 6.828540
 16.000000 0.275839 4.087707 6.828540
 16.200000 0.266397 6.955834 6.828540
 16.400000 0.254294 8.513527 6.828540
 16.600000 0.248068 9.771627 6.828540
 16.800000 0.234036 12.635364 6.828540
 17.000000 0.228200 12.822183 6.828540
 17.200000 0.218766 12.081231 6.828540
 17.400000 0.189890 2.800112 6.828540
 17.600000 0.173636 0.625441 6.828540
 17.800000 0.179753 1.194846 6.828540
 18.000000 0.185515 1.996031 6.828540
 18.200000 0.193076 4.916977 6.828540
 18.400000 0.187044 3.848602 6.828540
 18.600000 0.209262 9.148776 6.828540
 18.800000 0.196143 5.534653 6.828540
 19.000000 0.184626 3.452494 6.828540
 19.200000 0.215096 11.284403 6.828540
 19.400000 0.202039 7.715442 6.828540
 19.600000 0.184120 4.870526 6.828540
 19.800000 0.184957 5.006396 6.828540
 20.000000 0.186455 5.240598 7.970014
 20.200000 0.186139 6.577555 7.970014
 20.400000 0.186678 6.660108 7.970014
 20.600000 0.167836 2.539561 7.970014
 20.800000 0.167111 2.384186 7.970014
 21.000000 0.168723 2.735436 7.970014
 21.200000 0.187219 7.462599 7.970014
 21.400000 0.196732 8.107794 7.970014
 21.600000 0.184441 7.189685 7.970014
 21.800000 0.180992 6.735514 7.970014
 22.000000 0.190727 7.720931 7.970014
 22.200000 0.193498 9.111623 7.970014
 22.400000 0.200550 9.465492 7.970014
 22.600000 0.200896 9.490824 7.970014
 22.800000 0.208718 10.483480 7.970014
 23.000000 0.209534 10.636385 7.970014
 23.200000 0.221831 14.054261 7.970014
 23.400000 0.214538 12.747401 7.970014
 23.600000 0.200179 10.336372 7.970014
 23.800000 0.189575 9.329225 7.970014
 24.000000 0.182837 8.296948 7.970014
 24.200000 0.163323 3.862822 7.970014
 24.400000 0.163796 3.998150 7.970014
 24.600000 0.170039 5.929131 7.970014
 24.800000 0.166153 4.700352 7.970014
 25.000000 0.168050 5.292714 8.985906
 25.200000 0.151646 2.106790 8.985906
 25.400000 0.162370 4.883858 8.985906
 25.600000 0.161711 4.683292 8.985906
 25.800000 0.163910 5.361523 8.985906
 26.000000 0.159421 4.010558 8.985906
 26.200000 0.168946 8.153948 8.985906
 26.400000 0.171905 8.901786 8.985906
 26.600000 0.185298 10.971867 8.985906
 26.800000 0.178553 10.245278 8.985906
 27.000000 0.176974 9.977480 8.985906
 27.200000 0.196352 11.565637 8.985906
 27.400000 0.185595 11.939231 8.985906
 27.600000 0.176717 11.052306 8.985906
 27.800000 0.179519 11.497243 8.985906
 28.000000 0.179152 11.447761 8.985906
 28.200000 0.189683 12.710781 8.985906
 28.400000 0.198522 11.944089 8.985906
 28.600000 0.206073 11.913792 8.985906
 28.800000 0.186521 12.879046 8.985906
 29.000000 0.196552 12.092191 8.985906
 29.200000 0.219177 14.086650 8.985906
 29.400000 0.210769 13.052739 8.985906
 29.600000 0.204057 12.723106 8.985906
 29.800000 0.202844 12.738938 8.985906
 30.000000 0.205617 12.736821 10.462428
 30.200000 0.186819 14.148146 10.462428
 30.400000 0.180498 13.481184 10.462428
 30.600000 0.189331 14.194840 10.462428
 30.800000 0.213101 14.185597 10.462428
 31.000000 0.229789 14.732917 10.462428
 31.200000 0.222530 15.756241 10.462428
 31.400000 0.197984 13.962875 10.462428
 31.600000 0.206904 14.048628 10.462428
 31.800000 0.213817 14.766659 10.462428
 32.000000 0.204170 13.920253 10.462428
 32.200000 0.205451 14.905734 10.462428
 32.400000 0.205068 14.890920 10.462428
 32.600000 0.229439 15.903218 10.462428
 32.800000 0.266715 6.995374 10.462428
 33.000000 0.271643 6.291552 10.462428
 33.200000 0.283390 4.921559 10.462428
 33.400000 0.286817 3.974942 10.462428
 33.600000 0.284587 4.590007 10.462428
 33.800000 0.285714 4.277713 10.462428
 34.000000 0.295956 1.804089 10.462428
 34.200000 0.324252 0.279028 10.462428
 34.400000 0.299070 2.857452 10.462428
 34.600000 0.279614 6.824573 10.462428
 34.800000 0.265129 8.598259 10.462428
 35.000000 0.247264 11.291337 11.780648
 35.200000 0.274483 7.888249 11.780648
 35.400000 0.298271 2.997945 11.780648
 35.600000 0.305770 1.828849 11.780648
 35.800000 0.299390 2.803237 11.780648
 36.000000 0.313641 0.942678 11.780648
 36.200000 0.302579 3.565249 11.780648
 36.400000 0.297061 4.125691 11.780648
 36.600000 0.298160 4.001406 11.780648
 36.800000 0.294377 4.461869 11.780648
 37.000000 0.285076 6.008180 11.780648
 37.200000 0.272693 9.161772 11.780648
 37.400000 0.269357 9.421496 11.780648
 37.600000 0.286456 7.082788 11.780648
 37.800000 0.315495 2.619268 11.780648
 38.000000 0.316484 2.503906 11.780648
 38.200000 0.293301 6.235377 11.780648
 38.400000 0.276745 8.759191 11.780648
 38.600000 0.270037 9.384972 11.780648
 38.800000 0.262823 9.819695 11.780648
 39.000000 0.269312 9.432674 11.780648
 39.200000 0.268688 10.620172 11.780648
 39.400000 0.281579 8.905231 11.780648
 39.600000 0.264760 10.796018 11.780648
 39.800000 0.252223 11.796864 11.780648
 40.000000 0.255242 11.379336 12.067074
 40.200000 0.253614 12.633976 12.067074
 40.400000 0.263117 11.773611 12.067074
 40.600000 0.279986 9.484437 12.067074
 40.800000 0.263213 11.766958 12.067074
 41.000000 0.266536 11.520272 12.067074
 41.200000 0.245121 14.530705 12.067074
 41.400000 0.264138 12.736492 12.067074
 41.600000 0.274685 11.426418 12.067074
 41.800000 0.286923 8.316536 12.067074
 42.000000 0.280053 10.166967 12.067074
 42.200000 0.305787 5.362290 12.067074
 42.400000 0.289496 8.573825 12.067074
 42.600000 0.309025 4.995614 12.067074
 42.800000 0.315610 4.244008 12.067074
 43.000000 0.314221 4.412739 12.067074
 43.200000 0.293024 8.155366 12.067074
 43.400000 0.284046 10.353248 12.067074
 43.600000 0.295882 7.639077 12.067074
 43.800000 0.300047 7.082992 12.067074
 44.000000 0.292356 8.292582 12.067074
 44.200000 0.283624 11.486165 12.067074
 44.400000 0.295411 8.900763 12.067074
 44.600000 0.311510 6.671384 12.067074
 44.800000 0.296121 8.772882 12.067074
 45.000000 0.278946 12.459241 12.453948
 45.200000 0.289280 10.970196 12.453948
 45.400000 0.297643 8.974615 12.453948
 45.600000 0.292431 10.156372 12.453948
 45.800000 0.307606 7.337440 12.453948
 46.000000 0.337293 1.561370 12.453948
 46.200000 0.326544 5.023168 12.453948
 46.400000 0.300106 8.577382 12.453948
 46.600000 0.290141 10.751956 12.453948
 46.800000 0.308607 7.453336 12.453948
 47.000000 0.323861 5.470647 12.453948
 47.200000 0.323989 6.821201 12.453948
 47.400000 0.333984 4.834108 12.453948
 47.600000 0.326742 6.335883 12.453948
 47.800000 0.320597 7.319555 12.453948
 48.000000 0.329198 5.853698 12.453948
 48.200000 0.340210 4.521111 12.453948
 48.400000 0.337734 5.162562 12.453948
 48.600000 0.355735 1.291995 12.453948
 48.800000 0.352522 1.785320 12.453948
 49.000000 0.337007 5.350692 12.453948
 49.200000 0.346607 4.079716 12.453948
 49.400000 0.348818 3.491315 12.453948
 49.600000 0.337428 6.620139 12.453948
 49.800000 0.334886 7.256516 12.453948
 50.000000 0.337096 6.706611 12.458278
 50.200000 0.325498 9.859876 12.458278
 50.400000 0.369975 0.425628 12.458278
 50.600000 0.371086 0.357123 12.458278
 50.800000 0.356662 2.304726 12.458278
 51.000000 0.355990 2.460637 12.458278
 51.200000 0.365928 2.029731 12.458278
 51.400000 0.351178 5.228025 12.458278
 51.600000 0.356650 3.874294 12.458278
 51.800000 0.354836 4.306122 12.458278
 52.000000 0.368727 1.607743 12.458278
 52.200000 0.333299 9.471193 12.458278
 52.400000 0.314986 9.683993 12.458278
 52.600000 0.315554 9.726316 12.458278
 52.800000 0.333652 9.423831 12.458278
 53.000000 0.362860 4.075142 12.458278
 53.200000 0.366847 4.908714 12.458278
 53.400000 0.348599 7.491653 12.458278
 53.600000 0.347208 7.697098 12.458278
 53.800000 0.349961 7.295756 12.458278
 54.000000 0.337802 9.119873 12.458278
 54.200000 0.336655 10.439227 12.458278
 54.400000 0.335370 10.592423 12.458278
 54.600000 0.300986 9.288522 12.458278
 54.800000 0.291061 10.715190 12.458278
 55.000000 0.303409 9.219700 12.526884
 55.200000 0.308963 10.524951 12.526884
 55.400000 0.317166 11.064160 12.526884
 55.600000 0.321670 11.299693 12.526884
 55.800000 0.324117 11.358787 12.526884
 56.000000 0.312602 10.750089 12.526884
 56.200000 0.305025 11.342305 12.526884
 56.400000 0.297508 11.314636 12.526884
 56.600000 0.300578 11.236973 12.526884
 56.800000 0.307510 11.481239 12.526884
 57.000000 0.339969 10.219941 12.526884
 57.200000 0.355126 7.872958 12.526884
 57.400000 0.365586 5.579478 12.526884
 57.600000 0.370047 4.614908 12.526884
 57.800000 0.365700 5.554759 12.526884
 58.000000 0.352724 8.426708 12.526884
 58.200000 0.331427 12.993956 12.526884
 58.400000 0.318993 12.674856 12.526884
 58.600000 0.302485 11.303162 12.526884
 58.800000 0.318118 12.601495 12.526884
 59.000000 0.336266 12.636106 12.526884
 59.200000 0.336733 13.582064 12.526884
 59.400000 0.311013 12.156091 12.526884
 59.600000 0.300546 11.327321 12.526884
 59.800000 0.301499 11.346255 12.526884
 60.000000 0.297812 11.355513 12.864115
