#! FIELDS time d metad.bias metad.rct
 0.000000 0.234016 0.000000 0.000000
 0.200000 0.202362 0.000000 0.000000
 0.400000 0.190601 0.000000 0.000000
 0.600000 0.222988 0.000000 0.000000
 0.800000 0.242874 0.000000 0.000000
 1.000000 0.229581 0.000000 0.000000
 1.200000 0.230580 1.746112 0.000000
 1.400000 0.266793 0.077433 0.000000
 1.600000 0.256627 0.341737 0.000000
 1.800000 0.230515 1.746605 0.000000
 2.000000 0.235523 1.617707 0.000000
 2.200000 0.244879 2.378889 0.000000
 2.400000 0.235832 3.232166 0.000000
 2.600000 0.240021 2.929425 0.000000
 2.800000 0.248640 1.888823 0.000000
 3.000000 0.236143 3.216931 0.000000
 3.200000 0.233401 4.797319 0.000000
 3.400000 0.242294 4.085139 0.000000
 3.600000 0.253379 2.077103 0.000000
 3.800000 0.278675 0.052108 0.000000
 4.000000 0.257115 1.466387 0.000000
 4.200000 0.231224 5.106159 0.000000
 4.400000 0.225165 4.284031 0.000000
 4.600000 0.225755 4.384330 0.000000
 4.800000 0.232894 5.235143 0.000000
 5.000000 0.232681 5.221329 1.699559
 5.200000 0.198932 0.469123 1.699559
 5.400000 0.202667 0.800224 1.699559
 5.600000 0.215754 3.190719 1.699559
 5.800000 0.235574 6.702850 1.699559
 6.000000 0.238567 6.599100 1.699559
 6.200000 0.229995 7.453915 1.699559
 6.400000 0.242897 7.386626 1.699559
 6.600000 0.263504 2.688763 1.699559
 6.800000 0.268193 1.873873 1.699559
 7.000000 0.263357 2.717362 1.699559
 7.200000 0.242586 8.030082 1.699559
 7.400000 0.223733 6.030949 1.699559
 7.600000 0.215306 3.476907 1.699559
 7.800000 0.196770 0.358090 1.699559
 8.000000 0.201081 0.698066 1.699559
 8.200000 0.195275 1.851394 1.699559
 8.400000 0.179165 0.584026 1.699559
 8.600000 0.202751 2.568213 1.699559
 8.800000 0.227151 7.331563 1.699559
 9.000000 0.229175 7.710334 1.699559
 9.200000 0.210707 4.235013 1.699559
 9.400000 0.194184 1.834007 1.699559
 9.600000 0.204285 3.051550 1.699559
 9.800000 0.221146 7.016888 1.699559
 10.000000 0.213236 4.829863 4.202877
 10.200000 0.184317 1.159198 4.202877
 10.400000 0.191873 2.116145 4.202877
 10.600000 0.210142 5.493880 4.202877
 10.800000 0.201591 3.716466 4.202877
 11.000000 0.195363 2.647276 4.202877
 11.200000 0.202969 5.343010 4.202877
 11.400000 0.219657 8.294331 4.202877
 11.600000 0.217649 7.880106 4.202877
 11.800000 0.209906 6.410192 4.202877
 12.000000 0.174400 0.976808 4.202877
 12.200000 0.177645 2.991605 4.202877
 12.400000 0.215848 7.546945 4.202877
 12.600000 0.225262 9.360997 4.202877
 12.800000 0.236150 9.977005 4.202877
 13.000000 0.263218 4.389829 4.202877
 13.200000 0.272938 3.676120 4.202877
 13.400000 0.257992 6.886786 4.202877
 13.600000 0.274327 3.365877 4.202877
 13.800000 0.270954 4.124618 4.202877
 14.000000 0.258645 6.758410 4.202877
 14.200000 0.268679 5.673333 4.202877
 14.400000 0.267303 6.041519 4.202877
 14.600000 0.274036 4.194456 4.202877
 14.800000 0.260402 7.694363 4.202877
 15.000000 0.236196 10.676570 6.041846
 15.200000 0.232839 11.607401 6.041846
 15.400000 0.241625 11.492945 6.041846
 15.600000 0.246051 10.907672 6.041846
 15.800000 0.258568 8.424779 6.041846
 16.000000 0.285504 1.541479 6.041846
 16.200000 0.281947 3.816505 6.041846
 16.400000 0.278175 4.568327 6.041846
 16.600000 0.259506 8.565725 6.041846
 16.800000 0.260907 8.288509 6.041846
 17.000000 0.269226 6.524450 6.041846
 17.200000 0.262841 9.090794 6.041846
 17.400000 0.252556 10.571330 6.041846
 17.600000 0.249771 10.918714 6.041846
 17.800000 0.257139 9.966691 6.041846
 18.000000 0.235566 11.861422 6.041846
 18.200000 0.216109 8.512574 6.041846
 18.400000 0.208551 6.711393 6.041846
 18.600000 0.189363 4.232830 6.041846
 18.800000 0.196933 5.057785 6.041846
 19.000000 0.227126 11.663171 6.041846
 19.200000 0.251838 11.500780 6.041846
 19.400000 0.270193 7.700608 6.041846
 19.600000 0.281858 4.757519 6.041846
 19.800000 0.265158 8.856762 6.041846
 20.000000 0.251160 11.634389 8.562335
 20.200000 0.232425 14.095599 8.562335
 20.400000 0.219621 10.570379 8.562335
 20.600000 0.210650 7.735192 8.562335
 20.800000 0.212475 8.242209 8.562335
 21.000000 0.181778 3.432595 8.562335
 21.200000 0.207676 7.345335 8.562335
 21.400000 0.228557 13.367259 8.562335
 21.600000 0.220051 10.774746 8.562335
 21.800000 0.206917 7.209214 8.562335
 22.000000 0.214462 8.979449 8.562335
 22.200000 0.197677 6.773414 8.562335
 22.400000 0.183392 5.234825 8.562335
 22.600000 0.186381 5.570749 8.562335
 22.800000 0.181839 5.049025 8.562335
 23.000000 0.188079 5.750835 8.562335
 23.200000 0.201879 8.228287 8.562335
 23.400000 0.202965 8.339782 8.562335
 23.600000 0.187789 7.074737 8.562335
 23.800000 0.180289 6.037435 8.562335
 24.000000 0.182977 6.464099 8.562335
 24.200000 0.192969 8.587524 8.562335
 24.400000 0.202536 8.853725 8.562335
 24.600000 0.220892 12.300892 8.562335
 24.800000 0.208856 9.480560 8.562335
 25.000000 0.200379 8.758811 9.354290
 25.200000 0.206752 10.285239 9.354290
 25.400000 0.188240 9.208919 9.354290
 25.600000 0.182608 8.306883 9.354290
 25.800000 0.173304 5.971055 9.354290
 26.000000 0.182211 8.227016 9.354290
 26.200000 0.193852 10.585409 9.354290
 26.400000 0.210553 10.900953 9.354290
 26.600000 0.230153 14.593205 9.354290
 26.800000 0.239526 14.694518 9.354290
 27.000000 0.239650 14.682638 9.354290
 27.200000 0.249440 13.822712 9.354290
 27.400000 0.249793 13.739636 9.354290
 27.600000 0.260659 10.986736 9.354290
 27.800000 0.270016 8.331119 9.354290
 28.000000 0.269862 8.376830 9.354290
 28.200000 0.242006 15.515854 9.354290
 28.400000 0.216316 12.077797 9.354290
 28.600000 0.233059 15.729465 9.354290
 28.800000 0.244597 15.154644 9.354290
 29.000000 0.241497 15.574820 9.354290
 29.200000 0.247039 15.560107 9.354290
 29.400000 0.257318 13.215193 9.354290
 29.600000 0.266590 10.725929 9.354290
 29.800000 0.262603 11.854570 9.354290
 30.000000 0.245141 15.916972 11.657817
 30.200000 0.241110 17.321408 11.657817
 30.400000 0.252841 15.042402 11.657817
 30.600000 0.243518 17.039109 11.657817
 30.800000 0.263207 12.105991 11.657817
 31.000000 0.258301 13.556850 11.657817
 31.200000 0.265315 12.302970 11.657817
 31.400000 0.266398 11.923750 11.657817
 31.600000 0.253015 15.896358 11.657817
 31.800000 0.259577 14.143771 11.657817
 32.000000 0.264339 12.636343 11.657817
 32.200000 0.264714 13.505593 11.657817
 32.400000 0.286263 5.001733 11.657817
 32.600000 0.295006 2.554323 11.657817
 32.800000 0.280254 7.257159 11.657817
 33.000000 0.288400 4.304696 11.657817
 33.200000 0.276599 9.837089 11.657817
 33.400000 0.293589 4.239925 11.657817
 33.600000 0.298688 2.971513 11.657817
 33.800000 0.279089 8.925369 11.657817
 34.000000 0.271133 11.818009 11.657817
 34.200000 0.258446 16.311291 11.657817
 34.400000 0.254258 17.041293 11.657817
 34.600000 0.251478 17.446482 11.657817
 34.800000 0.243847 18.192759 11.657817
 35.000000 0.256015 16.754441 13.378228
 35.200000 0.272387 12.859334 13.378228
 35.400000 0.309837 1.081949 13.378228
 35.600000 0.336343 0.008046 13.378228
 35.800000 0.320428 0.256814 13.378228
 36.000000 0.304056 1.987563 13.378228
 36.200000 0.285074 8.338664 13.378228
 36.400000 0.290050 6.808721 13.378228
 36.600000 0.316181 1.636778 13.378228
 36.800000 0.327850 0.523044 13.378228
 37.000000 0.320113 1.171704 13.378228
 37.200000 0.298632 5.282043 13.378228
 37.400000 0.288319 7.485429 13.378228
 37.600000 0.286962 7.870656 13.378228
 37.800000 0.269350 14.129108 13.378228
 38.000000 0.282090 9.432300 13.378228
 38.200000 0.290630 7.861594 13.378228
 38.400000 0.301731 5.311416 13.378228
 38.600000 0.307089 4.458742 13.378228
 38.800000 0.292724 7.290251 13.378228
 39.000000 0.287256 8.868561 13.378228
 39.200000 0.289189 9.447735 13.378228
 39.400000 0.288628 9.620160 13.378228
 39.600000 0.282679 11.503705 13.378228
 39.800000 0.284704 10.855565 13.378228
 40.000000 0.289855 9.244793 13.714340
 40.200000 0.293482 9.301124 13.714340
 40.400000 0.306140 5.770505 13.714340
 40.600000 0.316143 3.761210 13.714340
 40.800000 0.341685 0.655202 13.714340
 41.000000 0.325304 2.392229 13.714340
 41.200000 0.301253 7.460694 13.714340
 41.400000 0.306893 6.331921 13.714340
 41.600000 0.314819 5.220334 13.714340
 41.800000 0.318041 4.850624 13.714340
 42.000000 0.317001 4.968219 13.714340
 42.200000 0.297198 9.040752 13.714340
 42.400000 0.275735 14.478124 13.714340
 42.600000 0.293947 9.762955 13.714340
 42.800000 0.306657 7.477956 13.714340
 43.000000 0.297780 8.920277 13.714340
 43.200000 0.290107 11.735509 13.714340
 43.400000 0.292993 11.106839 13.714340
 43.600000 0.288583 12.070000 13.714340
 43.800000 0.279856 13.987717 13.714340
 44.000000 0.289760 11.811492 13.714340
 44.200000 0.289660 12.867378 13.714340
 44.400000 0.308899 8.567372 13.714340
 44.600000 0.335053 3.236639 13.714340
 44.800000 0.345611 1.278274 13.714340
 45.000000 0.334261 3.414303 13.872798
 45.200000 0.348221 1.923914 13.872798
 45.400000 0.365412 0.231693 13.872798
 45.600000 0.378330 0.017380 13.872798
 45.800000 0.369628 0.111772 13.872798
 46.000000 0.350088 1.614976 13.872798
 46.200000 0.350273 3.214466 13.872798
 46.400000 0.338348 5.177147 13.872798
 46.600000 0.338596 5.135635 13.872798
 46.800000 0.358299 2.043842 13.872798
 47.000000 0.369329 0.831659 13.872798
 47.200000 0.352697 3.752971 13.872798
 47.400000 0.330875 6.431188 13.872798
 47.600000 0.312872 8.442987 13.872798
 47.800000 0.307890 9.110994 13.872798
 48.000000 0.309406 8.886650 13.872798
 48.200000 0.313107 9.558425 13.872798
 48.400000 0.316894 9.049277 13.872798
 48.600000 0.326124 7.671824 13.872798
 48.800000 0.343594 4.767244 13.872798
 49.000000 0.340346 5.237588 13.872798
 49.200000 0.327908 8.352693 13.872798
 49.400000 0.302756 11.139996 13.872798
 49.600000 0.299568 11.657242 13.872798
 49.800000 0.326126 8.554708 13.872798
 50.000000 0.336632 7.185875 13.878664
 50.200000 0.350129 5.972580 13.878664
 50.400000 0.332692 8.974214 13.878664
 50.600000 0.333082 8.928865 13.878664
 50.800000 0.316335 10.015090 13.878664
 51.000000 0.284006 14.321142 13.878664
 51.200000 0.277297 16.227750 13.878664
 51.400000 0.273876 16.659710 13.878664
 51.600000 0.298072 12.551121 13.878664
 51.800000 0.296952 12.778614 13.878664
 52.000000 0.290581 14.069544 13.878664
 52.200000 0.248467 18.794880 13.878664
 52.400000 0.213747 11.821011 13.878664
 52.600000 0.210158 11.151095 13.878664
 52.800000 0.204648 10.650138 13.878664
 53.000000 0.184081 9.789712 13.878664
 53.200000 0.187947 11.395511 13.878664
 53.400000 0.207528 11.171874 13.878664
 53.600000 0.223025 14.680557 13.878664
 53.800000 0.212859 11.806633 13.878664
 54.000000 0.211361 11.558257 13.878664
 54.200000 0.212298 12.750985 13.878664
 54.400000 0.222009 15.145282 13.878664
 54.600000 0.212188 12.732716 13.878664
 54.800000 0.202848 12.003235 13.878664
 55.000000 0.223243 15.519070 14.715617
 55.200000 0.247469 19.124653 14.715617
 55.400000 0.265655 17.792466 14.715617
 55.600000 0.287653 15.537027 14.715617
 55.800000 0.259742 18.212750 14.715617
 56.000000 0.259434 18.234584 14.715617
 56.200000 0.275164 17.500436 14.715617
 56.400000 0.275432 17.468538 14.715617
 56.600000 0.287547 15.687916 14.715617
 56.800000 0.275186 17.497822 14.715617
 57.000000 0.259571 19.001559 14.715617
 57.200000 0.249033 20.208942 14.715617
 57.400000 0.219950 15.437093 14.715617
 57.600000 0.201113 12.294702 14.715617
 57.800000 0.222883 16.360943 14.715617
 58.000000 0.228106 17.948414 14.715617
 58.200000 0.206419 12.854219 14.715617
 58.400000 0.211857 13.780104 14.715617
 58.600000 0.231161 19.502499 14.715617
 58.800000 0.217861 15.433299 14.715617
 59.000000 0.209781 13.357683 14.715617
 59.200000 0.215407 15.589938 14.715617
 59.400000 0.246201 20.665928 14.715617
 59.600000 0.268114 18.929439 14.715617
 59.800000 0.303724 12.146412 14.715617
 60.000000 0.300041 12.964767 16.190340
 60.200000 0.262776 19.585643 16.190340
 60.400000 0.253890 20.259906 16.190340
 60.600000 0.235500 20.474641 16.190340
 60.800000 0.211031 14.563224 16.190340
 61.000000 0.191182 12.528364 16.190340
 61.200000 0.200467 14.045296 16.190340
 61.400000 0.220026 17.060740 16.190340
 61.600000 0.204304 14.229055 16.190340
 61.800000 0.204254 14.225894 16.190340
 62.000000 0.213337 15.406388 16.190340
 62.200000 0.210985 15.842166 16.190340
 62.400000 0.199331 14.573855 16.190340
 62.600000 0.201138 14.703321 16.190340
 62.800000 0.202652 14.819971 16.190340
 63.000000 0.207778 15.353080 16.190340
 63.200000 0.190340 14.153880 16.190340
 63.400000 0.185736 13.122124 16.190340
 63.600000 0.181203 11.720293 16.190340
 63.800000 0.156413 2.214873 16.190340
 64.000000 0.156642 2.271258 16.190340
 64.200000 0.169064 7.786369 16.190340
 64.400000 0.172448 9.057261 16.190340
 64.600000 0.174088 9.672681 16.190340
 64.800000 0.190987 14.381504 16.190340
 65.000000 0.210569 16.638870 16.767676
 65.200000 0.237102 21.172123 16.767676
 65.400000 0.212961 17.866915 16.767676
 65.600000 0.213510 17.961758 16.767676
 65.800000 0.202404 16.359114 16.767676
 66.000000 0.198369 15.859652 16.767676
 66.200000 0.207144 17.696258 16.767676
 66.400000 0.217159 19.018976 16.767676
 66.600000 0.217556 19.081176 16.767676
 66.800000 0.221137 19.657419 16.767676
 67.000000 0.228791 20.749783 16.767676
 67.200000 0.206380 17.839672 16.767676
 67.400000 0.174247 10.010412 16.767676
 67.600000 0.179064 11.915754 16.767676
 67.800000 0.176981 11.107272 16.767676
 68.000000 0.183574 13.514026 16.767676
 68.200000 0.197204 17.276889 16.767676
 68.400000 0.198754 17.437732 16.767676
 68.600000 0.211432 18.725653 16.767676
 68.800000 0.220945 20.273069 16.767676
 69.000000 0.209699 18.504144 16.767676
 69.200000 0.221740 20.967766 16.767676
 69.400000 0.242969 21.532240 16.767676
 69.600000 0.240490 21.741236 16.767676
 69.800000 0.243061 21.523786 16.767676
 70.000000 0.235711 21.983841 18.008330
 70.200000 0.239456 22.451691 18.008330
 70.400000 0.243630 22.042174 18.008330
 70.600000 0.237339 22.583814 18.008330
 70.800000 0.214769 20.187631 18.008330
 71.000000 0.185429 15.253576 18.008330
 71.200000 0.196941 18.464275 18.008330
 71.400000 0.215290 20.394821 18.008330
 71.600000 0.210442 19.740157 18.008330
 71.800000 0.209804 19.666804 18.008330
 72.000000 0.226575 22.151396 18.008330
 72.200000 0.259810 20.169924 18.008330
 72.400000 0.275303 18.196560 18.008330
 72.600000 0.274088 18.352843 18.008330
 72.800000 0.268908 19.024033 18.008330
 73.000000 0.247544 21.810983 18.008330
 73.200000 0.225872 22.945073 18.008330
 73.400000 0.212096 20.393654 18.008330
 73.600000 0.209949 20.062961 18.008330
 73.800000 0.207937 19.788394 18.008330
 74.000000 0.217751 21.420731 18.008330
 74.200000 0.208584 20.432384 18.008330
 74.400000 0.214556 21.475458 18.008330
 74.600000 0.196588 18.760560 18.008330
 74.800000 0.180580 14.411248 18.008330
 75.000000 0.179434 13.924003 19.259994
 75.200000 0.191909 18.600198 19.259994
 75.400000 0.199193 19.526931 19.259994
 75.600000 0.229518 23.918105 19.259994
 75.800000 0.244396 23.060252 19.259994
 76.000000 0.226271 23.585440 19.259994
 76.200000 0.203103 20.104979 19.259994
 76.400000 0.209598 21.046520 19.259994
 76.600000 0.197043 19.390919 19.259994
 76.800000 0.168376 9.433207 19.259994
 77.000000 0.168850 9.670898 19.259994
 77.200000 0.167436 10.100133 19.259994
 77.400000 0.156285 5.180135 19.259994
 77.600000 0.155885 5.036907 19.259994
 77.800000 0.136997 0.924645 19.259994
 78.000000 0.153957 4.382759 19.259994
 78.200000 0.156793 6.779458 19.259994
 78.400000 0.154392 5.963932 19.259994
 78.600000 0.145615 3.446929 19.259994
 78.800000 0.145323 3.375545 19.259994
 79.000000 0.157247 6.940166 19.259994
 79.200000 0.179097 16.415990 19.259994
 79.400000 0.208882 20.957790 19.259994
 79.600000 0.207924 20.810651 19.259994
 79.800000 0.185801 18.170810 19.259994
 80.000000 0.180928 16.969882 19.735945
 80.200000 0.180521 17.673075 19.735945
 80.400000 0.183800 18.533477 19.735945
 80.600000 0.203700 20.523443 19.735945
 80.800000 0.209590 21.203032 19.735945
 81.000000 0.203463 20.503812 19.735945
 81.200000 0.212034 22.193250 19.735945
 81.400000 0.222045 23.859747 19.735945
 81.600000 0.219796 23.490321 19.735945
 81.800000 0.193327 20.432539 19.735945
 82.000000 0.167318 12.614575 19.735945
 82.200000 0.170875 15.126950 19.735945
 82.400000 0.185688 19.746435 19.735945
 82.600000 0.205194 21.396667 19.735945
 82.800000 0.216912 22.994316 19.735945
 83.000000 0.218640 23.292576 19.735945
 83.200000 0.203757 21.659106 19.735945
 83.400000 0.189127 20.347009 19.735945
 83.600000 0.182730 19.167742 19.735945
 83.800000 0.186286 19.909734 19.735945
 84.000000 0.177054 17.501446 19.735945
 84.200000 0.172219 16.443216 19.735945
 84.400000 0.154331 8.314694 19.735945
 84.600000 0.160207 10.942879 19.735945
 84.800000 0.176323 18.047706 19.735945
 85.000000 0.168061 14.604673 20.436351
 85.200000 0.155662 9.541259 20.436351
 85.400000 0.162621 12.921378 20.436351
 85.600000 0.173611 17.868777 20.436351
 85.800000 0.189460 21.288991 20.436351
 86.000000 0.183196 20.564038 20.436351
 86.200000 0.201871 22.076918 20.436351
 86.400000 0.223629 24.705528 20.436351
 86.600000 0.223139 24.643389 20.436351
 86.800000 0.199693 22.035274 20.436351
 87.000000 0.212382 22.986325 20.436351
 87.200000 0.206161 22.871000 20.436351
 87.400000 0.192317 22.269213 20.436351
 87.600000 0.177885 20.020402 20.436351
 87.800000 0.179058 20.375549 20.436351
 88.000000 0.203212 22.644478 20.436351
 88.200000 0.224213 25.474445 20.436351
 88.400000 0.216627 24.674685 20.436351
 88.600000 0.193983 22.849530 20.436351
 88.800000 0.199798 23.100069 20.436351
 89.000000 0.220936 25.183040 20.436351
 89.200000 0.236926 25.291938 20.436351
 89.400000 0.250683 22.394031 20.436351
 89.600000 0.246362 23.316307 20.436351
 89.800000 0.248005 22.956196 20.436351
 90.000000 0.262560 20.287963 21.619029
 90.200000 0.258477 21.645706 21.619029
 90.400000 0.261915 21.101447 21.619029
 90.600000 0.279483 18.101587 21.619029
 90.800000 0.282995 17.511082 21.619029
 91.000000 0.275359 18.800893 21.619029
 91.200000 0.275562 19.523362 21.619029
 91.400000 0.247902 23.558363 21.619029
 91.600000 0.223973 26.041108 21.619029
 91.800000 0.208453 24.109881 21.619029
 92.000000 0.186234 22.199496 21.619029
 92.200000 0.174274 19.302339 21.619029
 92.400000 0.160643 12.338770 21.619029
 92.600000 0.160811 12.428402 21.619029
 92.800000 0.185657 22.758501 21.619029
 93.000000 0.209631 24.448988 21.619029
 93.200000 0.238322 25.361022 21.619029
 93.400000 0.256573 22.291238 21.619029
 93.600000 0.250827 23.096557 21.619029
 93.800000 0.252619 22.827224 21.619029
 94.000000 0.259863 21.872984 21.619029
 94.200000 0.251870 23.510369 21.619029
 94.400000 0.213108 25.438757 21.619029
 94.600000 0.203876 24.496093 21.619029
 94.800000 0.213181 25.447363 21.619029
 95.000000 0.236365 25.876531 22.572683
 95.200000 0.225139 26.939362 22.572683
 95.400000 0.218750 26.349887 22.572683
 95.600000 0.220644 26.568887 22.572683
 95.800000 0.208953 25.069541 22.572683
 96.000000 0.211053 25.330550 22.572683
 96.200000 0.214065 26.288740 22.572683
 96.400000 0.203694 25.034458 22.572683
 96.600000 0.203437 25.008634 22.572683
 96.800000 0.210513 25.826917 22.572683
 97.000000 0.213002 26.151358 22.572683
 97.200000 0.210883 26.415199 22.572683
 97.400000 0.204050 25.527433 22.572683
 97.600000 0.198600 24.913646 22.572683
 97.800000 0.215524 27.011059 22.572683
 98.000000 0.212375 26.615046 22.572683
 98.200000 0.212728 27.196124 22.572683
 98.400000 0.206048 26.264688 22.572683
 98.600000 0.195736 24.900739 22.572683
 98.800000 0.206176 26.282812 22.572683
 99.000000 0.219042 27.864308 22.572683
 99.200000 0.229346 28.257127 22.572683
 99.400000 0.226678 28.470865 22.572683
 99.600000 0.229518 28.238764 22.572683
 99.800000 0.240957 26.137150 22.572683
 100.000000 0.237341 26.931411 24.230192
 100.200000 0.246361 25.392972 24.230192
 100.400000 0.245797 25.520203 24.230192
 100.600000 0.240698 26.709716 24.230192
 100.800000 0.234215 28.064794 24.230192
 101.000000 0.220356 28.733550 24.230192
 101.200000 0.205554 26.885876 24.230192
 101.400000 0.195390 25.132221 24.230192
 101.600000 0.203489 26.502332 24.230192
 101.800000 0.191422 24.487194 24.230192
 102.000000 0.186085 23.442744 24.230192
 102.200000 0.169454 17.388526 24.230192
 102.400000 0.176984 21.092097 24.230192
 102.600000 0.169129 17.212259 24.230192
 102.800000 0.162188 13.343956 24.230192
 103.000000 0.145139 5.056499 24.230192
 103.200000 0.163695 14.835627 24.230192
 103.400000 0.155840 11.005251 24.230192
 103.600000 0.169626 17.848043 24.230192
 103.800000 0.149604 8.248323 24.230192
 104.000000 0.159019 12.510669 24.230192
 104.200000 0.157884 12.964852 24.230192
 104.400000 0.160559 14.260564 24.230192
 104.600000 0.157269 12.668984 24.230192
 104.800000 0.157158 12.615926 24.230192
 105.000000 0.158952 13.480837 24.706732
 105.200000 0.157701 13.833412 24.706732
 105.400000 0.166865 18.159668 24.706732
 105.600000 0.171731 20.250332 24.706732
 105.800000 0.201531 26.544317 24.706732
 106.000000 0.200475 26.394387 24.706732
 106.200000 0.185504 24.692827 24.706732
 106.400000 0.146048 8.156512 24.706732
 106.600000 0.140565 5.724121 24.706732
 106.800000 0.149513 9.817542 24.706732
 107.000000 0.149748 9.932223 24.706732
 107.200000 0.155347 13.736425 24.706732
 107.400000 0.161779 16.631352 24.706732
 107.600000 0.183238 24.275615 24.706732
 107.800000 0.197337 26.513660 24.706732
 108.000000 0.210074 28.354967 24.706732
 108.200000 0.200634 27.363778 24.706732
 108.400000 0.200736 27.379665 24.706732
 108.600000 0.206483 28.293888 24.706732
 108.800000 0.208277 28.577457 24.706732
 109.000000 0.198052 26.966388 24.706732
 109.200000 0.183710 24.819313 24.706732
 109.400000 0.205372 28.583375 24.706732
 109.600000 0.221735 30.058241 24.706732
 109.800000 0.209942 29.214644 24.706732
 110.000000 0.199529 27.716288 25.752283
 110.200000 0.205293 29.044792 25.752283
 110.400000 0.197883 27.973202 25.752283
 110.600000 0.198368 28.048377 25.752283
 110.800000 0.225455 30.025718 25.752283
 111.000000 0.253451 24.013678 25.752283
 111.200000 0.232955 29.133339 25.752283
 111.400000 0.208396 29.443508 25.752283
 111.600000 0.204063 28.880139 25.752283
 111.800000 0.212723 29.907463 25.752283
 112.000000 0.212505 29.887236 25.752283
 112.200000 0.209375 30.010687 25.752283
 112.400000 0.212410 30.340426 25.752283
 112.600000 0.218202 30.686986 25.752283
 112.800000 0.218642 30.695348 25.752283
 113.000000 0.222307 30.653359 25.752283
 113.200000 0.219746 31.144172 25.752283
 113.400000 0.203708 29.426555 25.752283
 113.600000 0.190084 26.810514 25.752283
 113.800000 0.196165 28.053788 25.752283
 114.000000 0.210353 30.450001 25.752283
 114.200000 0.225845 31.109631 25.752283
 114.400000 0.223252 31.366075 25.752283
 114.600000 0.206461 30.318191 25.752283
 114.800000 0.196874 28.489429 25.752283
 115.000000 0.206498 30.324375 27.173742
 115.200000 0.209360 31.211177 27.173742
 115.400000 0.205514 30.609626 27.173742
 115.600000 0.181561 24.738161 27.173742
 115.800000 0.173239 21.617439 27.173742
 116.000000 0.163000 17.230576 27.173742
 116.200000 0.163217 18.138729 27.173742
 116.400000 0.191717 27.779089 27.173742
 116.600000 0.186732 26.566318 27.173742
 116.800000 0.168675 20.459828 27.173742
 117.000000 0.175714 23.173199 27.173742
 117.200000 0.188873 27.529225 27.173742
 117.400000 0.180289 25.316142 27.173742
 117.600000 0.171428 22.161296 27.173742
 117.800000 0.159273 16.688977 27.173742
 118.000000 0.165434 19.595099 27.173742
 118.200000 0.171219 22.755144 27.173742
 118.400000 0.169433 22.044483 27.173742
 118.600000 0.174037 23.799446 27.173742
 118.800000 0.165714 20.451989 27.173742
 119.000000 0.184419 26.799284 27.173742
 119.200000 0.200050 30.108507 27.173742
 119.400000 0.196437 29.535567 27.173742
 119.600000 0.188850 28.247007 27.173742
 119.800000 0.199849 30.076922 27.173742
 120.000000 0.186747 27.835055 27.546359
 120.200000 0.166885 21.447142 27.546359
 120.400000 0.128620 2.451272 27.546359
 120.600000 0.136566 5.260157 27.546359
 120.800000 0.143373 8.627754 27.546359
 121.000000 0.149045 11.823457 27.546359
 121.200000 0.169867 23.213096 27.546359
 121.400000 0.171347 23.806744 27.546359
 121.600000 0.182831 27.518646 27.546359
 121.800000 0.172632 24.303797 27.546359
 122.000000 0.168459 22.628982 27.546359
 122.200000 0.176607 26.272556 27.546359
 122.400000 0.158960 18.768449 27.546359
 122.600000 0.150938 14.262877 27.546359
 122.800000 0.160595 19.611320 27.546359
 123.000000 0.161080 19.856222 27.546359
 123.200000 0.145343 11.326453 27.546359
 123.400000 0.139508 7.824367 27.546359
 123.600000 0.143381 10.111061 27.546359
 123.800000 0.141045 8.707924 27.546359
 124.000000 0.151607 15.250721 27.546359
 124.200000 0.188020 29.086964 27.546359
 124.400000 0.208592 31.514899 27.546359
 124.600000 0.218207 31.952251 27.546359
 124.800000 0.197321 30.219114 27.546359
 125.000000 0.183540 28.399187 27.771554
 125.200000 0.174669 26.804459 27.771554
 125.400000 0.177176 27.510938 27.771554
 125.600000 0.193911 30.206448 27.771554
 125.800000 0.172318 26.061506 27.771554
 126.000000 0.135003 5.959413 27.771554
 126.200000 0.133560 6.584573 27.771554
 126.400000 0.139277 9.620652 27.771554
 126.600000 0.135173 7.388162 27.771554
 126.800000 0.144407 12.651293 27.771554
 127.000000 0.143682 12.215520 27.771554
 127.200000 0.142400 12.459109 27.771554
 127.400000 0.136741 9.124710 27.771554
 127.600000 0.128927 5.186444 27.771554
 127.800000 0.131882 6.545507 27.771554
 128.000000 0.139332 10.625896 27.771554
 128.200000 0.131594 7.359038 27.771554
 128.400000 0.128128 5.675156 27.771554
 128.600000 0.130593 6.850094 27.771554
 128.800000 0.134751 9.064017 27.771554
 129.000000 0.151579 18.562641 27.771554
 129.200000 0.156897 21.712035 27.771554
 129.400000 0.156911 21.717905 27.771554
 129.600000 0.135549 9.946012 27.771554
 129.800000 0.154151 20.542151 27.771554
 130.000000 0.162750 23.852456 27.817482
 130.200000 0.171297 26.915330 27.817482
 130.400000 0.151911 19.957010 27.817482
 130.600000 0.122386 3.541452 27.817482
 130.800000 0.140722 13.331233 27.817482
 131.000000 0.141509 13.834099 27.817482
 131.200000 0.128772 6.914281 27.817482
 131.400000 0.130156 7.673566 27.817482
 131.600000 0.146867 18.045742 27.817482
 131.800000 0.160021 23.940807 27.817482
 132.000000 0.166829 25.944343 27.817482
 132.200000 0.157685 23.582110 27.817482
 132.400000 0.151023 20.583953 27.817482
 132.600000 0.157644 23.566195 27.817482
 132.800000 0.154105 22.080986 27.817482
 133.000000 0.164943 25.981813 27.817482
 133.200000 0.166615 26.985461 27.817482
 133.400000 0.157513 24.001625 27.817482
 133.600000 0.131806 8.708589 27.817482
 133.800000 0.110260 0.931795 27.817482
 134.000000 0.107410 0.609771 27.817482
 134.200000 0.128313 7.360665 27.817482
 134.400000 0.133231 9.971192 27.817482
 134.600000 0.140185 14.335196 27.817482
 134.800000 0.126392 6.499185 27.817482
 135.000000 0.117278 3.673913 27.935045
 135.200000 0.120615 5.927444 27.935045
 135.400000 0.115174 4.749992 27.935045
 135.600000 0.129034 8.799962 27.935045
 135.800000 0.165356 26.653220 27.935045
 136.000000 0.193190 30.437649 27.935045
 136.200000 0.201485 31.433327 27.935045
 136.400000 0.199382 31.284598 27.935045
 136.600000 0.180625 29.851501 27.935045
 136.800000 0.156538 23.670029 27.935045
 137.000000 0.131981 10.175324 27.935045
 137.200000 0.162060 25.869958 27.935045
 137.400000 0.164199 26.504003 27.935045
 137.600000 0.190479 30.723289 27.935045
 137.800000 0.185495 30.361467 27.935045
 138.000000 0.185220 30.337710 27.935045
 138.200000 0.191189 31.185827 27.935045
 138.400000 0.196620 31.439427 27.935045
 138.600000 0.192207 31.235570 27.935045
 138.800000 0.191121 31.182370 27.935045
 139.000000 0.191605 31.206408 27.935045
 139.200000 0.185140 31.180792 27.935045
 139.400000 0.178805 30.326915 27.935045
 139.600000 0.174323 29.442608 27.935045
 139.800000 0.192694 31.693461 27.935045
 140.000000 0.194983 31.788804 28.840071
 140.200000 0.196359 32.264619 28.840071
 140.400000 0.201062 32.410289 28.840071
 140.600000 0.207290 32.551421 28.840071
 140.800000 0.200251 32.387537 28.840071
 141.000000 0.204296 32.492069 28.840071
 141.200000 0.200823 32.804339 28.840071
 141.400000 0.193085 32.443168 28.840071
 141.600000 0.181437 31.148940 28.840071
 141.800000 0.161252 25.836141 28.840071
 142.000000 0.141397 16.450460 28.840071
 142.200000 0.141424 17.306727 28.840071
 142.400000 0.159613 25.654761 28.840071
 142.600000 0.163532 26.883675 28.840071
 142.800000 0.166598 27.761333 28.840071
 143.000000 0.164582 27.191221 28.840071
 143.200000 0.175999 30.504083 28.840071
 143.400000 0.184890 31.890786 28.840071
 143.600000 0.194549 32.599214 28.840071
 143.800000 0.198077 32.741476 28.840071
 144.000000 0.189288 32.294932 28.840071
 144.200000 0.179882 31.549927 28.840071
 144.400000 0.197869 33.086371 28.840071
 144.600000 0.179673 31.512852 28.840071
 144.800000 0.184333 32.220269 28.840071
 145.000000 0.198194 33.093631 29.715503
 145.200000 0.207653 33.489928 29.715503
 145.400000 0.225995 31.686662 29.715503
 145.600000 0.232255 30.232816 29.715503
 145.800000 0.220336 32.600429 29.715503
 146.000000 0.189594 33.072179 29.715503
 146.200000 0.199322 33.840777 29.715503
 146.400000 0.199503 33.841092 29.715503
 146.600000 0.210783 33.534203 29.715503
 146.800000 0.212390 33.436338 29.715503
 147.000000 0.209804 33.586828 29.715503
 147.200000 0.196686 34.081595 29.715503
 147.400000 0.191887 33.827476 29.715503
 147.600000 0.216293 33.474307 29.715503
 147.800000 0.217256 33.365610 29.715503
 148.000000 0.218380 33.227209 29.715503
 148.200000 0.225976 32.279877 29.715503
 148.400000 0.237678 28.949766 29.715503
 148.600000 0.221106 33.228188 29.715503
 148.800000 0.188323 33.549459 29.715503
 149.000000 0.172799 30.379449 29.715503
 149.200000 0.171825 30.561419 29.715503
 149.400000 0.148217 21.397268 29.715503
 149.600000 0.109692 4.305087 29.715503
 149.800000 0.120304 6.987127 29.715503
 150.000000 0.133097 12.644476 30.577297
 150.200000 0.132723 13.434919 30.577297
 150.400000 0.139168 17.088847 30.577297
 150.600000 0.139792 17.445718 30.577297
 150.800000 0.147016 21.391583 30.577297
 151.000000 0.140435 17.811985 30.577297
 151.200000 0.122422 8.871027 30.577297
 151.400000 0.118485 7.314050 30.577297
 151.600000 0.124383 9.748497 30.577297
 151.800000 0.128988 12.053771 30.577297
 152.000000 0.141981 19.471747 30.577297
 152.200000 0.137178 17.418938 30.577297
 152.400000 0.122598 9.265295 30.577297
 152.600000 0.108890 4.563874 30.577297
 152.800000 0.088559 1.042414 30.577297
 153.000000 0.106912 4.093456 30.577297
 153.200000 0.126671 11.900570 30.577297
 153.400000 0.134899 16.298781 30.577297
 153.600000 0.128431 12.765888 30.577297
 153.800000 0.119558 8.972660 30.577297
 154.000000 0.138941 18.613297 30.577297
 154.200000 0.150308 24.863500 30.577297
 154.400000 0.161991 28.422966 30.577297
 154.600000 0.157433 27.201442 30.577297
 154.800000 0.156712 26.995085 30.577297
 155.000000 0.153435 25.980247 30.617510
 155.200000 0.170272 30.768721 30.617510
 155.400000 0.173782 31.530056 30.617510
 155.600000 0.171953 31.137360 30.617510
 155.800000 0.199121 34.419030 30.617510
 156.000000 0.200002 34.435092 30.617510
 156.200000 0.194191 34.607360 30.617510
 156.400000 0.180285 32.955137 30.617510
 156.600000 0.166664 29.997442 30.617510
 156.800000 0.181127 33.107695 30.617510
 157.000000 0.212738 34.443709 30.617510
 157.200000 0.237553 29.100156 30.617510
 157.400000 0.253711 24.671256 30.617510
 157.600000 0.229626 31.623607 30.617510
 157.800000 0.226749 32.420728 30.617510
 158.000000 0.233396 30.461303 30.617510
 158.200000 0.228866 32.273335 30.617510
 158.400000 0.212899 34.984275 30.617510
 158.600000 0.215363 34.781172 30.617510
 158.800000 0.206686 35.211595 30.617510
 159.000000 0.191717 34.595952 30.617510
 159.200000 0.172248 31.439017 30.617510
 159.400000 0.149605 25.129501 30.617510
 159.600000 0.133909 16.691490 30.617510
 159.800000 0.141987 21.461580 30.617510
 160.000000 0.161767 28.901281 31.553907
 160.200000 0.166187 30.440104 31.553907
 160.400000 0.153597 27.016441 31.553907
 160.600000 0.144554 23.070701 31.553907
 160.800000 0.174338 32.278555 31.553907
 161.000000 0.178586 33.169014 31.553907
 161.200000 0.188103 35.008686 31.553907
 161.400000 0.200065 35.596048 31.553907
 161.600000 0.199982 35.595424 31.553907
 161.800000 0.171899 32.100695 31.553907
 162.000000 0.158673 28.741733 31.553907
 162.200000 0.149770 26.016757 31.553907
 162.400000 0.140442 21.015950 31.553907
 162.600000 0.165433 30.976002 31.553907
 162.800000 0.186150 34.880505 31.553907
 163.000000 0.169208 31.839973 31.553907
 163.200000 0.173586 33.193876 31.553907
 163.400000 0.186555 35.141480 31.553907
 163.600000 0.201078 35.652004 31.553907
 163.800000 0.199564 35.656458 31.553907
 164.000000 0.188757 35.317804 31.553907
 164.200000 0.198477 35.946456 31.553907
 164.400000 0.197879 35.949270 31.553907
 164.600000 0.198114 35.948397 31.553907
 164.800000 0.188555 35.666369 31.553907
 165.000000 0.195349 35.937468 32.382465
 165.200000 0.204873 36.081265 32.382465
 165.400000 0.204946 36.077380 32.382465
 165.600000 0.193570 36.254155 32.382465
 165.800000 0.201783 36.216594 32.382465
 166.000000 0.184408 35.543651 32.382465
 166.200000 0.181193 35.415793 32.382465
 166.400000 0.190467 36.450888 32.382465
 166.600000 0.204007 36.277739 32.382465
 166.800000 0.186289 36.125496 32.382465
 167.000000 0.180616 35.314625 32.382465
 167.200000 0.173888 34.211493 32.382465
 167.400000 0.171103 33.493106 32.382465
 167.600000 0.161624 30.781683 32.382465
 167.800000 0.164193 31.558823 32.382465
 168.000000 0.174175 34.282539 32.382465
 168.200000 0.193698 36.964526 32.382465
 168.400000 0.186824 36.779461 32.382465
 168.600000 0.172860 34.330461 32.382465
 168.800000 0.166989 32.703262 32.382465
 169.000000 0.179962 35.910483 32.382465
 169.200000 0.191736 37.231325 32.382465
 169.400000 0.212084 35.674953 32.382465
 169.600000 0.225931 33.130154 32.382465
 169.800000 0.223335 33.752615 32.382465
 170.000000 0.237927 29.417018 33.224860
 170.200000 0.241139 28.799693 33.224860
 170.400000 0.250855 25.836427 33.224860
 170.600000 0.243731 27.939246 33.224860
 170.800000 0.248153 26.579587 33.224860
 171.000000 0.238234 29.784979 33.224860
 171.200000 0.220105 34.878416 33.224860
 171.400000 0.229586 32.922758 33.224860
 171.600000 0.223523 34.294224 33.224860
 171.800000 0.212944 35.793339 33.224860
 172.000000 0.198495 36.993552 33.224860
 172.200000 0.192453 37.541418 33.224860
 172.400000 0.209416 36.399016 33.224860
 172.600000 0.217949 35.336270 33.224860
 172.800000 0.219618 35.077027 33.224860
 173.000000 0.237443 30.527387 33.224860
 173.200000 0.241178 29.682750 33.224860
 173.400000 0.252734 25.916118 33.224860
 173.600000 0.251567 26.252516 33.224860
 173.800000 0.248072 27.327361 33.224860
 174.000000 0.234911 31.811333 33.224860
 174.200000 0.223825 34.936817 33.224860
 174.400000 0.214878 36.081899 33.224860
 174.600000 0.225549 34.629259 33.224860
 174.800000 0.244247 28.958029 33.224860
 175.000000 0.229085 33.873068 33.752205
 175.200000 0.209073 36.763620 33.752205
 175.400000 0.220196 35.800139 33.752205
 175.600000 0.225466 35.020774 33.752205
 175.800000 0.210072 36.693112 33.752205
 176.000000 0.229681 34.114642 33.752205
 176.200000 0.249434 27.475942 33.752205
 176.400000 0.275235 20.301722 33.752205
 176.600000 0.263768 23.200229 33.752205
 176.800000 0.238284 31.749384 33.752205
 177.000000 0.243736 29.629007 33.752205
 177.200000 0.246438 29.041689 33.752205
 177.400000 0.244103 29.952629 33.752205
 177.600000 0.245688 29.332206 33.752205
 177.800000 0.251577 27.142634 33.752205
 178.000000 0.263352 23.508070 33.752205
 178.200000 0.255692 26.314658 33.752205
 178.400000 0.269699 22.338678 33.752205
 178.600000 0.258765 25.419957 33.752205
 178.800000 0.253275 27.051216 33.752205
 179.000000 0.265824 23.427868 33.752205
 179.200000 0.249039 28.774646 33.752205
 179.400000 0.236793 32.938063 33.752205
 179.600000 0.243197 30.753730 33.752205
 179.800000 0.269034 23.128445 33.752205
 180.000000 0.279648 20.025927 33.904243
 180.200000 0.280099 20.613723 33.904243
 180.400000 0.269837 23.473464 33.904243
 180.600000 0.257545 26.541266 33.904243
 180.800000 0.256093 26.902589 33.904243
 181.000000 0.259137 26.152342 33.904243
 181.200000 0.265251 25.159022 33.904243
 181.400000 0.256006 27.458717 33.904243
 181.600000 0.248622 29.418916 33.904243
 181.800000 0.250258 28.951299 33.904243
 182.000000 0.242408 31.354620 33.904243
 182.200000 0.238994 32.872658 33.904243
 182.400000 0.257279 27.413057 33.904243
 182.600000 0.283674 19.731388 33.904243
 182.800000 0.294422 16.335281 33.904243
 183.000000 0.292336 17.004792 33.904243
 183.200000 0.276140 22.517413 33.904243
 183.400000 0.267665 24.822895 33.904243
 183.600000 0.271737 23.725359 33.904243
 183.800000 0.276527 22.410782 33.904243
 184.000000 0.289739 18.640175 33.904243
 184.200000 0.303157 14.791403 33.904243
 184.400000 0.308356 13.143441 33.904243
 184.600000 0.295004 17.673236 33.904243
 184.800000 0.278897 22.344186 33.904243
 185.000000 0.288211 19.863540 33.954492
 185.200000 0.284081 21.716370 33.954492
 185.400000 0.266584 25.592080 33.954492
 185.600000 0.240955 32.262393 33.954492
 185.800000 0.240620 32.368205 33.954492
 186.000000 0.233094 34.522666 33.954492
 186.200000 0.241797 32.311729 33.954492
 186.400000 0.241833 32.299784 33.954492
 186.600000 0.260922 26.876655 33.954492
 186.800000 0.241726 32.335213 33.954492
 187.000000 0.255725 28.104497 33.954492
 187.200000 0.268593 25.532470 33.954492
 187.400000 0.260538 27.439144 33.954492
 187.600000 0.251181 29.797986 33.954492
 187.800000 0.256553 28.399662 33.954492
 188.000000 0.256275 28.468280 33.954492
 188.200000 0.251677 30.130920 33.954492
 188.400000 0.248477 31.003297 33.954492
 188.600000 0.242599 32.710352 33.954492
 188.800000 0.234010 35.007143 33.954492
 189.000000 0.250201 30.526679 33.954492
 189.200000 0.252770 30.287642 33.954492
 189.400000 0.264653 27.167484 33.954492
 189.600000 0.282305 22.410443 33.954492
 189.800000 0.273177 24.844706 33.954492
 190.000000 0.245116 32.394045 34.213851
 190.200000 0.239215 34.409229 34.213851
 190.400000 0.231565 35.993924 34.213851
 190.600000 0.220219 36.902713 34.213851
 190.800000 0.233991 35.575406 34.213851
 191.000000 0.260919 28.402742 34.213851
 191.200000 0.259846 29.195062 34.213851
 191.400000 0.254537 30.615245 34.213851
 191.600000 0.272145 25.577840 34.213851
 191.800000 0.280098 23.247152 34.213851
 192.000000 0.272665 25.422254 34.213851
 192.200000 0.266187 27.882724 34.213851
 192.400000 0.265279 28.137593 34.213851
 192.600000 0.264438 28.370618 34.213851
 192.800000 0.228851 36.413683 34.213851
 193.000000 0.224274 36.766874 34.213851
 193.200000 0.229474 36.666015 34.213851
 193.400000 0.231348 36.412990 34.213851
 193.600000 0.214947 37.289245 34.213851
 193.800000 0.215704 37.286172 34.213851
 194.000000 0.247714 32.644307 34.213851
 194.200000 0.254406 31.332403 34.213851
 194.400000 0.253041 31.681990 34.213851
 194.600000 0.241112 34.735400 34.213851
 194.800000 0.243782 34.068377 34.213851
 195.000000 0.239803 35.047175 34.563860
 195.200000 0.248278 33.220155 34.563860
 195.400000 0.251471 32.355374 34.563860
 195.600000 0.254046 31.658477 34.563860
 195.800000 0.246070 33.815789 34.563860
 196.000000 0.235248 36.362116 34.563860
 196.200000 0.235714 36.622996 34.563860
 196.400000 0.239329 35.857812 34.563860
 196.600000 0.264342 28.774713 34.563860
 196.800000 0.262208 29.430713 34.563860
 197.000000 0.258001 30.681753 34.563860
 197.200000 0.254939 31.998705 34.563860
 197.400000 0.251604 32.917737 34.563860
 197.600000 0.238445 36.250771 34.563860
 197.800000 0.223905 37.743144 34.563860
 198.000000 0.215430 37.575965 34.563860
 198.200000 0.196875 37.779139 34.563860
 198.400000 0.205013 37.730691 34.563860
 198.600000 0.214556 37.880879 34.563860
 198.800000 0.212956 37.839130 34.563860
 199.000000 0.220286 38.014276 34.563860
 199.200000 0.247454 34.134673 34.563860
 199.400000 0.266208 28.578443 34.563860
 199.600000 0.257816 31.200345 34.563860
 199.800000 0.249906 33.447650 34.563860
 200.000000 0.231703 37.762098 35.265360
 200.200000 0.234768 37.590160 35.265360
 200.400000 0.247055 34.438866 35.265360
 200.600000 0.255542 31.949976 35.265360
 200.800000 0.254337 32.304678 35.265360
 201.000000 0.244201 35.265969 35.265360
 201.200000 0.259868 30.855107 35.265360
 201.400000 0.262211 30.083740 35.265360
 201.600000 0.268312 27.995531 35.265360
 201.800000 0.270892 27.095551 35.265360
 202.000000 0.263919 29.508501 35.265360
 202.200000 0.280418 24.118806 35.265360
 202.400000 0.296470 18.055693 35.265360
 202.600000 0.278907 24.650097 35.265360
 202.800000 0.278726 24.714089 35.265360
 203.000000 0.300944 16.211682 35.265360
 203.200000 0.281309 24.165815 35.265360
 203.400000 0.282456 23.799862 35.265360
 203.600000 0.282265 23.860659 35.265360
 203.800000 0.326260 10.157248 35.265360
 204.000000 0.337271 8.466293 35.265360
 204.200000 0.302481 16.522361 35.265360
 204.400000 0.290507 21.130695 35.265360
 204.600000 0.267136 28.928263 35.265360
 204.800000 0.256071 32.476909 35.265360
 205.000000 0.241833 36.446491 35.504991
 205.200000 0.252502 33.776779 35.504991
 205.400000 0.270094 27.964994 35.504991
 205.600000 0.254470 33.185969 35.504991
 205.800000 0.256472 32.572469 35.504991
 206.000000 0.266412 29.265921 35.504991
 206.200000 0.281291 24.471884 35.504991
 206.400000 0.237320 37.886580 35.504991
 206.600000 0.234070 38.418752 35.504991
 206.800000 0.252015 34.221394 35.504991
 207.000000 0.265283 30.135018 35.504991
 207.200000 0.261208 31.940591 35.504991
 207.400000 0.276483 26.479296 35.504991
 207.600000 0.258529 32.752546 35.504991
 207.800000 0.249853 35.086922 35.504991
 208.000000 0.268717 29.367907 35.504991
 208.200000 0.271223 28.905857 35.504991
 208.400000 0.259180 32.946986 35.504991
 208.600000 0.281123 25.126401 35.504991
 208.800000 0.288804 22.205002 35.504991
 209.000000 0.256922 33.559643 35.504991
 209.200000 0.241455 37.453999 35.504991
 209.400000 0.220103 38.827471 35.504991
 209.600000 0.196808 37.899513 35.504991
 209.800000 0.184596 37.210837 35.504991
 210.000000 0.227512 39.035720 35.818893
 210.200000 0.275021 27.644573 35.818893
 210.400000 0.291880 21.013552 35.818893
 210.600000 0.272435 28.677326 35.818893
 210.800000 0.270127 29.589906 35.818893
 211.000000 0.271364 29.102882 35.818893
 211.200000 0.285607 23.801129 35.818893
 211.400000 0.299694 17.831289 35.818893
 211.600000 0.310017 13.937805 35.818893
 211.800000 0.306111 15.249479 35.818893
 212.000000 0.293887 20.343075 35.818893
 212.200000 0.282129 25.731133 35.818893
 212.400000 0.271420 29.788830 35.818893
 212.600000 0.253588 35.107361 35.818893
 212.800000 0.253799 35.059659 35.818893
 213.000000 0.258904 33.831104 35.818893
 213.200000 0.264601 32.537053 35.818893
 213.400000 0.289231 23.034812 35.818893
 213.600000 0.291844 21.950507 35.818893
 213.800000 0.258046 34.438480 35.818893
 214.000000 0.246043 37.027045 35.818893
 214.200000 0.292850 21.524590 35.818893
 214.400000 0.314447 13.053806 35.818893
 214.600000 0.284424 24.963644 35.818893
 214.800000 0.280390 26.551493 35.818893
 215.000000 0.280313 26.582030 36.021285
 215.200000 0.293484 21.615124 36.021285
 215.400000 0.285379 25.092716 36.021285
 215.600000 0.271502 30.560167 36.021285
 215.800000 0.258426 34.765285 36.021285
 216.000000 0.211463 38.482513 36.021285
 216.200000 0.170100 33.940391 36.021285
 216.400000 0.189608 37.800629 36.021285
 216.600000 0.228027 39.721358 36.021285
 216.800000 0.216693 39.202743 36.021285
 217.000000 0.224925 39.696988 36.021285
 217.200000 0.237798 39.105748 36.021285
 217.400000 0.254561 35.712744 36.021285
 217.600000 0.258764 34.704503 36.021285
 217.800000 0.255710 35.450210 36.021285
 218.000000 0.234831 39.529304 36.021285
 218.200000 0.215314 39.466402 36.021285
 218.400000 0.193967 38.078079 36.021285
 218.600000 0.186371 37.512065 36.021285
 218.800000 0.209524 38.911597 36.021285
 219.000000 0.198812 38.273372 36.021285
 219.200000 0.215620 39.666605 36.021285
 219.400000 0.198681 38.586289 36.021285
 219.600000 0.205896 38.916856 36.021285
 219.800000 0.215215 39.631142 36.021285
 220.000000 0.214324 39.553263 36.874325
 220.200000 0.206044 39.183514 36.874325
 220.400000 0.194168 38.511783 36.874325
 220.600000 0.190267 38.223014 36.874325
 220.800000 0.208378 39.354032 36.874325
 221.000000 0.232036 40.289716 36.874325
 221.200000 0.240425 39.253010 36.874325
 221.400000 0.246167 37.952772 36.874325
 221.600000 0.241376 39.050144 36.874325
 221.800000 0.258871 34.821053 36.874325
 222.000000 0.260003 34.502912 36.874325
 222.200000 0.263807 33.704596 36.874325
 222.400000 0.237185 39.995632 36.874325
 222.600000 0.219590 40.498305 36.874325
 222.800000 0.209042 39.495327 36.874325
 223.000000 0.222466 40.709775 36.874325
 223.200000 0.243175 38.959190 36.874325
 223.400000 0.256453 35.851380 36.874325
 223.600000 0.247715 37.923357 36.874325
 223.800000 0.232602 40.822347 36.874325
 224.000000 0.227124 41.128326 36.874325
 224.200000 0.245338 38.603743 36.874325
 224.400000 0.268919 31.883436 36.874325
 224.600000 0.265126 33.274147 36.874325
 224.800000 0.265060 33.297199 36.874325
 225.000000 0.267659 32.359762 37.519171
 225.200000 0.252214 37.192013 37.519171
 225.400000 0.244762 38.869866 37.519171
 225.600000 0.258662 35.644074 37.519171
 225.800000 0.241947 39.496014 37.519171
 226.000000 0.205767 39.481602 37.519171
 226.200000 0.214921 40.763190 37.519171
 226.400000 0.220651 41.308719 37.519171
 226.600000 0.251570 37.339324 37.519171
 226.800000 0.255982 36.320177 37.519171
 227.000000 0.240512 39.822149 37.519171
 227.200000 0.234078 41.253862 37.519171
 227.400000 0.227298 41.725740 37.519171
 227.600000 0.199728 39.270142 37.519171
 227.800000 0.174611 35.351597 37.519171
 228.000000 0.197732 39.111078 37.519171
 228.200000 0.223231 41.690830 37.519171
 228.400000 0.234029 41.276083 37.519171
 228.600000 0.216511 41.153623 37.519171
 228.800000 0.199409 39.549049 37.519171
 229.000000 0.208957 40.370309 37.519171
 229.200000 0.213499 41.117847 37.519171
 229.400000 0.214304 41.197991 37.519171
 229.600000 0.192964 39.169921 37.519171
 229.800000 0.205402 40.317477 37.519171
 230.000000 0.210198 40.783192 38.282002
 230.200000 0.210602 41.108159 38.282002
 230.400000 0.210014 41.049199 38.282002
 230.600000 0.191099 39.081116 38.282002
 230.800000 0.177862 36.412962 38.282002
 231.000000 0.198218 39.886623 38.282002
 231.200000 0.208307 41.114469 38.282002
 231.400000 0.204151 40.738695 38.282002
 231.600000 0.198800 40.240717 38.282002
 231.800000 0.200139 40.370298 38.282002
 232.000000 0.216673 41.821304 38.282002
 232.200000 0.197552 40.235416 38.282002
 232.400000 0.184753 38.267177 38.282002
 232.600000 0.191399 39.452761 38.282002
 232.800000 0.208259 41.342112 38.282002
 233.000000 0.202867 40.800211 38.282002
 233.200000 0.200579 40.845421 38.282002
 233.400000 0.212835 42.005664 38.282002
 233.600000 0.232417 41.866697 38.282002
 233.800000 0.203983 41.196750 38.282002
 234.000000 0.174331 35.531569 38.282002
 234.200000 0.160069 30.961989 38.282002
 234.400000 0.167275 33.545266 38.282002
 234.600000 0.182295 38.131380 38.282002
 234.800000 0.184330 38.595614 38.282002
 235.000000 0.177790 36.938829 38.835498
 235.200000 0.173068 35.809336 38.835498
 235.400000 0.170853 35.063324 38.835498
 235.600000 0.153622 28.441413 38.835498
 235.800000 0.157176 29.974338 38.835498
 236.000000 0.160997 31.488918 38.835498
 236.200000 0.172152 35.830611 38.835498
 236.400000 0.192626 40.274752 38.835498
 236.600000 0.193905 40.414857 38.835498
 236.800000 0.195323 40.560472 38.835498
 237.000000 0.188807 39.786713 38.835498
 237.200000 0.187369 39.863772 38.835498
 237.400000 0.186103 39.648982 38.835498
 237.600000 0.172468 36.095445 38.835498
 237.800000 0.154229 29.123129 38.835498
 238.000000 0.124265 11.439823 38.835498
 238.200000 0.110279 7.151337 38.835498
 238.400000 0.129446 15.242161 38.835498
 238.600000 0.145495 24.897132 38.835498
 238.800000 0.153438 28.911217 38.835498
 239.000000 0.139656 21.454238 38.835498
 239.200000 0.122101 11.811225 38.835498
 239.400000 0.128415 15.170466 38.835498
 239.600000 0.119003 10.414567 38.835498
 239.800000 0.128583 15.267796 38.835498
 240.000000 0.145763 25.665817 38.931303
 240.200000 0.133661 18.767810 38.931303
 240.400000 0.132327 17.903944 38.931303
 240.600000 0.133171 18.449721 38.931303
 240.800000 0.121844 11.844572 38.931303
 241.000000 0.134609 19.385540 38.931303
 241.200000 0.143254 25.444729 38.931303
 241.400000 0.147966 27.862879 38.931303
 241.600000 0.159124 32.153497 38.931303
 241.800000 0.158461 31.936973 38.931303
 242.000000 0.164834 33.957797 38.931303
 242.200000 0.185355 39.686002 38.931303
 242.400000 0.202347 41.404203 38.931303
 242.600000 0.202150 41.390662 38.931303
 242.800000 0.197536 41.058012 38.931303
 243.000000 0.196198 40.952950 38.931303
 243.200000 0.183903 39.631636 38.931303
 243.400000 0.171172 36.332357 38.931303
 243.600000 0.170372 36.089618 38.931303
 243.800000 0.179181 38.579380 38.931303
 244.000000 0.204233 41.778213 38.931303
 244.200000 0.207736 42.251651 38.931303
 244.400000 0.202304 41.930995 38.931303
 244.600000 0.183231 39.599131 38.931303
 244.800000 0.173479 37.052132 38.931303
 245.000000 0.196458 41.494034 39.376233
 245.200000 0.178114 38.497045 39.376233
 245.400000 0.170721 36.280621 39.376233
 245.600000 0.167704 35.327370 39.376233
 245.800000 0.178878 38.706696 39.376233
 246.000000 0.186450 40.446897 39.376233
 246.200000 0.204990 42.463923 39.376233
 246.400000 0.203319 42.396078 39.376233
 246.600000 0.208764 42.598667 39.376233
 246.800000 0.190810 41.424203 39.376233
 247.000000 0.187900 40.991780 39.376233
 247.200000 0.180757 39.717965 39.376233
 247.400000 0.198650 42.372276 39.376233
 247.600000 0.194293 42.071335 39.376233
 247.800000 0.194041 42.048910 39.376233
 248.000000 0.191909 41.832327 39.376233
 248.200000 0.182338 40.343801 39.376233
 248.400000 0.186723 41.322678 39.376233
 248.600000 0.177512 38.962632 39.376233
 248.800000 0.163030 34.029240 39.376233
 249.000000 0.164266 34.456743 39.376233
 249.200000 0.156533 32.054793 39.376233
 249.400000 0.149231 28.924490 39.376233
 249.600000 0.145744 27.134317 39.376233
 249.800000 0.142943 25.547732 39.376233
 250.000000 0.141666 24.782128 39.736346
 250.200000 0.148355 29.019737 39.736346
 250.400000 0.146885 28.289059 39.736346
 250.600000 0.143827 26.636973 39.736346
 250.800000 0.140273 24.498853 39.736346
 251.000000 0.126068 15.073406 39.736346
 251.200000 0.127642 16.955051 39.736346
 251.400000 0.117132 11.014923 39.736346
 251.600000 0.128450 17.471438 39.736346
 251.800000 0.169979 36.893799 39.736346
 252.000000 0.175597 38.676843 39.736346
 252.200000 0.192542 42.401800 39.736346
 252.400000 0.185916 41.549707 39.736346
 252.600000 0.166260 35.950422 39.736346
 252.800000 0.151771 30.855480 39.736346
 253.000000 0.145537 28.008183 39.736346
 253.200000 0.144640 28.046414 39.736346
 253.400000 0.165288 35.838120 39.736346
 253.600000 0.169005 37.009769 39.736346
 253.800000 0.161958 34.793059 39.736346
 254.000000 0.124003 14.894162 39.736346
 254.200000 0.129596 19.340726 39.736346
 254.400000 0.119299 13.065514 39.736346
 254.600000 0.126581 17.401502 39.736346
 254.800000 0.139183 25.426958 39.736346
 255.000000 0.131280 20.439544 39.788593
 255.200000 0.121886 15.109666 39.788593
 255.400000 0.129226 19.798086 39.788593
 255.600000 0.163704 35.433819 39.788593
 255.800000 0.165638 36.015247 39.788593
 256.000000 0.136954 24.734357 39.788593
 256.200000 0.120489 14.589612 39.788593
 256.400000 0.112163 9.965664 39.788593
 256.600000 0.123833 16.710589 39.788593
 256.800000 0.115187 11.525202 39.788593
 257.000000 0.111558 9.669994 39.788593
 257.200000 0.128147 20.196765 39.788593
 257.400000 0.120603 15.607296 39.788593
 257.600000 0.098919 5.385863 39.788593
 257.800000 0.104049 7.414681 39.788593
 258.000000 0.145177 29.706407 39.788593
 258.200000 0.191576 42.321364 39.788593
 258.400000 0.192613 42.412696 39.788593
 258.600000 0.171924 38.082469 39.788593
 258.800000 0.173167 38.444738 39.788593
 259.000000 0.174802 38.916551 39.788593
 259.200000 0.156309 33.991003 39.788593
 259.400000 0.151436 32.549578 39.788593
 259.600000 0.158875 34.687992 39.788593
 259.800000 0.146850 30.908055 39.788593
 260.000000 0.136319 25.621430 39.846846
 260.200000 0.134735 25.213413 39.846846
 260.400000 0.126329 19.720023 39.846846
 260.600000 0.116247 13.487827 39.846846
 260.800000 0.101579 6.449239 39.846846
 261.000000 0.098481 5.250235 39.846846
 261.200000 0.119196 15.731013 39.846846
 261.400000 0.120841 16.651695 39.846846
 261.600000 0.121223 16.870566 39.846846
 261.800000 0.125820 19.645533 39.846846
 262.000000 0.125347 19.349844 39.846846
 262.200000 0.144936 30.908640 39.846846
 262.400000 0.173900 38.991529 39.846846
 262.600000 0.156117 34.260361 39.846846
 262.800000 0.127860 21.663732 39.846846
 263.000000 0.115642 14.467829 39.846846
 263.200000 0.118659 17.007750 39.846846
 263.400000 0.132916 25.281467 39.846846
 263.600000 0.157046 34.504304 39.846846
 263.800000 0.183840 41.448359 39.846846
 264.000000 0.164045 36.227328 39.846846
 264.200000 0.169773 38.126507 39.846846
 264.400000 0.180288 40.885010 39.846846
 264.600000 0.163295 36.381438 39.846846
 264.800000 0.158111 35.080010 39.846846
 265.000000 0.162901 36.279999 39.899640
 265.200000 0.173659 39.474839 39.899640
 265.400000 0.160721 36.070423 39.899640
 265.600000 0.136093 27.165674 39.899640
 265.800000 0.134700 26.391313 39.899640
 266.000000 0.163548 36.794120 39.899640
 266.200000 0.178474 40.871742 39.899640
 266.400000 0.189343 42.506246 39.899640
 266.600000 0.162654 36.903445 39.899640
 266.800000 0.161954 36.722808 39.899640
 267.000000 0.174065 39.846171 39.899640
 267.200000 0.165586 37.913645 39.899640
 267.400000 0.153633 34.624493 39.899640
 267.600000 0.153843 34.687199 39.899640
 267.800000 0.177114 40.860978 39.899640
 268.000000 0.172248 39.684419 39.899640
 268.200000 0.156886 35.736000 39.899640
 268.400000 0.138636 28.637590 39.899640
 268.600000 0.133165 25.572095 39.899640
 268.800000 0.139644 29.159276 39.899640
 269.000000 0.155992 35.475277 39.899640
 269.200000 0.148921 33.506641 39.899640
 269.400000 0.155793 35.776867 39.899640
 269.600000 0.156063 35.856375 39.899640
 269.800000 0.161329 37.335371 39.899640
 270.000000 0.177497 41.355396 40.207130
 270.200000 0.164601 38.407988 40.207130
 270.400000 0.157678 36.437865 40.207130
 270.600000 0.158496 36.676910 40.207130
 270.800000 0.180819 42.229428 40.207130
 271.000000 0.187594 42.975508 40.207130
 271.200000 0.164822 38.550285 40.207130
 271.400000 0.149452 33.760178 40.207130
 271.600000 0.128756 22.999204 40.207130
 271.800000 0.128106 22.600721 40.207130
 272.000000 0.115261 15.199136 40.207130
 272.200000 0.111969 14.379507 40.207130
 272.400000 0.121074 19.220396 40.207130
 272.600000 0.134290 26.755514 40.207130
 272.800000 0.141276 30.404334 40.207130
 273.000000 0.151282 34.469680 40.207130
 273.200000 0.139544 29.833015 40.207130
 273.400000 0.150464 34.562111 40.207130
 273.600000 0.156110 36.376176 40.207130
 273.800000 0.163016 38.314900 40.207130
 274.000000 0.185015 43.048141 40.207130
 274.200000 0.184334 43.235643 40.207130
 274.400000 0.156976 36.673635 40.207130
 274.600000 0.159130 37.299728 40.207130
 274.800000 0.172809 41.059565 40.207130
 275.000000 0.170739 40.523325 40.559820
 275.200000 0.189260 43.719348 40.559820
 275.400000 0.207148 43.206180 40.559820
 275.600000 0.197588 43.601587 40.559820
 275.800000 0.209108 43.147846 40.559820
 276.000000 0.212216 43.078902 40.559820
 276.200000 0.194315 43.834137 40.559820
 276.400000 0.172025 41.152979 40.559820
 276.600000 0.157812 37.117407 40.559820
 276.800000 0.133244 26.362667 40.559820
 277.000000 0.116616 16.829565 40.559820
 277.200000 0.136896 28.772844 40.559820
 277.400000 0.161321 38.168780 40.559820
 277.600000 0.160641 37.970143 40.559820
 277.800000 0.164382 39.051858 40.559820
 278.000000 0.156324 36.684560 40.559820
 278.200000 0.175560 42.158215 40.559820
 278.400000 0.215113 43.286008 40.559820
 278.600000 0.192740 43.864776 40.559820
 278.800000 0.183473 43.444015 40.559820
 279.000000 0.201692 43.628046 40.559820
 279.200000 0.203076 43.827722 40.559820
 279.400000 0.192489 44.073388 40.559820
 279.600000 0.178124 42.739358 40.559820
 279.800000 0.185913 43.805808 40.559820
 280.000000 0.208951 43.625937 41.037375
 280.200000 0.206188 43.962373 41.037375
 280.400000 0.205269 43.991192 41.037375
 280.600000 0.206509 43.952354 41.037375
 280.800000 0.203036 44.061068 41.037375
 281.000000 0.170904 41.112231 41.037375
 281.200000 0.162168 38.976834 41.037375
 281.400000 0.178426 43.074735 41.037375
 281.600000 0.189354 44.247676 41.037375
 281.800000 0.165934 40.053936 41.037375
 282.000000 0.161669 38.830420 41.037375
 282.200000 0.169369 41.263482 41.037375
 282.400000 0.190908 44.336450 41.037375
 282.600000 0.186333 44.164054 41.037375
 282.800000 0.163141 39.568687 41.037375
 283.000000 0.162154 39.282975 41.037375
 283.200000 0.155583 37.527124 41.037375
 283.400000 0.141065 31.337644 41.037375
 283.600000 0.157201 38.064019 41.037375
 283.800000 0.163426 39.953369 41.037375
 284.000000 0.166275 40.738045 41.037375
 284.200000 0.163733 40.321039 41.037375
 284.400000 0.182470 44.098838 41.037375
 284.600000 0.202906 44.120866 41.037375
 284.800000 0.199912 44.238483 41.037375
 285.000000 0.172534 42.541014 41.388382
 285.200000 0.176412 43.546409 41.388382
 285.400000 0.188821 44.586180 41.388382
 285.600000 0.195876 44.453673 41.388382
 285.800000 0.199107 44.322701 41.388382
 286.000000 0.206756 43.992107 41.388382
 286.200000 0.218679 43.731597 41.388382
 286.400000 0.219778 43.669979 41.388382
 286.600000 0.210652 44.084501 41.388382
 286.800000 0.201302 44.456954 41.388382
 287.000000 0.212080 44.028763 41.388382
 287.200000 0.227871 43.085225 41.388382
 287.400000 0.223150 43.624645 41.388382
 287.600000 0.191489 44.816449 41.388382
 287.800000 0.178171 43.879934 41.388382
 288.000000 0.191048 44.814421 41.388382
 288.200000 0.209606 44.479308 41.388382
 288.400000 0.227070 43.206075 41.388382
 288.600000 0.236467 41.446715 41.388382
 288.800000 0.227053 43.208266 41.388382
 289.000000 0.223675 43.597821 41.388382
 289.200000 0.241218 40.388619 41.388382
 289.400000 0.268750 32.413627 41.388382
 289.600000 0.256114 36.504418 41.388382
 289.800000 0.246614 38.937382 41.388382
 290.000000 0.235290 41.904815 41.981940
 290.200000 0.258229 36.017876 41.981940
 290.400000 0.277796 28.651140 41.981940
 290.600000 0.274058 30.247384 41.981940
 290.800000 0.272359 30.962941 41.981940
 291.000000 0.292720 22.096500 41.981940
 291.200000 0.280705 27.877441 41.981940
 291.400000 0.272757 31.065093 41.981940
 291.600000 0.261333 35.155761 41.981940
 291.800000 0.262166 34.896882 41.981940
 292.000000 0.254179 37.148172 41.981940
 292.200000 0.229070 43.483682 41.981940
 292.400000 0.202456 44.905607 41.981940
 292.600000 0.197737 45.024174 41.981940
 292.800000 0.204315 44.852983 41.981940
 293.000000 0.220215 44.324396 41.981940
 293.200000 0.235453 42.434784 41.981940
 293.400000 0.234400 42.676474 41.981940
 293.600000 0.222414 44.427423 41.981940
 293.800000 0.232287 43.122133 41.981940
 294.000000 0.237332 41.978432 41.981940
 294.200000 0.225219 44.375483 41.981940
 294.400000 0.208411 44.959706 41.981940
 294.600000 0.222307 44.598341 41.981940
 294.800000 0.248553 39.176473 41.981940
 295.000000 0.232313 43.372132 42.264778
 295.200000 0.225759 44.553435 42.264778
 295.400000 0.235013 43.053058 42.264778
 295.600000 0.251884 38.376483 42.264778
 295.800000 0.243218 40.859631 42.264778
 296.000000 0.239926 41.795521 42.264778
 296.200000 0.218256 45.040266 42.264778
 296.400000 0.198413 45.127160 42.264778
 296.600000 0.214325 45.063104 42.264778
 296.800000 0.233204 43.694535 42.264778
 297.000000 0.221259 44.975731 42.264778
 297.200000 0.219634 45.252649 42.264778
 297.400000 0.225255 44.995180 42.264778
 297.600000 0.215590 45.280139 42.264778
 297.800000 0.191685 45.165223 42.264778
 298.000000 0.209568 45.232990 42.264778
 298.200000 0.215839 45.494312 42.264778
 298.400000 0.210648 45.475426 42.264778
 298.600000 0.195352 45.348182 42.264778
 298.800000 0.186812 45.064552 42.264778
 299.000000 0.193096 45.312198 42.264778
 299.200000 0.190278 45.465005 42.264778
 299.400000 0.205752 45.593247 42.264778
 299.600000 0.202354 45.596846 42.264778
 299.800000 0.185535 45.177666 42.264778
 300.000000 0.201809 45.597646 42.869655
 300.200000 0.207805 45.805763 42.869655
 300.400000 0.227641 44.943449 42.869655
 300.600000 0.235957 43.307832 42.869655
 300.800000 0.196381 45.801975 42.869655
 301.000000 0.183760 45.119570 42.869655
 301.200000 0.209345 45.850232 42.869655
 301.400000 0.232755 44.062319 42.869655
 301.600000 0.232106 44.196954 42.869655
 301.800000 0.221611 45.511587 42.869655
 302.000000 0.232567 44.101930 42.869655
 302.200000 0.250854 39.029459 42.869655
 302.400000 0.265858 34.063531 42.869655
 302.600000 0.277657 29.225104 42.869655
 302.800000 0.271659 31.730765 42.869655
 303.000000 0.284037 26.575792 42.869655
 303.200000 0.316922 12.748769 42.869655
 303.400000 0.321717 11.826174 42.869655
 303.600000 0.296453 21.348524 42.869655
 303.800000 0.287089 25.808917 42.869655
 304.000000 0.311436 14.349620 42.869655
 304.200000 0.328278 11.453131 42.869655
 304.400000 0.329006 11.338457 42.869655
 304.600000 0.305432 17.681909 42.869655
 304.800000 0.308185 16.508780 42.869655
 305.000000 0.309437 16.011565 43.047450
 305.200000 0.322269 13.046669 43.047450
 305.400000 0.307291 17.727496 43.047450
 305.600000 0.293090 23.943645 43.047450
 305.800000 0.305963 18.282779 43.047450
 306.000000 0.295834 22.769210 43.047450
 306.200000 0.296472 23.123580 43.047450
 306.400000 0.323878 12.814264 43.047450
 306.600000 0.320481 13.617540 43.047450
 306.800000 0.291922 25.041538 43.047450
 307.000000 0.271543 32.386392 43.047450
 307.200000 0.252787 38.696923 43.047450
 307.400000 0.255637 37.906579 43.047450
 307.600000 0.241173 42.116089 43.047450
 307.800000 0.238102 43.002138 43.047450
 308.000000 0.265635 34.883371 43.047450
 308.200000 0.286858 27.336162 43.047450
 308.400000 0.293095 24.781140 43.047450
 308.600000 0.286060 27.645786 43.047450
 308.800000 0.286035 27.655188 43.047450
 309.000000 0.280062 29.918385 43.047450
 309.200000 0.279261 30.681988 43.047450
 309.400000 0.260186 37.145125 43.047450
 309.600000 0.236189 43.572634 43.047450
 309.800000 0.233019 44.302574 43.047450
 310.000000 0.258550 37.580781 43.060890
 310.200000 0.243763 41.688461 43.060890
 310.400000 0.247798 40.604530 43.060890
 310.600000 0.253261 39.229353 43.060890
 310.800000 0.255254 38.741296 43.060890
 311.000000 0.262097 36.930494 43.060890
 311.200000 0.264496 36.535688 43.060890
 311.400000 0.266825 35.763291 43.060890
 311.600000 0.244302 41.707853 43.060890
 311.800000 0.239273 43.010092 43.060890
 312.000000 0.248387 40.673245 43.060890
 312.200000 0.253032 39.839356 43.060890
 312.400000 0.253070 39.830123 43.060890
 312.600000 0.274666 32.878657 43.060890
 312.800000 0.271357 34.196771 43.060890
 313.000000 0.274017 33.139689 43.060890
 313.200000 0.284331 29.268620 43.060890
 313.400000 0.268459 35.678025 43.060890
 313.600000 0.276817 32.401479 43.060890
 313.800000 0.287049 28.096924 43.060890
 314.000000 0.276705 32.447463 43.060890
 314.200000 0.261697 38.111721 43.060890
 314.400000 0.285500 29.115965 43.060890
 314.600000 0.305752 19.138692 43.060890
 314.800000 0.305409 19.305014 43.060890
 315.000000 0.295144 24.541631 43.108714
 315.200000 0.282243 30.939407 43.108714
 315.400000 0.282951 30.651056 43.108714
 315.600000 0.291893 26.727440 43.108714
 315.800000 0.301741 21.677388 43.108714
 316.000000 0.304248 20.363735 43.108714
 316.200000 0.289917 28.097710 43.108714
 316.400000 0.284884 30.158145 43.108714
 316.600000 0.301855 22.314457 43.108714
 316.800000 0.298936 23.824577 43.108714
 317.000000 0.312647 17.027452 43.108714
 317.200000 0.302407 22.676149 43.108714
 317.400000 0.299135 24.268904 43.108714
 317.600000 0.300451 23.632636 43.108714
 317.800000 0.300201 23.754335 43.108714
 318.000000 0.310118 18.965924 43.108714
 318.200000 0.320164 15.590355 43.108714
 318.400000 0.323151 14.563407 43.108714
 318.600000 0.299427 24.711366 43.108714
 318.800000 0.282484 31.330915 43.108714
 319.000000 0.302072 23.491097 43.108714
 319.200000 0.309985 20.313521 43.108714
 319.400000 0.328527 13.041686 43.108714
 319.600000 0.339449 9.909238 43.108714
 319.800000 0.326649 13.625776 43.108714
 320.000000 0.298459 25.744061 43.083186
 320.200000 0.319356 16.409650 43.083186
 320.400000 0.345221 8.282507 43.083186
 320.600000 0.336945 10.633228 43.083186
 320.800000 0.329752 12.735162 43.083186
 321.000000 0.318853 16.618088 43.083186
 321.200000 0.333517 12.133173 43.083186
 321.400000 0.322125 16.131216 43.083186
 321.600000 0.303683 24.368294 43.083186
 321.800000 0.321547 16.358291 43.083186
 322.000000 0.328856 13.680174 43.083186
 322.200000 0.308105 22.676621 43.083186
 322.400000 0.334214 12.800714 43.083186
 322.600000 0.348751 7.803433 43.083186
 322.800000 0.351530 6.926947 43.083186
 323.000000 0.337949 11.509503 43.083186
 323.200000 0.337229 12.806604 43.083186
 323.400000 0.341571 11.263569 43.083186
 323.600000 0.330356 15.041345 43.083186
 323.800000 0.325959 16.390457 43.083186
 324.000000 0.346104 9.586682 43.083186
 324.200000 0.354580 7.578740 43.083186
 324.400000 0.359268 6.012166 43.083186
 324.600000 0.358411 6.282086 43.083186
 324.800000 0.333477 14.856004 43.083186
 325.000000 0.319238 18.775262 43.056692
 325.200000 0.314324 21.158160 43.056692
 325.400000 0.325027 17.805529 43.056692
 325.600000 0.359908 5.833094 43.056692
 325.800000 0.362650 5.034535 43.056692
 326.000000 0.353484 8.026979 43.056692
 326.200000 0.361349 6.468550 43.056692
 326.400000 0.355510 8.504096 43.056692
 326.600000 0.355698 8.435375 43.056692
 326.800000 0.362727 6.025356 43.056692
 327.000000 0.357554 7.766956 43.056692
 327.200000 0.356581 9.350557 43.056692
 327.400000 0.341168 14.304999 43.056692
 327.600000 0.318617 19.849538 43.056692
 327.800000 0.288971 30.126093 43.056692
 328.000000 0.295799 27.999114 43.056692
 328.200000 0.314330 21.445358 43.056692
 328.400000 0.318545 20.029807 43.056692
 328.600000 0.322388 18.895403 43.056692
 328.800000 0.333131 16.280102 43.056692
 329.000000 0.353462 10.451588 43.056692
 329.200000 0.369603 5.592178 43.056692
 329.400000 0.360774 8.843766 43.056692
 329.600000 0.360181 9.070293 43.056692
 329.800000 0.338042 15.762883 43.056692
 330.000000 0.336178 16.133414 43.031756
 330.200000 0.347563 14.088881 43.031756
 330.400000 0.347424 14.133506 43.031756
 330.600000 0.354868 11.443137 43.031756
 330.800000 0.357927 10.220928 43.031756
 331.000000 0.356346 10.857016 43.031756
 331.200000 0.342965 16.167415 43.031756
 331.400000 0.344691 15.764172 43.031756
 331.600000 0.334980 17.605125 43.031756
 331.800000 0.325195 19.112911 43.031756
 332.000000 0.323693 19.395681 43.031756
 332.200000 0.306553 24.942363 43.031756
 332.400000 0.304130 25.801576 43.031756
 332.600000 0.305937 25.159783 43.031756
 332.800000 0.303750 25.937237 43.031756
 333.000000 0.289896 30.382782 43.031756
 333.200000 0.277006 34.189355 43.031756
 333.400000 0.269391 36.338029 43.031756
 333.600000 0.263101 37.995711 43.031756
 333.800000 0.273312 35.223001 43.031756
 334.000000 0.287481 31.476039 43.031756
 334.200000 0.302459 26.975858 43.031756
 334.400000 0.290602 31.061919 43.031756
 334.600000 0.284232 32.724658 43.031756
 334.800000 0.277352 34.437692 43.031756
 335.000000 0.269082 36.627093 43.021076
 335.200000 0.272039 36.174667 43.021076
 335.400000 0.279555 34.147117 43.021076
 335.600000 0.283192 33.199923 43.021076
 335.800000 0.268872 37.024687 43.021076
 336.000000 0.254431 40.120396 43.021076
 336.200000 0.265357 38.130684 43.021076
 336.400000 0.283836 33.075320 43.021076
 336.600000 0.266016 37.964104 43.021076
 336.800000 0.243104 42.672347 43.021076
 337.000000 0.256210 40.087346 43.021076
 337.200000 0.281719 33.705989 43.021076
 337.400000 0.293231 30.395574 43.021076
 337.600000 0.306894 25.259894 43.021076
 337.800000 0.298394 28.579633 43.021076
 338.000000 0.288704 31.778197 43.021076
 338.200000 0.272908 36.475854 43.021076
 338.400000 0.279911 34.563684 43.021076
 338.600000 0.285428 33.109582 43.021076
 338.800000 0.299361 28.543768 43.021076
 339.000000 0.287489 32.547126 43.021076
 339.200000 0.293229 31.183722 43.021076
 339.400000 0.286258 33.295106 43.021076
 339.600000 0.271853 37.008248 43.021076
 339.800000 0.258846 39.997125 43.021076
 340.000000 0.237576 44.012857 43.149555
 340.200000 0.224443 45.884007 43.149555
 340.400000 0.227968 45.657589 43.149555
 340.600000 0.254032 40.973129 43.149555
 340.800000 0.283566 34.001159 43.149555
 341.000000 0.285554 33.483929 43.149555
 341.200000 0.289336 32.808585 43.149555
 341.400000 0.278074 35.745399 43.149555
 341.600000 0.275592 36.355476 43.149555
 341.800000 0.263213 39.307101 43.149555
 342.000000 0.262888 39.375303 43.149555
 342.200000 0.268409 38.414423 43.149555
 342.400000 0.283726 34.466111 43.149555
 342.600000 0.278198 35.894523 43.149555
 342.800000 0.270764 37.819755 43.149555
 343.000000 0.262698 39.717822 43.149555
 343.200000 0.249151 42.289957 43.149555
 343.400000 0.268017 38.790791 43.149555
 343.600000 0.297480 29.932869 43.149555
 343.800000 0.313655 23.087718 43.149555
 344.000000 0.305986 26.187451 43.149555
 344.200000 0.310050 24.986038 43.149555
 344.400000 0.317451 22.251835 43.149555
 344.600000 0.309595 25.175598 43.149555
 344.800000 0.320820 21.257094 43.149555
 345.000000 0.294648 31.481113 43.177316
 345.200000 0.269893 38.447190 43.177316
 345.400000 0.287945 34.018602 43.177316
 345.600000 0.308148 26.076791 43.177316
 345.800000 0.297242 30.915640 43.177316
 346.000000 0.292336 32.712080 43.177316
 346.200000 0.293052 32.880120 43.177316
 346.400000 0.278194 36.663963 43.177316
 346.600000 0.276834 36.969317 43.177316
 346.800000 0.278115 36.681557 43.177316
 347.000000 0.278617 36.569725 43.177316
 347.200000 0.285632 35.297080 43.177316
 347.400000 0.303043 28.807807 43.177316
 347.600000 0.314805 23.471008 43.177316
 347.800000 0.317595 22.448343 43.177316
 348.000000 0.309492 25.734586 43.177316
 348.200000 0.316867 23.195548 43.177316
 348.400000 0.313262 24.627600 43.177316
 348.600000 0.287231 35.069342 43.177316
 348.800000 0.302423 29.602013 43.177316
 349.000000 0.318790 22.508398 43.177316
 349.200000 0.314112 24.886167 43.177316
 349.400000 0.302189 30.057372 43.177316
 349.600000 0.311195 26.086124 43.177316
 349.800000 0.308426 27.289235 43.177316
 350.000000 0.303620 29.429866 43.165996
 350.200000 0.292919 33.954233 43.165996
 350.400000 0.291052 34.478348 43.165996
 350.600000 0.288743 35.054818 43.165996
 350.800000 0.279636 36.912742 43.165996
 351.000000 0.270827 38.725468 43.165996
 351.200000 0.276386 37.849391 43.165996
 351.400000 0.283597 36.361789 43.165996
 351.600000 0.293216 33.967598 43.165996
 351.800000 0.293802 33.782339 43.165996
 352.000000 0.277413 37.634548 43.165996
 352.200000 0.285595 36.218560 43.165996
 352.400000 0.287593 35.744331 43.165996
 352.600000 0.286972 35.895747 43.165996
 352.800000 0.263969 40.605408 43.165996
 353.000000 0.254882 41.803160 43.165996
 353.200000 0.257682 41.744394 43.165996
 353.400000 0.250451 42.597525 43.165996
 353.600000 0.249962 42.659700 43.165996
 353.800000 0.244308 43.475456 43.165996
 354.000000 0.251496 42.468991 43.165996
 354.200000 0.271147 39.531252 43.165996
 354.400000 0.262558 41.265250 43.165996
 354.600000 0.268147 40.192249 43.165996
 354.800000 0.273314 39.038158 43.165996
 355.000000 0.282963 36.874354 43.271099
 355.200000 0.273677 39.234671 43.271099
 355.400000 0.253817 42.508480 43.271099
 355.600000 0.257104 42.136631 43.271099
 355.800000 0.256818 42.170156 43.271099
 356.000000 0.263496 41.248338 43.271099
 356.200000 0.277692 38.542128 43.271099
 356.400000 0.250382 43.090783 43.271099
 356.600000 0.250846 43.040727 43.271099
 356.800000 0.286961 36.349510 43.271099
 357.000000 0.313354 25.638370 43.271099
 357.200000 0.313238 26.247189 43.271099
 357.400000 0.301159 31.675144 43.271099
 357.600000 0.295292 33.997722 43.271099
 357.800000 0.298284 32.868518 43.271099
 358.000000 0.304160 30.348420 43.271099
 358.200000 0.314677 25.986881 43.271099
 358.400000 0.337270 18.446015 43.271099
 358.600000 0.316742 25.100884 43.271099
 358.800000 0.304082 30.836405 43.271099
 359.000000 0.319697 23.906793 43.271099
 359.200000 0.337492 18.683707 43.271099
 359.400000 0.349017 14.974772 43.271099
 359.600000 0.356921 11.828037 43.271099
 359.800000 0.367961 7.065354 43.271099
 360.000000 0.378469 3.343705 43.279446
 360.200000 0.383751 3.469538 43.279446
 360.400000 0.370875 7.226051 43.279446
 360.600000 0.359306 11.465802 43.279446
 360.800000 0.372270 6.758132 43.279446
 361.000000 0.380204 4.371926 43.279446
 361.200000 0.380585 5.709702 43.279446
 361.400000 0.368113 9.229985 43.279446
 361.600000 0.356099 13.064451 43.279446
 361.800000 0.348378 15.554377 43.279446
 362.000000 0.325014 22.557370 43.279446
 362.200000 0.309734 29.090153 43.279446
 362.400000 0.315063 26.907307 43.279446
 362.600000 0.316596 26.299738 43.279446
 362.800000 0.324614 23.336733 43.279446
 363.000000 0.337904 19.065237 43.279446
 363.200000 0.334872 20.735897 43.279446
 363.400000 0.325445 23.579665 43.279446
 363.600000 0.318557 25.867432 43.279446
 363.800000 0.317193 26.354579 43.279446
 364.000000 0.356606 13.309300 43.279446
 364.200000 0.372326 8.607242 43.279446
 364.400000 0.375967 7.419086 43.279446
 364.600000 0.387850 3.938876 43.279446
 364.800000 0.384719 4.788380 43.279446
 365.000000 0.383669 5.085736 43.255247
 365.200000 0.389225 4.889061 43.255247
 365.400000 0.380541 7.367898 43.255247
 365.600000 0.371929 9.766988 43.255247
 365.800000 0.370596 10.146506 43.255247
 366.000000 0.368115 10.869797 43.255247
 366.200000 0.364339 13.064294 43.255247
 366.400000 0.362792 13.521545 43.255247
 366.600000 0.369073 11.663843 43.255247
 366.800000 0.372880 10.524740 43.255247
 367.000000 0.358423 14.816164 43.255247
 367.200000 0.351061 17.755546 43.255247
 367.400000 0.353279 17.173684 43.255247
 367.600000 0.349230 18.214821 43.255247
 367.800000 0.335964 21.186983 43.255247
 368.000000 0.319589 25.584725 43.255247
 368.200000 0.317908 26.710624 43.255247
 368.400000 0.316295 27.269299 43.255247
 368.600000 0.311973 28.836379 43.255247
 368.800000 0.320955 25.696284 43.255247
 369.000000 0.312109 28.785777 43.255247
 369.200000 0.328180 23.791001 43.255247
 369.400000 0.339830 20.656141 43.255247
 369.600000 0.328063 23.826182 43.255247
 369.800000 0.337094 21.341880 43.255247
 370.000000 0.337657 21.199077 43.232924
 370.200000 0.339563 21.397506 43.232924
 370.400000 0.330428 23.739225 43.232924
 370.600000 0.318522 27.246073 43.232924
 370.800000 0.325757 25.029632 43.232924
 371.000000 0.327083 24.653193 43.232924
 371.200000 0.315452 28.699965 43.232924
 371.400000 0.313352 29.377338 43.232924
 371.600000 0.317468 28.066164 43.232924
 371.800000 0.347700 19.478403 43.232924
 372.000000 0.360704 15.302845 43.232924
 372.200000 0.377048 10.171763 43.232924
 372.400000 0.362343 15.628376 43.232924
 372.600000 0.363889 15.089551 43.232924
 372.800000 0.367191 13.904480 43.232924
 373.000000 0.378205 9.722632 43.232924
 373.200000 0.380007 10.148784 43.232924
 373.400000 0.381306 9.628575 43.232924
 373.600000 0.374082 12.408650 43.232924
 373.800000 0.385131 8.068281 43.232924
 374.000000 0.391600 5.484367 43.232924
 374.200000 0.392887 6.370759 43.232924
 374.400000 0.402936 3.039559 43.232924
 374.600000 0.407175 2.017288 43.232924
 374.800000 0.379991 11.170477 43.232924
 375.000000 0.402896 3.050275 43.209155
 375.200000 0.411122 2.616460 43.209155
 375.400000 0.377838 12.274817 43.209155
 375.600000 0.359766 17.197368 43.209155
 375.800000 0.394763 6.997414 43.209155
 376.000000 0.411498 2.541369 43.209155
 376.200000 0.404487 5.554687 43.209155
 376.400000 0.412185 3.968664 43.209155
 376.600000 0.420191 2.485365 43.209155
 376.800000 0.427430 1.395024 43.209155
 377.000000 0.429699 1.121760 43.209155
 377.200000 0.434358 2.262957 43.209155
 377.400000 0.462328 0.155340 43.209155
 377.600000 0.446661 0.992872 43.209155
 377.800000 0.445583 1.088025 43.209155
 378.000000 0.450883 0.665131 43.209155
 378.200000 0.422151 3.894815 43.209155
 378.400000 0.413060 4.763626 43.209155
 378.600000 0.408304 5.375754 43.209155
 378.800000 0.417988 4.249434 43.209155
 379.000000 0.414417 4.611005 43.209155
 379.200000 0.408108 6.708066 43.209155
 379.400000 0.408785 6.635563 43.209155
 379.600000 0.393827 8.718872 43.209155
 379.800000 0.411711 6.326323 43.209155
 380.000000 0.438091 3.436776 43.185540
