#! FIELDS time d metad.bias metad.rct
 0.000000 0.234016 0.000000 0.000000
 0.200000 0.202132 0.000000 0.000000
 0.400000 0.186389 0.000000 0.000000
 0.600000 0.192374 0.000000 0.000000
 0.800000 0.222537 0.000000 0.000000
 1.000000 0.229317 0.000000 0.000000
 1.200000 0.212864 0.957348 0.000000
 1.400000 0.213886 1.029557 0.000000
 1.600000 0.236868 1.541328 0.000000
 1.800000 0.245919 0.946992 0.000000
 2.000000 0.255226 0.391106 0.000000
 2.200000 0.255144 2.114605 0.000000
 2.400000 0.255463 2.100016 0.000000
 2.600000 0.255111 2.116096 0.000000
 2.800000 0.241859 2.387867 0.000000
 3.000000 0.207641 0.621738 0.000000
 3.200000 0.183918 0.499622 0.000000
 3.400000 0.187472 0.719724 0.000000
 3.600000 0.200331 1.778833 0.000000
 3.800000 0.185108 0.567924 0.000000
 4.000000 0.191417 1.015556 0.000000
 4.200000 0.192789 2.793928 0.000000
 4.400000 0.180159 1.581066 0.000000
 4.600000 0.185240 2.112279 0.000000
 4.800000 0.231981 2.731796 0.000000
 5.000000 0.236933 2.617425 1.161223
 5.200000 0.209429 3.526955 1.161223
 5.400000 0.188114 2.401777 1.161223
 5.600000 0.214442 3.660731 1.161223
 5.800000 0.203588 3.373050 1.161223
 6.000000 0.187735 2.364994 1.161223
 6.200000 0.201524 4.334324 1.161223
 6.400000 0.215283 3.975754 1.161223
 6.600000 0.223877 4.082116 1.161223
 6.800000 0.198245 4.392408 1.161223
 7.000000 0.199676 4.375136 1.161223
 7.200000 0.207655 5.383666 1.161223
 7.400000 0.206173 5.495324 1.161223
 7.600000 0.226166 4.435616 1.161223
 7.800000 0.230207 4.387861 1.161223
 8.000000 0.233119 4.342941 1.161223
 8.200000 0.208719 5.682144 1.161223
 8.400000 0.196504 5.871393 1.161223
 8.600000 0.226970 5.751233 1.161223
 8.800000 0.232824 5.790379 1.161223
 9.000000 0.206304 5.775366 1.161223
 9.200000 0.206230 7.131217 1.161223
 9.400000 0.199494 7.152704 1.161223
 9.600000 0.206410 7.124309 1.161223
 9.800000 0.199328 7.145862 1.161223
 10.000000 0.190572 6.175414 3.364132
 10.200000 0.185699 6.445994 3.364132
 10.400000 0.169314 2.094606 3.364132
 10.600000 0.178239 4.369896 3.364132
 10.800000 0.197069 8.220263 3.364132
 11.000000 0.186608 6.670341 3.364132
 11.200000 0.166548 2.094364 3.364132
 11.400000 0.174450 4.255714 3.364132
 11.600000 0.170568 3.099688 3.364132
 11.800000 0.161410 1.149598 3.364132
 12.000000 0.162778 1.363859 3.364132
 12.200000 0.170582 4.541446 3.364132
 12.400000 0.168382 4.060676 3.364132
 12.600000 0.183845 7.849944 3.364132
 12.800000 0.207136 8.341145 3.364132
 13.000000 0.228298 6.318307 3.364132
 13.200000 0.234710 7.190353 3.364132
 13.400000 0.221117 7.848610 3.364132
 13.600000 0.209670 8.572109 3.364132
 13.800000 0.229502 7.583671 3.364132
 14.000000 0.251768 4.278935 3.364132
 14.200000 0.246750 6.644952 3.364132
 14.400000 0.226643 8.053165 3.364132
 14.600000 0.202058 9.300062 3.364132
 14.800000 0.187327 8.597283 3.364132
 15.000000 0.161299 2.772261 4.903438
 15.200000 0.167591 5.313498 4.903438
 15.400000 0.190162 9.293464 4.903438
 15.600000 0.176070 6.836650 4.903438
 15.800000 0.162481 4.503441 4.903438
 16.000000 0.160316 4.164939 4.903438
 16.200000 0.181191 8.406563 4.903438
 16.400000 0.196290 9.680303 4.903438
 16.600000 0.191556 9.585069 4.903438
 16.800000 0.205214 9.061381 4.903438
 17.000000 0.209633 8.610293 4.903438
 17.200000 0.216555 9.192759 4.903438
 17.400000 0.210807 9.689847 4.903438
 17.600000 0.197029 10.501025 4.903438
 17.800000 0.210026 9.764932 4.903438
 18.000000 0.199911 10.493629 4.903438
 18.200000 0.197952 11.599393 4.903438
 18.400000 0.207161 11.011301 4.903438
 18.600000 0.211546 10.430559 4.903438
 18.800000 0.198785 11.604558 4.903438
 19.000000 0.188968 10.690800 4.903438
 19.200000 0.184823 10.924917 4.903438
 19.400000 0.186186 11.229057 4.903438
 19.600000 0.166034 6.848779 4.903438
 19.800000 0.199318 12.457016 4.903438
 20.000000 0.225349 9.044407 7.443792
 20.200000 0.216294 10.994574 7.443792
 20.400000 0.197670 12.724124 7.443792
 20.600000 0.204733 12.360277 7.443792
 20.800000 0.227437 10.045682 7.443792
 21.000000 0.239218 8.599384 7.443792
 21.200000 0.238753 9.870255 7.443792
 21.400000 0.232066 10.667758 7.443792
 21.600000 0.225570 10.984612 7.443792
 21.800000 0.222697 11.070344 7.443792
 22.000000 0.225826 10.976640 7.443792
 22.200000 0.231029 11.751854 7.443792
 22.400000 0.228060 11.958368 7.443792
 22.600000 0.203058 12.914796 7.443792
 22.800000 0.192692 12.505611 7.443792
 23.000000 0.192054 12.417189 7.443792
 23.200000 0.213955 12.669152 7.443792
 23.400000 0.223304 12.223173 7.443792
 23.600000 0.223927 12.201625 7.443792
 23.800000 0.218164 12.414266 7.443792
 24.000000 0.209536 13.067565 7.443792
 24.200000 0.208186 14.178569 7.443792
 24.400000 0.205867 14.387032 7.443792
 24.600000 0.220293 13.081968 7.443792
 24.800000 0.221794 12.973524 7.443792
 25.000000 0.224485 12.775780 9.960809
 25.200000 0.239733 11.122363 9.960809
 25.400000 0.234639 12.376375 9.960809
 25.600000 0.218187 14.147680 9.960809
 25.800000 0.199088 14.870776 9.960809
 26.000000 0.168234 7.544775 9.960809
 26.200000 0.142474 2.405996 9.960809
 26.400000 0.154545 5.542110 9.960809
 26.600000 0.180441 11.691782 9.960809
 26.800000 0.191883 14.337705 9.960809
 27.000000 0.184142 12.655670 9.960809
 27.200000 0.177918 11.952681 9.960809
 27.400000 0.205144 15.304673 9.960809
 27.600000 0.212652 14.631763 9.960809
 27.800000 0.213874 14.531661 9.960809
 28.000000 0.215763 14.389193 9.960809
 28.200000 0.209255 15.774338 9.960809
 28.400000 0.208713 15.810992 9.960809
 28.600000 0.204804 16.037823 9.960809
 28.800000 0.206453 15.952335 9.960809
 29.000000 0.201382 16.137071 9.960809
 29.200000 0.191718 16.133605 9.960809
 29.400000 0.170900 10.164058 9.960809
 29.600000 0.164378 8.415191 9.960809
 29.800000 0.153300 5.327133 9.960809
 30.000000 0.163576 8.201896 11.929166
 30.200000 0.174336 12.085343 11.929166
 30.400000 0.177557 12.911976 11.929166
 30.600000 0.188602 15.739503 11.929166
 30.800000 0.180602 13.722140 11.929166
 31.000000 0.205034 16.879257 11.929166
 31.200000 0.228995 14.337140 11.929166
 31.400000 0.231793 13.710499 11.929166
 31.600000 0.214184 16.702524 11.929166
 31.800000 0.209363 17.307517 11.929166
 32.000000 0.211533 17.048359 11.929166
 32.200000 0.177694 13.166168 11.929166
 32.400000 0.153660 6.407637 11.929166
 32.600000 0.162443 9.125330 11.929166
 32.800000 0.173816 12.081902 11.929166
 33.000000 0.174057 12.146595 11.929166
 33.200000 0.174063 13.167075 11.929166
 33.400000 0.186386 16.534236 11.929166
 33.600000 0.204112 18.618549 11.929166
 33.800000 0.219469 16.685364 11.929166
 34.000000 0.245281 9.659740 11.929166
 34.200000 0.259595 5.522805 11.929166
 34.400000 0.262346 4.605614 11.929166
 34.600000 0.242588 11.736201 11.929166
 34.800000 0.234628 14.118581 11.929166
 35.000000 0.252995 7.926951 13.617162
 35.200000 0.252919 9.184664 13.617162
 35.400000 0.255500 8.204615 13.617162
 35.600000 0.241664 12.968757 13.617162
 35.800000 0.237114 14.148079 13.617162
 36.000000 0.232667 15.087071 13.617162
 36.200000 0.240242 14.147873 13.617162
 36.400000 0.238571 14.621824 13.617162
 36.600000 0.222328 17.375681 13.617162
 36.800000 0.200798 18.783179 13.617162
 37.000000 0.212692 18.254992 13.617162
 37.200000 0.227242 17.312329 13.617162
 37.400000 0.222417 17.995544 13.617162
 37.600000 0.235302 15.683583 13.617162
 37.800000 0.252885 9.576799 13.617162
 38.000000 0.239058 14.652174 13.617162
 38.200000 0.227901 17.896061 13.617162
 38.400000 0.229774 17.630884 13.617162
 38.600000 0.215754 19.015761 13.617162
 38.800000 0.216746 18.943888 13.617162
 39.000000 0.212078 19.262461 13.617162
 39.200000 0.214720 19.819221 13.617162
 39.400000 0.237632 16.144698 13.617162
 39.600000 0.267542 4.060618 13.617162
 39.800000 0.265831 4.664322 13.617162
 40.000000 0.234542 16.981693 15.614357
 40.200000 0.234338 17.853232 15.614357
 40.400000 0.248179 12.815253 15.614357
 40.600000 0.268910 3.668058 15.614357
 40.800000 0.266998 4.325635 15.614357
 41.000000 0.240410 16.029219 15.614357
 41.200000 0.240785 16.751166 15.614357
 41.400000 0.218719 20.237849 15.614357
 41.600000 0.222013 20.100643 15.614357
 41.800000 0.246168 14.517623 15.614357
 42.000000 0.271925 2.851491 15.614357
 42.200000 0.270678 4.761967 15.614357
 42.400000 0.253738 11.478430 15.614357
 42.600000 0.265005 6.681176 15.614357
 42.800000 0.287117 1.313638 15.614357
 43.000000 0.262364 7.705263 15.614357
 43.200000 0.246699 15.362475 15.614357
 43.400000 0.263033 8.678466 15.614357
 43.600000 0.282192 2.562933 15.614357
 43.800000 0.268136 6.726112 15.614357
 44.000000 0.264281 8.185553 15.614357
 44.200000 0.264806 9.195481 15.614357
 44.400000 0.256464 12.447124 15.614357
 44.600000 0.244636 16.627688 15.614357
 44.800000 0.258567 11.635248 15.614357
 45.000000 0.254249 13.287562 16.138428
 45.200000 0.223986 20.197960 16.138428
 45.400000 0.225636 20.142954 16.138428
 45.600000 0.226812 20.094674 16.138428
 45.800000 0.220839 20.276325 16.138428
 46.000000 0.199541 19.882483 16.138428
 46.200000 0.180949 15.559808 16.138428
 46.400000 0.162702 9.999002 16.138428
 46.600000 0.183727 16.486699 16.138428
 46.800000 0.189504 18.359622 16.138428
 47.000000 0.215134 20.807149 16.138428
 47.200000 0.254760 14.082812 16.138428
 47.400000 0.274509 5.932378 16.138428
 47.600000 0.255825 13.670475 16.138428
 47.800000 0.246485 16.969870 16.138428
 48.000000 0.237781 19.211838 16.138428
 48.200000 0.217637 21.673247 16.138428
 48.400000 0.221964 21.536372 16.138428
 48.600000 0.249615 16.496499 16.138428
 48.800000 0.255464 14.181504 16.138428
 49.000000 0.256965 13.547385 16.138428
 49.200000 0.271711 7.688099 16.138428
 49.400000 0.283021 3.310935 16.138428
 49.600000 0.263768 11.423448 16.138428
 49.800000 0.269357 8.776480 16.138428
 50.000000 0.283743 3.098624 17.501368
 50.200000 0.275655 7.284201 17.501368
 50.400000 0.255018 15.557491 17.501368
 50.600000 0.275481 7.348539 17.501368
 50.800000 0.280233 5.698103 17.501368
 51.000000 0.264650 11.682827 17.501368
 51.200000 0.275946 7.960619 17.501368
 51.400000 0.297305 1.752773 17.501368
 51.600000 0.306049 0.680805 17.501368
 51.800000 0.282392 5.537024 17.501368
 52.000000 0.276625 7.687410 17.501368
 52.200000 0.268975 11.982161 17.501368
 52.400000 0.255102 16.817312 17.501368
 52.600000 0.260287 15.167215 17.501368
 52.800000 0.275106 9.538622 17.501368
 53.000000 0.286080 5.369165 17.501368
 53.200000 0.253845 17.318795 17.501368
 53.400000 0.245743 19.273626 17.501368
 53.600000 0.256015 16.724655 17.501368
 53.800000 0.249796 18.354645 17.501368
 54.000000 0.223696 21.572453 17.501368
 54.200000 0.248144 18.921559 17.501368
 54.400000 0.267881 13.072967 17.501368
 54.600000 0.285388 6.984905 17.501368
 54.800000 0.273929 11.004391 17.501368
 55.000000 0.270295 12.258172 18.101695
 55.200000 0.279876 9.739296 18.101695
 55.400000 0.262208 15.791025 18.101695
 55.600000 0.252037 18.387399 18.101695
 55.800000 0.234420 21.592610 18.101695
 56.000000 0.250403 18.761961 18.101695
 56.200000 0.266733 14.858526 18.101695
 56.400000 0.264515 15.606801 18.101695
 56.600000 0.236416 21.844130 18.101695
 56.800000 0.222209 22.406708 18.101695
 57.000000 0.215436 22.375254 18.101695
 57.200000 0.222193 22.990184 18.101695
 57.400000 0.209839 22.859361 18.101695
 57.600000 0.218436 23.031163 18.101695
 57.800000 0.222170 22.990622 18.101695
 58.000000 0.248023 20.096108 18.101695
 58.200000 0.265311 15.710865 18.101695
 58.400000 0.277955 10.715283 18.101695
 58.600000 0.268242 14.617032 18.101695
 58.800000 0.264657 15.947806 18.101695
 59.000000 0.261712 16.976531 18.101695
 59.200000 0.234178 22.953603 18.101695
 59.400000 0.222967 23.178313 18.101695
 59.600000 0.219433 23.154780 18.101695
 59.800000 0.212510 23.009837 18.101695
 60.000000 0.237340 22.742201 19.535149
 60.200000 0.257551 19.363546 19.535149
 60.400000 0.274231 12.855435 19.535149
 60.600000 0.284028 8.495354 19.535149
 60.800000 0.281780 9.478860 19.535149
 61.000000 0.282356 9.224848 19.535149
 61.200000 0.265271 17.240824 19.535149
 61.400000 0.239515 23.192344 19.535149
 61.600000 0.230316 23.677122 19.535149
 61.800000 0.239300 23.214078 19.535149
 62.000000 0.236978 23.415705 19.535149
 62.200000 0.256258 20.282487 19.535149
 62.400000 0.275462 13.371731 19.535149
 62.600000 0.260897 18.842373 19.535149
 62.800000 0.268384 16.199335 19.535149
 63.000000 0.276336 13.003348 19.535149
 63.200000 0.276585 13.878326 19.535149
 63.400000 0.288874 8.223058 19.535149
 63.600000 0.307239 1.708390 19.535149
 63.800000 0.313284 0.778301 19.535149
 64.000000 0.299340 3.863361 19.535149
 64.200000 0.277485 13.999204 19.535149
 64.400000 0.285366 10.832303 19.535149
 64.600000 0.291920 8.132866 19.535149
 64.800000 0.290978 8.514009 19.535149
 65.000000 0.273045 15.642446 20.059700
 65.200000 0.279151 14.154774 20.059700
 65.400000 0.291094 8.888606 20.059700
 65.600000 0.283135 12.447101 20.059700
 65.800000 0.297355 6.272860 20.059700
 66.000000 0.283954 12.084855 20.059700
 66.200000 0.268223 18.692179 20.059700
 66.400000 0.266914 19.029231 20.059700
 66.600000 0.283450 13.328804 20.059700
 66.800000 0.300658 5.600229 20.059700
 67.000000 0.307281 3.346774 20.059700
 67.200000 0.285352 12.993370 20.059700
 67.400000 0.279187 15.369475 20.059700
 67.600000 0.266319 19.210600 20.059700
 67.800000 0.239132 23.960398 20.059700
 68.000000 0.223977 24.032826 20.059700
 68.200000 0.222276 24.537327 20.059700
 68.400000 0.205761 22.982710 20.059700
 68.600000 0.203233 22.564611 20.059700
 68.800000 0.222304 24.539008 20.059700
 69.000000 0.238418 24.394494 20.059700
 69.200000 0.257346 21.456650 20.059700
 69.400000 0.258333 21.231807 20.059700
 69.600000 0.273559 17.289365 20.059700
 69.800000 0.294395 9.312804 20.059700
 70.000000 0.310991 3.852711 20.873073
 70.200000 0.304518 7.028204 20.873073
 70.400000 0.297589 9.068379 20.873073
 70.600000 0.279944 15.275668 20.873073
 70.800000 0.258188 21.265061 20.873073
 71.000000 0.247443 23.594715 20.873073
 71.200000 0.221167 24.902745 20.873073
 71.400000 0.219127 24.686899 20.873073
 71.600000 0.229909 25.615781 20.873073
 71.800000 0.248246 24.046023 20.873073
 72.000000 0.258376 21.691071 20.873073
 72.200000 0.266986 19.996022 20.873073
 72.400000 0.277126 16.617046 20.873073
 72.600000 0.266822 20.045020 20.873073
 72.800000 0.247544 24.699435 20.873073
 73.000000 0.235337 25.868591 20.873073
 73.200000 0.241288 26.062334 20.873073
 73.400000 0.252882 23.926199 20.873073
 73.600000 0.246923 25.214389 20.873073
 73.800000 0.214697 24.423149 20.873073
 74.000000 0.202695 22.555386 20.873073
 74.200000 0.218191 25.265627 20.873073
 74.400000 0.209245 24.256226 20.873073
 74.600000 0.200208 22.642885 20.873073
 74.800000 0.217213 25.160068 20.873073
 75.000000 0.225354 26.012213 22.420405
 75.200000 0.205578 23.954138 22.420405
 75.400000 0.181722 16.193040 22.420405
 75.600000 0.154674 7.194412 22.420405
 75.800000 0.139325 2.168589 22.420405
 76.000000 0.155349 7.444363 22.420405
 76.200000 0.179273 15.639695 22.420405
 76.400000 0.174668 14.266527 22.420405
 76.600000 0.169733 12.984466 22.420405
 76.800000 0.176037 14.652086 22.420405
 77.000000 0.181449 16.364827 22.420405
 77.200000 0.194536 21.693836 22.420405
 77.400000 0.166506 12.680987 22.420405
 77.600000 0.148406 6.092785 22.420405
 77.800000 0.160905 10.921882 22.420405
 78.000000 0.171017 13.969468 22.420405
 78.200000 0.195445 22.208760 22.420405
 78.400000 0.210633 24.920434 22.420405
 78.600000 0.198716 22.996884 22.420405
 78.800000 0.177730 16.823519 22.420405
 79.000000 0.179414 17.324266 22.420405
 79.200000 0.181518 18.768208 22.420405
 79.400000 0.202534 24.002072 22.420405
 79.600000 0.211318 25.085322 22.420405
 79.800000 0.207429 24.653347 22.420405
 80.000000 0.216774 25.672230 22.860222
 80.200000 0.219335 26.503643 22.860222
 80.400000 0.209663 25.404445 22.860222
 80.600000 0.215683 26.109500 22.860222
 80.800000 0.215971 26.141402 22.860222
 81.000000 0.200784 24.036965 22.860222
 81.200000 0.183935 19.867432 22.860222
 81.400000 0.197133 23.851676 22.860222
 81.600000 0.203956 25.182929 22.860222
 81.800000 0.203737 25.148967 22.860222
 82.000000 0.242137 26.420822 22.860222
 82.200000 0.249832 25.295645 22.860222
 82.400000 0.234455 27.745322 22.860222
 82.600000 0.224228 27.404117 22.860222
 82.800000 0.208442 25.816515 22.860222
 83.000000 0.211585 26.168590 22.860222
 83.200000 0.190578 22.238423 22.860222
 83.400000 0.190106 22.082085 22.860222
 83.600000 0.207833 26.271338 22.860222
 83.800000 0.216318 27.170897 22.860222
 84.000000 0.213957 26.952822 22.860222
 84.200000 0.196037 24.161514 22.860222
 84.400000 0.180176 18.723484 22.860222
 84.600000 0.167692 14.600417 22.860222
 84.800000 0.174960 16.986395 22.860222
 85.000000 0.184284 20.160186 24.100441
 85.200000 0.201552 25.969533 24.100441
 85.400000 0.215405 27.694428 24.100441
 85.600000 0.204641 26.515499 24.100441
 85.800000 0.205137 26.592397 24.100441
 86.000000 0.202603 26.168700 24.100441
 86.200000 0.193713 24.484580 24.100441
 86.400000 0.161747 12.645589 24.100441
 86.600000 0.173786 17.248714 24.100441
 86.800000 0.194270 24.658145 24.100441
 87.000000 0.197761 25.648297 24.100441
 87.200000 0.166999 14.825858 24.100441
 87.400000 0.161022 12.362388 24.100441
 87.600000 0.151435 7.927554 24.100441
 87.800000 0.153723 9.008786 24.100441
 88.000000 0.157790 10.914234 24.100441
 88.200000 0.174052 18.101190 24.100441
 88.400000 0.167613 15.933167 24.100441
 88.600000 0.150438 8.415011 24.100441
 88.800000 0.151404 8.895315 24.100441
 89.000000 0.143053 4.961497 24.100441
 89.200000 0.152868 10.755506 24.100441
 89.400000 0.178255 19.624824 24.100441
 89.600000 0.183257 21.383246 24.100441
 89.800000 0.179484 20.043275 24.100441
 90.000000 0.161369 14.223274 24.543457
 90.200000 0.171881 18.322686 24.543457
 90.400000 0.160162 14.703943 24.543457
 90.600000 0.138393 4.829410 24.543457
 90.800000 0.127847 1.780011 24.543457
 91.000000 0.143367 6.948271 24.543457
 91.200000 0.154072 13.107994 24.543457
 91.400000 0.174405 19.159794 24.543457
 91.600000 0.172593 18.705440 24.543457
 91.800000 0.154237 13.176606 24.543457
 92.000000 0.145744 9.336637 24.543457
 92.200000 0.138439 7.088860 24.543457
 92.400000 0.152387 13.434112 24.543457
 92.600000 0.171973 18.802378 24.543457
 92.800000 0.177118 20.007965 24.543457
 93.000000 0.157148 15.192673 24.543457
 93.200000 0.145311 10.939365 24.543457
 93.400000 0.145177 10.871550 24.543457
 93.600000 0.147736 12.143587 24.543457
 93.800000 0.141441 8.979791 24.543457
 94.000000 0.137779 7.181143 24.543457
 94.200000 0.147738 13.163283 24.543457
 94.400000 0.158186 16.916629 24.543457
 94.600000 0.165213 18.382801 24.543457
 94.800000 0.176862 20.356394 24.543457
 95.000000 0.182143 21.671097 24.614679
 95.200000 0.183142 22.621704 24.614679
 95.400000 0.187120 23.804690 24.614679
 95.600000 0.176033 20.795228 24.614679
 95.800000 0.176266 20.847293 24.614679
 96.000000 0.169872 19.585002 24.614679
 96.200000 0.153613 16.026828 24.614679
 96.400000 0.140470 9.862316 24.614679
 96.600000 0.136235 7.790932 24.614679
 96.800000 0.161333 18.535998 24.614679
 97.000000 0.164333 19.244931 24.614679
 97.200000 0.163248 19.743102 24.614679
 97.400000 0.165939 20.317578 24.614679
 97.600000 0.165860 20.302153 24.614679
 97.800000 0.173892 21.654056 24.614679
 98.000000 0.175707 21.958187 24.614679
 98.200000 0.179448 23.292679 24.614679
 98.400000 0.174677 22.440121 24.614679
 98.600000 0.174405 22.393991 24.614679
 98.800000 0.181071 23.609120 24.614679
 99.000000 0.197394 27.041717 24.614679
 99.200000 0.180634 23.803023 24.614679
 99.400000 0.182439 24.206787 24.614679
 99.600000 0.192832 26.670841 24.614679
 99.800000 0.182737 24.275175 24.614679
 100.000000 0.166837 21.105188 25.011902
 100.200000 0.141565 10.857481 25.011902
 100.400000 0.142383 11.310269 25.011902
 100.600000 0.167669 21.963464 25.011902
 100.800000 0.185487 25.239974 25.011902
 101.000000 0.187175 25.607145 25.011902
 101.200000 0.141458 10.802991 25.011902
 101.400000 0.127304 4.124757 25.011902
 101.600000 0.145840 13.244501 25.011902
 101.800000 0.138257 9.068015 25.011902
 102.000000 0.126075 3.697995 25.011902
 102.200000 0.132285 7.498915 25.011902
 102.400000 0.136482 9.313879 25.011902
 102.600000 0.153781 17.684773 25.011902
 102.800000 0.139650 10.797942 25.011902
 103.000000 0.146639 14.266148 25.011902
 103.200000 0.144720 14.223016 25.011902
 103.400000 0.148738 16.227733 25.011902
 103.600000 0.143151 13.420845 25.011902
 103.800000 0.128439 6.452745 25.011902
 104.000000 0.127538 6.097256 25.011902
 104.200000 0.155245 19.343401 25.011902
 104.400000 0.182327 25.165430 25.011902
 104.600000 0.165370 22.172533 25.011902
 104.800000 0.157456 20.102784 25.011902
 105.000000 0.162418 21.513209 25.203765
 105.200000 0.168277 23.342246 25.203765
 105.400000 0.181129 25.232844 25.203765
 105.600000 0.175121 24.310804 25.203765
 105.800000 0.190210 26.950710 25.203765
 106.000000 0.184680 25.876720 25.203765
 106.200000 0.171917 24.256817 25.203765
 106.400000 0.187563 26.978337 25.203765
 106.600000 0.185006 26.491368 25.203765
 106.800000 0.180368 25.634252 25.203765
 107.000000 0.154785 19.840109 25.203765
 107.200000 0.146211 16.598824 25.203765
 107.400000 0.156606 21.255590 25.203765
 107.600000 0.161235 22.703935 25.203765
 107.800000 0.177344 25.351876 25.203765
 108.000000 0.175371 25.082352 25.203765
 108.200000 0.188418 27.588337 25.203765
 108.400000 0.181191 26.464702 25.203765
 108.600000 0.169429 24.826327 25.203765
 108.800000 0.149186 18.197870 25.203765
 109.000000 0.160734 22.924124 25.203765
 109.200000 0.143122 15.391631 25.203765
 109.400000 0.127215 7.532688 25.203765
 109.600000 0.142497 15.049908 25.203765
 109.800000 0.137137 12.186014 25.203765
 110.000000 0.133356 10.296985 25.563334
 110.200000 0.146514 17.994904 25.563334
 110.400000 0.181542 26.761421 25.563334
 110.600000 0.190168 27.945357 25.563334
 110.800000 0.177431 26.282643 25.563334
 111.000000 0.185340 27.267232 25.563334
 111.200000 0.194521 28.916610 25.563334
 111.400000 0.187110 28.032430 25.563334
 111.600000 0.197600 29.148582 25.563334
 111.800000 0.184704 27.698057 25.563334
 112.000000 0.161259 24.044401 25.563334
 112.200000 0.137969 13.854589 25.563334
 112.400000 0.129164 9.490660 25.563334
 112.600000 0.139703 14.764612 25.563334
 112.800000 0.149206 19.770290 25.563334
 113.000000 0.152534 21.382904 25.563334
 113.200000 0.152981 22.261968 25.563334
 113.400000 0.131070 10.635067 25.563334
 113.600000 0.129660 9.933513 25.563334
 113.800000 0.145864 18.651264 25.563334
 114.000000 0.154153 22.777839 25.563334
 114.200000 0.133984 12.390526 25.563334
 114.400000 0.138995 15.220382 25.563334
 114.600000 0.149107 20.977032 25.563334
 114.800000 0.142505 17.262206 25.563334
 115.000000 0.154747 23.661965 25.988817
 115.200000 0.140929 16.742728 25.988817
 115.400000 0.123135 7.056144 25.988817
 115.600000 0.127769 9.272365 25.988817
 115.800000 0.144908 19.142899 25.988817
 116.000000 0.161330 26.351174 25.988817
 116.200000 0.156488 25.461209 25.988817
 116.400000 0.133032 12.176053 25.988817
 116.600000 0.124906 7.899197 25.988817
 116.800000 0.142951 18.223840 25.988817
 117.000000 0.133462 12.423141 25.988817
 117.200000 0.132443 12.844543 25.988817
 117.400000 0.132725 13.005787 25.988817
 117.600000 0.117342 5.266027 25.988817
 117.800000 0.133014 13.171682 25.988817
 118.000000 0.158597 26.423268 25.988817
 118.200000 0.178348 28.181584 25.988817
 118.400000 0.208347 29.217498 25.988817
 118.600000 0.217335 28.871102 25.988817
 118.800000 0.192892 28.977769 25.988817
 119.000000 0.182258 28.262190 25.988817
 119.200000 0.187889 29.058936 25.988817
 119.400000 0.203201 29.528282 25.988817
 119.600000 0.214871 29.000649 25.988817
 119.800000 0.189486 29.161202 25.988817
 120.000000 0.144503 20.322960 26.470127
 120.200000 0.119137 6.205003 26.470127
 120.400000 0.113360 3.868565 26.470127
 120.600000 0.139854 18.132244 26.470127
 120.800000 0.141020 18.870122 26.470127
 121.000000 0.146089 21.977484 26.470127
 121.200000 0.129832 12.264521 26.470127
 121.400000 0.137770 17.372190 26.470127
 121.600000 0.135411 15.828410 26.470127
 121.800000 0.117487 5.581000 26.470127
 122.000000 0.117829 5.732806 26.470127
 122.200000 0.123723 9.935100 26.470127
 122.400000 0.134595 16.021229 26.470127
 122.600000 0.152403 26.008677 26.470127
 122.800000 0.163587 28.836992 26.470127
 123.000000 0.176431 28.805292 26.470127
 123.200000 0.200429 29.701434 26.470127
 123.400000 0.218833 28.860697 26.470127
 123.600000 0.205911 29.507524 26.470127
 123.800000 0.195785 29.704800 26.470127
 124.000000 0.192667 29.628312 26.470127
 124.200000 0.195709 30.161652 26.470127
 124.400000 0.187812 29.883253 26.470127
 124.600000 0.171540 29.578521 26.470127
 124.800000 0.172949 29.570517 26.470127
 125.000000 0.179681 29.574147 27.218490
 125.200000 0.197101 30.405191 27.218490
 125.400000 0.196420 30.417435 27.218490
 125.600000 0.206513 29.875662 27.218490
 125.800000 0.193958 30.429951 27.218490
 126.000000 0.171923 29.986754 27.218490
 126.200000 0.177041 30.446072 27.218490
 126.400000 0.189428 30.574504 27.218490
 126.600000 0.207947 29.779868 27.218490
 126.800000 0.216559 29.101233 27.218490
 127.000000 0.201484 30.299843 27.218490
 127.200000 0.171455 30.502337 27.218490
 127.400000 0.145156 22.517874 27.218490
 127.600000 0.130447 13.611494 27.218490
 127.800000 0.133381 15.327722 27.218490
 128.000000 0.120644 8.398851 27.218490
 128.200000 0.121819 10.173791 27.218490
 128.400000 0.139656 19.692880 27.218490
 128.600000 0.137268 18.331444 27.218490
 128.800000 0.123496 11.002086 27.218490
 129.000000 0.137371 18.389712 27.218490
 129.200000 0.135735 18.236165 27.218490
 129.400000 0.136187 18.491479 27.218490
 129.600000 0.151056 26.448088 27.218490
 129.800000 0.165683 30.324651 27.218490
 130.000000 0.172286 30.568221 27.918288
 130.200000 0.187031 31.099245 27.918288
 130.400000 0.189834 31.140851 27.918288
 130.600000 0.192886 31.152525 27.918288
 130.800000 0.190337 31.145787 27.918288
 131.000000 0.215627 29.455826 27.918288
 131.200000 0.214069 30.062246 27.918288
 131.400000 0.230082 28.925408 27.918288
 131.600000 0.245128 26.589381 27.918288
 131.800000 0.246326 26.299169 27.918288
 132.000000 0.214622 30.013314 27.918288
 132.200000 0.183886 31.154015 27.918288
 132.400000 0.184387 31.168653 27.918288
 132.600000 0.191411 31.418333 27.918288
 132.800000 0.194855 31.501306 27.918288
 133.000000 0.200647 31.462676 27.918288
 133.200000 0.209629 31.270986 27.918288
 133.400000 0.219269 30.280016 27.918288
 133.600000 0.219446 30.262794 27.918288
 133.800000 0.216650 30.541490 27.918288
 134.000000 0.237082 28.320881 27.918288
 134.200000 0.229905 29.718160 27.918288
 134.400000 0.194582 31.902165 27.918288
 134.600000 0.184331 31.405193 27.918288
 134.800000 0.197552 31.951362 27.918288
 135.000000 0.199142 31.945491 28.852071
 135.200000 0.192348 32.201858 28.852071
 135.400000 0.188386 31.946256 28.852071
 135.600000 0.203035 32.239052 28.852071
 135.800000 0.212613 31.375712 28.852071
 136.000000 0.223378 30.335431 28.852071
 136.200000 0.215410 31.470689 28.852071
 136.400000 0.209325 32.016128 28.852071
 136.600000 0.203456 32.402253 28.852071
 136.800000 0.218110 31.231594 28.852071
 137.000000 0.210365 31.927121 28.852071
 137.200000 0.212709 32.133931 28.852071
 137.400000 0.216557 31.755409 28.852071
 137.600000 0.192942 32.504807 28.852071
 137.800000 0.180239 31.497353 28.852071
 138.000000 0.191625 32.400866 28.852071
 138.200000 0.188265 32.511048 28.852071
 138.400000 0.196021 33.095766 28.852071
 138.600000 0.211950 32.370239 28.852071
 138.800000 0.221596 31.310576 28.852071
 139.000000 0.217270 31.779601 28.852071
 139.200000 0.225834 31.218541 28.852071
 139.400000 0.207227 33.173606 28.852071
 139.600000 0.196912 33.297995 28.852071
 139.800000 0.189021 32.654321 28.852071
 140.000000 0.186848 32.427977 29.926234
 140.200000 0.192319 33.361715 29.926234
 140.400000 0.213142 32.736644 29.926234
 140.600000 0.203703 33.573579 29.926234
 140.800000 0.183079 32.459713 29.926234
 141.000000 0.206297 33.411135 29.926234
 141.200000 0.232535 30.350547 29.926234
 141.400000 0.219742 32.228912 29.926234
 141.600000 0.202516 34.005999 29.926234
 141.800000 0.201447 34.028771 29.926234
 142.000000 0.218609 32.380705 29.926234
 142.200000 0.221437 32.407835 29.926234
 142.400000 0.231643 30.789795 29.926234
 142.600000 0.202035 34.242405 29.926234
 142.800000 0.204564 34.186430 29.926234
 143.000000 0.220846 32.489821 29.926234
 143.200000 0.222023 32.735899 29.926234
 143.400000 0.214252 33.722459 29.926234
 143.600000 0.206882 34.331361 29.926234
 143.800000 0.184793 32.824185 29.926234
 144.000000 0.190072 33.500732 29.926234
 144.200000 0.222455 32.711186 29.926234
 144.400000 0.227954 31.818231 29.926234
 144.600000 0.225520 32.231982 29.926234
 144.800000 0.236045 30.128318 29.926234
 145.000000 0.249586 26.102970 30.842142
 145.200000 0.260694 22.798721 30.842142
 145.400000 0.256089 24.418756 30.842142
 145.600000 0.244731 28.197933 30.842142
 145.800000 0.212459 34.062178 30.842142
 146.000000 0.191567 34.075952 30.842142
 146.200000 0.190938 34.384389 30.842142
 146.400000 0.191021 34.394526 30.842142
 146.600000 0.208121 34.671785 30.842142
 146.800000 0.212941 34.148464 30.842142
 147.000000 0.223303 32.739431 30.842142
 147.200000 0.226914 32.591792 30.842142
 147.400000 0.207793 34.939215 30.842142
 147.600000 0.210935 34.674173 30.842142
 147.800000 0.203749 35.140884 30.842142
 148.000000 0.194183 34.791461 30.842142
 148.200000 0.194157 35.160409 30.842142
 148.400000 0.191361 34.841728 30.842142
 148.600000 0.183775 33.699821 30.842142
 148.800000 0.181849 33.402841 30.842142
 149.000000 0.210137 34.959462 30.842142
 149.200000 0.231573 31.902990 30.842142
 149.400000 0.244738 28.367472 30.842142
 149.600000 0.219391 34.083673 30.842142
 149.800000 0.203789 35.779417 30.842142
 150.000000 0.189234 34.687338 31.980084
 150.200000 0.177920 33.162020 31.980084
 150.400000 0.173134 32.490659 31.980084
 150.600000 0.146493 24.346946 31.980084
 150.800000 0.130086 15.084824 31.980084
 151.000000 0.130695 15.422754 31.980084
 151.200000 0.156561 29.219126 31.980084
 151.400000 0.174102 32.631514 31.980084
 151.600000 0.184674 34.284232 31.980084
 151.800000 0.176565 32.968365 31.980084
 152.000000 0.162101 30.776879 31.980084
 152.200000 0.160308 30.784509 31.980084
 152.400000 0.191518 35.465314 31.980084
 152.600000 0.193944 35.746127 31.980084
 152.800000 0.182420 34.070388 31.980084
 153.000000 0.173313 32.864063 31.980084
 153.200000 0.179586 34.019052 31.980084
 153.400000 0.189193 35.371048 31.980084
 153.600000 0.195990 36.052159 31.980084
 153.800000 0.186961 35.061547 31.980084
 154.000000 0.185428 34.840067 31.980084
 154.200000 0.175027 33.754693 31.980084
 154.400000 0.193387 36.174873 31.980084
 154.600000 0.193150 36.155119 31.980084
 154.800000 0.173905 33.611600 31.980084
 155.000000 0.195711 36.328077 32.655227
 155.200000 0.208210 36.072222 32.655227
 155.400000 0.195693 36.674106 32.655227
 155.600000 0.171220 33.357078 32.655227
 155.800000 0.165721 32.469484 32.655227
 156.000000 0.184130 35.278283 32.655227
 156.200000 0.202814 36.783602 32.655227
 156.400000 0.194837 36.907211 32.655227
 156.600000 0.195195 36.924056 32.655227
 156.800000 0.190720 36.571485 32.655227
 157.000000 0.190566 36.554306 32.655227
 157.200000 0.195957 37.274843 32.655227
 157.400000 0.194626 37.227364 32.655227
 157.600000 0.176280 34.600837 32.655227
 157.800000 0.181230 35.453825 32.655227
 158.000000 0.184533 36.022878 32.655227
 158.200000 0.201340 37.336357 32.655227
 158.400000 0.183676 36.229085 32.655227
 158.600000 0.185560 36.543150 32.655227
 158.800000 0.198333 37.511572 32.655227
 159.000000 0.197464 37.533051 32.655227
 159.200000 0.199619 37.780753 32.655227
 159.400000 0.229428 32.436041 32.655227
 159.600000 0.204923 37.232934 32.655227
 159.800000 0.198424 37.836667 32.655227
 160.000000 0.208329 36.677285 33.820446
 160.200000 0.195398 38.090170 33.820446
 160.400000 0.204570 37.613888 33.820446
 160.600000 0.206151 37.385004 33.820446
 160.800000 0.212500 36.204610 33.820446
 161.000000 0.220361 34.525514 33.820446
 161.200000 0.218104 35.383275 33.820446
 161.400000 0.198343 38.240562 33.820446
 161.600000 0.191461 37.851447 33.820446
 161.800000 0.172843 34.394761 33.820446
 162.000000 0.175996 35.006615 33.820446
 162.200000 0.177169 35.605331 33.820446
 162.400000 0.162203 32.251131 33.820446
 162.600000 0.149170 26.731724 33.820446
 162.800000 0.139905 21.584057 33.820446
 163.000000 0.130621 16.319939 33.820446
 163.200000 0.145898 25.464871 33.820446
 163.400000 0.157486 30.780025 33.820446
 163.600000 0.158030 30.980743 33.820446
 163.800000 0.164373 32.935611 33.820446
 164.000000 0.152679 28.789802 33.820446
 164.200000 0.152080 29.001304 33.820446
 164.400000 0.176029 35.532068 33.820446
 164.600000 0.183486 36.895893 33.820446
 164.800000 0.163309 33.030686 33.820446
 165.000000 0.155429 30.452363 34.213622
 165.200000 0.181783 36.681675 34.213622
 165.400000 0.195086 38.352072 34.213622
 165.600000 0.202120 38.156354 34.213622
 165.800000 0.197948 38.379815 34.213622
 166.000000 0.208348 37.323455 34.213622
 166.200000 0.222773 34.590495 34.213622
 166.400000 0.206645 37.929204 34.213622
 166.600000 0.214572 36.434890 34.213622
 166.800000 0.217490 35.795589 34.213622
 167.000000 0.235680 31.337652 34.213622
 167.200000 0.248401 27.539688 34.213622
 167.400000 0.253957 25.455344 34.213622
 167.600000 0.250379 26.802848 34.213622
 167.800000 0.212131 37.070812 34.213622
 168.000000 0.194888 38.576218 34.213622
 168.200000 0.194808 38.885673 34.213622
 168.400000 0.187379 38.002778 34.213622
 168.600000 0.192505 38.706829 34.213622
 168.800000 0.198674 38.956289 34.213622
 169.000000 0.222011 35.113484 34.213622
 169.200000 0.223436 35.162029 34.213622
 169.400000 0.225446 34.703586 34.213622
 169.600000 0.226382 34.484868 34.213622
 169.800000 0.229636 33.688942 34.213622
 170.000000 0.231530 33.195381 34.947016
 170.200000 0.224039 35.377880 34.947016
 170.400000 0.242295 30.166137 34.947016
 170.600000 0.271107 19.099747 34.947016
 170.800000 0.264786 21.463705 34.947016
 171.000000 0.257868 24.091018 34.947016
 171.200000 0.253917 26.216151 34.947016
 171.400000 0.265663 21.658540 34.947016
 171.600000 0.266415 21.363978 34.947016
 171.800000 0.245466 29.398302 34.947016
 172.000000 0.259954 23.880376 34.947016
 172.200000 0.276968 17.431966 34.947016
 172.400000 0.277615 17.148863 34.947016
 172.600000 0.255651 26.127565 34.947016
 172.800000 0.248377 28.775917 34.947016
 173.000000 0.228728 34.466939 34.947016
 173.200000 0.238570 32.257211 34.947016
 173.400000 0.265619 22.255970 34.947016
 173.600000 0.285130 13.882144 34.947016
 173.800000 0.272732 19.274128 34.947016
 174.000000 0.277130 17.362379 34.947016
 174.200000 0.278319 17.646164 34.947016
 174.400000 0.287363 13.584137 34.947016
 174.600000 0.274084 19.481854 34.947016
 174.800000 0.269661 21.293145 34.947016
 175.000000 0.276585 18.408133 35.040937
 175.200000 0.291617 12.223023 35.040937
 175.400000 0.283535 15.995073 35.040937
 175.600000 0.294258 11.080547 35.040937
 175.800000 0.293134 11.558964 35.040937
 176.000000 0.296520 10.156989 35.040937
 176.200000 0.280869 17.892147 35.040937
 176.400000 0.269292 22.336320 35.040937
 176.600000 0.271365 21.605298 35.040937
 176.800000 0.274087 20.602742 35.040937
 177.000000 0.285888 15.742643 35.040937
 177.200000 0.293750 13.146069 35.040937
 177.400000 0.300912 10.113668 35.040937
 177.600000 0.296135 12.110338 35.040937
 177.800000 0.291338 14.208150 35.040937
 178.000000 0.294806 12.685088 35.040937
 178.200000 0.300575 11.173886 35.040937
 178.400000 0.310175 7.221819 35.040937
 178.600000 0.318571 4.265089 35.040937
 178.800000 0.296305 13.026669 35.040937
 179.000000 0.279936 19.691000 35.040937
 179.200000 0.288589 16.954899 35.040937
 179.400000 0.282504 19.473822 35.040937
 179.600000 0.276746 21.487151 35.040937
 179.800000 0.275269 21.944847 35.040937
 180.000000 0.293225 14.856667 35.005861
 180.200000 0.322064 3.401276 35.005861
 180.400000 0.315992 5.427389 35.005861
 180.600000 0.298342 13.333898 35.005861
 180.800000 0.276600 22.020967 35.005861
 181.000000 0.269812 23.735417 35.005861
 181.200000 0.263435 25.761116 35.005861
 181.400000 0.269247 24.473987 35.005861
 181.600000 0.272937 23.580592 35.005861
 181.800000 0.248284 29.571912 35.005861
 182.000000 0.253607 28.095971 35.005861
 182.200000 0.279981 21.602923 35.005861
 182.400000 0.266097 25.532855 35.005861
 182.600000 0.262979 26.272910 35.005861
 182.800000 0.275710 22.997422 35.005861
 183.000000 0.282037 20.852498 35.005861
 183.200000 0.263818 26.404153 35.005861
 183.400000 0.236341 33.278259 35.005861
 183.600000 0.258843 27.475829 35.005861
 183.800000 0.287147 19.417933 35.005861
 184.000000 0.283159 21.110670 35.005861
 184.200000 0.242312 31.735418 35.005861
 184.400000 0.232744 34.130228 35.005861
 184.600000 0.259815 27.463181 35.005861
 184.800000 0.267912 25.944417 35.005861
 185.000000 0.234638 33.693401 35.078050
 185.200000 0.245068 31.300838 35.078050
 185.400000 0.252123 29.361427 35.078050
 185.600000 0.243390 31.774917 35.078050
 185.800000 0.241237 32.376531 35.078050
 186.000000 0.248462 30.348515 35.078050
 186.200000 0.255950 28.814441 35.078050
 186.400000 0.255027 29.045190 35.078050
 186.600000 0.257374 28.466903 35.078050
 186.800000 0.248626 30.756005 35.078050
 187.000000 0.239275 33.285890 35.078050
 187.200000 0.262036 27.531923 35.078050
 187.400000 0.251578 30.230725 35.078050
 187.600000 0.256323 28.930311 35.078050
 187.800000 0.252909 29.854304 35.078050
 188.000000 0.236430 34.365692 35.078050
 188.200000 0.231071 35.806512 35.078050
 188.400000 0.237121 34.584711 35.078050
 188.600000 0.249432 31.108855 35.078050
 188.800000 0.260298 28.043403 35.078050
 189.000000 0.261290 27.799386 35.078050
 189.200000 0.257690 29.209092 35.078050
 189.400000 0.256551 29.506949 35.078050
 189.600000 0.250902 31.060755 35.078050
 189.800000 0.239595 34.149932 35.078050
 190.000000 0.228622 36.245081 35.371256
 190.200000 0.253886 30.308283 35.371256
 190.400000 0.263440 27.813665 35.371256
 190.600000 0.247984 32.043865 35.371256
 190.800000 0.235455 35.389035 35.371256
 191.000000 0.252540 30.695348 35.371256
 191.200000 0.264755 27.819402 35.371256
 191.400000 0.264710 27.830754 35.371256
 191.600000 0.268322 26.904716 35.371256
 191.800000 0.268963 26.737723 35.371256
 192.000000 0.254272 30.641772 35.371256
 192.200000 0.275826 24.937297 35.371256
 192.400000 0.290217 18.715674 35.371256
 192.600000 0.274930 25.232376 35.371256
 192.800000 0.261807 28.973042 35.371256
 193.000000 0.271434 26.307929 35.371256
 193.200000 0.250301 32.426502 35.371256
 193.400000 0.248908 32.795535 35.371256
 193.600000 0.241589 34.616616 35.371256
 193.800000 0.246183 33.502266 35.371256
 194.000000 0.239578 35.059394 35.371256
 194.200000 0.232805 36.610639 35.371256
 194.400000 0.223096 37.599841 35.371256
 194.600000 0.217572 38.046858 35.371256
 194.800000 0.218622 37.959790 35.371256
 195.000000 0.235881 36.135623 35.602482
 195.200000 0.224400 37.754449 35.602482
 195.400000 0.211741 38.657512 35.602482
 195.600000 0.241431 35.343690 35.602482
 195.800000 0.246089 34.137580 35.602482
 196.000000 0.236951 36.294878 35.602482
 196.200000 0.224791 37.977136 35.602482
 196.400000 0.219149 38.275610 35.602482
 196.600000 0.224956 37.967713 35.602482
 196.800000 0.212738 38.671380 35.602482
 197.000000 0.214322 38.563222 35.602482
 197.200000 0.230550 37.718473 35.602482
 197.400000 0.232564 37.467525 35.602482
 197.600000 0.217863 38.651978 35.602482
 197.800000 0.190497 38.653677 35.602482
 198.000000 0.183649 37.383952 35.602482
 198.200000 0.210391 39.208165 35.602482
 198.400000 0.238539 36.415626 35.602482
 198.600000 0.232684 37.452038 35.602482
 198.800000 0.254742 31.803616 35.602482
 199.000000 0.285703 21.323988 35.602482
 199.200000 0.284696 22.491791 35.602482
 199.400000 0.274334 26.515177 35.602482
 199.600000 0.263435 29.462757 35.602482
 199.800000 0.259618 30.485339 35.602482
 200.000000 0.261262 30.038334 36.052066
 200.200000 0.253628 32.617713 36.052066
 200.400000 0.258851 31.151390 36.052066
 200.600000 0.241456 35.929320 36.052066
 200.800000 0.241009 36.032759 36.052066
 201.000000 0.260215 30.779634 36.052066
 201.200000 0.249622 34.113559 36.052066
 201.400000 0.258996 31.554529 36.052066
 201.600000 0.277351 26.013682 36.052066
 201.800000 0.262831 30.515334 36.052066
 202.000000 0.257836 31.870152 36.052066
 202.200000 0.250355 34.289253 36.052066
 202.400000 0.236668 37.202910 36.052066
 202.600000 0.216841 38.763145 36.052066
 202.800000 0.231166 37.862700 36.052066
 203.000000 0.258376 32.145998 36.052066
 203.200000 0.244591 35.969315 36.052066
 203.400000 0.232577 37.816944 36.052066
 203.600000 0.229255 38.088331 36.052066
 203.800000 0.227656 38.192305 36.052066
 204.000000 0.227899 38.177422 36.052066
 204.200000 0.213425 39.196134 36.052066
 204.400000 0.207755 39.526448 36.052066
 204.600000 0.207667 39.531250 36.052066
 204.800000 0.209022 39.455212 36.052066
 205.000000 0.213753 39.177467 36.466856
 205.200000 0.222637 39.014477 36.466856
 205.400000 0.223256 38.981207 36.466856
 205.600000 0.213474 39.498839 36.466856
 205.800000 0.213779 39.481597 36.466856
 206.000000 0.227761 38.702716 36.466856
 206.200000 0.246029 35.992505 36.466856
 206.400000 0.269936 29.146565 36.466856
 206.600000 0.255741 33.389604 36.466856
 206.800000 0.234336 38.329730 36.466856
 207.000000 0.241348 37.081581 36.466856
 207.200000 0.256918 33.254606 36.466856
 207.400000 0.262611 31.543819 36.466856
 207.600000 0.233548 38.728387 36.466856
 207.800000 0.222228 39.476241 36.466856
 208.000000 0.228706 39.176878 36.466856
 208.200000 0.221057 39.781342 36.466856
 208.400000 0.217366 39.854119 36.466856
 208.600000 0.217323 39.854947 36.466856
 208.800000 0.213972 39.926338 36.466856
 209.000000 0.197045 39.879432 36.466856
 209.200000 0.186420 38.563501 36.466856
 209.400000 0.186452 38.570224 36.466856
 209.600000 0.186782 38.639244 36.466856
 209.800000 0.198075 40.247335 36.466856
 210.000000 0.209047 40.264046 37.224179
 210.200000 0.215129 40.311043 37.224179
 210.400000 0.209320 40.545481 37.224179
 210.600000 0.192138 39.770351 37.224179
 210.800000 0.164571 33.938376 37.224179
 211.000000 0.146169 26.434315 37.224179
 211.200000 0.136980 21.633856 37.224179
 211.400000 0.120870 11.747554 37.224179
 211.600000 0.138505 22.547900 37.224179
 211.800000 0.153763 30.732907 37.224179
 212.000000 0.163202 33.871617 37.224179
 212.200000 0.187786 39.061987 37.224179
 212.400000 0.195824 40.304310 37.224179
 212.600000 0.210834 40.489569 37.224179
 212.800000 0.229828 39.537363 37.224179
 213.000000 0.235882 38.755816 37.224179
 213.200000 0.212511 40.512548 37.224179
 213.400000 0.223124 40.199843 37.224179
 213.600000 0.223406 40.189906 37.224179
 213.800000 0.211772 40.536403 37.224179
 214.000000 0.206623 40.679198 37.224179
 214.200000 0.206483 40.967572 37.224179
 214.400000 0.214126 40.713174 37.224179
 214.600000 0.218824 40.532269 37.224179
 214.800000 0.182402 38.022592 37.224179
 215.000000 0.187895 39.215563 37.698881
 215.200000 0.183782 38.618985 37.698881
 215.400000 0.189647 39.870915 37.698881
 215.600000 0.208149 41.051245 37.698881
 215.800000 0.206468 41.109247 37.698881
 216.000000 0.198734 41.035209 37.698881
 216.200000 0.202941 41.432044 37.698881
 216.400000 0.186830 39.499813 37.698881
 216.600000 0.189812 40.137896 37.698881
 216.800000 0.193674 40.804243 37.698881
 217.000000 0.207460 41.314311 37.698881
 217.200000 0.202606 41.695659 37.698881
 217.400000 0.181299 38.263152 37.698881
 217.600000 0.174890 36.813803 37.698881
 217.800000 0.169209 35.686111 37.698881
 218.000000 0.163677 34.480588 37.698881
 218.200000 0.166159 35.429619 37.698881
 218.400000 0.187146 39.792140 37.698881
 218.600000 0.188562 40.100910 37.698881
 218.800000 0.190469 40.487545 37.698881
 219.000000 0.194665 41.175017 37.698881
 219.200000 0.209532 41.660126 37.698881
 219.400000 0.186374 39.858545 37.698881
 219.600000 0.179072 38.119420 37.698881
 219.800000 0.175278 37.294873 37.698881
 220.000000 0.174759 37.188746 38.347248
 220.200000 0.198740 41.937189 38.347248
 220.400000 0.199427 41.967354 38.347248
 220.600000 0.179152 38.457645 38.347248
 220.800000 0.176482 37.879234 38.347248
 221.000000 0.184494 39.679624 38.347248
 221.200000 0.176402 38.120607 38.347248
 221.400000 0.147228 28.055833 38.347248
 221.600000 0.136864 21.736587 38.347248
 221.800000 0.137015 21.830423 38.347248
 222.000000 0.158212 33.466402 38.347248
 222.200000 0.175860 38.198823 38.347248
 222.400000 0.192366 41.562762 38.347248
 222.600000 0.194925 41.876703 38.347248
 222.800000 0.172826 37.600407 38.347248
 223.000000 0.167621 36.565442 38.347248
 223.200000 0.164006 36.047040 38.347248
 223.400000 0.153863 32.195840 38.347248
 223.600000 0.150449 30.381208 38.347248
 223.800000 0.156242 33.315699 38.347248
 224.000000 0.163897 36.017641 38.347248
 224.200000 0.174156 38.450266 38.347248
 224.400000 0.189477 41.287455 38.347248
 224.600000 0.188025 41.040959 38.347248
 224.800000 0.184119 40.308593 38.347248
 225.000000 0.177362 39.020088 38.705613
 225.200000 0.188815 41.407384 38.705613
 225.400000 0.180579 39.922635 38.705613
 225.600000 0.158509 34.728055 38.705613
 225.800000 0.142668 25.798254 38.705613
 226.000000 0.139246 23.556071 38.705613
 226.200000 0.149792 30.768092 38.705613
 226.400000 0.160265 35.635191 38.705613
 226.600000 0.152195 32.093563 38.705613
 226.800000 0.117938 10.247269 38.705613
 227.000000 0.135544 21.730724 38.705613
 227.200000 0.144537 28.142246 38.705613
 227.400000 0.157052 34.645481 38.705613
 227.600000 0.170938 38.270035 38.705613
 227.800000 0.187716 41.230725 38.705613
 228.000000 0.206554 42.038782 38.705613
 228.200000 0.209492 42.063052 38.705613
 228.400000 0.181743 40.224192 38.705613
 228.600000 0.176038 39.166740 38.705613
 228.800000 0.154489 33.551656 38.705613
 229.000000 0.157195 34.703046 38.705613
 229.200000 0.161720 36.612130 38.705613
 229.400000 0.169105 38.230355 38.705613
 229.600000 0.172700 38.807841 38.705613
 229.800000 0.197930 42.529209 38.705613
 230.000000 0.194183 42.285572 39.089265
 230.200000 0.176908 39.615408 39.089265
 230.400000 0.163635 37.153821 39.089265
 230.600000 0.146421 29.561348 39.089265
 230.800000 0.150340 31.827067 39.089265
 231.000000 0.156176 34.671170 39.089265
 231.200000 0.161189 36.833565 39.089265
 231.400000 0.168171 38.397844 39.089265
 231.600000 0.172207 39.032028 39.089265
 231.800000 0.168296 38.419143 39.089265
 232.000000 0.170649 38.795850 39.089265
 232.200000 0.169651 38.950883 39.089265
 232.400000 0.184979 41.388931 39.089265
 232.600000 0.182174 40.906650 39.089265
 232.800000 0.166920 38.477193 39.089265
 233.000000 0.143076 27.794282 39.089265
 233.200000 0.131528 20.280317 39.089265
 233.400000 0.127089 17.091383 39.089265
 233.600000 0.126044 16.341152 39.089265
 233.800000 0.152826 34.056111 39.089265
 234.000000 0.155486 35.293894 39.089265
 234.200000 0.177813 40.338382 39.089265
 234.400000 0.184839 41.427449 39.089265
 234.600000 0.164241 38.402579 39.089265
 234.800000 0.146973 31.091477 39.089265
 235.000000 0.134393 22.457843 39.234238
 235.200000 0.136417 24.551233 39.234238
 235.400000 0.135417 23.837874 39.234238
 235.600000 0.135029 23.559401 39.234238
 235.800000 0.145322 30.536030 39.234238
 236.000000 0.136901 24.893857 39.234238
 236.200000 0.140236 27.772417 39.234238
 236.400000 0.147866 32.512844 39.234238
 236.600000 0.162892 38.337332 39.234238
 236.800000 0.151149 34.248769 39.234238
 237.000000 0.138128 26.330298 39.234238
 237.200000 0.137266 26.268886 39.234238
 237.400000 0.133125 23.254207 39.234238
 237.600000 0.135453 24.971487 39.234238
 237.800000 0.143353 30.319651 39.234238
 238.000000 0.152050 35.035513 39.234238
 238.200000 0.158111 37.651622 39.234238
 238.400000 0.162764 38.735057 39.234238
 238.600000 0.161867 38.565060 39.234238
 238.800000 0.165085 39.104860 39.234238
 239.000000 0.180102 40.759229 39.234238
 239.200000 0.176657 40.597519 39.234238
 239.400000 0.178092 40.775665 39.234238
 239.600000 0.174793 40.383064 39.234238
 239.800000 0.170333 39.917124 39.234238
 240.000000 0.177708 40.726947 39.520472
 240.200000 0.197254 43.113930 39.520472
 240.400000 0.212349 41.974932 39.520472
 240.600000 0.216336 41.531561 39.520472
 240.800000 0.225701 40.613807 39.520472
 241.000000 0.221769 40.991637 39.520472
 241.200000 0.227312 40.710261 39.520472
 241.400000 0.220630 41.381124 39.520472
 241.600000 0.219792 41.460552 39.520472
 241.800000 0.202813 43.069073 39.520472
 242.000000 0.194947 43.109068 39.520472
 242.200000 0.191744 43.124439 39.520472
 242.400000 0.191453 43.095274 39.520472
 242.600000 0.193564 43.280444 39.520472
 242.800000 0.219731 41.531478 39.520472
 243.000000 0.210776 42.517880 39.520472
 243.200000 0.208812 43.000836 39.520472
 243.400000 0.210117 42.856331 39.520472
 243.600000 0.218296 41.911934 39.520472
 243.800000 0.232929 40.035662 39.520472
 244.000000 0.208111 43.075481 39.520472
 244.200000 0.188056 42.871058 39.520472
 244.400000 0.195235 43.710804 39.520472
 244.600000 0.197776 43.829842 39.520472
 244.800000 0.193564 43.576868 39.520472
 245.000000 0.198259 43.840495 40.312975
 245.200000 0.200664 44.083847 40.312975
 245.400000 0.187420 42.961719 40.312975
 245.600000 0.172342 40.552694 40.312975
 245.800000 0.185580 42.643004 40.312975
 246.000000 0.180475 41.746306 40.312975
 246.200000 0.164193 39.530771 40.312975
 246.400000 0.157842 37.890270 40.312975
 246.600000 0.142450 30.090705 40.312975
 246.800000 0.137301 26.535154 40.312975
 247.000000 0.141227 29.278530 40.312975
 247.200000 0.151867 35.850743 40.312975
 247.400000 0.152208 36.005272 40.312975
 247.600000 0.167291 40.175922 40.312975
 247.800000 0.189406 43.512551 40.312975
 248.000000 0.202671 44.098144 40.312975
 248.200000 0.202587 44.348722 40.312975
 248.400000 0.225217 41.399283 40.312975
 248.600000 0.245943 36.890773 40.312975
 248.800000 0.255196 33.992348 40.312975
 249.000000 0.243133 37.712453 40.312975
 249.200000 0.241293 38.545647 40.312975
 249.400000 0.236107 39.790230 40.312975
 249.600000 0.229824 40.918433 40.312975
 249.800000 0.208964 43.726019 40.312975
 250.000000 0.199676 44.462101 40.833328
 250.200000 0.198256 44.701923 40.833328
 250.400000 0.184713 43.023702 40.833328
 250.600000 0.173945 41.147128 40.833328
 250.800000 0.157843 38.154090 40.833328
 251.000000 0.156604 37.749181 40.833328
 251.200000 0.166126 40.299208 40.833328
 251.400000 0.153784 37.006155 40.833328
 251.600000 0.144264 31.951336 40.833328
 251.800000 0.131814 22.888053 40.833328
 252.000000 0.130131 21.531548 40.833328
 252.200000 0.133271 24.702054 40.833328
 252.400000 0.122713 16.063126 40.833328
 252.600000 0.132026 23.722651 40.833328
 252.800000 0.144395 32.460282 40.833328
 253.000000 0.149271 35.165898 40.833328
 253.200000 0.144965 33.151660 40.833328
 253.400000 0.151617 36.645320 40.833328
 253.600000 0.162079 39.899478 40.833328
 253.800000 0.167365 40.682114 40.833328
 254.000000 0.175708 41.637814 40.833328
 254.200000 0.170747 41.314562 40.833328
 254.400000 0.163118 40.277847 40.833328
 254.600000 0.149029 35.464389 40.833328
 254.800000 0.129133 21.537979 40.833328
 255.000000 0.118666 12.845260 40.984176
 255.200000 0.137342 28.493571 40.984176
 255.400000 0.139375 29.889781 40.984176
 255.600000 0.138006 28.955891 40.984176
 255.800000 0.144941 33.381918 40.984176
 256.000000 0.142286 31.780495 40.984176
 256.200000 0.132213 25.060766 40.984176
 256.400000 0.121982 16.664410 40.984176
 256.600000 0.132384 25.194625 40.984176
 256.800000 0.147462 35.182832 40.984176
 257.000000 0.144969 33.815852 40.984176
 257.200000 0.177579 42.232911 40.984176
 257.400000 0.191234 44.337217 40.984176
 257.600000 0.180619 42.676729 40.984176
 257.800000 0.165609 40.961776 40.984176
 258.000000 0.160413 40.171906 40.984176
 258.200000 0.175383 42.131905 40.984176
 258.400000 0.176234 42.225384 40.984176
 258.600000 0.176539 42.260205 40.984176
 258.800000 0.174167 42.008219 40.984176
 259.000000 0.184236 43.350045 40.984176
 259.200000 0.194286 44.864843 40.984176
 259.400000 0.225860 41.532611 40.984176
 259.600000 0.247446 36.748695 40.984176
 259.800000 0.248464 36.427799 40.984176
 260.000000 0.249478 36.103078 41.222339
 260.200000 0.228824 41.241260 41.222339
 260.400000 0.218639 42.579356 41.222339
 260.600000 0.238457 39.537771 41.222339
 260.800000 0.241976 38.674133 41.222339
 261.000000 0.244137 38.080941 41.222339
 261.200000 0.233923 40.702720 41.222339
 261.400000 0.224338 41.960957 41.222339
 261.600000 0.227307 41.616421 41.222339
 261.800000 0.217459 42.811530 41.222339
 262.000000 0.203584 44.697555 41.222339
 262.200000 0.204036 44.892801 41.222339
 262.400000 0.218020 42.886482 41.222339
 262.600000 0.219057 42.740210 41.222339
 262.800000 0.227618 41.645202 41.222339
 263.000000 0.231340 41.140226 41.222339
 263.200000 0.241847 39.253115 41.222339
 263.400000 0.224990 42.228109 41.222339
 263.600000 0.219447 42.890525 41.222339
 263.800000 0.205557 44.789384 41.222339
 264.000000 0.215751 43.383309 41.222339
 264.200000 0.222973 42.688014 41.222339
 264.400000 0.224270 42.526890 41.222339
 264.600000 0.225535 42.369514 41.222339
 264.800000 0.227687 42.092650 41.222339
 265.000000 0.231495 41.543198 41.682142
 265.200000 0.241389 39.655565 41.682142
 265.400000 0.256322 34.547553 41.682142
 265.600000 0.233325 41.510408 41.682142
 265.800000 0.202978 45.257661 41.682142
 266.000000 0.153476 38.528388 41.682142
 266.200000 0.132421 25.664161 41.682142
 266.400000 0.145080 34.717435 41.682142
 266.600000 0.158925 40.502057 41.682142
 266.800000 0.162612 41.203969 41.682142
 267.000000 0.172131 42.177608 41.682142
 267.200000 0.184849 44.064892 41.682142
 267.400000 0.174386 42.657879 41.682142
 267.600000 0.141172 32.260211 41.682142
 267.800000 0.115653 11.681769 41.682142
 268.000000 0.116289 12.171106 41.682142
 268.200000 0.136617 29.380650 41.682142
 268.400000 0.140681 32.192923 41.682142
 268.600000 0.142001 33.050976 41.682142
 268.800000 0.143276 33.850473 41.682142
 269.000000 0.128614 23.228766 41.682142
 269.200000 0.118926 15.782619 41.682142
 269.400000 0.119781 16.493769 41.682142
 269.600000 0.116816 14.055613 41.682142
 269.800000 0.107162 7.146947 41.682142
 270.000000 0.113398 11.384213 41.785969
 270.200000 0.128148 24.122528 41.785969
 270.400000 0.129905 25.459051 41.785969
 270.600000 0.119732 17.416476 41.785969
 270.800000 0.115725 14.224148 41.785969
 271.000000 0.132775 27.569297 41.785969
 271.200000 0.107889 8.702035 41.785969
 271.400000 0.106851 8.034980 41.785969
 271.600000 0.128685 25.028240 41.785969
 271.800000 0.117179 15.669008 41.785969
 272.000000 0.092670 1.919729 41.785969
 272.200000 0.104750 7.932779 41.785969
 272.400000 0.088062 2.564695 41.785969
 272.600000 0.111059 11.658525 41.785969
 272.800000 0.117677 16.473194 41.785969
 273.000000 0.107007 9.149551 41.785969
 273.200000 0.114381 15.018599 41.785969
 273.400000 0.121972 20.563604 41.785969
 273.600000 0.122980 21.317300 41.785969
 273.800000 0.114191 14.886319 41.785969
 274.000000 0.124469 22.429217 41.785969
 274.200000 0.117793 18.045234 41.785969
 274.400000 0.123419 22.288933 41.785969
 274.600000 0.135516 30.699859 41.785969
 274.800000 0.119171 19.081177 41.785969
 275.000000 0.120273 19.914617 41.770378
 275.200000 0.129088 27.033442 41.770378
 275.400000 0.139255 33.263005 41.770378
 275.600000 0.126564 25.278277 41.770378
 275.800000 0.113460 15.524262 41.770378
 276.000000 0.103157 8.889113 41.770378
 276.200000 0.111437 15.085165 41.770378
 276.400000 0.132108 29.206678 41.770378
 276.600000 0.125827 25.126334 41.770378
 276.800000 0.151850 39.020868 41.770378
 277.000000 0.170849 42.368054 41.770378
 277.200000 0.171821 42.710737 41.770378
 277.400000 0.140928 34.243292 41.770378
 277.600000 0.112730 15.955316 41.770378
 277.800000 0.102955 9.958488 41.770378
 278.000000 0.116123 18.306499 41.770378
 278.200000 0.122073 23.237856 41.770378
 278.400000 0.143014 35.460288 41.770378
 278.600000 0.143541 35.710834 41.770378
 278.800000 0.143022 35.464188 41.770378
 279.000000 0.123985 24.535400 41.770378
 279.200000 0.103340 10.930761 41.770378
 279.400000 0.096009 7.086664 41.770378
 279.600000 0.103135 10.809815 41.770378
 279.800000 0.106073 12.616114 41.770378
 280.000000 0.130120 29.006082 41.845391
 280.200000 0.145750 37.209132 41.845391
 280.400000 0.153106 39.846351 41.845391
 280.600000 0.149517 38.657611 41.845391
 280.800000 0.163231 41.962139 41.845391
 281.000000 0.163291 41.969497 41.845391
 281.200000 0.184226 44.247015 41.845391
 281.400000 0.173292 43.058043 41.845391
 281.600000 0.172568 43.004710 41.845391
 281.800000 0.186698 44.584283 41.845391
 282.000000 0.181846 43.930016 41.845391
 282.200000 0.165896 42.655291 41.845391
 282.400000 0.145636 37.310147 41.845391
 282.600000 0.131735 30.455153 41.845391
 282.800000 0.138055 33.825939 41.845391
 283.000000 0.149149 38.719593 41.845391
 283.200000 0.147247 38.284075 41.845391
 283.400000 0.139476 34.775532 41.845391
 283.600000 0.125761 26.859978 41.845391
 283.800000 0.103748 11.278823 41.845391
 284.000000 0.129958 29.550472 41.845391
 284.200000 0.121778 24.495659 41.845391
 284.400000 0.106440 13.130861 41.845391
 284.600000 0.103713 11.357940 41.845391
 284.800000 0.117040 20.938284 41.845391
 285.000000 0.119390 22.720954 42.067363
 285.200000 0.100659 9.836530 42.067363
 285.400000 0.102451 10.921115 42.067363
 285.600000 0.116412 21.081800 42.067363
 285.800000 0.117070 21.589577 42.067363
 286.000000 0.103676 11.701803 42.067363
 286.200000 0.097306 8.942050 42.067363
 286.400000 0.134910 33.341423 42.067363
 286.600000 0.166507 42.900958 42.067363
 286.800000 0.182001 44.225319 42.067363
 287.000000 0.178338 43.801297 42.067363
 287.200000 0.178559 44.073239 42.067363
 287.400000 0.171760 43.479257 42.067363
 287.600000 0.160627 42.373459 42.067363
 287.800000 0.144044 37.429605 42.067363
 288.000000 0.137384 34.530684 42.067363
 288.200000 0.133173 32.830237 42.067363
 288.400000 0.156770 41.779605 42.067363
 288.600000 0.167226 43.195251 42.067363
 288.800000 0.174033 43.671458 42.067363
 289.000000 0.160245 42.427406 42.067363
 289.200000 0.160085 42.666558 42.067363
 289.400000 0.171885 43.709857 42.067363
 289.600000 0.183204 44.698417 42.067363
 289.800000 0.170848 43.650074 42.067363
 290.000000 0.164206 43.187873 42.331671
 290.200000 0.176316 44.195632 42.331671
 290.400000 0.189253 45.434590 42.331671
 290.600000 0.188356 45.351136 42.331671
 290.800000 0.168512 43.760084 42.331671
 291.000000 0.168870 43.779898 42.331671
 291.200000 0.170535 44.113518 42.331671
 291.400000 0.178063 44.533370 42.331671
 291.600000 0.181249 44.790565 42.331671
 291.800000 0.176868 44.451018 42.331671
 292.000000 0.161981 43.415317 42.331671
 292.200000 0.178322 44.691813 42.331671
 292.400000 0.186487 45.352711 42.331671
 292.600000 0.191921 45.751797 42.331671
 292.800000 0.186458 45.350202 42.331671
 293.000000 0.181284 44.903945 42.331671
 293.200000 0.172587 44.608958 42.331671
 293.400000 0.159835 43.413935 42.331671
 293.600000 0.147829 39.792433 42.331671
 293.800000 0.151524 41.170919 42.331671
 294.000000 0.161788 43.742935 42.331671
 294.200000 0.197691 45.980939 42.331671
 294.400000 0.227933 42.330974 42.331671
 294.600000 0.232935 41.579392 42.331671
 294.800000 0.238034 40.531384 42.331671
 295.000000 0.253465 35.600354 42.721388
 295.200000 0.269278 29.979691 42.721388
 295.400000 0.254249 35.670046 42.721388
 295.600000 0.219022 43.440993 42.721388
 295.800000 0.210471 44.618617 42.721388
 296.000000 0.208646 44.883439 42.721388
 296.200000 0.216519 43.966386 42.721388
 296.400000 0.219227 43.600644 42.721388
 296.600000 0.213061 44.467669 42.721388
 296.800000 0.217482 43.833571 42.721388
 297.000000 0.211898 44.641390 42.721388
 297.200000 0.202425 46.073896 42.721388
 297.400000 0.223187 43.283827 42.721388
 297.600000 0.223511 43.241398 42.721388
 297.800000 0.224356 43.131194 42.721388
 298.000000 0.212622 44.772348 42.721388
 298.200000 0.221980 43.638616 42.721388
 298.400000 0.240021 40.381514 42.721388
 298.600000 0.224930 43.226379 42.721388
 298.800000 0.218676 44.108929 42.721388
 299.000000 0.219751 43.953956 42.721388
 299.200000 0.230823 42.526742 42.721388
 299.400000 0.222344 43.830924 42.721388
 299.600000 0.215757 44.776943 42.721388
 299.800000 0.230830 42.525452 42.721388
 300.000000 0.227185 43.123218 43.223351
 300.200000 0.215586 44.991797 43.223351
 300.400000 0.227302 43.361647 43.223351
 300.600000 0.205858 46.188997 43.223351
 300.800000 0.223901 43.857976 43.223351
 301.000000 0.230373 42.855988 43.223351
 301.200000 0.197655 46.603601 43.223351
 301.400000 0.182295 45.448428 43.223351
 301.600000 0.201226 46.553090 43.223351
 301.800000 0.222203 44.317162 43.223351
 302.000000 0.223052 44.206423 43.223351
 302.200000 0.219914 44.847662 43.223351
 302.400000 0.230496 43.309365 43.223351
 302.600000 0.203386 46.548068 43.223351
 302.800000 0.179360 45.208556 43.223351
 303.000000 0.179638 45.229531 43.223351
 303.200000 0.174391 45.130214 43.223351
 303.400000 0.191505 46.519431 43.223351
 303.600000 0.188528 46.272646 43.223351
 303.800000 0.191119 46.490665 43.223351
 304.000000 0.175687 45.200698 43.223351
 304.200000 0.162115 44.315312 43.223351
 304.400000 0.180916 45.784835 43.223351
 304.600000 0.177115 45.519109 43.223351
 304.800000 0.180854 45.779995 43.223351
 305.000000 0.195811 46.837107 43.730530
 305.200000 0.221977 44.642538 43.730530
 305.400000 0.231029 43.223067 43.730530
 305.600000 0.226787 43.955908 43.730530
 305.800000 0.208984 46.303334 43.730530
 306.000000 0.193452 46.974637 43.730530
 306.200000 0.198372 47.268861 43.730530
 306.400000 0.191097 47.046693 43.730530
 306.600000 0.188512 46.830605 43.730530
 306.800000 0.180815 46.059863 43.730530
 307.000000 0.180258 46.007584 43.730530
 307.200000 0.171388 45.521984 43.730530
 307.400000 0.176463 45.905636 43.730530
 307.600000 0.201885 47.207654 43.730530
 307.800000 0.204311 47.003916 43.730530
 308.000000 0.209305 46.423458 43.730530
 308.200000 0.214796 45.879417 43.730530
 308.400000 0.234828 42.463916 43.730530
 308.600000 0.265656 31.403369 43.730530
 308.800000 0.254052 35.927333 43.730530
 309.000000 0.224189 44.502274 43.730530
 309.200000 0.218343 45.591170 43.730530
 309.400000 0.203431 47.382589 43.730530
 309.600000 0.203067 47.408775 43.730530
 309.800000 0.205234 47.231816 43.730530
 310.000000 0.203849 47.350662 44.328114
 310.200000 0.223704 44.905683 44.328114
 310.400000 0.249706 37.678488 44.328114
 310.600000 0.256263 35.083442 44.328114
 310.800000 0.245386 39.322320 44.328114
 311.000000 0.218400 45.715795 44.328114
 311.200000 0.216663 46.196832 44.328114
 311.400000 0.206185 47.513581 44.328114
 311.600000 0.179217 46.231875 44.328114
 311.800000 0.172851 45.669222 44.328114
 312.000000 0.183222 46.668391 44.328114
 312.200000 0.193878 47.919661 44.328114
 312.400000 0.193888 47.920214 44.328114
 312.600000 0.199995 47.995987 44.328114
 312.800000 0.200292 47.986996 44.328114
 313.000000 0.193634 47.906537 44.328114
 313.200000 0.193309 48.094936 44.328114
 313.400000 0.221301 45.550811 44.328114
 313.600000 0.214641 46.585037 44.328114
 313.800000 0.222019 45.434045 44.328114
 314.000000 0.215162 46.506541 44.328114
 314.200000 0.208812 47.614046 44.328114
 314.400000 0.199166 48.333055 44.328114
 314.600000 0.206248 47.904800 44.328114
 314.800000 0.203345 48.157120 44.328114
 315.000000 0.198932 48.335802 44.944189
 315.200000 0.207009 47.999975 44.944189
 315.400000 0.194913 48.457946 44.944189
 315.600000 0.189603 48.012459 44.944189
 315.800000 0.182790 47.131889 44.944189
 316.000000 0.183784 47.265320 44.944189
 316.200000 0.197474 48.678110 44.944189
 316.400000 0.210153 47.641638 44.944189
 316.600000 0.205116 48.277946 44.944189
 316.800000 0.191675 48.410996 44.944189
 317.000000 0.190284 48.280942 44.944189
 317.200000 0.187583 48.176436 44.944189
 317.400000 0.172737 46.222161 44.944189
 317.600000 0.170761 45.990552 44.944189
 317.800000 0.171908 46.125051 44.944189
 318.000000 0.158626 43.879802 44.944189
 318.200000 0.138018 35.633736 44.944189
 318.400000 0.112175 18.784714 44.944189
 318.600000 0.096604 8.576339 44.944189
 318.800000 0.107601 15.447371 44.944189
 319.000000 0.128433 30.301102 44.944189
 319.200000 0.155529 43.306565 44.944189
 319.400000 0.172969 46.410821 44.944189
 319.600000 0.192208 48.676871 44.944189
 319.800000 0.190046 48.487595 44.944189
 320.000000 0.179744 47.192847 45.366240
 320.200000 0.174196 46.742157 45.366240
 320.400000 0.195237 48.962698 45.366240
 320.600000 0.208713 47.972573 45.366240
 320.800000 0.205135 48.452891 45.366240
 321.000000 0.197565 48.972826 45.366240
 321.200000 0.205494 48.581649 45.366240
 321.400000 0.218012 46.515011 45.366240
 321.600000 0.215288 47.004123 45.366240
 321.800000 0.215811 46.910753 45.366240
 322.000000 0.215191 47.021411 45.366240
 322.200000 0.215856 47.117903 45.366240
 322.400000 0.215196 47.235998 45.366240
 322.600000 0.227792 44.789177 45.366240
 322.800000 0.236659 42.468032 45.366240
 323.000000 0.235024 42.955691 45.366240
 323.200000 0.243067 40.519396 45.366240
 323.400000 0.243906 40.201625 45.366240
 323.600000 0.269088 30.091137 45.366240
 323.800000 0.282640 24.082806 45.366240
 324.000000 0.262541 32.667772 45.366240
 324.200000 0.242085 41.044499 45.366240
 324.400000 0.222894 46.000896 45.366240
 324.600000 0.215340 47.321222 45.366240
 324.800000 0.203500 49.000287 45.366240
 325.000000 0.213047 47.702791 45.760263
 325.200000 0.207470 48.741171 45.760263
 325.400000 0.209064 48.524679 45.760263
 325.600000 0.211425 48.171687 45.760263
 325.800000 0.210474 48.317813 45.760263
 326.000000 0.194885 49.341276 45.760263
 326.200000 0.191256 49.264480 45.760263
 326.400000 0.176973 47.255358 45.760263
 326.600000 0.182187 48.018432 45.760263
 326.800000 0.204119 49.276816 45.760263
 327.000000 0.226179 45.539731 45.760263
 327.200000 0.226452 45.712285 45.760263
 327.400000 0.216190 47.636966 45.760263
 327.600000 0.230786 44.713711 45.760263
 327.800000 0.217983 47.326688 45.760263
 328.000000 0.198434 49.640279 45.760263
 328.200000 0.198192 49.833110 45.760263
 328.400000 0.199867 49.805598 45.760263
 328.600000 0.205242 49.416906 45.760263
 328.800000 0.199776 49.808255 45.760263
 329.000000 0.194209 49.707968 45.760263
 329.200000 0.198933 50.008537 45.760263
 329.400000 0.214767 48.058120 45.760263
 329.600000 0.210549 48.796218 45.760263
 329.800000 0.224019 46.279432 45.760263
 330.000000 0.204416 49.655439 46.384275
 330.200000 0.198284 50.193249 46.384275
 330.400000 0.165727 45.815121 46.384275
 330.600000 0.133713 33.796738 46.384275
 330.800000 0.143086 38.404461 46.384275
 331.000000 0.138337 36.164091 46.384275
 331.200000 0.142794 38.605578 46.384275
 331.400000 0.154205 43.143166 46.384275
 331.600000 0.149977 41.626691 46.384275
 331.800000 0.158189 44.326121 46.384275
 332.000000 0.152637 42.609976 46.384275
 332.200000 0.144449 39.565899 46.384275
 332.400000 0.144773 39.709781 46.384275
 332.600000 0.150078 41.924473 46.384275
 332.800000 0.171328 46.788967 46.384275
 333.000000 0.182142 48.363707 46.384275
 333.200000 0.183974 48.875800 46.384275
 333.400000 0.169854 46.752321 46.384275
 333.600000 0.162794 45.666869 46.384275
 333.800000 0.164041 45.893844 46.384275
 334.000000 0.167137 46.381475 46.384275
 334.200000 0.175232 47.667896 46.384275
 334.400000 0.169753 46.957374 46.384275
 334.600000 0.159928 45.258083 46.384275
 334.800000 0.145166 39.968115 46.384275
 335.000000 0.142764 38.868363 46.597107
 335.200000 0.155749 44.310225 46.597107
 335.400000 0.153934 43.734354 46.597107
 335.600000 0.124252 28.447743 46.597107
 335.800000 0.134420 34.923693 46.597107
 336.000000 0.147848 41.432328 46.597107
 336.200000 0.144758 40.362177 46.597107
 336.400000 0.126702 30.260821 46.597107
 336.600000 0.148047 41.791647 46.597107
 336.800000 0.173690 47.561331 46.597107
 337.000000 0.163603 46.308768 46.597107
 337.200000 0.166794 46.980385 46.597107
 337.400000 0.182474 48.881859 46.597107
 337.600000 0.185175 49.279755 46.597107
 337.800000 0.185373 49.308600 46.597107
 338.000000 0.185274 49.294208 46.597107
 338.200000 0.178331 48.473981 46.597107
 338.400000 0.165830 46.940616 46.597107
 338.600000 0.176713 48.257158 46.597107
 338.800000 0.198569 50.475258 46.597107
 339.000000 0.207918 49.509636 46.597107
 339.200000 0.211707 49.031010 46.597107
 339.400000 0.215198 48.343640 46.597107
 339.600000 0.213990 48.586220 46.597107
 339.800000 0.209197 49.487814 46.597107
 340.000000 0.212207 48.935676 47.023830
 340.200000 0.209038 49.708755 47.023830
 340.400000 0.223770 46.681505 47.023830
 340.600000 0.240923 41.690148 47.023830
 340.800000 0.230654 44.972180 47.023830
 341.000000 0.202094 50.599700 47.023830
 341.200000 0.191192 50.543580 47.023830
 341.400000 0.203410 50.666570 47.023830
 341.600000 0.209298 49.828043 47.023830
 341.800000 0.214851 48.736458 47.023830
 342.000000 0.203812 50.624812 47.023830
 342.200000 0.213390 49.190402 47.023830
 342.400000 0.210626 49.751074 47.023830
 342.600000 0.198759 51.114030 47.023830
 342.800000 0.184526 49.644012 47.023830
 343.000000 0.197588 51.115188 47.023830
 343.200000 0.201273 51.196238 47.023830
 343.400000 0.179752 48.924215 47.023830
 343.600000 0.189290 50.572023 47.023830
 343.800000 0.192934 51.034072 47.023830
 344.000000 0.205054 50.821147 47.023830
 344.200000 0.222415 47.285622 47.023830
 344.400000 0.233326 44.299727 47.023830
 344.600000 0.229073 45.543374 47.023830
 344.800000 0.204428 51.082716 47.023830
 345.000000 0.207244 50.674944 47.683679
 345.200000 0.238591 42.580976 47.683679
 345.400000 0.239099 42.399286 47.683679
 345.600000 0.222415 47.395252 47.683679
 345.800000 0.220502 47.884628 47.683679
 346.000000 0.261072 33.674206 47.683679
 346.200000 0.270813 30.072528 47.683679
 346.400000 0.240072 42.192069 47.683679
 346.600000 0.201566 51.524206 47.683679
 346.800000 0.200885 51.561866 47.683679
 347.000000 0.205872 51.071440 47.683679
 347.200000 0.211109 50.291368 47.683679
 347.400000 0.234332 44.130112 47.683679
 347.600000 0.248232 39.146055 47.683679
 347.800000 0.264297 32.771360 47.683679
 348.000000 0.288040 21.302121 47.683679
 348.200000 0.311132 8.001626 47.683679
 348.400000 0.302375 12.940509 47.683679
 348.600000 0.299061 15.021493 47.683679
 348.800000 0.314984 6.188118 47.683679
 349.000000 0.304445 11.686317 47.683679
 349.200000 0.300380 15.186876 47.683679
 349.400000 0.309354 9.905032 47.683679
 349.600000 0.315457 6.776741 47.683679
 349.800000 0.299068 15.991862 47.683679
 350.000000 0.270612 30.582916 47.797102
 350.200000 0.258315 35.584037 47.797102
 350.400000 0.237188 43.238568 47.797102
 350.600000 0.234765 44.018057 47.797102
 350.800000 0.242685 41.341685 47.797102
 351.000000 0.261567 34.397694 47.797102
 351.200000 0.261965 34.630620 47.797102
 351.400000 0.267557 32.544094 47.797102
 351.600000 0.255136 37.095476 47.797102
 351.800000 0.266938 32.780753 47.797102
 352.000000 0.304990 12.439738 47.797102
 352.200000 0.326346 3.070482 47.797102
 352.400000 0.310112 10.453408 47.797102
 352.600000 0.293426 20.358530 47.797102
 352.800000 0.292927 20.647046 47.797102
 353.000000 0.325709 3.270455 47.797102
 353.200000 0.313143 9.841674 47.797102
 353.400000 0.292306 21.128454 47.797102
 353.600000 0.295618 19.273310 47.797102
 353.800000 0.291917 21.343732 47.797102
 354.000000 0.305197 13.913800 47.797102
 354.200000 0.315508 9.485579 47.797102
 354.400000 0.333525 2.838367 47.797102
 354.600000 0.326438 4.897340 47.797102
 354.800000 0.321821 6.642309 47.797102
 355.000000 0.317556 8.512975 47.773750
 355.200000 0.329789 4.688263 47.773750
 355.400000 0.347417 0.861076 47.773750
 355.600000 0.332106 3.938855 47.773750
 355.800000 0.328931 4.985183 47.773750
 356.000000 0.328915 4.990667 47.773750
 356.200000 0.338534 3.401131 47.773750
 356.400000 0.363345 0.169801 47.773750
 356.600000 0.339419 3.172513 47.773750
 356.800000 0.341961 2.565358 47.773750
 357.000000 0.355676 0.555303 47.773750
 357.200000 0.340690 3.894905 47.773750
 357.400000 0.339182 4.164110 47.773750
 357.600000 0.323587 8.527320 47.773750
 357.800000 0.308927 14.450975 47.773750
 358.000000 0.309081 14.383692 47.773750
 358.200000 0.334926 5.282480 47.773750
 358.400000 0.342923 3.613878 47.773750
 358.600000 0.337596 4.626699 47.773750
 358.800000 0.320698 10.282260 47.773750
 359.000000 0.320476 10.374965 47.773750
 359.200000 0.309084 16.130078 47.773750
 359.400000 0.314985 13.754387 47.773750
 359.600000 0.318208 12.422866 47.773750
 359.800000 0.331427 7.139078 47.773750
 360.000000 0.333217 6.524250 47.748349
 360.200000 0.333383 7.777669 47.748349
 360.400000 0.336994 6.633533 47.748349
 360.600000 0.335047 7.236448 47.748349
 360.800000 0.327019 9.997698 47.748349
 361.000000 0.313665 14.851876 47.748349
 361.200000 0.314325 15.517391 47.748349
 361.400000 0.337707 6.670511 47.748349
 361.600000 0.324912 11.444294 47.748349
 361.800000 0.325998 11.011172 47.748349
 362.000000 0.345641 4.515512 47.748349
 362.200000 0.319577 13.866667 47.748349
 362.400000 0.339153 7.523051 47.748349
 362.600000 0.375607 0.929444 47.748349
 362.800000 0.366435 2.081067 47.748349
 363.000000 0.347155 5.615091 47.748349
 363.200000 0.346587 7.099825 47.748349
 363.400000 0.347745 6.850850 47.748349
 363.600000 0.355785 5.055126 47.748349
 363.800000 0.341945 8.093815 47.748349
 364.000000 0.329573 11.087073 47.748349
 364.200000 0.311853 17.120311 47.748349
 364.400000 0.312466 16.950178 47.748349
 364.600000 0.315445 16.124296 47.748349
 364.800000 0.346773 7.612372 47.748349
 365.000000 0.351664 6.351166 47.723830
 365.200000 0.328418 12.872377 47.723830
 365.400000 0.310794 17.443674 47.723830
 365.600000 0.312116 17.085756 47.723830
 365.800000 0.322309 14.391760 47.723830
 366.000000 0.331492 12.157481 47.723830
 366.200000 0.354601 7.194677 47.723830
 366.400000 0.360588 5.329339 47.723830
 366.600000 0.334631 12.457997 47.723830
 366.800000 0.326005 14.410666 47.723830
 367.000000 0.318368 16.113493 47.723830
 367.200000 0.325958 15.171944 47.723830
 367.400000 0.331487 13.758785 47.723830
 367.600000 0.334357 13.004165 47.723830
 367.800000 0.327443 14.799258 47.723830
 368.000000 0.327889 14.686015 47.723830
 368.200000 0.330823 14.823869 47.723830
 368.400000 0.341362 11.733829 47.723830
 368.600000 0.341676 11.636727 47.723830
 368.800000 0.316751 18.012989 47.723830
 369.000000 0.299992 21.253141 47.723830
 369.200000 0.288507 25.314149 47.723830
 369.400000 0.307888 20.168761 47.723830
 369.600000 0.325254 16.405649 47.723830
 369.800000 0.326196 16.163463 47.723830
 370.000000 0.318977 17.897304 47.700111
 370.200000 0.328502 16.193495 47.700111
 370.400000 0.349165 9.343290 47.700111
 370.600000 0.354556 7.485138 47.700111
 370.800000 0.327029 16.627286 47.700111
 371.000000 0.336921 13.497411 47.700111
 371.200000 0.332408 15.895923 47.700111
 371.400000 0.324011 18.125001 47.700111
 371.600000 0.316738 19.545431 47.700111
 371.800000 0.302742 21.782221 47.700111
 372.000000 0.287761 25.657137 47.700111
 372.200000 0.288280 26.046723 47.700111
 372.400000 0.292346 24.777783 47.700111
 372.600000 0.290980 25.193175 47.700111
 372.800000 0.288290 26.043553 47.700111
 373.000000 0.296242 23.671337 47.700111
 373.200000 0.307193 21.729986 47.700111
 373.400000 0.308497 21.470554 47.700111
 373.600000 0.294506 24.754841 47.700111
 373.800000 0.277491 29.915865 47.700111
 374.000000 0.274727 30.778878 47.700111
 374.200000 0.295417 24.675153 47.700111
 374.400000 0.309712 21.261818 47.700111
 374.600000 0.322624 18.598170 47.700111
 374.800000 0.320658 19.048885 47.700111
 375.000000 0.327960 17.235538 47.677209
 375.200000 0.319163 20.058221 47.677209
 375.400000 0.295389 24.758685 47.677209
 375.600000 0.279720 29.646255 47.677209
 375.800000 0.287352 27.190401 47.677209
 376.000000 0.314011 20.945799 47.677209
 376.200000 0.332909 16.857351 47.677209
 376.400000 0.334265 16.366950 47.677209
 376.600000 0.348635 10.592178 47.677209
 376.800000 0.333294 16.719971 47.677209
 377.000000 0.305278 23.017764 47.677209
 377.200000 0.293797 25.954837 47.677209
 377.400000 0.315795 21.825259 47.677209
 377.600000 0.318254 21.317594 47.677209
 377.800000 0.313423 22.270918 47.677209
 378.000000 0.301561 24.303153 47.677209
 378.200000 0.296945 25.799066 47.677209
 378.400000 0.296412 25.909699 47.677209
 378.600000 0.287152 28.067177 47.677209
 378.800000 0.282717 29.231544 47.677209
 379.000000 0.278112 30.490072 47.677209
 379.200000 0.287161 28.439916 47.677209
 379.400000 0.303200 24.704380 47.677209
 379.600000 0.293004 26.925568 47.677209
 379.800000 0.281984 29.864041 47.677209
 380.000000 0.255500 37.389354 47.659706
 380.200000 0.270242 33.323190 47.659706
 380.400000 0.274120 32.200398 47.659706
 380.600000 0.263841 35.190120 47.659706
 380.800000 0.261285 35.951487 47.659706
 381.000000 0.275408 31.827273 47.659706
 381.200000 0.289316 28.165012 47.659706
 381.400000 0.274939 32.387012 47.659706
 381.600000 0.252778 38.709517 47.659706
 381.800000 0.260672 36.397017 47.659706
 382.000000 0.289415 28.136915 47.659706
 382.200000 0.285222 29.837207 47.659706
 382.400000 0.273650 33.044746 47.659706
 382.600000 0.293519 27.498386 47.659706
 382.800000 0.285650 29.714482 47.659706
 383.000000 0.266384 34.949393 47.659706
 383.200000 0.252724 38.993336 47.659706
 383.400000 0.239185 43.011599 47.659706
 383.600000 0.270665 34.186702 47.659706
 383.800000 0.289650 28.680247 47.659706
 384.000000 0.278825 31.904371 47.659706
 384.200000 0.275915 33.153327 47.659706
 384.400000 0.280427 31.855595 47.659706
 384.600000 0.283812 30.828350 47.659706
 384.800000 0.269158 34.931355 47.659706
 385.000000 0.264136 36.168590 47.641662
 385.200000 0.264492 36.430564 47.641662
 385.400000 0.264005 36.550127 47.641662
 385.600000 0.275862 33.425278 47.641662
 385.800000 0.275300 33.587850 47.641662
 386.000000 0.292211 28.281206 47.641662
 386.200000 0.281467 32.107048 47.641662
 386.400000 0.285934 30.743667 47.641662
 386.600000 0.294216 28.164489 47.641662
 386.800000 0.292392 28.721924 47.641662
 387.000000 0.295805 27.688618 47.641662
 387.200000 0.284167 31.668264 47.641662
 387.400000 0.252109 39.527382 47.641662
 387.600000 0.254209 38.994071 47.641662
 387.800000 0.282755 32.070218 47.641662
 388.000000 0.293216 28.970691 47.641662
 388.200000 0.298743 27.787317 47.641662
 388.400000 0.302146 26.774969 47.641662
 388.600000 0.282030 32.637658 47.641662
 388.800000 0.264767 36.593481 47.641662
 389.000000 0.261858 37.228610 47.641662
 389.200000 0.288221 31.000763 47.641662
 389.400000 0.282878 32.539588 47.641662
 389.600000 0.276764 34.146374 47.641662
 389.800000 0.290459 30.328393 47.641662
 390.000000 0.294394 29.129200 47.622275
 390.200000 0.313301 23.799442 47.622275
 390.400000 0.294207 29.664390 47.622275
 390.600000 0.278981 33.864263 47.622275
 390.800000 0.276848 34.366034 47.622275
 391.000000 0.286587 31.900809 47.622275
 391.200000 0.301185 27.763515 47.622275
 391.400000 0.309884 24.960345 47.622275
 391.600000 0.281587 33.623870 47.622275
 391.800000 0.262983 37.487900 47.622275
 392.000000 0.297107 29.100862 47.622275
 392.200000 0.321543 21.368209 47.622275
 392.400000 0.298416 29.149525 47.622275
 392.600000 0.288773 32.109674 47.622275
 392.800000 0.281540 33.914219 47.622275
 393.000000 0.257734 38.588130 47.622275
 393.200000 0.247876 41.149630 47.622275
 393.400000 0.238204 43.619194 47.622275
 393.600000 0.238862 43.448508 47.622275
 393.800000 0.249013 40.873554 47.622275
 394.000000 0.262416 37.932721 47.622275
 394.200000 0.255741 39.622914 47.622275
 394.400000 0.240554 43.119725 47.622275
 394.600000 0.249905 40.887266 47.622275
 394.800000 0.253174 40.165843 47.622275
 395.000000 0.260031 38.739177 47.612034
 395.200000 0.262835 38.476983 47.612034
 395.400000 0.238963 43.632605 47.612034
 395.600000 0.226336 46.660560 47.612034
 395.800000 0.238919 43.643201 47.612034
 396.000000 0.252597 40.565795 47.612034
 396.200000 0.245446 42.373281 47.612034
 396.400000 0.242501 43.023653 47.612034
 396.600000 0.239242 43.759224 47.612034
 396.800000 0.249110 41.586292 47.612034
 397.000000 0.248691 41.675351 47.612034
 397.200000 0.265001 38.382514 47.612034
 397.400000 0.269503 37.326658 47.612034
 397.600000 0.261869 39.098653 47.612034
 397.800000 0.250347 41.596408 47.612034
 398.000000 0.249496 41.777620 47.612034
 398.200000 0.254108 41.056126 47.612034
 398.400000 0.289994 31.922478 47.612034
 398.600000 0.313666 24.030691 47.612034
 398.800000 0.296624 29.791288 47.612034
 399.000000 0.275558 35.913772 47.612034
 399.200000 0.276612 35.996063 47.612034
 399.400000 0.278185 35.585659 47.612034
 399.600000 0.294655 30.598716 47.612034
 399.800000 0.312524 24.428577 47.612034
 400.000000 0.306112 26.611435 47.623723
 400.200000 0.290676 32.238628 47.623723
 400.400000 0.284509 34.022254 47.623723
 400.600000 0.283927 34.181303 47.623723
 400.800000 0.274449 36.605349 47.623723
 401.000000 0.277484 35.855269 47.623723
 401.200000 0.291567 32.194442 47.623723
 401.400000 0.292890 31.764984 47.623723
 401.600000 0.291696 32.152780 47.623723
 401.800000 0.297399 30.252026 47.623723
 402.000000 0.290679 32.477990 47.623723
 402.200000 0.299687 29.804221 47.623723
 402.400000 0.294218 31.727940 47.623723
 402.600000 0.313016 24.899746 47.623723
 402.800000 0.306515 27.296145 47.623723
 403.000000 0.308627 26.517026 47.623723
 403.200000 0.314016 25.034935 47.623723
 403.400000 0.315772 24.364477 47.623723
 403.600000 0.320680 22.452128 47.623723
 403.800000 0.326744 19.994063 47.623723
 404.000000 0.315597 24.431571 47.623723
 404.200000 0.289967 33.497457 47.623723
 404.400000 0.288046 34.019869 47.623723
 404.600000 0.303439 29.360986 47.623723
 404.800000 0.319848 23.347030 47.623723
 405.000000 0.326877 20.382902 47.603416
 405.200000 0.327408 20.856011 47.603416
 405.400000 0.322256 23.029938 47.603416
 405.600000 0.339270 15.324857 47.603416
 405.800000 0.319095 24.267072 47.603416
 406.000000 0.270604 38.043461 47.603416
 406.200000 0.277914 36.764747 47.603416
 406.400000 0.278540 36.619611 47.603416
 406.600000 0.285973 34.768390 47.603416
 406.800000 0.286200 34.707782 47.603416
 407.000000 0.293093 32.768159 47.603416
 407.200000 0.288642 34.430339 47.603416
 407.400000 0.296458 32.160589 47.603416
 407.600000 0.308138 28.336459 47.603416
 407.800000 0.309453 27.883939 47.603416
 408.000000 0.320951 23.622461 47.603416
 408.200000 0.318021 25.373007 47.603416
 408.400000 0.328581 20.895785 47.603416
 408.600000 0.344593 12.973546 47.603416
 408.800000 0.342476 14.016062 47.603416
 409.000000 0.343236 13.640202 47.603416
 409.200000 0.346974 12.745738 47.603416
 409.400000 0.349639 11.434921 47.603416
 409.600000 0.353493 9.571137 47.603416
 409.800000 0.342449 14.981086 47.603416
 410.000000 0.357092 7.893339 47.583826
 410.200000 0.347928 13.296246 47.583826
 410.400000 0.336436 18.378012 47.583826
 410.600000 0.336151 18.501536 47.583826
 410.800000 0.318940 25.325541 47.583826
 411.000000 0.302777 30.451975 47.583826
 411.200000 0.294203 33.355161 47.583826
 411.400000 0.279887 36.731284 47.583826
 411.600000 0.285141 35.601078 47.583826
 411.800000 0.313765 27.400387 47.583826
 412.000000 0.323076 24.013177 47.583826
 412.200000 0.330037 21.716530 47.583826
 412.400000 0.332280 20.718796 47.583826
 412.600000 0.331251 21.179658 47.583826
 412.800000 0.333486 20.172969 47.583826
 413.000000 0.336715 18.688250 47.583826
 413.200000 0.321543 25.657862 47.583826
 413.400000 0.337600 19.037639 47.583826
 413.600000 0.343489 16.218264 47.583826
 413.800000 0.345328 15.315302 47.583826
 414.000000 0.340573 17.629958 47.583826
 414.200000 0.339487 18.944023 47.583826
 414.400000 0.357153 9.873867 47.583826
 414.600000 0.357477 9.705414 47.583826
 414.800000 0.353768 11.654999 47.583826
 415.000000 0.343227 17.132002 47.562254
 415.200000 0.386261 0.597400 47.562254
 415.400000 0.393373 0.177249 47.562254
 415.600000 0.353514 12.434326 47.562254
 415.800000 0.354500 11.882341 47.562254
 416.000000 0.370885 3.872436 47.562254
 416.200000 0.386514 1.429360 47.562254
 416.400000 0.386782 1.390132 47.562254
 416.600000 0.380949 2.438865 47.562254
 416.800000 0.344656 17.544461 47.562254
 417.000000 0.327720 24.405194 47.562254
 417.200000 0.324776 25.921919 47.562254
 417.400000 0.326865 25.274068 47.562254
 417.600000 0.306102 30.595735 47.562254
 417.800000 0.291841 34.087133 47.562254
 418.000000 0.295805 33.122705 47.562254
 418.200000 0.332773 23.199905 47.562254
 418.400000 0.360983 9.568155 47.562254
 418.600000 0.353473 13.340939 47.562254
 418.800000 0.374895 4.016843 47.562254
 419.000000 0.399525 0.282340 47.562254
 419.200000 0.402389 1.879041 47.562254
 419.400000 0.377625 3.833528 47.562254
 419.600000 0.374066 4.680623 47.562254
 419.800000 0.371495 5.433912 47.562254
 420.000000 0.386277 2.633614 47.540448
 420.200000 0.384497 4.341244 47.540448
 420.400000 0.382657 4.515486 47.540448
 420.600000 0.379755 4.847463 47.540448
 420.800000 0.394274 3.558276 47.540448
 421.000000 0.402035 2.791755 47.540448
 421.200000 0.411228 2.978638 47.540448
 421.400000 0.391441 4.992049 47.540448
 421.600000 0.385870 5.086697 47.540448
 421.800000 0.387874 5.051731 47.540448
 422.000000 0.373178 6.229640 47.540448
 422.200000 0.370574 8.105569 47.540448
 422.400000 0.380039 6.530482 47.540448
 422.600000 0.366973 9.031119 47.540448
 422.800000 0.379103 6.638806 47.540448
 423.000000 0.372562 7.676830 47.540448
 423.200000 0.361592 11.716816 47.540448
 423.400000 0.373987 8.641883 47.540448
 423.600000 0.385595 6.884654 47.540448
 423.800000 0.379611 7.691810 47.540448
 424.000000 0.365709 10.521391 47.540448
 424.200000 0.366233 11.476712 47.540448
 424.400000 0.373934 9.593795 47.540448
 424.600000 0.367871 11.049831 47.540448
 424.800000 0.371089 10.252996 47.540448
 425.000000 0.396529 5.671097 47.518268
 425.200000 0.404975 5.415173 47.518268
 425.400000 0.396805 6.987817 47.518268
 425.600000 0.389100 7.987756 47.518268
 425.800000 0.384715 8.480076 47.518268
 426.000000 0.368307 11.168103 47.518268
 426.200000 0.373788 11.050816 47.518268
 426.400000 0.369857 11.887625 47.518268
 426.600000 0.382468 9.427778 47.518268
 426.800000 0.390388 8.199736 47.518268
 427.000000 0.367032 12.521148 47.518268
 427.200000 0.354497 16.461358 47.518268
 427.400000 0.362362 14.584496 47.518268
 427.600000 0.382433 10.024216 47.518268
 427.800000 0.370025 12.832944 47.518268
 428.000000 0.361898 14.690087 47.518268
 428.200000 0.383519 10.122736 47.518268
 428.400000 0.377869 11.531196 47.518268
 428.600000 0.358657 16.327210 47.518268
 428.800000 0.360609 15.891015 47.518268
 429.000000 0.361062 15.788907 47.518268
 429.200000 0.327441 25.376230 47.518268
 429.400000 0.322584 26.735350 47.518268
 429.600000 0.338132 22.146934 47.518268
 429.800000 0.346085 19.941253 47.518268
 430.000000 0.353401 18.282263 47.496751
 430.200000 0.352089 19.331834 47.496751
 430.400000 0.335258 23.389552 47.496751
 430.600000 0.339104 22.349842 47.496751
 430.800000 0.347576 20.294471 47.496751
 431.000000 0.353351 19.067845 47.496751
 431.200000 0.351616 20.174193 47.496751
 431.400000 0.357437 18.909058 47.496751
 431.600000 0.360664 18.097986 47.496751
 431.800000 0.361843 17.775774 47.496751
 432.000000 0.363473 17.306337 47.496751
 432.200000 0.365456 17.499886 47.496751
 432.400000 0.385259 10.397969 47.496751
 432.600000 0.382840 11.152830 47.496751
 432.800000 0.363220 18.190404 47.496751
 433.000000 0.351006 20.870753 47.496751
 433.200000 0.353120 21.186085 47.496751
 433.400000 0.360795 19.417458 47.496751
 433.600000 0.363745 18.515704 47.496751
 433.800000 0.350292 21.681798 47.496751
 434.000000 0.351387 21.495974 47.496751
 434.200000 0.350468 22.322894 47.496751
 434.400000 0.357592 20.865461 47.496751
 434.600000 0.375159 14.312736 47.496751
 434.800000 0.404355 5.701550 47.496751
 435.000000 0.397446 7.356758 47.475970
 435.200000 0.359825 20.310458 47.475970
 435.400000 0.378077 13.642605 47.475970
 435.600000 0.405513 6.501812 47.475970
 435.800000 0.407578 5.889110 47.475970
 436.000000 0.399618 8.097935 47.475970
 436.200000 0.379910 13.519860 47.475970
 436.400000 0.383226 12.639112 47.475970
 436.600000 0.381075 13.191690 47.475970
 436.800000 0.378372 13.983507 47.475970
 437.000000 0.375291 15.004604 47.475970
 437.200000 0.362462 20.192389 47.475970
 437.400000 0.351041 22.480706 47.475970
 437.600000 0.340562 23.860599 47.475970
 437.800000 0.357138 21.460939 47.475970
 438.000000 0.374160 16.298304 47.475970
 438.200000 0.377640 15.925719 47.475970
 438.400000 0.391175 11.996070 47.475970
 438.600000 0.386170 13.286794 47.475970
 438.800000 0.370322 18.482974 47.475970
 439.000000 0.368758 19.004355 47.475970
 439.200000 0.370571 19.143252 47.475970
 439.400000 0.359371 22.114617 47.475970
 439.600000 0.331495 25.405568 47.475970
 439.800000 0.339973 24.124199 47.475970
 440.000000 0.333864 24.997083 47.455123
 440.200000 0.350409 23.475245 47.455123
 440.400000 0.358581 22.392396 47.455123
 440.600000 0.397716 10.418371 47.455123
 440.800000 0.392191 11.963264 47.455123
 441.000000 0.383043 14.656240 47.455123
 441.200000 0.383887 15.290585 47.455123
 441.400000 0.367356 20.771660 47.455123
 441.600000 0.350771 23.525534 47.455123
 441.800000 0.360857 22.257961 47.455123
 442.000000 0.386054 14.596744 47.455123
 442.200000 0.371885 19.975781 47.455123
 442.400000 0.367239 21.219116 47.455123
 442.600000 0.379062 17.738808 47.455123
 442.800000 0.372950 19.660889 47.455123
 443.000000 0.346827 23.920747 47.455123
 443.200000 0.341579 25.039424 47.455123
 443.400000 0.357173 23.447878 47.455123
 443.600000 0.351381 24.105820 47.455123
 443.800000 0.349606 24.271347 47.455123
 444.000000 0.330327 26.505671 47.455123
 444.200000 0.314765 29.497464 47.455123
 444.400000 0.315109 29.437614 47.455123
 444.600000 0.337998 25.918625 47.455123
 444.800000 0.344197 25.122378 47.455123
 445.000000 0.354192 23.967512 47.434583
 445.200000 0.345428 25.484324 47.434583
 445.400000 0.334673 26.650049 47.434583
 445.600000 0.329135 27.372596 47.434583
 445.800000 0.311492 30.105052 47.434583
 446.000000 0.324372 28.033729 47.434583
 446.200000 0.334610 27.055381 47.434583
 446.400000 0.335058 26.991516 47.434583
 446.600000 0.339122 26.437490 47.434583
 446.800000 0.335515 26.927017 47.434583
 447.000000 0.348844 25.287415 47.434583
 447.200000 0.328310 28.191906 47.434583
 447.400000 0.324053 28.724883 47.434583
 447.600000 0.315805 29.815011 47.434583
 447.800000 0.300439 32.623850 47.434583
 448.000000 0.307291 31.215515 47.434583
 448.200000 0.318005 29.846752 47.434583
 448.400000 0.323817 28.991699 47.434583
 448.600000 0.322627 29.163388 47.434583
 448.800000 0.310009 31.154387 47.434583
 449.000000 0.315693 30.203402 47.434583
 449.200000 0.317137 30.432848 47.434583
 449.400000 0.329236 28.527685 47.434583
 449.600000 0.346390 26.190967 47.434583
 449.800000 0.353621 25.274539 47.434583
 450.000000 0.312884 31.106849 47.414670
 450.200000 0.285646 36.162725 47.414670
 450.400000 0.309298 32.123155 47.414670
 450.600000 0.313524 31.441166 47.414670
 450.800000 0.287734 35.806956 47.414670
 451.000000 0.299346 33.786969 47.414670
 451.200000 0.328203 29.011270 47.414670
 451.400000 0.318288 30.837739 47.414670
 451.600000 0.292993 35.251650 47.414670
 451.800000 0.298664 34.293715 47.414670
 452.000000 0.324099 29.770580 47.414670
 452.200000 0.341871 27.031258 47.414670
 452.400000 0.330223 29.070058 47.414670
 452.600000 0.316959 31.491970 47.414670
 452.800000 0.297224 34.634470 47.414670
 453.000000 0.313150 32.111597 47.414670
 453.200000 0.317753 31.758439 47.414670
 453.400000 0.300980 34.332914 47.414670
 453.600000 0.300743 34.366845 47.414670
 453.800000 0.315542 32.138501 47.414670
 454.000000 0.335946 28.134314 47.414670
 454.200000 0.356062 25.147243 47.414670
 454.400000 0.353952 25.550124 47.414670
 454.600000 0.338704 28.119606 47.414670
 454.800000 0.330610 29.677263 47.414670
 455.000000 0.342127 27.515892 47.395219
 455.200000 0.350675 26.553114 47.395219
 455.400000 0.346126 27.347457 47.395219
 455.600000 0.351187 26.459353 47.395219
 455.800000 0.355738 25.551779 47.395219
 456.000000 0.352425 26.226721 47.395219
 456.200000 0.342935 28.336744 47.395219
 456.400000 0.331647 30.083121 47.395219
 456.600000 0.323010 31.423211 47.395219
 456.800000 0.303536 34.032292 47.395219
 457.000000 0.311896 32.945682 47.395219
 457.200000 0.308385 33.791110 47.395219
 457.400000 0.310477 33.530521 47.395219
 457.600000 0.308706 33.751581 47.395219
 457.800000 0.318261 32.469524 47.395219
 458.000000 0.311543 33.394589 47.395219
 458.200000 0.310125 33.968420 47.395219
 458.400000 0.316377 33.117318 47.395219
 458.600000 0.320191 32.512577 47.395219
 458.800000 0.316260 33.134832 47.395219
 459.000000 0.315157 33.296461 47.395219
 459.200000 0.325687 31.847872 47.395219
 459.400000 0.360075 24.999098 47.395219
 459.600000 0.353886 26.508572 47.395219
 459.800000 0.353323 26.625645 47.395219
 460.000000 0.366795 22.849576 47.376186
