#! FIELDS time d metad.bias metad.rct
 0.000000 0.149489 0.000000 0.000000
 0.200000 0.152842 0.000000 0.000000
 0.400000 0.173102 0.000000 0.000000
 0.600000 0.172202 0.000000 0.000000
 0.800000 0.168611 0.000000 0.000000
 1.000000 0.160022 0.000000 0.000000
 1.200000 0.154757 1.645243 0.000000
 1.400000 0.168437 1.494684 0.000000
 1.600000 0.193318 0.145871 0.000000
 1.800000 0.205040 0.016026 0.000000
 2.000000 0.206964 0.009715 0.000000
 2.200000 0.202565 1.703506 0.000000
 2.400000 0.190093 1.159399 0.000000
 2.600000 0.185757 1.040834 0.000000
 2.800000 0.199983 1.616433 0.000000
 3.000000 0.219208 1.252612 0.000000
 3.200000 0.222029 2.680948 0.000000
 3.400000 0.236456 1.103224 0.000000
 3.600000 0.241900 0.637858 0.000000
 3.800000 0.249985 0.224148 0.000000
 4.000000 0.244260 0.484183 0.000000
 4.200000 0.221391 3.271187 0.000000
 4.400000 0.203952 2.763433 0.000000
 4.600000 0.196167 1.955223 0.000000
 4.800000 0.183987 1.126896 0.000000
 5.000000 0.181029 1.105826 1.018197
 5.200000 0.190037 2.794798 1.018197
 5.400000 0.196307 2.960166 1.018197
 5.600000 0.182013 2.767015 1.018197
 5.800000 0.192640 2.846339 1.018197
 6.000000 0.198034 3.027167 1.018197
 6.200000 0.202592 4.682553 1.018197
 6.400000 0.211487 4.507538 1.018197
 6.600000 0.226849 3.300943 1.018197
 6.800000 0.223616 3.571623 1.018197
 7.000000 0.224853 3.465775 1.018197
 7.200000 0.227811 4.695594 1.018197
 7.400000 0.205775 5.354200 1.018197
 7.600000 0.190043 4.220214 1.018197
 7.800000 0.196718 4.754716 1.018197
 8.000000 0.193619 4.505632 1.018197
 8.200000 0.196900 6.166873 1.018197
 8.400000 0.192670 5.857809 1.018197
 8.600000 0.194915 6.036880 1.018197
 8.800000 0.188025 5.401460 1.018197
 9.000000 0.205060 6.389136 1.018197
 9.200000 0.211146 7.446063 1.018197
 9.400000 0.196885 7.300520 1.018197
 9.600000 0.179054 4.661955 1.018197
 9.800000 0.177104 4.382304 1.018197
 10.000000 0.173384 3.899881 3.218464
 10.200000 0.184922 6.679423 3.218464
 10.400000 0.189413 7.140813 3.218464
 10.600000 0.167969 4.687481 3.218464
 10.800000 0.164766 4.249489 3.218464
 11.000000 0.169949 4.945179 3.218464
 11.200000 0.195971 7.985965 3.218464
 11.400000 0.191810 7.845404 3.218464
 11.600000 0.195168 7.963867 3.218464
 11.800000 0.208746 7.738254 3.218464
 12.000000 0.190250 7.780636 3.218464
 12.200000 0.193032 9.108860 3.218464
 12.400000 0.213571 7.648856 3.218464
 12.600000 0.211422 7.963756 3.218464
 12.800000 0.213791 7.615324 3.218464
 13.000000 0.202305 8.922626 3.218464
 13.200000 0.190696 9.907559 3.218464
 13.400000 0.190997 9.932719 3.218464
 13.600000 0.197192 10.234643 3.218464
 13.800000 0.187793 9.627113 3.218464
 14.000000 0.183166 9.067008 3.218464
 14.200000 0.179024 9.606930 3.218464
 14.400000 0.175407 8.938493 3.218464
 14.600000 0.182075 10.085050 3.218464
 14.800000 0.192479 11.007291 3.218464
 15.000000 0.190407 10.922506 6.441402
 15.200000 0.189723 11.957615 6.441402
 15.400000 0.184682 11.425511 6.441402
 15.600000 0.186706 11.686207 6.441402
 15.800000 0.194521 12.072687 6.441402
 16.000000 0.204859 10.970455 6.441402
 16.200000 0.218882 8.359208 6.441402
 16.400000 0.208897 11.168648 6.441402
 16.600000 0.203905 12.212531 6.441402
 16.800000 0.199286 12.784611 6.441402
 17.000000 0.194254 12.912592 6.441402
 17.200000 0.205924 12.564125 6.441402
 17.400000 0.206856 12.332670 6.441402
 17.600000 0.195225 13.910793 6.441402
 17.800000 0.190684 13.655685 6.441402
 18.000000 0.194438 13.901492 6.441402
 18.200000 0.216580 9.677830 6.441402
 18.400000 0.218459 9.010217 6.441402
 18.600000 0.192887 14.776451 6.441402
 18.800000 0.178308 11.568463 6.441402
 19.000000 0.178882 11.752076 6.441402
 19.200000 0.187303 14.902135 6.441402
 19.400000 0.175159 11.532736 6.441402
 19.600000 0.170447 9.805922 6.441402
 19.800000 0.146384 2.161139 6.441402
 20.000000 0.141642 1.340226 9.429431
 20.200000 0.150920 4.559953 9.429431
 20.400000 0.143476 3.262727 9.429431
 20.600000 0.163352 7.731528 9.429431
 20.800000 0.150833 4.542560 9.429431
 21.000000 0.147200 3.868731 9.429431
 21.200000 0.151259 6.047764 9.429431
 21.400000 0.146098 5.150241 9.429431
 21.600000 0.134612 3.086280 9.429431
 21.800000 0.152026 6.183863 9.429431
 22.000000 0.149963 5.820645 9.429431
 22.200000 0.152006 7.518226 9.429431
 22.400000 0.144760 6.188099 9.429431
 22.600000 0.150664 7.291999 9.429431
 22.800000 0.160620 8.951445 9.429431
 23.000000 0.167808 10.406024 9.429431
 23.200000 0.173899 12.931327 9.429431
 23.400000 0.175223 13.240843 9.429431
 23.600000 0.182227 14.733674 9.429431
 23.800000 0.186510 15.394080 9.429431
 24.000000 0.169498 11.897342 9.429431
 24.200000 0.149621 8.064684 9.429431
 24.400000 0.144055 6.598080 9.429431
 24.600000 0.157792 10.105450 9.429431
 24.800000 0.167672 12.498007 9.429431
 25.000000 0.164690 11.784405 10.878440
 25.200000 0.187521 16.329691 10.878440
 25.400000 0.185071 16.213162 10.878440
 25.600000 0.192443 16.257934 10.878440
 25.800000 0.183103 16.058053 10.878440
 26.000000 0.183457 16.089672 10.878440
 26.200000 0.185372 17.079918 10.878440
 26.400000 0.186998 17.143618 10.878440
 26.600000 0.180856 16.664680 10.878440
 26.800000 0.167166 13.872217 10.878440
 27.000000 0.184832 17.048109 10.878440
 27.200000 0.183795 17.789699 10.878440
 27.400000 0.170268 15.162436 10.878440
 27.600000 0.150773 9.170142 10.878440
 27.800000 0.155949 10.809968 10.878440
 28.000000 0.151989 9.555040 10.878440
 28.200000 0.141624 7.180539 10.878440
 28.400000 0.146371 8.840799 10.878440
 28.600000 0.162604 13.790742 10.878440
 28.800000 0.171356 15.951149 10.878440
 29.000000 0.164552 14.303381 10.878440
 29.200000 0.157846 13.306751 10.878440
 29.400000 0.157748 13.275768 10.878440
 29.600000 0.162869 14.781155 10.878440
 29.800000 0.173418 17.170381 10.878440
 30.000000 0.185309 18.344044 13.558930
 30.200000 0.183804 19.083252 13.558930
 30.400000 0.164728 15.575007 13.558930
 30.600000 0.168868 16.689322 13.558930
 30.800000 0.179772 18.770221 13.558930
 31.000000 0.181502 18.942083 13.558930
 31.200000 0.162578 15.284135 13.558930
 31.400000 0.150875 11.099060 13.558930
 31.600000 0.125688 2.308670 13.558930
 31.800000 0.133160 4.410161 13.558930
 32.000000 0.141484 7.442852 13.558930
 32.200000 0.151810 12.444156 13.558930
 32.400000 0.146928 10.750353 13.558930
 32.600000 0.153010 12.838989 13.558930
 32.800000 0.149586 11.691130 13.558930
 33.000000 0.126732 3.329008 13.558930
 33.200000 0.142950 10.104344 13.558930
 33.400000 0.152496 13.013565 13.558930
 33.600000 0.151487 12.720990 13.558930
 33.800000 0.151463 12.713878 13.558930
 34.000000 0.136244 7.888688 13.558930
 34.200000 0.124301 5.040786 13.558930
 34.400000 0.136067 9.061198 13.558930
 34.600000 0.134020 8.365325 13.558930
 34.800000 0.154114 14.082687 13.558930
 35.000000 0.161423 15.818653 14.732099
 35.200000 0.162896 17.033043 14.732099
 35.400000 0.154066 14.838015 14.732099
 35.600000 0.139313 10.409505 14.732099
 35.800000 0.145176 12.324310 14.732099
 36.000000 0.161217 16.633962 14.732099
 36.200000 0.151921 14.955082 14.732099
 36.400000 0.153685 15.472824 14.732099
 36.600000 0.157182 16.444049 14.732099
 36.800000 0.168822 19.080370 14.732099
 37.000000 0.171887 19.587478 14.732099
 37.200000 0.161011 17.980387 14.732099
 37.400000 0.160573 17.861921 14.732099
 37.600000 0.164255 18.808384 14.732099
 37.800000 0.158145 17.178402 14.732099
 38.000000 0.166389 19.298174 14.732099
 38.200000 0.163593 19.375071 14.732099
 38.400000 0.161478 18.807310 14.732099
 38.600000 0.163272 19.292403 14.732099
 38.800000 0.161555 18.828843 14.732099
 39.000000 0.151400 15.534425 14.732099
 39.200000 0.148600 15.373201 14.732099
 39.400000 0.140462 12.036589 14.732099
 39.600000 0.147614 14.992199 14.732099
 39.800000 0.138808 11.321018 14.732099
 40.000000 0.132657 8.645401 16.537872
 40.200000 0.139514 12.699970 16.537872
 40.400000 0.150577 16.694647 16.537872
 40.600000 0.146960 15.490162 16.537872
 40.800000 0.145850 15.099587 16.537872
 41.000000 0.138797 12.411210 16.537872
 41.200000 0.135271 11.929620 16.537872
 41.400000 0.119086 4.809798 16.537872
 41.600000 0.126646 8.003527 16.537872
 41.800000 0.120977 5.548894 16.537872
 42.000000 0.129047 9.103605 16.537872
 42.200000 0.124606 8.205264 16.537872
 42.400000 0.114028 3.813133 16.537872
 42.600000 0.117942 5.274194 16.537872
 42.800000 0.120916 6.531241 16.537872
 43.000000 0.118817 5.633005 16.537872
 43.200000 0.127878 10.862943 16.537872
 43.400000 0.115349 5.604096 16.537872
 43.600000 0.122801 8.689681 16.537872
 43.800000 0.128182 10.990083 16.537872
 44.000000 0.130074 11.767936 16.537872
 44.200000 0.134434 14.438147 16.537872
 44.400000 0.120586 8.586452 16.537872
 44.600000 0.133496 14.109466 16.537872
 44.800000 0.126172 11.142770 16.537872
 45.000000 0.117254 7.072497 16.821885
 45.200000 0.121704 10.325738 16.821885
 45.400000 0.127850 12.870520 16.821885
 45.600000 0.134675 15.169959 16.821885
 45.800000 0.145468 17.620477 16.821885
 46.000000 0.123892 11.270264 16.821885
 46.200000 0.112274 6.984524 16.821885
 46.400000 0.120080 10.633628 16.821885
 46.600000 0.138604 16.857651 16.821885
 46.800000 0.126325 13.319212 16.821885
 47.000000 0.124525 12.594936 16.821885
 47.200000 0.126368 14.327048 16.821885
 47.400000 0.117959 10.549850 16.821885
 47.600000 0.110277 6.733442 16.821885
 47.800000 0.119973 11.537918 16.821885
 48.000000 0.129760 15.498448 16.821885
 48.200000 0.117432 10.912347 16.821885
 48.400000 0.107860 5.927768 16.821885
 48.600000 0.114328 9.239705 16.821885
 48.800000 0.119717 12.114888 16.821885
 49.000000 0.129812 16.391921 16.821885
 49.200000 0.130599 17.469269 16.821885
 49.400000 0.125367 15.584082 16.821885
 49.600000 0.128039 16.642666 16.821885
 49.800000 0.133448 18.174979 16.821885
 50.000000 0.118068 11.871231 17.255105
 50.200000 0.113766 10.402075 17.255105
 50.400000 0.108926 7.613408 17.255105
 50.600000 0.110722 8.625350 17.255105
 50.800000 0.104681 5.425971 17.255105
 51.000000 0.112042 9.389337 17.255105
 51.200000 0.112363 10.729056 17.255105
 51.400000 0.125260 17.237200 17.255105
 51.600000 0.111995 10.513840 17.255105
 51.800000 0.113700 11.508164 17.255105
 52.000000 0.112628 10.883252 17.255105
 52.200000 0.102573 6.282052 17.255105
 52.400000 0.102636 6.313805 17.255105
 52.600000 0.111085 11.055517 17.255105
 52.800000 0.101554 5.779301 17.255105
 53.000000 0.094157 2.829681 17.255105
 53.200000 0.101948 7.318619 17.255105
 53.400000 0.083680 1.928312 17.255105
 53.600000 0.070172 0.481876 17.255105
 53.800000 0.083855 1.957619 17.255105
 54.000000 0.085539 2.256814 17.255105
 54.200000 0.087729 4.261868 17.255105
 54.400000 0.091311 5.023080 17.255105
 54.600000 0.088285 4.373508 17.255105
 54.800000 0.086989 4.116208 17.255105
 55.000000 0.060309 0.501657 17.372660
 55.200000 0.080747 3.661959 17.372660
 55.400000 0.078367 3.421150 17.372660
 55.600000 0.064692 2.472270 17.372660
 55.800000 0.077251 3.318517 17.372660
 56.000000 0.058996 2.129250 17.372660
 56.200000 0.064322 3.945401 17.372660
 56.400000 0.075791 4.043246 17.372660
 56.600000 0.082318 4.311909 17.372660
 56.800000 0.070479 4.000933 17.372660
 57.000000 0.069894 3.999531 17.372660
 57.200000 0.093275 6.186483 17.372660
 57.400000 0.077299 5.373310 17.372660
 57.600000 0.071792 5.457483 17.372660
 57.800000 0.065090 5.351273 17.372660
 58.000000 0.058363 4.767071 17.372660
 58.200000 0.072011 6.390108 17.372660
 58.400000 0.078793 5.912063 17.372660
 58.600000 0.095544 6.670524 17.372660
 58.800000 0.087755 5.760319 17.372660
 59.000000 0.084830 5.701120 17.372660
 59.200000 0.101169 8.896308 17.372660
 59.400000 0.088518 7.115162 17.372660
 59.600000 0.090235 7.193435 17.372660
 59.800000 0.096741 7.913396 17.372660
 60.000000 0.088235 7.105864 17.333607
 60.200000 0.097816 9.150943 17.333607
 60.400000 0.086255 8.329352 17.333607
 60.600000 0.075931 8.155701 17.333607
 60.800000 0.084389 8.293662 17.333607
 61.000000 0.087823 8.368694 17.333607
 61.200000 0.086075 9.522706 17.333607
 61.400000 0.084150 9.459434 17.333607
 61.600000 0.094624 9.846095 17.333607
 61.800000 0.092574 9.736498 17.333607
 62.000000 0.105587 11.561211 17.333607
 62.200000 0.094729 10.657036 17.333607
 62.400000 0.061336 7.393287 17.333607
 62.600000 0.080625 9.571819 17.333607
 62.800000 0.071581 8.771495 17.333607
 63.000000 0.069029 8.496467 17.333607
 63.200000 0.069211 9.715748 17.333607
 63.400000 0.075500 10.235558 17.333607
 63.600000 0.081264 10.480062 17.333607
 63.800000 0.061770 8.535522 17.333607
 64.000000 0.063452 8.866022 17.333607
 64.200000 0.059827 9.250089 17.333607
 64.400000 0.071579 10.970449 17.333607
 64.600000 0.069764 10.855181 17.333607
 64.800000 0.070639 10.916282 17.333607
 65.000000 0.095747 11.125440 17.393669
 65.200000 0.079452 11.676113 17.393669
 65.400000 0.077520 11.606750 17.393669
 65.600000 0.075657 11.524174 17.393669
 65.800000 0.074777 11.478276 17.393669
 66.000000 0.045743 4.614444 17.393669
 66.200000 0.051953 8.127426 17.393669
 66.400000 0.053028 8.463125 17.393669
 66.600000 0.045825 6.067315 17.393669
 66.800000 0.045379 5.914335 17.393669
 67.000000 0.044586 5.643776 17.393669
 67.200000 0.031856 2.994233 17.393669
 67.400000 0.045846 7.430833 17.393669
 67.600000 0.039057 5.134459 17.393669
 67.800000 0.045945 7.464016 17.393669
 68.000000 0.064730 11.578391 17.393669
 68.200000 0.060296 12.104557 17.393669
 68.400000 0.037670 4.888333 17.393669
 68.600000 0.041927 6.424836 17.393669
 68.800000 0.043782 7.123273 17.393669
 69.000000 0.045677 7.839139 17.393669
 69.200000 0.037718 5.976651 17.393669
 69.400000 0.034481 4.780205 17.393669
 69.600000 0.035700 5.219382 17.393669
 69.800000 0.035216 5.043356 17.393669
 70.000000 0.050600 10.784073 17.375336
 70.200000 0.078204 12.885793 17.375336
 70.400000 0.070863 13.531750 17.375336
 70.600000 0.055936 13.195322 17.375336
 70.800000 0.051670 12.187673 17.375336
 71.000000 0.064670 13.867492 17.375336
 71.200000 0.070153 14.471182 17.375336
 71.400000 0.080936 13.197810 17.375336
 71.600000 0.082414 13.041908 17.375336
 71.800000 0.060761 14.693166 17.375336
 72.000000 0.051884 12.904263 17.375336
 72.200000 0.057626 15.226738 17.375336
 72.400000 0.066668 15.348099 17.375336
 72.600000 0.069258 15.058770 17.375336
 72.800000 0.063743 15.535797 17.375336
 73.000000 0.057519 15.211287 17.375336
 73.200000 0.055983 15.834311 17.375336
 73.400000 0.047872 13.114834 17.375336
 73.600000 0.053321 15.173977 17.375336
 73.800000 0.061964 16.405327 17.375336
 74.000000 0.078761 13.967703 17.375336
 74.200000 0.083856 14.077630 17.375336
 74.400000 0.092350 13.120118 17.375336
 74.600000 0.080476 14.614628 17.375336
 74.800000 0.067813 16.653212 17.375336
 75.000000 0.069980 16.383004 17.491049
 75.200000 0.091275 13.506351 17.491049
 75.400000 0.074624 16.439052 17.491049
 75.600000 0.079191 15.531122 17.491049
 75.800000 0.085211 14.385065 17.491049
 76.000000 0.077719 15.827149 17.491049
 76.200000 0.075381 17.146688 17.491049
 76.400000 0.073797 17.430354 17.491049
 76.600000 0.078133 16.608224 17.491049
 76.800000 0.080445 16.131174 17.491049
 77.000000 0.087116 14.779054 17.491049
 77.200000 0.085717 15.949968 17.491049
 77.400000 0.083681 16.340461 17.491049
 77.600000 0.085048 16.078192 17.491049
 77.800000 0.102155 14.132367 17.491049
 78.000000 0.099003 14.128222 17.491049
 78.200000 0.070445 18.566645 17.491049
 78.400000 0.106289 15.327434 17.491049
 78.600000 0.105062 15.206426 17.491049
 78.800000 0.092713 15.586041 17.491049
 79.000000 0.102019 15.041305 17.491049
 79.200000 0.097156 16.005407 17.491049
 79.400000 0.086774 16.951305 17.491049
 79.600000 0.086478 16.985666 17.491049
 79.800000 0.101352 15.925117 17.491049
 80.000000 0.081278 17.603439 17.831323
 80.200000 0.097169 16.459875 17.831323
 80.400000 0.085626 17.851426 17.831323
 80.600000 0.079277 18.630036 17.831323
 80.800000 0.083061 18.183815 17.831323
 81.000000 0.102304 16.242064 17.831323
 81.200000 0.080584 18.779985 17.831323
 81.400000 0.075296 19.178546 17.831323
 81.600000 0.105709 17.173301 17.831323
 81.800000 0.102408 17.090914 17.831323
 82.000000 0.104782 17.133706 17.831323
 82.200000 0.084702 18.730831 17.831323
 82.400000 0.108173 18.135269 17.831323
 82.600000 0.106569 18.031253 17.831323
 82.800000 0.084359 18.753981 17.831323
 83.000000 0.079550 19.064676 17.831323
 83.200000 0.089555 19.001792 17.831323
 83.400000 0.075539 20.006319 17.831323
 83.600000 0.076354 19.975947 17.831323
 83.800000 0.087341 19.205597 17.831323
 84.000000 0.075587 20.004691 17.831323
 84.200000 0.075060 20.739000 17.831323
 84.400000 0.087452 19.720164 17.831323
 84.600000 0.089669 19.452783 17.831323
 84.800000 0.099266 18.435354 17.831323
 85.000000 0.090835 19.310907 18.496687
 85.200000 0.081819 20.938299 18.496687
 85.400000 0.087212 20.467560 18.496687
 85.600000 0.095251 19.506813 18.496687
 85.800000 0.117754 19.397554 18.496687
 86.000000 0.106844 18.687710 18.496687
 86.200000 0.110398 19.517107 18.496687
 86.400000 0.124268 20.426443 18.496687
 86.600000 0.127164 20.531652 18.496687
 86.800000 0.117673 19.975237 18.496687
 87.000000 0.115622 19.820382 18.496687
 87.200000 0.107287 20.070111 18.496687
 87.400000 0.111220 20.243944 18.496687
 87.600000 0.124252 21.038824 18.496687
 87.800000 0.102889 20.035428 18.496687
 88.000000 0.103767 20.027926 18.496687
 88.200000 0.090711 21.164374 18.496687
 88.400000 0.101717 20.766628 18.496687
 88.600000 0.096671 20.910178 18.496687
 88.800000 0.105458 20.746558 18.496687
 89.000000 0.084071 21.388134 18.496687
 89.200000 0.091028 21.757054 18.496687
 89.400000 0.089567 21.841982 18.496687
 89.600000 0.082463 22.089487 18.496687
 89.800000 0.086217 21.998955 18.496687
 90.000000 0.097882 21.306396 19.478240
 90.200000 0.106055 21.564766 19.478240
 90.400000 0.113034 21.461410 19.478240
 90.600000 0.109353 21.483158 19.478240
 90.800000 0.105153 21.597701 19.478240
 91.000000 0.088810 22.446489 19.478240
 91.200000 0.099701 22.368063 19.478240
 91.400000 0.101967 22.183907 19.478240
 91.600000 0.108692 21.761262 19.478240
 91.800000 0.110285 21.701334 19.478240
 92.000000 0.109553 21.726880 19.478240
 92.200000 0.095460 23.144270 19.478240
 92.400000 0.111872 22.314434 19.478240
 92.600000 0.126619 21.785601 19.478240
 92.800000 0.143515 20.139674 19.478240
 93.000000 0.114932 22.235390 19.478240
 93.200000 0.098788 23.321315 19.478240
 93.400000 0.070525 22.036445 19.478240
 93.600000 0.049703 15.007388 19.478240
 93.800000 0.064630 20.890768 19.478240
 94.000000 0.070044 21.960585 19.478240
 94.200000 0.038520 8.616581 19.478240
 94.400000 0.042200 10.793785 19.478240
 94.600000 0.040691 9.887860 19.478240
 94.800000 0.057615 19.184700 19.478240
 95.000000 0.084901 23.790013 20.698862
 95.200000 0.102309 23.576956 20.698862
 95.400000 0.098075 23.870226 20.698862
 95.600000 0.110032 23.156148 20.698862
 95.800000 0.108585 23.220025 20.698862
 96.000000 0.093757 24.159572 20.698862
 96.200000 0.100146 24.269419 20.698862
 96.400000 0.102982 24.026379 20.698862
 96.600000 0.077906 24.383279 20.698862
 96.800000 0.059325 20.036083 20.698862
 97.000000 0.062473 21.174156 20.698862
 97.200000 0.058673 20.434536 20.698862
 97.400000 0.051759 16.990655 20.698862
 97.600000 0.042812 11.463638 20.698862
 97.800000 0.025019 2.645616 20.698862
 98.000000 0.040483 10.002208 20.698862
 98.200000 0.050519 17.167924 20.698862
 98.400000 0.033323 6.950603 20.698862
 98.600000 0.037850 9.518044 20.698862
 98.800000 0.036616 8.788722 20.698862
 99.000000 0.029243 4.963554 20.698862
 99.200000 0.037309 10.409600 20.698862
 99.400000 0.056447 20.346480 20.698862
 99.600000 0.064544 22.882841 20.698862
 99.800000 0.053621 19.154048 20.698862
 100.000000 0.047827 16.283876 21.306055
 100.200000 0.049969 18.240744 21.306055
 100.400000 0.047556 16.985475 21.306055
 100.600000 0.030067 7.156285 21.306055
 100.800000 0.043912 14.942616 21.306055
 101.000000 0.043668 14.801208 21.306055
 101.200000 0.064409 23.656718 21.306055
 101.400000 0.063704 23.531016 21.306055
 101.600000 0.081228 25.141539 21.306055
 101.800000 0.064842 23.730271 21.306055
 102.000000 0.056337 21.656962 21.306055
 102.200000 0.061000 23.605154 21.306055
 102.400000 0.070188 24.873631 21.306055
 102.600000 0.076818 25.217936 21.306055
 102.800000 0.070313 24.883118 21.306055
 103.000000 0.045633 17.339069 21.306055
 103.200000 0.039027 14.013805 21.306055
 103.400000 0.061947 24.249930 21.306055
 103.600000 0.061639 24.197582 21.306055
 103.800000 0.062797 24.384190 21.306055
 104.000000 0.065752 24.750966 21.306055
 104.200000 0.057294 23.723484 21.306055
 104.400000 0.050217 20.911161 21.306055
 104.600000 0.035852 12.018442 21.306055
 104.800000 0.035376 11.706147 21.306055
 105.000000 0.046201 18.721474 22.019056
 105.200000 0.078089 25.823342 22.019056
 105.400000 0.066220 25.688824 22.019056
 105.600000 0.086268 25.533921 22.019056
 105.800000 0.124740 22.514529 22.019056
 106.000000 0.133838 21.439031 22.019056
 106.200000 0.130709 22.511103 22.019056
 106.400000 0.132789 22.252264 22.019056
 106.600000 0.131002 22.476233 22.019056
 106.800000 0.126749 22.918132 22.019056
 107.000000 0.126854 22.909002 22.019056
 107.200000 0.114263 23.962111 22.019056
 107.400000 0.108283 24.070951 22.019056
 107.600000 0.118721 23.918027 22.019056
 107.800000 0.100699 24.486549 22.019056
 108.000000 0.104483 24.239591 22.019056
 108.200000 0.091783 25.617614 22.019056
 108.400000 0.081478 25.925226 22.019056
 108.600000 0.080476 25.935454 22.019056
 108.800000 0.100200 25.094214 22.019056
 109.000000 0.096606 25.329666 22.019056
 109.200000 0.088511 26.252189 22.019056
 109.400000 0.071941 26.074603 22.019056
 109.600000 0.079402 26.236611 22.019056
 109.800000 0.076919 26.192665 22.019056
 110.000000 0.074646 26.145810 23.022251
 110.200000 0.079644 26.756893 23.022251
 110.400000 0.072648 26.636697 23.022251
 110.600000 0.086626 26.675960 23.022251
 110.800000 0.094760 26.231205 23.022251
 111.000000 0.077105 26.734962 23.022251
 111.200000 0.067934 26.836294 23.022251
 111.400000 0.074187 27.202874 23.022251
 111.600000 0.085315 27.168140 23.022251
 111.800000 0.084100 27.210434 23.022251
 112.000000 0.074065 27.198973 23.022251
 112.200000 0.059407 25.746266 23.022251
 112.400000 0.068522 27.374944 23.022251
 112.600000 0.087301 27.428816 23.022251
 112.800000 0.100033 26.066510 23.022251
 113.000000 0.128485 23.605262 23.022251
 113.200000 0.127141 24.383967 23.022251
 113.400000 0.126856 24.416753 23.022251
 113.600000 0.136995 22.757212 23.022251
 113.800000 0.136359 22.882918 23.022251
 114.000000 0.137715 22.614817 23.022251
 114.200000 0.157082 20.828547 23.022251
 114.400000 0.145627 21.748466 23.022251
 114.600000 0.135383 23.704432 23.022251
 114.800000 0.144930 21.865224 23.022251
 115.000000 0.149510 21.210770 23.865442
 115.200000 0.133368 24.442074 23.865442
 115.400000 0.106142 25.679458 23.865442
 115.600000 0.093099 26.929207 23.865442
 115.800000 0.117262 25.377538 23.865442
 116.000000 0.118206 25.373274 23.865442
 116.200000 0.113342 25.943903 23.865442
 116.400000 0.118787 25.934937 23.865442
 116.600000 0.134314 24.622271 23.865442
 116.800000 0.139749 23.598523 23.865442
 117.000000 0.146379 22.390244 23.865442
 117.200000 0.157467 21.931333 23.865442
 117.400000 0.153478 22.165280 23.865442
 117.600000 0.138927 24.329815 23.865442
 117.800000 0.131996 25.401900 23.865442
 118.000000 0.146491 23.018096 23.865442
 118.200000 0.153722 22.704286 23.865442
 118.400000 0.141563 24.453339 23.865442
 118.600000 0.141557 24.454413 23.865442
 118.800000 0.142734 24.259130 23.865442
 119.000000 0.130083 25.960684 23.865442
 119.200000 0.114745 26.403170 23.865442
 119.400000 0.093506 27.059240 23.865442
 119.600000 0.100667 26.505900 23.865442
 119.800000 0.116650 26.486037 23.865442
 120.000000 0.095585 26.885854 24.578911
 120.200000 0.098670 27.158179 24.578911
 120.400000 0.113389 26.610603 24.578911
 120.600000 0.152890 22.961258 24.578911
 120.800000 0.158629 22.437682 24.578911
 121.000000 0.122310 26.803498 24.578911
 121.200000 0.090922 27.829626 24.578911
 121.400000 0.086846 28.021784 24.578911
 121.600000 0.085198 28.070272 24.578911
 121.800000 0.084620 28.082910 24.578911
 122.000000 0.111015 26.989675 24.578911
 122.200000 0.119891 27.730395 24.578911
 122.400000 0.126863 27.548784 24.578911
 122.600000 0.128564 27.407028 24.578911
 122.800000 0.133356 26.788121 24.578911
 123.000000 0.125710 27.621077 24.578911
 123.200000 0.125949 28.118865 24.578911
 123.400000 0.121057 28.223850 24.578911
 123.600000 0.131483 27.541799 24.578911
 123.800000 0.133173 27.269099 24.578911
 124.000000 0.117123 28.112274 24.578911
 124.200000 0.092908 28.139967 24.578911
 124.400000 0.097410 28.038302 24.578911
 124.600000 0.104647 28.042039 24.578911
 124.800000 0.102237 28.008847 24.578911
 125.000000 0.096301 28.060357 25.660703
 125.200000 0.115262 28.750238 25.660703
 125.400000 0.130037 28.125174 25.660703
 125.600000 0.128294 28.365565 25.660703
 125.800000 0.119409 28.839530 25.660703
 126.000000 0.120892 28.836712 25.660703
 126.200000 0.142240 25.598021 25.660703
 126.400000 0.144880 24.904682 25.660703
 126.600000 0.132576 28.047558 25.660703
 126.800000 0.129220 28.659255 25.660703
 127.000000 0.131198 28.320323 25.660703
 127.200000 0.124231 29.647357 25.660703
 127.400000 0.153122 23.345337 25.660703
 127.600000 0.162945 22.360821 25.660703
 127.800000 0.147675 24.497694 25.660703
 128.000000 0.145154 25.156188 25.660703
 128.200000 0.155399 23.447075 25.660703
 128.400000 0.128967 29.506173 25.660703
 128.600000 0.099029 28.728089 25.660703
 128.800000 0.092596 28.732042 25.660703
 129.000000 0.102401 28.784005 25.660703
 129.200000 0.111386 29.666482 25.660703
 129.400000 0.122707 30.079643 25.660703
 129.600000 0.104146 29.320056 25.660703
 129.800000 0.090842 29.093370 25.660703
 130.000000 0.095444 29.159355 26.702622
 130.200000 0.123757 30.129260 26.702622
 130.400000 0.104430 29.728404 26.702622
 130.600000 0.085093 29.287317 26.702622
 130.800000 0.100914 29.682026 26.702622
 131.000000 0.096228 29.644295 26.702622
 131.200000 0.108931 30.171784 26.702622
 131.400000 0.107280 30.149940 26.702622
 131.600000 0.099649 30.125759 26.702622
 131.800000 0.085200 29.650237 26.702622
 132.000000 0.094002 30.080237 26.702622
 132.200000 0.111833 30.452912 26.702622
 132.400000 0.107790 30.455843 26.702622
 132.600000 0.100528 30.543557 26.702622
 132.800000 0.092685 30.505587 26.702622
 133.000000 0.079001 29.352587 26.702622
 133.200000 0.105527 30.575097 26.702622
 133.400000 0.099132 30.748792 26.702622
 133.600000 0.103011 30.641123 26.702622
 133.800000 0.106009 30.564131 26.702622
 134.000000 0.101977 30.670864 26.702622
 134.200000 0.109581 30.900278 26.702622
 134.400000 0.099984 31.169212 26.702622
 134.600000 0.103651 31.066698 26.702622
 134.800000 0.109438 30.903522 26.702622
 135.000000 0.102569 31.099799 27.945379
 135.200000 0.101928 31.556145 27.945379
 135.400000 0.087426 31.170059 27.945379
 135.600000 0.087348 31.162481 27.945379
 135.800000 0.086954 31.123389 27.945379
 136.000000 0.072951 29.129212 27.945379
 136.200000 0.091351 31.697387 27.945379
 136.400000 0.072755 29.574379 27.945379
 136.600000 0.064800 27.976540 27.945379
 136.800000 0.061242 27.007629 27.945379
 137.000000 0.038522 14.584025 27.945379
 137.200000 0.038850 15.731369 27.945379
 137.400000 0.068776 28.968168 27.945379
 137.600000 0.081202 30.837316 27.945379
 137.800000 0.079718 30.648380 27.945379
 138.000000 0.071073 29.367340 27.945379
 138.200000 0.075852 30.560333 27.945379
 138.400000 0.061237 27.676516 27.945379
 138.600000 0.065022 28.657034 27.945379
 138.800000 0.086870 31.699994 27.945379
 139.000000 0.098431 31.822487 27.945379
 139.200000 0.094308 32.315921 27.945379
 139.400000 0.113622 31.430783 27.945379
 139.600000 0.114638 31.375788 27.945379
 139.800000 0.105584 31.891566 27.945379
 140.000000 0.088662 32.139864 28.803257
 140.200000 0.091240 32.674218 28.803257
 140.400000 0.088475 32.546392 28.803257
 140.600000 0.086799 32.424167 28.803257
 140.800000 0.080876 31.757399 28.803257
 141.000000 0.094479 32.703853 28.803257
 141.200000 0.070319 30.093562 28.803257
 141.400000 0.087063 32.806354 28.803257
 141.600000 0.102705 32.677281 28.803257
 141.800000 0.093698 33.115212 28.803257
 142.000000 0.106104 32.374448 28.803257
 142.200000 0.107486 32.658836 28.803257
 142.400000 0.107894 32.620230 28.803257
 142.600000 0.108564 32.556705 28.803257
 142.800000 0.117657 31.696365 28.803257
 143.000000 0.116778 31.782173 28.803257
 143.200000 0.106769 33.066217 28.803257
 143.400000 0.113204 32.531610 28.803257
 143.600000 0.115049 32.368536 28.803257
 143.800000 0.125909 31.024261 28.803257
 144.000000 0.106290 33.103475 28.803257
 144.200000 0.106208 33.510324 28.803257
 144.400000 0.116000 32.605676 28.803257
 144.600000 0.113930 32.820086 28.803257
 144.800000 0.117766 32.408142 28.803257
 145.000000 0.111327 33.070279 30.085325
 145.200000 0.118401 32.692222 30.085325
 145.400000 0.118021 32.741490 30.085325
 145.600000 0.111620 33.443937 30.085325
 145.800000 0.125551 31.517385 30.085325
 146.000000 0.117125 32.853756 30.085325
 146.200000 0.114825 33.519884 30.085325
 146.400000 0.121358 32.657233 30.085325
 146.600000 0.122061 32.538861 30.085325
 146.800000 0.116717 33.308017 30.085325
 147.000000 0.127975 31.299661 30.085325
 147.200000 0.125894 32.218033 30.085325
 147.400000 0.110065 34.160580 30.085325
 147.600000 0.111307 34.082566 30.085325
 147.800000 0.111389 34.077122 30.085325
 148.000000 0.119977 33.250038 30.085325
 148.200000 0.115192 34.160691 30.085325
 148.400000 0.109335 34.511839 30.085325
 148.600000 0.110622 34.454058 30.085325
 148.800000 0.090745 33.945308 30.085325
 149.000000 0.061625 27.935420 30.085325
 149.200000 0.054720 25.840267 30.085325
 149.400000 0.055716 26.281873 30.085325
 149.600000 0.077361 31.923246 30.085325
 149.800000 0.072223 30.959077 30.085325
 150.000000 0.077225 31.898229 30.898449
 150.200000 0.080831 32.955321 30.898449
 150.400000 0.062169 28.858043 30.898449
 150.600000 0.056895 26.941763 30.898449
 150.800000 0.038000 15.325311 30.898449
 151.000000 0.031056 10.356065 30.898449
 151.200000 0.045570 21.418337 30.898449
 151.400000 0.038121 16.401732 30.898449
 151.600000 0.046244 21.835436 30.898449
 151.800000 0.048896 23.391256 30.898449
 152.000000 0.032364 12.350147 30.898449
 152.200000 0.034976 15.169171 30.898449
 152.400000 0.059865 28.448350 30.898449
 152.600000 0.041124 19.346486 30.898449
 152.800000 0.039208 18.076753 30.898449
 153.000000 0.032010 13.116704 30.898449
 153.200000 0.028828 11.926370 30.898449
 153.400000 0.049973 24.963638 30.898449
 153.600000 0.049387 24.690693 30.898449
 153.800000 0.036651 17.260194 30.898449
 154.000000 0.040504 19.770777 30.898449
 154.200000 0.049940 25.543195 30.898449
 154.400000 0.038422 19.153296 30.898449
 154.600000 0.032375 14.968833 30.898449
 154.800000 0.037429 18.490511 30.898449
 155.000000 0.053146 26.834435 30.937517
 155.200000 0.064910 30.501382 30.937517
 155.400000 0.054548 27.863837 30.937517
 155.600000 0.039579 20.259495 30.937517
 155.800000 0.054263 27.765490 30.937517
 156.000000 0.047153 24.735751 30.937517
 156.200000 0.033112 16.082492 30.937517
 156.400000 0.034252 16.936132 30.937517
 156.600000 0.032050 15.284531 30.937517
 156.800000 0.039669 20.832527 30.937517
 157.000000 0.032612 15.706542 30.937517
 157.200000 0.047684 26.107587 30.937517
 157.400000 0.046675 25.630838 30.937517
 157.600000 0.048820 26.612202 30.937517
 157.800000 0.039802 21.697970 30.937517
 158.000000 0.030553 15.022291 30.937517
 158.200000 0.037945 21.243604 30.937517
 158.400000 0.039880 22.486931 30.937517
 158.600000 0.036004 19.919858 30.937517
 158.800000 0.049212 27.191122 30.937517
 159.000000 0.043933 24.802465 30.937517
 159.200000 0.038431 22.105631 30.937517
 159.400000 0.031689 17.189996 30.937517
 159.600000 0.031758 17.242708 30.937517
 159.800000 0.034650 19.435938 30.937517
 160.000000 0.036190 20.556450 31.001225
 160.200000 0.033151 18.997377 31.001225
 160.400000 0.032857 18.770376 31.001225
 160.600000 0.029057 15.763809 31.001225
 160.800000 0.040788 24.275765 31.001225
 161.000000 0.041419 24.644369 31.001225
 161.200000 0.040345 24.592637 31.001225
 161.400000 0.032235 18.770558 31.001225
 161.600000 0.049280 28.748108 31.001225
 161.800000 0.047023 27.939176 31.001225
 162.000000 0.051063 29.283848 31.001225
 162.200000 0.067026 31.899146 31.001225
 162.400000 0.083485 33.571499 31.001225
 162.600000 0.079430 33.075254 31.001225
 162.800000 0.073685 32.446777 31.001225
 163.000000 0.072634 32.348386 31.001225
 163.200000 0.089240 34.439520 31.001225
 163.400000 0.067988 32.364627 31.001225
 163.600000 0.067622 32.334539 31.001225
 163.800000 0.097892 34.831502 31.001225
 164.000000 0.114826 34.214846 31.001225
 164.200000 0.123419 33.422873 31.001225
 164.400000 0.112838 34.744166 31.001225
 164.600000 0.100657 35.083242 31.001225
 164.800000 0.116171 34.474264 31.001225
 165.000000 0.108620 34.961301 31.662095
 165.200000 0.124626 33.378600 31.662095
 165.400000 0.124593 33.386387 31.662095
 165.600000 0.121954 33.945924 31.662095
 165.800000 0.115625 34.856497 31.662095
 166.000000 0.095888 35.222351 31.662095
 166.200000 0.094945 35.530143 31.662095
 166.400000 0.081424 33.997733 31.662095
 166.600000 0.083342 34.261648 31.662095
 166.800000 0.073398 32.981430 31.662095
 167.000000 0.071286 32.757831 31.662095
 167.200000 0.092492 35.493394 31.662095
 167.400000 0.097736 35.758603 31.662095
 167.600000 0.099339 35.794658 31.662095
 167.800000 0.095160 35.657885 31.662095
 168.000000 0.070244 33.059655 31.662095
 168.200000 0.050636 30.109472 31.662095
 168.400000 0.048259 29.240860 31.662095
 168.600000 0.066020 33.026402 31.662095
 168.800000 0.056235 31.599388 31.662095
 169.000000 0.063447 32.734389 31.662095
 169.200000 0.079381 34.635504 31.662095
 169.400000 0.073141 34.080958 31.662095
 169.600000 0.077484 34.462660 31.662095
 169.800000 0.092275 35.677007 31.662095
 170.000000 0.064250 33.235631 32.382582
 170.200000 0.055916 32.232181 32.382582
 170.400000 0.066642 33.884181 32.382582
 170.600000 0.089059 35.575766 32.382582
 170.800000 0.085499 35.335044 32.382582
 171.000000 0.076482 34.658267 32.382582
 171.200000 0.080853 35.344313 32.382582
 171.400000 0.073061 34.773134 32.382582
 171.600000 0.063293 33.773891 32.382582
 171.800000 0.060040 33.259448 32.382582
 172.000000 0.072520 34.729979 32.382582
 172.200000 0.080272 35.629911 32.382582
 172.400000 0.071728 35.037431 32.382582
 172.600000 0.081328 35.690286 32.382582
 172.800000 0.064559 34.264415 32.382582
 173.000000 0.054421 32.158136 32.382582
 173.200000 0.084702 35.919502 32.382582
 173.400000 0.105268 35.882176 32.382582
 173.600000 0.105884 35.849491 32.382582
 173.800000 0.127424 32.695952 32.382582
 174.000000 0.122345 33.950564 32.382582
 174.200000 0.104539 36.108510 32.382582
 174.400000 0.113026 35.635599 32.382582
 174.600000 0.113493 35.595190 32.382582
 174.800000 0.099267 36.217088 32.382582
 175.000000 0.080398 35.736881 33.136378
 175.200000 0.079307 36.038010 33.136378
 175.400000 0.080781 36.111547 33.136378
 175.600000 0.106022 36.137145 33.136378
 175.800000 0.106104 36.133107 33.136378
 176.000000 0.112268 35.733578 33.136378
 176.200000 0.114222 35.908668 33.136378
 176.400000 0.106336 36.450843 33.136378
 176.600000 0.102270 36.578830 33.136378
 176.800000 0.100181 36.613501 33.136378
 177.000000 0.095957 36.631285 33.136378
 177.200000 0.103278 36.858351 33.136378
 177.400000 0.109240 36.535753 33.136378
 177.600000 0.104726 36.799706 33.136378
 177.800000 0.118048 35.540508 33.136378
 178.000000 0.132080 31.687745 33.136378
 178.200000 0.134428 31.195379 33.136378
 178.400000 0.151950 24.567399 33.136378
 178.600000 0.146918 26.137132 33.136378
 178.800000 0.151827 24.600442 33.136378
 179.000000 0.151646 24.649356 33.136378
 179.200000 0.154264 24.578561 33.136378
 179.400000 0.153046 24.869042 33.136378
 179.600000 0.171067 22.601660 33.136378
 179.800000 0.170084 22.654963 33.136378
 180.000000 0.164843 23.006172 33.622149
 180.200000 0.169918 23.257176 33.622149
 180.400000 0.168490 23.356709 33.622149
 180.600000 0.156703 24.613880 33.622149
 180.800000 0.167555 23.423465 33.622149
 181.000000 0.173005 23.041378 33.622149
 181.200000 0.197031 18.641747 33.622149
 181.400000 0.228071 6.057965 33.622149
 181.600000 0.239655 3.639085 33.622149
 181.800000 0.256631 1.450586 33.622149
 182.000000 0.262778 0.877394 33.622149
 182.200000 0.241643 3.953477 33.622149
 182.400000 0.228723 6.008600 33.622149
 182.600000 0.228851 5.977451 33.622149
 182.800000 0.228372 6.095024 33.622149
 183.000000 0.250631 3.343392 33.622149
 183.200000 0.231018 6.126948 33.622149
 183.400000 0.236235 5.523124 33.622149
 183.600000 0.240794 5.248983 33.622149
 183.800000 0.226718 6.948076 33.622149
 184.000000 0.224887 7.396974 33.622149
 184.200000 0.227537 8.006197 33.622149
 184.400000 0.235724 6.535178 33.622149
 184.600000 0.241822 5.870247 33.622149
 184.800000 0.232138 7.083453 33.622149
 185.000000 0.230401 7.401885 33.587375
 185.200000 0.233545 8.082547 33.587375
 185.400000 0.251350 5.546427 33.587375
 185.600000 0.260900 4.123885 33.587375
 185.800000 0.276998 1.556122 33.587375
 186.000000 0.291227 0.321176 33.587375
 186.200000 0.269587 3.280133 33.587375
 186.400000 0.261410 4.277328 33.587375
 186.600000 0.263152 4.049884 33.587375
 186.800000 0.259503 4.528902 33.587375
 187.000000 0.254885 5.139078 33.587375
 187.200000 0.261771 5.482305 33.587375
 187.400000 0.271089 3.902348 33.587375
 187.600000 0.269680 4.125123 33.587375
 187.800000 0.252217 6.853400 33.587375
 188.000000 0.229427 9.179799 33.587375
 188.200000 0.216996 12.817252 33.587375
 188.400000 0.234626 9.549759 33.587375
 188.600000 0.243861 8.336359 33.587375
 188.800000 0.260940 5.747925 33.587375
 189.000000 0.262270 5.501006 33.587375
 189.200000 0.249684 8.542612 33.587375
 189.400000 0.235375 9.716230 33.587375
 189.600000 0.224047 11.336882 33.587375
 189.800000 0.229120 10.509125 33.587375
 190.000000 0.243516 9.005130 33.551542
 190.200000 0.261068 7.679490 33.551542
 190.400000 0.278452 3.816336 33.551542
 190.600000 0.280930 3.435870 33.551542
 190.800000 0.274731 4.501657 33.551542
 191.000000 0.293485 2.142254 33.551542
 191.200000 0.299479 3.111468 33.551542
 191.400000 0.290594 3.949315 33.551542
 191.600000 0.285488 4.254055 33.551542
 191.800000 0.280857 4.561423 33.551542
 192.000000 0.275620 5.106879 33.551542
 192.200000 0.296330 4.002995 33.551542
 192.400000 0.294586 4.262174 33.551542
 192.600000 0.294991 4.203294 33.551542
 192.800000 0.301035 3.243235 33.551542
 193.000000 0.302830 2.938195 33.551542
 193.200000 0.311835 2.783034 33.551542
 193.400000 0.306819 3.748195 33.551542
 193.600000 0.287256 6.078457 33.551542
 193.800000 0.273777 6.983624 33.551542
 194.000000 0.261906 8.611323 33.551542
 194.200000 0.258320 10.252778 33.551542
 194.400000 0.268264 8.776131 33.551542
 194.600000 0.271411 8.237595 33.551542
 194.800000 0.278109 7.244844 33.551542
 195.000000 0.274455 7.750813 33.516406
 195.200000 0.267515 10.018045 33.516406
 195.400000 0.257311 10.999949 33.516406
 195.600000 0.256234 11.045926 33.516406
 195.800000 0.251457 11.128248 33.516406
 196.000000 0.257312 10.999928 33.516406
 196.200000 0.270400 10.335071 33.516406
 196.400000 0.280032 8.515302 33.516406
 196.600000 0.279334 8.637219 33.516406
 196.800000 0.259229 11.953312 33.516406
 197.000000 0.261393 11.755947 33.516406
 197.200000 0.251158 12.934121 33.516406
 197.400000 0.242302 12.118793 33.516406
 197.600000 0.232227 11.591270 33.516406
 197.800000 0.243038 12.188827 33.516406
 198.000000 0.249339 12.796224 33.516406
 198.200000 0.242293 13.003979 33.516406
 198.400000 0.230466 12.060975 33.516406
 198.600000 0.223918 12.272753 33.516406
 198.800000 0.221119 12.563247 33.516406
 199.000000 0.222975 12.356241 33.516406
 199.200000 0.217082 14.134761 33.516406
 199.400000 0.229069 12.983673 33.516406
 199.600000 0.243127 13.513818 33.516406
 199.800000 0.247975 13.911041 33.516406
 200.000000 0.243364 13.534161 33.482629
 200.200000 0.246418 14.730224 33.482629
 200.400000 0.224638 13.659842 33.482629
 200.600000 0.215137 14.640242 33.482629
 200.800000 0.207318 16.353827 33.482629
 201.000000 0.225458 13.630303 33.482629
 201.200000 0.248882 15.147274 33.482629
 201.400000 0.257648 14.677859 33.482629
 201.600000 0.249353 15.151498 33.482629
 201.800000 0.239237 14.754293 33.482629
 202.000000 0.243963 14.987169 33.482629
 202.200000 0.252129 15.892628 33.482629
 202.400000 0.247262 15.990575 33.482629
 202.600000 0.254246 15.723516 33.482629
 202.800000 0.266681 13.093930 33.482629
 203.000000 0.275133 10.525415 33.482629
 203.200000 0.284869 9.014936 33.482629
 203.400000 0.301230 5.304270 33.482629
 203.600000 0.308729 3.569865 33.482629
 203.800000 0.309380 3.424384 33.482629
 204.000000 0.306026 4.188213 33.482629
 204.200000 0.297254 7.435381 33.482629
 204.400000 0.291265 8.440082 33.482629
 204.600000 0.305490 5.763794 33.482629
 204.800000 0.316816 3.057009 33.482629
 205.000000 0.336576 0.336758 33.448349
 205.200000 0.327903 2.530912 33.448349
 205.400000 0.308880 5.272695 33.448349
 205.600000 0.307196 5.616352 33.448349
 205.800000 0.309751 5.095890 33.448349
 206.000000 0.307770 5.499105 33.448349
 206.200000 0.310141 6.369794 33.448349
 206.400000 0.341365 1.898723 33.448349
 206.600000 0.350669 1.148973 33.448349
 206.800000 0.339102 2.076530 33.448349
 207.000000 0.333163 2.557718 33.448349
 207.200000 0.334525 3.996694 33.448349
 207.400000 0.305005 7.671575 33.448349
 207.600000 0.296811 8.689842 33.448349
 207.800000 0.310458 6.795855 33.448349
 208.000000 0.329100 4.456045 33.448349
 208.200000 0.326650 6.076546 33.448349
 208.400000 0.324089 6.254233 33.448349
 208.600000 0.322507 6.362839 33.448349
 208.800000 0.324131 6.251360 33.448349
 209.000000 0.305796 7.978958 33.448349
 209.200000 0.316286 7.814474 33.448349
 209.400000 0.312986 8.274724 33.448349
 209.600000 0.298339 9.786953 33.448349
 209.800000 0.300887 9.640399 33.448349
 210.000000 0.312936 8.281831 33.414774
 210.200000 0.330639 6.669947 33.414774
 210.400000 0.343734 4.010242 33.414774
 210.600000 0.339442 4.960059 33.414774
 210.800000 0.350019 2.639053 33.414774
 211.000000 0.352555 2.139518 33.414774
 211.200000 0.356261 3.046678 33.414774
 211.400000 0.362616 1.992261 33.414774
 211.600000 0.354692 3.332420 33.414774
 211.800000 0.337087 6.388595 33.414774
 212.000000 0.333918 6.811477 33.414774
 212.200000 0.340602 7.034950 33.414774
 212.400000 0.371741 0.935852 33.414774
 212.600000 0.376071 0.567463 33.414774
 212.800000 0.369488 1.183217 33.414774
 213.000000 0.367464 1.440571 33.414774
 213.200000 0.359214 4.252869 33.414774
 213.400000 0.358959 4.291439 33.414774
 213.600000 0.344041 6.806040 33.414774
 213.800000 0.338708 7.641143 33.414774
 214.000000 0.330641 8.553902 33.414774
 214.200000 0.332511 9.566045 33.414774
 214.400000 0.330189 9.788337 33.414774
 214.600000 0.337106 8.947173 33.414774
 214.800000 0.325478 10.096830 33.414774
 215.000000 0.334255 9.359978 33.381746
 215.200000 0.354169 5.878243 33.381746
 215.400000 0.365941 3.484297 33.381746
 215.600000 0.363500 3.906379 33.381746
 215.800000 0.355733 5.502805 33.381746
 216.000000 0.373438 2.345300 33.381746
 216.200000 0.374417 3.783689 33.381746
 216.400000 0.363067 5.225231 33.381746
 216.600000 0.361058 5.482763 33.381746
 216.800000 0.369798 4.403738 33.381746
 217.000000 0.352358 6.918823 33.381746
 217.200000 0.352461 8.183823 33.381746
 217.400000 0.364630 5.952836 33.381746
 217.600000 0.378972 3.364540 33.381746
 217.800000 0.392273 1.210268 33.381746
 218.000000 0.414962 0.038944 33.381746
 218.200000 0.410109 1.759956 33.381746
 218.400000 0.387060 2.245943 33.381746
 218.600000 0.379794 3.319512 33.381746
 218.800000 0.383228 2.767033 33.381746
 219.000000 0.383754 2.688582 33.381746
 219.200000 0.384762 4.093071 33.381746
 219.400000 0.382472 4.429597 33.381746
 219.600000 0.367091 6.373214 33.381746
 219.800000 0.354505 8.007284 33.381746
 220.000000 0.355198 7.894140 33.348631
 220.200000 0.363217 7.869768 33.348631
 220.400000 0.372362 6.425152 33.348631
 220.600000 0.372419 6.415671 33.348631
 220.800000 0.371407 6.582744 33.348631
 221.000000 0.368064 7.119344 33.348631
 221.200000 0.391210 3.663963 33.348631
 221.400000 0.387158 4.437923 33.348631
 221.600000 0.389769 3.922709 33.348631
 221.800000 0.376269 6.856795 33.348631
 222.000000 0.358540 9.635044 33.348631
 222.200000 0.350245 11.530667 33.348631
 222.400000 0.358841 10.740099 33.348631
 222.600000 0.371271 8.644543 33.348631
 222.800000 0.384602 5.237755 33.348631
 223.000000 0.397159 2.862529 33.348631
 223.200000 0.392293 5.032497 33.348631
 223.400000 0.384945 6.257185 33.348631
 223.600000 0.379532 7.332671 33.348631
 223.800000 0.375933 8.073160 33.348631
 224.000000 0.379260 7.388609 33.348631
 224.200000 0.368113 10.503564 33.348631
 224.400000 0.371606 10.032185 33.348631
 224.600000 0.388087 6.751667 33.348631
 224.800000 0.396839 5.072707 33.348631
 225.000000 0.406412 3.737814 33.316259
 225.200000 0.415008 4.052492 33.316259
 225.400000 0.404077 5.484825 33.316259
 225.600000 0.385744 7.826620 33.316259
 225.800000 0.391182 6.997386 33.316259
 226.000000 0.391327 6.977242 33.316259
 226.200000 0.395011 7.741894 33.316259
 226.400000 0.406485 5.979477 33.316259
 226.600000 0.407107 5.873844 33.316259
 226.800000 0.408996 5.544254 33.316259
 227.000000 0.426990 2.153334 33.316259
 227.200000 0.416501 5.371852 33.316259
 227.400000 0.391480 8.332047 33.316259
 227.600000 0.369778 10.820287 33.316259
 227.800000 0.377028 10.125517 33.316259
 228.000000 0.389947 8.522778 33.316259
 228.200000 0.404092 7.635595 33.316259
 228.400000 0.426046 3.965230 33.316259
 228.600000 0.428763 3.484377 33.316259
 228.800000 0.417231 5.497024 33.316259
 229.000000 0.440196 1.642796 33.316259
 229.200000 0.455204 1.302429 33.316259
 229.400000 0.447248 2.298701 33.316259
 229.600000 0.438435 3.506210 33.316259
 229.800000 0.442126 3.004530 33.316259
 230.000000 0.430675 4.478362 33.284208
 230.200000 0.420875 6.738329 33.284208
 230.400000 0.426470 6.337278 33.284208
 230.600000 0.440763 4.334674 33.284208
 230.800000 0.426312 6.350764 33.284208
 231.000000 0.409196 7.519954 33.284208
 231.200000 0.402331 9.345221 33.284208
 231.400000 0.407226 8.938597 33.284208
 231.600000 0.427638 6.818887 33.284208
 231.800000 0.434062 5.781606 33.284208
 232.000000 0.443902 3.813398 33.284208
 232.200000 0.425111 7.832874 33.284208
 232.400000 0.410828 8.758285 33.284208
 232.600000 0.422997 7.978633 33.284208
 232.800000 0.432554 7.155383 33.284208
 233.000000 0.453224 3.221724 33.284208
 233.200000 0.452499 4.895976 33.284208
 233.400000 0.450201 5.382541 33.284208
 233.600000 0.452974 4.792614 33.284208
 233.800000 0.452634 4.866666 33.284208
 234.000000 0.460565 3.121480 33.284208
 234.200000 0.454379 5.881579 33.284208
 234.400000 0.453821 5.982705 33.284208
 234.600000 0.465902 3.505373 33.284208
 234.800000 0.467059 3.262992 33.284208
 235.000000 0.475569 1.693389 33.252644
 235.200000 0.470298 4.139288 33.252644
 235.400000 0.434785 7.970116 33.252644
 235.600000 0.409453 8.873019 33.252644
 235.800000 0.408646 8.925323 33.252644
 236.000000 0.408907 8.908220 33.252644
 236.200000 0.394947 10.701534 33.252644
 236.400000 0.396683 10.650986 33.252644
 236.600000 0.402965 10.416299 33.252644
 236.800000 0.416131 9.544258 33.252644
 237.000000 0.421901 9.078568 33.252644
 237.200000 0.433528 9.172648 33.252644
 237.400000 0.411817 10.813118 33.252644
 237.600000 0.398883 10.937717 33.252644
 237.800000 0.426746 9.836440 33.252644
 238.000000 0.446843 7.634024 33.252644
 238.200000 0.436542 9.835865 33.252644
 238.400000 0.417497 10.732904 33.252644
 238.600000 0.408157 10.942209 33.252644
 238.800000 0.395284 10.933159 33.252644
 239.000000 0.380312 11.122918 33.252644
 239.200000 0.364683 12.087587 33.252644
 239.400000 0.347671 11.980843 33.252644
 239.600000 0.357392 11.921141 33.252644
 239.800000 0.378834 12.220983 33.252644
 240.000000 0.400661 11.372831 33.221916
