#! FIELDS time d metad.bias metad.rct
 0.000000 0.149489 0.000000 0.000000
 0.200000 0.151147 0.000000 0.000000
 0.400000 0.173800 0.000000 0.000000
 0.600000 0.198540 0.000000 0.000000
 0.800000 0.216522 0.000000 0.000000
 1.000000 0.198820 0.000000 0.000000
 1.200000 0.167878 0.205489 0.000000
 1.400000 0.159624 0.054315 0.000000
 1.600000 0.167713 0.200787 0.000000
 1.800000 0.188230 1.363233 0.000000
 2.000000 0.212557 1.149422 0.000000
 2.200000 0.195857 2.609248 0.000000
 2.400000 0.168082 0.228734 0.000000
 2.600000 0.171595 0.371151 0.000000
 2.800000 0.194226 2.455926 0.000000
 3.000000 0.169243 0.270114 0.000000
 3.200000 0.159419 1.446988 0.000000
 3.400000 0.157324 1.294884 0.000000
 3.600000 0.168898 1.985865 0.000000
 3.800000 0.167257 1.916409 0.000000
 4.000000 0.145126 0.472378 0.000000
 4.200000 0.140471 1.904740 0.000000
 4.400000 0.131703 1.219345 0.000000
 4.600000 0.139314 1.822724 0.000000
 4.800000 0.154352 2.491031 0.000000
 5.000000 0.161678 2.533307 1.108925
 5.200000 0.165315 4.029092 1.108925
 5.400000 0.156010 3.968641 1.108925
 5.600000 0.155622 3.949508 1.108925
 5.800000 0.161889 4.095780 1.108925
 6.000000 0.170113 3.790488 1.108925
 6.200000 0.167291 5.400371 1.108925
 6.400000 0.164621 5.432621 1.108925
 6.600000 0.169846 5.284985 1.108925
 6.800000 0.181779 4.144597 1.108925
 7.000000 0.185495 3.818447 1.108925
 7.200000 0.189239 5.020932 1.108925
 7.400000 0.176818 5.915292 1.108925
 7.600000 0.175195 6.002111 1.108925
 7.800000 0.183556 5.441725 1.108925
 8.000000 0.187165 5.170286 1.108925
 8.200000 0.185614 6.668314 1.108925
 8.400000 0.193023 6.051832 1.108925
 8.600000 0.191072 6.237709 1.108925
 8.800000 0.189792 6.350920 1.108925
 9.000000 0.175566 7.013838 1.108925
 9.200000 0.176947 8.284333 1.108925
 9.400000 0.193069 6.694238 1.108925
 9.600000 0.196194 6.213272 1.108925
 9.800000 0.208817 4.155791 1.108925
 10.000000 0.202156 5.254823 3.679879
 10.200000 0.214622 4.180249 3.679879
 10.400000 0.203996 6.327429 3.679879
 10.600000 0.197586 7.314562 3.679879
 10.800000 0.189929 8.140414 3.679879
 11.000000 0.175652 8.582979 3.679879
 11.200000 0.181708 9.705066 3.679879
 11.400000 0.186691 9.289483 3.679879
 11.600000 0.188275 9.108005 3.679879
 11.800000 0.188430 9.089204 3.679879
 12.000000 0.181212 9.730861 3.679879
 12.200000 0.164437 8.955941 3.679879
 12.400000 0.155412 6.454294 3.679879
 12.600000 0.146186 4.071081 3.679879
 12.800000 0.150903 5.225398 3.679879
 13.000000 0.152746 5.715825 3.679879
 13.200000 0.146569 5.404876 3.679879
 13.400000 0.138766 3.457807 3.679879
 13.600000 0.139842 3.708385 3.679879
 13.800000 0.154847 7.638857 3.679879
 14.000000 0.156800 8.155387 3.679879
 14.200000 0.155869 9.125328 3.679879
 14.400000 0.142680 5.180811 3.679879
 14.600000 0.139193 4.166388 3.679879
 14.800000 0.140998 4.682950 3.679879
 15.000000 0.141510 4.833092 6.497485
 15.200000 0.132779 3.738845 6.497485
 15.400000 0.133936 4.051883 6.497485
 15.600000 0.151239 8.941799 6.497485
 15.800000 0.156959 10.242831 6.497485
 16.000000 0.155833 10.009055 6.497485
 16.200000 0.158677 11.676091 6.497485
 16.400000 0.148437 9.205584 6.497485
 16.600000 0.145895 8.411921 6.497485
 16.800000 0.154659 10.870278 6.497485
 17.000000 0.166729 12.561942 6.497485
 17.200000 0.160485 12.878531 6.497485
 17.400000 0.140525 6.834174 6.497485
 17.600000 0.155671 11.856616 6.497485
 17.800000 0.149453 10.020971 6.497485
 18.000000 0.140190 6.711841 6.497485
 18.200000 0.138891 7.532802 6.497485
 18.400000 0.167253 13.836896 6.497485
 18.600000 0.189187 10.591532 6.497485
 18.800000 0.182786 12.050628 6.497485
 19.000000 0.182308 12.149925 6.497485
 19.200000 0.187517 11.948433 6.497485
 19.400000 0.198320 8.921691 6.497485
 19.600000 0.203260 7.503820 6.497485
 19.800000 0.194819 9.930564 6.497485
 20.000000 0.180561 13.507786 9.577123
 20.200000 0.188067 12.651172 9.577123
 20.400000 0.186237 13.164715 9.577123
 20.600000 0.188227 12.604563 9.577123
 20.800000 0.181476 14.292053 9.577123
 21.000000 0.186085 13.205704 9.577123
 21.200000 0.183672 14.774050 9.577123
 21.400000 0.191374 12.560419 9.577123
 21.600000 0.199042 9.830035 9.577123
 21.800000 0.188001 13.634245 9.577123
 22.000000 0.202514 8.576447 9.577123
 22.200000 0.205852 8.572756 9.577123
 22.400000 0.198527 11.170164 9.577123
 22.600000 0.179840 15.863467 9.577123
 22.800000 0.188350 14.293368 9.577123
 23.000000 0.191557 13.412698 9.577123
 23.200000 0.193601 13.747080 9.577123
 23.400000 0.191849 14.289423 9.577123
 23.600000 0.188361 15.231853 9.577123
 23.800000 0.191496 14.393477 9.577123
 24.000000 0.190588 14.652624 9.577123
 24.200000 0.187144 16.399042 9.577123
 24.400000 0.180274 17.259844 9.577123
 24.600000 0.173816 17.091223 9.577123
 24.800000 0.183064 17.044069 9.577123
 25.000000 0.160723 14.677180 12.190720
 25.200000 0.165171 16.589368 12.190720
 25.400000 0.168781 17.204953 12.190720
 25.600000 0.177003 17.789115 12.190720
 25.800000 0.186627 16.705581 12.190720
 26.000000 0.194585 14.374130 12.190720
 26.200000 0.207245 9.771365 12.190720
 26.400000 0.210519 8.242280 12.190720
 26.600000 0.202914 11.806243 12.190720
 26.800000 0.206236 10.247645 12.190720
 27.000000 0.208824 9.028241 12.190720
 27.200000 0.217800 6.126643 12.190720
 27.400000 0.216090 6.860767 12.190720
 27.600000 0.230454 2.012960 12.190720
 27.800000 0.222317 4.363267 12.190720
 28.000000 0.220162 5.169129 12.190720
 28.200000 0.224729 4.876648 12.190720
 28.400000 0.220359 6.482332 12.190720
 28.600000 0.214777 8.745989 12.190720
 28.800000 0.208814 11.247106 12.190720
 29.000000 0.212538 9.686382 12.190720
 29.200000 0.226633 4.972265 12.190720
 29.400000 0.228647 4.258673 12.190720
 29.600000 0.228618 4.268484 12.190720
 29.800000 0.230869 3.537859 12.190720
 30.000000 0.230934 3.517894 13.264921
 30.200000 0.220543 8.573223 13.264921
 30.400000 0.205633 13.926252 13.264921
 30.600000 0.201707 15.152924 13.264921
 30.800000 0.193867 17.148377 13.264921
 31.000000 0.212468 11.552133 13.264921
 31.200000 0.204186 15.290482 13.264921
 31.400000 0.222473 8.706298 13.264921
 31.600000 0.243589 2.051715 13.264921
 31.800000 0.230758 5.564441 13.264921
 32.000000 0.212420 12.615658 13.264921
 32.200000 0.225192 8.327447 13.264921
 32.400000 0.247706 1.419824 13.264921
 32.600000 0.235603 4.300257 13.264921
 32.800000 0.236707 3.949471 13.264921
 33.000000 0.229549 6.511950 13.264921
 33.200000 0.231658 6.988191 13.264921
 33.400000 0.225981 9.262944 13.264921
 33.600000 0.234031 6.082010 13.264921
 33.800000 0.229835 7.707139 13.264921
 34.000000 0.235814 5.431614 13.264921
 34.200000 0.235202 7.024174 13.264921
 34.400000 0.212775 14.603724 13.264921
 34.600000 0.208971 15.570982 13.264921
 34.800000 0.203202 16.795183 13.264921
 35.000000 0.204554 16.533735 14.284552
 35.200000 0.218733 13.374280 14.284552
 35.400000 0.228953 9.519309 14.284552
 35.600000 0.247785 3.041716 14.284552
 35.800000 0.237125 6.419831 14.284552
 36.000000 0.237821 6.168954 14.284552
 36.200000 0.230596 10.066245 14.284552
 36.400000 0.234798 8.580521 14.284552
 36.600000 0.225276 11.879662 14.284552
 36.800000 0.233642 8.992300 14.284552
 37.000000 0.243390 5.539360 14.284552
 37.200000 0.261334 1.746204 14.284552
 37.400000 0.252387 3.952223 14.284552
 37.600000 0.247757 5.426556 14.284552
 37.800000 0.243297 6.938122 14.284552
 38.000000 0.235194 9.616263 14.284552
 38.200000 0.231048 11.979651 14.284552
 38.400000 0.220915 14.457477 14.284552
 38.600000 0.214904 15.756985 14.284552
 38.800000 0.218812 14.922784 14.284552
 39.000000 0.238155 9.783611 14.284552
 39.200000 0.232534 12.614450 14.284552
 39.400000 0.233896 12.243846 14.284552
 39.600000 0.229221 13.417837 14.284552
 39.800000 0.214657 16.138463 14.284552
 40.000000 0.200867 18.237943 14.960522
 40.200000 0.194201 19.579633 14.960522
 40.400000 0.185335 19.630594 14.960522
 40.600000 0.180963 19.363566 14.960522
 40.800000 0.210008 17.567378 14.960522
 41.000000 0.205648 18.338967 14.960522
 41.200000 0.195211 20.130098 14.960522
 41.400000 0.224806 14.883622 14.960522
 41.600000 0.229977 13.568875 14.960522
 41.800000 0.219263 16.211685 14.960522
 42.000000 0.203236 19.468941 14.960522
 42.200000 0.178828 19.511941 14.960522
 42.400000 0.159137 15.264478 14.960522
 42.600000 0.154804 13.934212 14.960522
 42.800000 0.158382 15.044310 14.960522
 43.000000 0.163191 16.374365 14.960522
 43.200000 0.164286 17.493556 14.960522
 43.400000 0.172642 19.171565 14.960522
 43.600000 0.183381 20.436198 14.960522
 43.800000 0.166249 17.953099 14.960522
 44.000000 0.170572 18.821251 14.960522
 44.200000 0.170371 19.541747 14.960522
 44.400000 0.151234 13.660024 14.960522
 44.600000 0.148171 12.351844 14.960522
 44.800000 0.163593 17.999864 14.960522
 45.000000 0.169836 19.442648 16.911607
 45.200000 0.177873 21.201499 16.911607
 45.400000 0.184188 21.465030 16.911607
 45.600000 0.171759 20.511446 16.911607
 45.800000 0.179997 21.332328 16.911607
 46.000000 0.182124 21.417859 16.911607
 46.200000 0.169090 20.494985 16.911607
 46.400000 0.172173 21.115914 16.911607
 46.600000 0.166916 19.959108 16.911607
 46.800000 0.165495 19.566099 16.911607
 47.000000 0.163343 18.907939 16.911607
 47.200000 0.153727 15.809244 16.911607
 47.400000 0.160834 18.793820 16.911607
 47.600000 0.167499 20.835904 16.911607
 47.800000 0.175328 22.132413 16.911607
 48.000000 0.190060 22.179873 16.911607
 48.200000 0.178584 22.841329 16.911607
 48.400000 0.160611 18.805323 16.911607
 48.600000 0.162469 19.491369 16.911607
 48.800000 0.149489 13.783595 16.911607
 49.000000 0.141163 9.595349 16.911607
 49.200000 0.132570 6.618342 16.911607
 49.400000 0.150085 15.035553 16.911607
 49.600000 0.155354 17.323460 16.911607
 49.800000 0.161028 19.437670 16.911607
 50.000000 0.148786 14.435479 18.459567
 50.200000 0.138646 10.225459 18.459567
 50.400000 0.135631 8.659631 18.459567
 50.600000 0.146491 14.257538 18.459567
 50.800000 0.153930 17.599172 18.459567
 51.000000 0.137717 9.738977 18.459567
 51.200000 0.140854 12.492995 18.459567
 51.400000 0.141143 12.639702 18.459567
 51.600000 0.151813 17.444345 18.459567
 51.800000 0.163026 20.935949 18.459567
 52.000000 0.171556 22.478189 18.459567
 52.200000 0.181784 23.622986 18.459567
 52.400000 0.168744 22.708682 18.459567
 52.600000 0.165945 22.172532 18.459567
 52.800000 0.179975 23.635537 18.459567
 53.000000 0.173296 23.313226 18.459567
 53.200000 0.165122 22.525428 18.459567
 53.400000 0.162619 21.856877 18.459567
 53.600000 0.176930 24.166488 18.459567
 53.800000 0.170695 23.618576 18.459567
 54.000000 0.168159 23.190943 18.459567
 54.200000 0.165343 23.191191 18.459567
 54.400000 0.168088 23.800059 18.459567
 54.600000 0.170657 24.227264 18.459567
 54.800000 0.160079 21.614610 18.459567
 55.000000 0.159001 21.233718 20.150001
 55.200000 0.156643 21.011497 20.150001
 55.400000 0.170058 24.657886 20.150001
 55.600000 0.162256 22.991488 20.150001
 55.800000 0.145358 15.584512 20.150001
 56.000000 0.141139 13.235706 20.150001
 56.200000 0.143626 15.590569 20.150001
 56.400000 0.158974 22.381040 20.150001
 56.600000 0.157964 22.045552 20.150001
 56.800000 0.152303 19.850988 20.150001
 57.000000 0.148094 17.907235 20.150001
 57.200000 0.141994 15.413500 20.150001
 57.400000 0.143687 16.378122 20.150001
 57.600000 0.145273 17.246833 20.150001
 57.800000 0.135134 11.261615 20.150001
 58.000000 0.124252 5.181040 20.150001
 58.200000 0.136928 13.337053 20.150001
 58.400000 0.131453 10.270393 20.150001
 58.600000 0.136944 13.345725 20.150001
 58.800000 0.143622 16.944131 20.150001
 59.000000 0.140429 15.268729 20.150001
 59.200000 0.131815 11.221591 20.150001
 59.400000 0.132813 11.804183 20.150001
 59.600000 0.134019 12.509969 20.150001
 59.800000 0.142881 17.439408 20.150001
 60.000000 0.139957 15.898677 20.737138
 60.200000 0.121198 6.016904 20.737138
 60.400000 0.119438 5.212814 20.737138
 60.600000 0.119536 5.255962 20.737138
 60.800000 0.120398 5.642853 20.737138
 61.000000 0.116343 3.967495 20.737138
 61.200000 0.123310 8.382417 20.737138
 61.400000 0.118265 6.169270 20.737138
 61.600000 0.117001 5.678743 20.737138
 61.800000 0.123961 8.696359 20.737138
 62.000000 0.121814 7.685366 20.737138
 62.200000 0.144319 19.634993 20.737138
 62.400000 0.155647 23.223805 20.737138
 62.600000 0.164682 24.880024 20.737138
 62.800000 0.169407 25.297914 20.737138
 63.000000 0.164616 24.871813 20.737138
 63.200000 0.169006 25.828888 20.737138
 63.400000 0.172153 25.897908 20.737138
 63.600000 0.171409 25.896813 20.737138
 63.800000 0.170375 25.879703 20.737138
 64.000000 0.156043 23.808980 20.737138
 64.200000 0.130448 13.311262 20.737138
 64.400000 0.139429 18.007385 20.737138
 64.600000 0.141359 18.950764 20.737138
 64.800000 0.133090 14.712654 20.737138
 65.000000 0.144093 20.212246 21.715468
 65.200000 0.161885 25.962357 21.715468
 65.400000 0.166334 26.352004 21.715468
 65.600000 0.194354 23.193369 21.715468
 65.800000 0.181836 25.353976 21.715468
 66.000000 0.154284 24.505119 21.715468
 66.200000 0.164547 26.701517 21.715468
 66.400000 0.163769 26.650239 21.715468
 66.600000 0.176306 26.253657 21.715468
 66.800000 0.175774 26.315942 21.715468
 67.000000 0.183140 25.245861 21.715468
 67.200000 0.178032 26.569221 21.715468
 67.400000 0.167570 27.127538 21.715468
 67.600000 0.168500 27.146286 21.715468
 67.800000 0.160720 26.524418 21.715468
 68.000000 0.154696 25.290637 21.715468
 68.200000 0.148874 23.956147 21.715468
 68.400000 0.146608 23.016262 21.715468
 68.600000 0.149762 24.294029 21.715468
 68.800000 0.134641 16.600381 21.715468
 69.000000 0.147823 23.533954 21.715468
 69.200000 0.154438 26.345803 21.715468
 69.400000 0.168184 27.763262 21.715468
 69.600000 0.168721 27.746288 21.715468
 69.800000 0.179774 26.540365 21.715468
 70.000000 0.201282 22.032732 23.181264
 70.200000 0.205351 21.580058 23.181264
 70.400000 0.209941 20.168357 23.181264
 70.600000 0.203503 22.102377 23.181264
 70.800000 0.199485 23.130207 23.181264
 71.000000 0.196585 23.785390 23.181264
 71.200000 0.209162 20.843586 23.181264
 71.400000 0.210368 20.428298 23.181264
 71.600000 0.185582 26.319932 23.181264
 71.800000 0.169776 27.892830 23.181264
 72.000000 0.161266 27.583159 23.181264
 72.200000 0.163363 28.278674 23.181264
 72.400000 0.173068 28.112452 23.181264
 72.600000 0.196520 24.437478 23.181264
 72.800000 0.214470 18.979079 23.181264
 73.000000 0.212159 19.800185 23.181264
 73.200000 0.199385 24.273032 23.181264
 73.400000 0.184130 26.812898 23.181264
 73.600000 0.198959 24.365222 23.181264
 73.800000 0.198029 24.559908 23.181264
 74.000000 0.171010 28.279619 23.181264
 74.200000 0.189897 26.194105 23.181264
 74.400000 0.191034 25.997064 23.181264
 74.600000 0.199480 24.333265 23.181264
 74.800000 0.203116 23.422173 23.181264
 75.000000 0.216639 18.910372 24.284354
 75.200000 0.217292 19.425230 24.284354
 75.400000 0.210683 21.751431 24.284354
 75.600000 0.208920 22.315716 24.284354
 75.800000 0.190463 26.259569 24.284354
 76.000000 0.188317 26.588461 24.284354
 76.200000 0.193196 26.339883 24.284354
 76.400000 0.199353 25.158038 24.284354
 76.600000 0.199718 25.077254 24.284354
 76.800000 0.188194 27.142546 24.284354
 77.000000 0.189144 26.996773 24.284354
 77.200000 0.195713 26.370605 24.284354
 77.400000 0.180577 28.660928 24.284354
 77.600000 0.198645 25.740802 24.284354
 77.800000 0.190121 27.368343 24.284354
 78.000000 0.200235 25.360008 24.284354
 78.200000 0.225568 16.566222 24.284354
 78.400000 0.230386 14.701891 24.284354
 78.600000 0.217797 19.684689 24.284354
 78.800000 0.201764 25.527919 24.284354
 79.000000 0.211160 22.372341 24.284354
 79.200000 0.233257 13.793996 24.284354
 79.400000 0.229065 15.528973 24.284354
 79.600000 0.217376 20.450696 24.284354
 79.800000 0.223434 17.864984 24.284354
 80.000000 0.216944 20.634975 25.239119
 80.200000 0.216282 21.614320 25.239119
 80.400000 0.219368 20.285543 25.239119
 80.600000 0.225221 17.716676 25.239119
 80.800000 0.251599 5.718244 25.239119
 81.000000 0.251384 5.809604 25.239119
 81.200000 0.218782 20.665818 25.239119
 81.400000 0.208503 24.625458 25.239119
 81.600000 0.193548 27.824400 25.239119
 81.800000 0.185191 28.651557 25.239119
 82.000000 0.182076 28.903780 25.239119
 82.200000 0.193485 28.193313 25.239119
 82.400000 0.194846 27.998197 25.239119
 82.600000 0.195861 27.841725 25.239119
 82.800000 0.203550 26.234321 25.239119
 83.000000 0.194515 28.047034 25.239119
 83.200000 0.179501 29.869019 25.239119
 83.400000 0.187135 29.383274 25.239119
 83.600000 0.168191 29.782906 25.239119
 83.800000 0.164943 29.482071 25.239119
 84.000000 0.160760 28.847930 25.239119
 84.200000 0.153815 27.506426 25.239119
 84.400000 0.172573 30.323799 25.239119
 84.600000 0.178651 30.138388 25.239119
 84.800000 0.166220 30.071664 25.239119
 85.000000 0.167699 30.181854 26.470723
 85.200000 0.176186 30.639367 26.470723
 85.400000 0.167851 30.647450 26.470723
 85.600000 0.173445 30.741846 26.470723
 85.800000 0.167777 30.642893 26.470723
 86.000000 0.169026 30.706737 26.470723
 86.200000 0.172285 31.194380 26.470723
 86.400000 0.180388 30.688301 26.470723
 86.600000 0.190016 29.497922 26.470723
 86.800000 0.188622 29.695946 26.470723
 87.000000 0.173636 31.162422 26.470723
 87.200000 0.180479 31.072682 26.470723
 87.400000 0.187878 30.075665 26.470723
 87.600000 0.187265 30.168452 26.470723
 87.800000 0.206585 25.793595 26.470723
 88.000000 0.216967 21.621209 26.470723
 88.200000 0.227314 17.745794 26.470723
 88.400000 0.227742 17.562031 26.470723
 88.600000 0.228496 17.239080 26.470723
 88.800000 0.233073 15.294849 26.470723
 89.000000 0.231712 15.871879 26.470723
 89.200000 0.230835 17.105322 26.470723
 89.400000 0.229551 17.643040 26.470723
 89.600000 0.245782 10.269387 26.470723
 89.800000 0.243281 11.486020 26.470723
 90.000000 0.244753 10.771135 27.231640
 90.200000 0.243125 12.638334 27.231640
 90.400000 0.223632 20.492888 27.231640
 90.600000 0.217369 22.862351 27.231640
 90.800000 0.213885 24.156534 27.231640
 91.000000 0.224719 20.086950 27.231640
 91.200000 0.215553 24.136500 27.231640
 91.400000 0.221283 22.074377 27.231640
 91.600000 0.219536 22.714546 27.231640
 91.800000 0.229960 18.810318 27.231640
 92.000000 0.218808 22.979069 27.231640
 92.200000 0.215547 24.752630 27.231640
 92.400000 0.222995 22.046817 27.231640
 92.600000 0.213028 25.577034 27.231640
 92.800000 0.232489 18.218466 27.231640
 93.000000 0.229185 19.605920 27.231640
 93.200000 0.199479 28.858924 27.231640
 93.400000 0.176011 31.505975 27.231640
 93.600000 0.183474 30.819953 27.231640
 93.800000 0.194194 29.554894 27.231640
 94.000000 0.218348 24.336365 27.231640
 94.200000 0.208477 27.649835 27.231640
 94.400000 0.208482 27.648625 27.231640
 94.600000 0.208364 27.673948 27.231640
 94.800000 0.213621 26.377392 27.231640
 95.000000 0.209066 27.521144 27.542495
 95.200000 0.225128 22.752744 27.542495
 95.400000 0.233926 18.759009 27.542495
 95.600000 0.235655 17.886935 27.542495
 95.800000 0.249049 10.380468 27.542495
 96.000000 0.251596 8.944273 27.542495
 96.200000 0.268012 2.819993 27.542495
 96.400000 0.243763 14.463279 27.542495
 96.600000 0.244212 14.219959 27.542495
 96.800000 0.228411 21.700079 27.542495
 97.000000 0.242493 15.143178 27.542495
 97.200000 0.239823 17.405400 27.542495
 97.400000 0.242830 15.854953 27.542495
 97.600000 0.254159 9.381247 27.542495
 97.800000 0.268066 3.011191 27.542495
 98.000000 0.258663 6.936851 27.542495
 98.200000 0.263390 5.949224 27.542495
 98.400000 0.262472 6.364792 27.542495
 98.600000 0.267812 4.158104 27.542495
 98.800000 0.278817 1.309450 27.542495
 99.000000 0.279773 1.160998 27.542495
 99.200000 0.261822 7.477738 27.542495
 99.400000 0.250958 12.618604 27.542495
 99.600000 0.261014 7.811090 27.542495
 99.800000 0.243509 16.345988 27.542495
 100.000000 0.230066 21.860989 27.555955
 100.200000 0.239130 18.884720 27.555955
 100.400000 0.255145 10.666753 27.555955
 100.600000 0.245559 15.739730 27.555955
 100.800000 0.245973 15.523950 27.555955
 101.000000 0.244608 16.230423 27.555955
 101.200000 0.247903 15.333197 27.555955
 101.400000 0.257448 10.109471 27.555955
 101.600000 0.263109 7.423473 27.555955
 101.800000 0.270992 4.694401 27.555955
 102.000000 0.280817 2.717024 27.555955
 102.200000 0.275342 5.120572 27.555955
 102.400000 0.277352 4.794218 27.555955
 102.600000 0.280710 4.283518 27.555955
 102.800000 0.270571 6.037231 27.555955
 103.000000 0.263835 7.935632 27.555955
 103.200000 0.270853 7.076493 27.555955
 103.400000 0.268489 7.705841 27.555955
 103.600000 0.258236 11.348866 27.555955
 103.800000 0.246283 16.930663 27.555955
 104.000000 0.256862 11.948362 27.555955
 104.200000 0.265919 9.327336 27.555955
 104.400000 0.263569 10.187814 27.555955
 104.600000 0.263612 10.171365 27.555955
 104.800000 0.255119 13.757698 27.555955
 105.000000 0.265946 9.317760 27.527872
 105.200000 0.242695 19.551343 27.527872
 105.400000 0.254750 14.799125 27.527872
 105.600000 0.237066 21.418433 27.527872
 105.800000 0.237294 21.348170 27.527872
 106.000000 0.255394 14.535062 27.527872
 106.200000 0.257535 14.572602 27.527872
 106.400000 0.261743 12.850331 27.527872
 106.600000 0.273099 8.592838 27.527872
 106.800000 0.274052 8.270428 27.527872
 107.000000 0.285335 4.819601 27.527872
 107.200000 0.285252 6.254172 27.527872
 107.400000 0.288793 5.274948 27.527872
 107.600000 0.277374 8.411803 27.527872
 107.800000 0.268896 10.853528 27.527872
 108.000000 0.260540 13.697571 27.527872
 108.200000 0.257660 15.709338 27.527872
 108.400000 0.278771 8.482969 27.527872
 108.600000 0.299415 2.592033 27.527872
 108.800000 0.289519 5.220441 27.527872
 109.000000 0.277874 8.761511 27.527872
 109.200000 0.273606 11.247164 27.527872
 109.400000 0.280113 9.239649 27.527872
 109.600000 0.300769 2.665023 27.527872
 109.800000 0.314433 0.512438 27.527872
 110.000000 0.301330 2.527656 27.490072
 110.200000 0.304915 3.270501 27.490072
 110.400000 0.291228 6.765522 27.490072
 110.600000 0.289286 7.307394 27.490072
 110.800000 0.291778 6.612541 27.490072
 111.000000 0.309679 2.331707 27.490072
 111.200000 0.287495 8.332743 27.490072
 111.400000 0.262488 14.692243 27.490072
 111.600000 0.290792 7.599201 27.490072
 111.800000 0.295514 6.593923 27.490072
 112.000000 0.286353 8.591508 27.490072
 112.200000 0.290983 8.695476 27.490072
 112.400000 0.277780 11.603947 27.490072
 112.600000 0.276494 11.862030 27.490072
 112.800000 0.300588 6.344218 27.490072
 113.000000 0.300573 6.347827 27.490072
 113.200000 0.297799 8.317965 27.490072
 113.400000 0.291721 9.624095 27.490072
 113.600000 0.264140 14.658214 27.490072
 113.800000 0.250114 18.672346 27.490072
 114.000000 0.285788 10.723465 27.490072
 114.200000 0.298937 8.793167 27.490072
 114.400000 0.361147 0.001336 27.490072
 114.600000 0.380105 0.000000 27.490072
 114.800000 0.345845 0.110823 27.490072
 115.000000 0.314844 4.206113 27.445199
 115.200000 0.311119 6.653693 27.445199
 115.400000 0.325390 2.947541 27.445199
 115.600000 0.335923 1.070900 27.445199
 115.800000 0.336959 0.948243 27.445199
 116.000000 0.341202 0.552203 27.445199
 116.200000 0.332739 2.971760 27.445199
 116.400000 0.323695 4.209134 27.445199
 116.600000 0.335472 2.714739 27.445199
 116.800000 0.335338 2.726533 27.445199
 117.000000 0.323505 4.242322 27.445199
 117.200000 0.342560 2.802837 27.445199
 117.400000 0.331252 4.398516 27.445199
 117.600000 0.314180 7.364001 27.445199
 117.800000 0.297085 10.340048 27.445199
 118.000000 0.303831 9.180799 27.445199
 118.200000 0.322506 6.401850 27.445199
 118.400000 0.356854 1.143398 27.445199
 118.600000 0.379996 0.057057 27.445199
 118.800000 0.351304 1.732136 27.445199
 119.000000 0.341027 3.055320 27.445199
 119.200000 0.368182 0.644677 27.445199
 119.400000 0.372171 0.378762 27.445199
 119.600000 0.370162 0.499782 27.445199
 119.800000 0.363038 1.155745 27.445199
 120.000000 0.361730 1.317331 27.400548
 120.200000 0.365969 2.426268 27.400548
 120.400000 0.379893 0.899650 27.400548
 120.600000 0.376452 1.214493 27.400548
 120.800000 0.355344 3.766207 27.400548
 121.000000 0.345611 4.816913 27.400548
 121.200000 0.364386 3.271266 27.400548
 121.400000 0.363421 3.447117 27.400548
 121.600000 0.374017 1.700302 27.400548
 121.800000 0.364942 3.170560 27.400548
 122.000000 0.370236 2.264641 27.400548
 122.200000 0.367015 4.348697 27.400548
 122.400000 0.378658 2.479852 27.400548
 122.600000 0.378169 2.557521 27.400548
 122.800000 0.373738 3.278577 27.400548
 123.000000 0.363647 4.842115 27.400548
 123.200000 0.362126 6.455557 27.400548
 123.400000 0.362915 6.352959 27.400548
 123.600000 0.347543 7.324232 27.400548
 123.800000 0.349490 7.305310 27.400548
 124.000000 0.349867 7.298790 27.400548
 124.200000 0.366054 6.591018 27.400548
 124.400000 0.372352 5.105995 27.400548
 124.600000 0.374587 4.543194 27.400548
 124.800000 0.374001 4.691094 27.400548
 125.000000 0.370441 5.578648 27.357875
 125.200000 0.388560 2.168464 27.357875
 125.400000 0.374699 5.825645 27.357875
 125.600000 0.340674 8.478233 27.357875
 125.800000 0.309200 9.596748 27.357875
 126.000000 0.309668 9.521849 27.357875
 126.200000 0.325268 8.394647 27.357875
 126.400000 0.302455 11.675830 27.357875
 126.600000 0.315088 9.764689 27.357875
 126.800000 0.338374 8.451104 27.357875
 127.000000 0.341953 8.702895 27.357875
 127.200000 0.332350 9.143852 27.357875
 127.400000 0.344731 10.057550 27.357875
 127.600000 0.313478 10.230504 27.357875
 127.800000 0.305037 11.406564 27.357875
 128.000000 0.328238 8.999245 27.357875
 128.200000 0.329220 10.184458 27.357875
 128.400000 0.323330 10.234504 27.357875
 128.600000 0.337864 10.515757 27.357875
 128.800000 0.341934 10.660926 27.357875
 129.000000 0.353835 10.277610 27.357875
 129.200000 0.375867 5.969420 27.357875
 129.400000 0.386751 2.677137 27.357875
 129.600000 0.393281 1.344570 27.357875
 129.800000 0.398612 0.676506 27.357875
 130.000000 0.387718 2.443207 27.315623
 130.200000 0.385387 4.578241 27.315623
 130.400000 0.396900 2.155267 27.315623
 130.600000 0.402897 1.294959 27.315623
 130.800000 0.393832 2.702997 27.315623
 131.000000 0.399007 1.821570 27.315623
 131.200000 0.399633 3.341201 27.315623
 131.400000 0.392518 4.430539 27.315623
 131.600000 0.389726 4.885036 27.315623
 131.800000 0.377537 7.236983 27.315623
 132.000000 0.399212 3.404291 27.315623
 132.200000 0.403595 4.193289 27.315623
 132.400000 0.404768 3.985139 27.315623
 132.600000 0.394704 5.525029 27.315623
 132.800000 0.408782 3.240463 27.315623
 133.000000 0.411590 2.713972 27.315623
 133.200000 0.401692 5.763860 27.315623
 133.400000 0.375117 8.263620 27.315623
 133.600000 0.390252 6.617171 27.315623
 133.800000 0.411393 4.301127 27.315623
 134.000000 0.392826 6.462272 27.315623
 134.200000 0.388305 7.996199 27.315623
 134.400000 0.370003 9.585092 27.315623
 134.600000 0.400706 7.011083 27.315623
 134.800000 0.392668 7.783986 27.315623
 135.000000 0.381645 8.327761 27.273545
 135.200000 0.385944 9.256742 27.273545
 135.400000 0.390615 8.902578 27.273545
 135.600000 0.396020 8.305306 27.273545
 135.800000 0.400758 7.538537 27.273545
 136.000000 0.419055 3.171580 27.273545
 136.200000 0.438726 1.041661 27.273545
 136.400000 0.427280 2.878662 27.273545
 136.600000 0.394091 8.926009 27.273545
 136.800000 0.381940 9.584553 27.273545
 137.000000 0.393643 8.958846 27.273545
 137.200000 0.382477 10.445794 27.273545
 137.400000 0.374363 10.605959 27.273545
 137.600000 0.399030 9.569102 27.273545
 137.800000 0.411918 6.855840 27.273545
 138.000000 0.411301 7.015447 27.273545
 138.200000 0.416517 6.844103 27.273545
 138.400000 0.438352 1.346084 27.273545
 138.600000 0.443004 0.770375 27.273545
 138.800000 0.423732 4.693231 27.273545
 139.000000 0.419669 5.904045 27.273545
 139.200000 0.429134 4.314717 27.273545
 139.400000 0.446273 0.770587 27.273545
 139.600000 0.424195 5.844512 27.273545
 139.800000 0.410607 9.592496 27.273545
 140.000000 0.397442 11.056114 27.233298
 140.200000 0.383850 11.457508 27.233298
 140.400000 0.374710 11.006275 27.233298
 140.600000 0.388584 11.826501 27.233298
 140.800000 0.386000 11.626999 27.233298
 141.000000 0.397250 12.129624 27.233298
 141.200000 0.384883 12.263437 27.233298
 141.400000 0.373979 11.304871 27.233298
 141.600000 0.369683 11.244389 27.233298
 141.800000 0.364860 11.370321 27.233298
 142.000000 0.362546 11.475108 27.233298
 142.200000 0.368646 12.222541 27.233298
 142.400000 0.371384 12.127938 27.233298
 142.600000 0.375179 12.092435 27.233298
 142.800000 0.383578 12.500449 27.233298
 143.000000 0.376648 12.115973 27.233298
 143.200000 0.370577 13.090670 27.233298
 143.400000 0.369293 13.100621 27.233298
 143.600000 0.374272 13.096206 27.233298
 143.800000 0.387713 13.625834 27.233298
 144.000000 0.412637 10.447033 27.233298
 144.200000 0.419463 9.018868 27.233298
 144.400000 0.425406 6.590574 27.233298
 144.600000 0.420958 8.411829 27.233298
 144.800000 0.409249 12.553230 27.233298
 145.000000 0.386448 13.803504 27.195074
 145.200000 0.373864 13.794329 27.195074
 145.400000 0.389989 14.982275 27.195074
 145.600000 0.410482 12.471531 27.195074
 145.800000 0.409400 12.805134 27.195074
 146.000000 0.422973 7.631125 27.195074
 146.200000 0.416098 11.582559 27.195074
 146.400000 0.384933 14.675085 27.195074
 146.600000 0.375595 13.898533 27.195074
 146.800000 0.377401 14.021687 27.195074
 147.000000 0.369374 13.608959 27.195074
 147.200000 0.332690 10.898837 27.195074
 147.400000 0.348416 13.093965 27.195074
 147.600000 0.345717 12.731440 27.195074
 147.800000 0.339089 11.750996 27.195074
 148.000000 0.342610 12.280821 27.195074
 148.200000 0.336418 12.295965 27.195074
 148.400000 0.335441 12.136797 27.195074
 148.600000 0.335456 12.139197 27.195074
 148.800000 0.322677 10.838080 27.195074
 149.000000 0.348377 14.029346 27.195074
 149.200000 0.349739 15.095059 27.195074
 149.400000 0.339827 13.652814 27.195074
 149.600000 0.328641 11.599200 27.195074
 149.800000 0.333454 12.395426 27.195074
 150.000000 0.350310 15.141910 27.157815
 150.200000 0.372726 15.344940 27.157815
 150.400000 0.381351 15.258749 27.157815
 150.600000 0.361902 16.001175 27.157815
 150.800000 0.338892 14.137180 27.157815
 151.000000 0.333098 12.789567 27.157815
 151.200000 0.324023 12.141747 27.157815
 151.400000 0.334254 14.037532 27.157815
 151.600000 0.337630 14.788873 27.157815
 151.800000 0.329035 12.933428 27.157815
 152.000000 0.318017 11.683258 27.157815
 152.200000 0.309508 12.662370 27.157815
 152.400000 0.331108 14.059343 27.157815
 152.600000 0.343044 16.080749 27.157815
 152.800000 0.337422 15.193114 27.157815
 153.000000 0.339804 15.602046 27.157815
 153.200000 0.341312 16.708063 27.157815
 153.400000 0.346341 17.225825 27.157815
 153.600000 0.360046 16.665889 27.157815
 153.800000 0.365455 16.071588 27.157815
 154.000000 0.370803 15.577349 27.157815
 154.200000 0.358662 17.439987 27.157815
 154.400000 0.371775 16.381773 27.157815
 154.600000 0.370452 16.477908 27.157815
 154.800000 0.349861 17.659352 27.157815
 155.000000 0.328007 14.230392 27.121968
 155.200000 0.305444 13.065666 27.121968
 155.400000 0.302743 13.001157 27.121968
 155.600000 0.322262 14.255785 27.121968
 155.800000 0.345937 17.873635 27.121968
 156.000000 0.323808 14.472383 27.121968
 156.200000 0.321685 15.089677 27.121968
 156.400000 0.355548 17.879672 27.121968
 156.600000 0.366407 16.857072 27.121968
 156.800000 0.342839 18.040575 27.121968
 157.000000 0.320555 14.938470 27.121968
 157.200000 0.308884 14.405172 27.121968
 157.400000 0.305505 14.045890 27.121968
 157.600000 0.320182 15.789109 27.121968
 157.800000 0.318563 15.579016 27.121968
 158.000000 0.316521 15.319677 27.121968
 158.200000 0.321049 16.747849 27.121968
 158.400000 0.293865 13.542701 27.121968
 158.600000 0.300601 14.115902 27.121968
 158.800000 0.314277 15.917342 27.121968
 159.000000 0.311458 15.537658 27.121968
 159.200000 0.315413 16.910450 27.121968
 159.400000 0.325863 17.826695 27.121968
 159.600000 0.314867 16.847800 27.121968
 159.800000 0.300686 14.801633 27.121968
 160.000000 0.312772 16.589295 27.088913
 160.200000 0.310604 17.121421 27.088913
 160.400000 0.307716 16.659752 27.088913
 160.600000 0.288771 13.853562 27.088913
 160.800000 0.286573 13.717747 27.088913
 161.000000 0.280349 13.569814 27.088913
 161.200000 0.271993 14.772957 27.088913
 161.400000 0.291775 14.835174 27.088913
 161.600000 0.317026 17.933443 27.088913
 161.800000 0.304629 16.371866 27.088913
 162.000000 0.321804 18.239880 27.088913
 162.200000 0.333133 19.204662 27.088913
 162.400000 0.335370 19.193214 27.088913
 162.600000 0.325375 19.142779 27.088913
 162.800000 0.300402 16.025302 27.088913
 163.000000 0.292149 14.969690 27.088913
 163.200000 0.271928 15.139687 27.088913
 163.400000 0.260411 16.400903 27.088913
 163.600000 0.286463 15.474870 27.088913
 163.800000 0.313240 18.562293 27.088913
 164.000000 0.300262 16.778057 27.088913
 164.200000 0.313864 19.175857 27.088913
 164.400000 0.322221 19.437809 27.088913
 164.600000 0.337660 19.208449 27.088913
 164.800000 0.348253 18.717349 27.088913
 165.000000 0.346282 18.851928 27.059732
 165.200000 0.326317 19.720988 27.059732
 165.400000 0.330980 19.784822 27.059732
 165.600000 0.314653 19.306515 27.059732
 165.800000 0.313908 19.251069 27.059732
 166.000000 0.331893 19.796805 27.059732
 166.200000 0.354820 18.991284 27.059732
 166.400000 0.357961 18.504333 27.059732
 166.600000 0.374082 16.388834 27.059732
 166.800000 0.384931 15.950318 27.059732
 167.000000 0.387045 15.932641 27.059732
 167.200000 0.380831 16.815678 27.059732
 167.400000 0.368348 17.372964 27.059732
 167.600000 0.350997 19.580632 27.059732
 167.800000 0.349273 19.784010 27.059732
 168.000000 0.366376 17.566072 27.059732
 168.200000 0.371438 17.886017 27.059732
 168.400000 0.385649 17.150077 27.059732
 168.600000 0.374554 17.649098 27.059732
 168.800000 0.348138 20.287594 27.059732
 169.000000 0.354392 19.715566 27.059732
 169.200000 0.355637 20.305472 27.059732
 169.400000 0.352253 20.654258 27.059732
 169.600000 0.331975 20.815704 27.059732
 169.800000 0.328169 20.635852 27.059732
 170.000000 0.330915 20.767055 27.040782
 170.200000 0.341120 21.658491 27.040782
 170.400000 0.342232 21.634388 27.040782
 170.600000 0.372242 18.192068 27.040782
 170.800000 0.370470 18.397978 27.040782
 171.000000 0.360876 19.735598 27.040782
 171.200000 0.353871 21.362636 27.040782
 171.400000 0.366018 19.670766 27.040782
 171.600000 0.385385 17.433833 27.040782
 171.800000 0.384491 17.493782 27.040782
 172.000000 0.397252 16.463427 27.040782
 172.200000 0.386564 18.008871 27.040782
 172.400000 0.376437 18.525332 27.040782
 172.600000 0.375355 18.620531 27.040782
 172.800000 0.373596 18.794989 27.040782
 173.000000 0.356802 21.044341 27.040782
 173.200000 0.350284 22.311555 27.040782
 173.400000 0.345316 22.440707 27.040782
 173.600000 0.361768 21.027325 27.040782
 173.800000 0.371665 19.431756 27.040782
 174.000000 0.364582 20.571682 27.040782
 174.200000 0.372071 19.990299 27.040782
 174.400000 0.381395 18.754860 27.040782
 174.600000 0.360191 21.938858 27.040782
 174.800000 0.359629 22.013262 27.040782
 175.000000 0.375422 19.469675 27.030681
 175.200000 0.376124 20.104661 27.030681
 175.400000 0.342117 22.681258 27.030681
 175.600000 0.330065 21.700174 27.030681
 175.800000 0.318485 20.584977 27.030681
 176.000000 0.315898 20.269229 27.030681
 176.200000 0.350043 22.987801 27.030681
 176.400000 0.375274 20.226145 27.030681
 176.600000 0.395767 17.865225 27.030681
 176.800000 0.394208 18.077578 27.030681
 177.000000 0.398844 17.365959 27.030681
 177.200000 0.379057 20.050813 27.030681
 177.400000 0.379986 19.964308 27.030681
 177.600000 0.379962 19.966438 27.030681
 177.800000 0.380432 19.924720 27.030681
 178.000000 0.368033 21.428849 27.030681
 178.200000 0.369131 21.947102 27.030681
 178.400000 0.371432 21.613527 27.030681
 178.600000 0.377194 20.799514 27.030681
 178.800000 0.373486 21.313821 27.030681
 179.000000 0.368103 22.092755 27.030681
 179.200000 0.364082 23.243782 27.030681
 179.400000 0.371236 22.282124 27.030681
 179.600000 0.376804 21.403508 27.030681
 179.800000 0.369753 22.507928 27.030681
 180.000000 0.370908 22.332720 27.036045
 180.200000 0.389773 20.012689 27.036045
 180.400000 0.385275 20.656183 27.036045
 180.600000 0.365114 23.730793 27.036045
 180.800000 0.370144 23.095564 27.036045
 181.000000 0.346473 23.612523 27.036045
 181.200000 0.330851 22.631054 27.036045
 181.400000 0.326400 22.212087 27.036045
 181.600000 0.321545 21.739844 27.036045
 181.800000 0.316942 21.196428 27.036045
 182.000000 0.308328 19.781795 27.036045
 182.200000 0.295282 17.799142 27.036045
 182.400000 0.297321 18.200870 27.036045
 182.600000 0.299412 18.636061 27.036045
 182.800000 0.298879 18.523451 27.036045
 183.000000 0.269706 15.368537 27.036045
 183.200000 0.281517 16.466291 27.036045
 183.400000 0.282436 16.526290 27.036045
 183.600000 0.302956 19.471414 27.036045
 183.800000 0.306287 20.145762 27.036045
 184.000000 0.295688 18.072649 27.036045
 184.200000 0.292786 18.380008 27.036045
 184.400000 0.290071 17.974754 27.036045
 184.600000 0.307742 20.993404 27.036045
 184.800000 0.287890 17.679367 27.036045
 185.000000 0.283319 17.145528 27.031752
 185.200000 0.281543 17.778567 27.031752
 185.400000 0.281473 17.771465 27.031752
 185.600000 0.280975 17.721812 27.031752
 185.800000 0.290028 18.706279 27.031752
 186.000000 0.279647 17.593028 27.031752
 186.200000 0.291300 19.451638 27.031752
 186.400000 0.311669 21.774333 27.031752
 186.600000 0.307572 21.325776 27.031752
 186.800000 0.290233 19.353608 27.031752
 187.000000 0.270920 17.666218 27.031752
 187.200000 0.275162 18.743670 27.031752
 187.400000 0.275067 18.736800 27.031752
 187.600000 0.270019 18.414668 27.031752
 187.800000 0.269776 18.402772 27.031752
 188.000000 0.260174 18.444382 27.031752
 188.200000 0.261226 19.148817 27.031752
 188.400000 0.280396 19.424782 27.031752
 188.600000 0.305738 21.160517 27.031752
 188.800000 0.320690 22.413539 27.031752
 189.000000 0.332578 23.035593 27.031752
 189.200000 0.334235 23.785687 27.031752
 189.400000 0.305985 21.318226 27.031752
 189.600000 0.288787 19.746056 27.031752
 189.800000 0.293721 20.015811 27.031752
 190.000000 0.290554 19.829115 27.029909
 190.200000 0.297308 20.957892 27.029909
 190.400000 0.300448 21.212806 27.029909
 190.600000 0.295217 20.814443 27.029909
 190.800000 0.289338 20.491655 27.029909
 191.000000 0.274775 19.609951 27.029909
 191.200000 0.275190 20.369253 27.029909
 191.400000 0.272025 20.147052 27.029909
 191.600000 0.292272 21.011555 27.029909
 191.800000 0.297537 21.204974 27.029909
 192.000000 0.310890 22.264664 27.029909
 192.200000 0.329572 23.776030 27.029909
 192.400000 0.312223 23.025377 27.029909
 192.600000 0.305601 22.402201 27.029909
 192.800000 0.299686 21.820950 27.029909
 193.000000 0.277463 20.571628 27.029909
 193.200000 0.279792 21.416885 27.029909
 193.400000 0.280611 21.459465 27.029909
 193.600000 0.289859 21.696856 27.029909
 193.800000 0.301339 22.169479 27.029909
 194.000000 0.299887 22.066867 27.029909
 194.200000 0.279792 21.683110 27.029909
 194.400000 0.245033 21.352375 27.029909
 194.600000 0.262431 20.185601 27.029909
 194.800000 0.275697 21.316679 27.029909
 195.000000 0.285609 22.045380 27.041062
 195.200000 0.289866 22.850148 27.041062
 195.400000 0.294373 22.960408 27.041062
 195.600000 0.306379 23.436813 27.041062
 195.800000 0.303956 23.319626 27.041062
 196.000000 0.297605 23.052956 27.041062
 196.200000 0.307751 23.998365 27.041062
 196.400000 0.308812 24.020009 27.041062
 196.600000 0.314250 24.064860 27.041062
 196.800000 0.310848 24.050966 27.041062
 197.000000 0.306632 23.971429 27.041062
 197.200000 0.316845 24.520423 27.041062
 197.400000 0.330923 24.124376 27.041062
 197.600000 0.319855 24.408348 27.041062
 197.800000 0.302727 24.434350 27.041062
 198.000000 0.303616 24.471178 27.041062
 198.200000 0.299787 24.865501 27.041062
 198.400000 0.322524 24.565589 27.041062
 198.600000 0.337878 24.351731 27.041062
 198.800000 0.354481 24.851568 27.041062
 199.000000 0.340857 24.479060 27.041062
 199.200000 0.339883 25.021368 27.041062
 199.400000 0.327626 24.708121 27.041062
 199.600000 0.325184 24.755726 27.041062
 199.800000 0.329323 24.698343 27.041062
 200.000000 0.325564 24.746016 27.122842
 200.200000 0.306859 25.463973 27.122842
 200.400000 0.300137 25.037140 27.122842
 200.600000 0.295379 24.646250 27.122842
 200.800000 0.302308 25.196629 27.122842
 201.000000 0.322252 25.421545 27.122842
 201.200000 0.311892 26.048723 27.122842
 201.400000 0.301740 25.377163 27.122842
 201.600000 0.320743 26.030018 27.122842
 201.800000 0.318661 26.077041 27.122842
 202.000000 0.311934 26.049989 27.122842
 202.200000 0.293662 24.847681 27.122842
 202.400000 0.278840 22.798214 27.122842
 202.600000 0.271031 21.476556 27.122842
 202.800000 0.269917 21.301351 27.122842
 203.000000 0.274892 22.126773 27.122842
 203.200000 0.281073 23.758446 27.122842
 203.400000 0.299600 25.733062 27.122842
 203.600000 0.276014 22.971168 27.122842
 203.800000 0.255900 20.625841 27.122842
 204.000000 0.263934 21.058158 27.122842
 204.200000 0.266577 22.072025 27.122842
 204.400000 0.269260 22.453907 27.122842
 204.600000 0.273205 23.052190 27.122842
 204.800000 0.277358 23.652628 27.122842
 205.000000 0.273992 23.170613 27.207975
 205.200000 0.265768 22.500829 27.207975
 205.400000 0.265362 22.440841 27.207975
 205.600000 0.273739 23.755971 27.207975
 205.800000 0.287507 25.149642 27.207975
 206.000000 0.296637 25.697535 27.207975
 206.200000 0.284787 25.384832 27.207975
 206.400000 0.261842 22.017309 27.207975
 206.600000 0.254252 21.485545 27.207975
 206.800000 0.254994 21.501855 27.207975
 207.000000 0.248333 21.614301 27.207975
 207.200000 0.237361 23.284923 27.207975
 207.400000 0.249637 22.214642 27.207975
 207.600000 0.276498 24.488223 27.207975
 207.800000 0.283277 25.281652 27.207975
 208.000000 0.274390 24.184690 27.207975
 208.200000 0.261645 22.859216 27.207975
 208.400000 0.267426 23.669671 27.207975
 208.600000 0.242090 22.833481 27.207975
 208.800000 0.241986 22.842682 27.207975
 209.000000 0.232210 23.980895 27.207975
 209.200000 0.232576 24.528567 27.207975
 209.400000 0.262134 22.997411 27.207975
 209.600000 0.265495 23.420486 27.207975
 209.800000 0.264353 23.264557 27.207975
 210.000000 0.260673 22.852030 27.312972
 210.200000 0.259354 23.373123 27.312972
 210.400000 0.263498 23.776981 27.312972
 210.600000 0.255867 23.170654 27.312972
 210.800000 0.245148 23.377092 27.312972
 211.000000 0.262560 23.672047 27.312972
 211.200000 0.256358 23.750297 27.312972
 211.400000 0.275809 25.784134 27.312972
 211.600000 0.265466 24.615476 27.312972
 211.800000 0.268615 25.002299 27.312972
 212.000000 0.288069 26.327423 27.312972
 212.200000 0.285510 26.813529 27.312972
 212.400000 0.264653 24.677999 27.312972
 212.600000 0.265502 24.793709 27.312972
 212.800000 0.282099 26.676775 27.312972
 213.000000 0.309143 27.204848 27.312972
 213.200000 0.285110 26.945161 27.312972
 213.400000 0.259167 24.037854 27.312972
 213.600000 0.251202 23.601987 27.312972
 213.800000 0.262494 24.403492 27.312972
 214.000000 0.253711 23.667173 27.312972
 214.200000 0.268394 25.593189 27.312972
 214.400000 0.268476 25.602936 27.312972
 214.600000 0.261806 24.847640 27.312972
 214.800000 0.251694 24.213915 27.312972
 215.000000 0.258939 24.589990 27.459972
 215.200000 0.253383 24.810919 27.459972
 215.400000 0.251423 24.723881 27.459972
 215.600000 0.258484 25.139098 27.459972
 215.800000 0.258762 25.161005 27.459972
 216.000000 0.272709 26.483076 27.459972
 216.200000 0.264981 26.198079 27.459972
 216.400000 0.240761 24.696209 27.459972
 216.600000 0.234592 24.935099 27.459972
 216.800000 0.264186 26.106261 27.459972
 217.000000 0.273555 27.092688 27.459972
 217.200000 0.260631 26.066933 27.459972
 217.400000 0.252103 25.147890 27.459972
 217.600000 0.245282 24.784718 27.459972
 217.800000 0.241148 24.740632 27.459972
 218.000000 0.240982 24.741622 27.459972
 218.200000 0.242065 25.318763 27.459972
 218.400000 0.219371 27.095995 27.459972
 218.600000 0.240750 25.324574 27.459972
 218.800000 0.259647 26.208738 27.459972
 219.000000 0.258280 26.071242 27.459972
 219.200000 0.253581 26.203757 27.459972
 219.400000 0.259006 26.690303 27.459972
 219.600000 0.255742 26.383344 27.459972
 219.800000 0.246926 25.786736 27.459972
 220.000000 0.251352 26.039879 27.654898
 220.200000 0.239286 25.983752 27.654898
 220.400000 0.243215 26.124633 27.654898
 220.600000 0.238402 25.962872 27.654898
 220.800000 0.233829 25.940751 27.654898
 221.000000 0.239224 25.982142 27.654898
 221.200000 0.237866 26.500410 27.654898
 221.400000 0.266462 27.881668 27.654898
 221.600000 0.262469 27.623679 27.654898
 221.800000 0.242274 26.623602 27.654898
 222.000000 0.225269 26.780560 27.654898
 222.200000 0.224917 27.339330 27.654898
 222.400000 0.231918 26.954206 27.654898
 222.600000 0.232578 26.935191 27.654898
 222.800000 0.216873 28.183532 27.654898
 223.000000 0.229405 27.051734 27.654898
 223.200000 0.247901 27.246875 27.654898
 223.400000 0.237700 27.323222 27.654898
 223.600000 0.195979 30.100844 27.654898
 223.800000 0.204107 29.662429 27.654898
 224.000000 0.209306 29.274760 27.654898
 224.200000 0.214458 29.241385 27.654898
 224.400000 0.215121 29.168382 27.654898
 224.600000 0.192141 30.564296 27.654898
 224.800000 0.204151 30.107320 27.654898
 225.000000 0.229918 27.736891 28.012290
 225.200000 0.240671 27.726701 28.012290
 225.400000 0.226151 28.502417 28.012290
 225.600000 0.224854 28.602845 28.012290
 225.800000 0.249365 27.487868 28.012290
 226.000000 0.238388 27.817065 28.012290
 226.200000 0.225238 28.917449 28.012290
 226.400000 0.233028 28.541907 28.012290
 226.600000 0.247461 27.941670 28.012290
 226.800000 0.251592 27.814371 28.012290
 227.000000 0.252924 27.788491 28.012290
 227.200000 0.261967 28.286093 28.012290
 227.400000 0.262366 28.291675 28.012290
 227.600000 0.245366 28.473259 28.012290
 227.800000 0.263003 28.301487 28.012290
 228.000000 0.281954 28.273017 28.012290
 228.200000 0.275065 28.901887 28.012290
 228.400000 0.257018 28.380133 28.012290
 228.600000 0.256724 28.376903 28.012290
 228.800000 0.277381 28.896509 28.012290
 229.000000 0.287436 28.473857 28.012290
 229.200000 0.282871 29.198066 28.012290
 229.400000 0.282731 29.203329 28.012290
 229.600000 0.269998 29.041421 28.012290
 229.800000 0.258251 28.471253 28.012290
 230.000000 0.236466 28.684968 28.344170
 230.200000 0.234678 29.203042 28.344170
 230.400000 0.267088 28.938433 28.344170
 230.600000 0.281950 29.234176 28.344170
 230.800000 0.258660 28.645312 28.344170
 231.000000 0.226565 29.342301 28.344170
 231.200000 0.238929 29.456286 28.344170
 231.400000 0.257997 28.689947 28.344170
 231.600000 0.251598 28.820253 28.344170
 231.800000 0.232966 29.661608 28.344170
 232.000000 0.264299 28.826317 28.344170
 232.200000 0.260080 29.173916 28.344170
 232.400000 0.253926 29.124301 28.344170
 232.600000 0.252565 29.141219 28.344170
 232.800000 0.247544 29.270391 28.344170
 233.000000 0.253515 29.128467 28.344170
 233.200000 0.253225 29.609924 28.344170
 233.400000 0.253928 29.602207 28.344170
 233.600000 0.246241 29.741588 28.344170
 233.800000 0.233305 29.901024 28.344170
 234.000000 0.240172 29.854391 28.344170
 234.200000 0.248173 30.099571 28.344170
 234.400000 0.262041 29.795421 28.344170
 234.600000 0.265706 29.819118 28.344170
 234.800000 0.282056 29.556673 28.344170
 235.000000 0.306082 28.174046 28.751982
 235.200000 0.316243 27.983863 28.751982
 235.400000 0.327260 26.686035 28.751982
 235.600000 0.316601 27.945491 28.751982
 235.800000 0.305572 28.688681 28.751982
 236.000000 0.298931 28.846659 28.751982
 236.200000 0.322387 27.401131 28.751982
 236.400000 0.341344 25.848026 28.751982
 236.600000 0.333693 26.170437 28.751982
 236.800000 0.317427 28.080531 28.751982
 237.000000 0.330204 26.453256 28.751982
 237.200000 0.361959 24.754624 28.751982
 237.400000 0.351061 25.781986 28.751982
 237.600000 0.324724 27.587753 28.751982
 237.800000 0.347350 25.982108 28.751982
 238.000000 0.353201 25.640669 28.751982
 238.200000 0.364700 24.771152 28.751982
 238.400000 0.372957 23.100055 28.751982
 238.600000 0.350766 26.350901 28.751982
 238.800000 0.344071 26.597210 28.751982
 239.000000 0.345469 26.558659 28.751982
 239.200000 0.342149 27.168708 28.751982
 239.400000 0.362448 25.431261 28.751982
 239.600000 0.382198 21.277663 28.751982
 239.800000 0.365456 24.854229 28.751982
 240.000000 0.321941 28.144639 28.923155
 240.200000 0.306721 29.551288 28.923155
 240.400000 0.336704 27.559111 28.923155
 240.600000 0.335814 27.595465 28.923155
 240.800000 0.340211 27.434147 28.923155
 241.000000 0.342189 27.368308 28.923155
 241.200000 0.313518 29.416936 28.923155
 241.400000 0.337163 28.030066 28.923155
 241.600000 0.327953 28.415025 28.923155
 241.800000 0.330691 28.262630 28.923155
 242.000000 0.336018 28.061982 28.923155
 242.200000 0.313030 29.593024 28.923155
 242.400000 0.332755 28.660096 28.923155
 242.600000 0.340634 28.412761 28.923155
 242.800000 0.306278 29.652846 28.923155
 243.000000 0.288423 29.750851 28.923155
 243.200000 0.292659 30.072695 28.923155
 243.400000 0.310595 29.797286 28.923155
 243.600000 0.324989 29.023115 28.923155
 243.800000 0.289342 30.183367 28.923155
 244.000000 0.268826 30.136131 28.923155
 244.200000 0.301253 29.963209 28.923155
 244.400000 0.292844 30.193313 28.923155
 244.600000 0.311115 29.789518 28.923155
 244.800000 0.307693 29.876980 28.923155
 245.000000 0.318281 29.441912 29.229839
 245.200000 0.336547 28.774078 29.229839
 245.400000 0.323380 29.565362 29.229839
 245.600000 0.319073 29.864455 29.229839
 245.800000 0.331677 29.019689 29.229839
 246.000000 0.338373 28.685037 29.229839
 246.200000 0.332006 29.447010 29.229839
 246.400000 0.335652 29.296469 29.229839
 246.600000 0.333925 29.367070 29.229839
 246.800000 0.340176 29.076518 29.229839
 247.000000 0.338363 29.173165 29.229839
 247.200000 0.333675 29.831640 29.229839
 247.400000 0.341771 29.443248 29.229839
 247.600000 0.339325 29.599700 29.229839
 247.800000 0.336708 29.725264 29.229839
 248.000000 0.329983 29.942667 29.229839
 248.200000 0.325084 30.531194 29.229839
 248.400000 0.317755 30.649083 29.229839
 248.600000 0.313419 30.640011 29.229839
 248.800000 0.328254 30.451807 29.229839
 249.000000 0.323930 30.557024 29.229839
 249.200000 0.312922 30.976224 29.229839
 249.400000 0.303165 30.546552 29.229839
 249.600000 0.306693 30.715097 29.229839
 249.800000 0.330741 30.785551 29.229839
 250.000000 0.311975 30.945133 29.577001
 250.200000 0.286805 30.681445 29.577001
 250.400000 0.285285 30.721908 29.577001
 250.600000 0.312497 31.403495 29.577001
 250.800000 0.316576 31.472048 29.577001
 251.000000 0.317211 31.472161 29.577001
 251.200000 0.306877 31.479735 29.577001
 251.400000 0.287772 30.717768 29.577001
 251.600000 0.298342 30.872773 29.577001
 251.800000 0.297532 30.831434 29.577001
 252.000000 0.292860 30.694386 29.577001
 252.200000 0.311984 31.989025 29.577001
 252.400000 0.327720 31.520039 29.577001
 252.600000 0.337877 30.634948 29.577001
 252.800000 0.347366 29.338957 29.577001
 253.000000 0.330618 31.300586 29.577001
 253.200000 0.301617 31.522642 29.577001
 253.400000 0.298448 31.337221 29.577001
 253.600000 0.293174 31.162556 29.577001
 253.800000 0.291539 31.143908 29.577001
 254.000000 0.287048 31.150373 29.577001
 254.200000 0.308427 32.151751 29.577001
 254.400000 0.292025 31.561383 29.577001
 254.600000 0.281149 31.567607 29.577001
 254.800000 0.277218 31.450650 29.577001
 255.000000 0.293633 31.567414 30.094365
 255.200000 0.319495 32.437036 30.094365
 255.400000 0.307605 32.388426 30.094365
 255.600000 0.300367 32.125831 30.094365
 255.800000 0.301964 32.179193 30.094365
 256.000000 0.272702 31.365277 30.094365
 256.200000 0.273458 31.857448 30.094365
 256.400000 0.293041 32.164415 30.094365
 256.600000 0.291723 32.180091 30.094365
 256.800000 0.296674 32.153417 30.094365
 257.000000 0.271925 31.734076 30.094365
 257.200000 0.263820 31.384760 30.094365
 257.400000 0.271621 32.133938 30.094365
 257.600000 0.284690 32.565809 30.094365
 257.800000 0.288140 32.471190 30.094365
 258.000000 0.293671 32.307277 30.094365
 258.200000 0.296106 32.676450 30.094365
 258.400000 0.305355 32.687008 30.094365
 258.600000 0.318733 32.567276 30.094365
 258.800000 0.310925 32.724931 30.094365
 259.000000 0.290921 32.789985 30.094365
 259.200000 0.285943 33.285018 30.094365
 259.400000 0.288524 33.250893 30.094365
 259.600000 0.283748 33.276582 30.094365
 259.800000 0.275438 32.847161 30.094365
 260.000000 0.274115 32.721121 30.684255
 260.200000 0.271407 32.827418 30.684255
 260.400000 0.251867 30.775151 30.684255
 260.600000 0.248905 30.665529 30.684255
 260.800000 0.238236 30.479806 30.684255
 261.000000 0.227881 30.272187 30.684255
 261.200000 0.212900 30.636171 30.684255
 261.400000 0.221403 30.641273 30.684255
 261.600000 0.214901 30.631939 30.684255
 261.800000 0.207379 30.634199 30.684255
 262.000000 0.212296 30.637412 30.684255
 262.200000 0.217597 31.049259 30.684255
 262.400000 0.232257 30.978800 30.684255
 262.600000 0.225007 30.993760 30.684255
 262.800000 0.234602 30.967470 30.684255
 263.000000 0.257547 31.220675 30.684255
 263.200000 0.264680 32.362690 30.684255
 263.400000 0.259761 31.847823 30.684255
 263.600000 0.248645 31.219774 30.684255
 263.800000 0.223423 31.032028 30.684255
 264.000000 0.218741 31.052369 30.684255
 264.200000 0.216988 31.501374 30.684255
 264.400000 0.231421 31.383409 30.684255
 264.600000 0.223464 31.449602 30.684255
 264.800000 0.203930 31.268396 30.684255
 265.000000 0.196668 30.993027 30.999157
 265.200000 0.180089 31.660156 30.999157
 265.400000 0.199965 31.536935 30.999157
 265.600000 0.204365 31.670723 30.999157
 265.800000 0.199557 31.523370 30.999157
 266.000000 0.191397 31.342302 30.999157
 266.200000 0.193699 31.791971 30.999157
 266.400000 0.190766 31.775064 30.999157
 266.600000 0.175405 32.060084 30.999157
 266.800000 0.186490 31.819474 30.999157
 267.000000 0.188318 31.791182 30.999157
 267.200000 0.190387 32.196331 30.999157
 267.400000 0.178222 32.366772 30.999157
 267.600000 0.176786 32.366374 30.999157
 267.800000 0.192529 32.188962 30.999157
 268.000000 0.216433 31.866960 30.999157
 268.200000 0.231267 31.692090 30.999157
 268.400000 0.232564 31.647607 30.999157
 268.600000 0.234765 31.576309 30.999157
 268.800000 0.225577 31.901134 30.999157
 269.000000 0.237563 31.492906 30.999157
 269.200000 0.246401 31.680212 30.999157
 269.400000 0.240371 31.839664 30.999157
 269.600000 0.224662 32.234824 30.999157
 269.800000 0.215903 32.462232 30.999157
 270.000000 0.217095 32.432353 31.367712
 270.200000 0.246894 31.727707 31.367712
 270.400000 0.243149 31.849192 31.367712
 270.600000 0.244047 31.815752 31.367712
 270.800000 0.239076 32.018984 31.367712
 271.000000 0.222344 32.679318 31.367712
 271.200000 0.196496 32.638835 31.367712
 271.400000 0.185899 32.370633 31.367712
 271.600000 0.195778 32.604882 31.367712
 271.800000 0.217075 33.229236 31.367712
 272.000000 0.216542 33.237554 31.367712
 272.200000 0.217887 33.610645 31.367712
 272.400000 0.216640 33.634252 31.367712
 272.600000 0.223458 33.405641 31.367712
 272.800000 0.215172 33.649080 31.367712
 273.000000 0.220353 33.537323 31.367712
 273.200000 0.227046 33.566193 31.367712
 273.400000 0.216882 34.012886 31.367712
 273.600000 0.233139 33.076254 31.367712
 273.800000 0.243171 32.208256 31.367712
 274.000000 0.253818 31.808373 31.367712
 274.200000 0.240233 32.726795 31.367712
 274.400000 0.237988 32.885305 31.367712
 274.600000 0.251641 32.229245 31.367712
 274.800000 0.250540 32.241983 31.367712
 275.000000 0.248122 32.301215 31.825926
 275.200000 0.246985 32.757765 31.825926
 275.400000 0.227231 33.797470 31.825926
 275.600000 0.204667 33.574215 31.825926
 275.800000 0.195206 32.818894 31.825926
 276.000000 0.206451 33.704210 31.825926
 276.200000 0.191264 32.825823 31.825926
 276.400000 0.186995 32.630806 31.825926
 276.600000 0.191746 32.855671 31.825926
 276.800000 0.199606 33.510379 31.825926
 277.000000 0.214734 34.399093 31.825926
 277.200000 0.223622 34.464497 31.825926
 277.400000 0.191438 32.949114 31.825926
 277.600000 0.166914 31.785193 31.825926
 277.800000 0.150607 26.898616 31.825926
 278.000000 0.158192 29.864571 31.825926
 278.200000 0.150794 27.396068 31.825926
 278.400000 0.145382 24.482854 31.825926
 278.600000 0.161023 31.109534 31.825926
 278.800000 0.159600 30.738458 31.825926
 279.000000 0.177808 32.695132 31.825926
 279.200000 0.180237 33.098298 31.825926
 279.400000 0.159071 30.775818 31.825926
 279.600000 0.169442 32.779557 31.825926
 279.800000 0.188713 33.148992 31.825926
 280.000000 0.182826 33.085283 32.225971
 280.200000 0.162911 31.944991 32.225971
 280.400000 0.149423 26.814429 32.225971
 280.600000 0.135471 18.047202 32.225971
 280.800000 0.129122 13.816856 32.225971
 281.000000 0.140085 21.171004 32.225971
 281.200000 0.123605 10.867615 32.225971
 281.400000 0.125798 12.195984 32.225971
 281.600000 0.126926 12.907047 32.225971
 281.800000 0.121980 9.935259 32.225971
 282.000000 0.117398 7.558537 32.225971
 282.200000 0.127983 14.562275 32.225971
 282.400000 0.139451 21.850788 32.225971
 282.600000 0.136563 20.005773 32.225971
 282.800000 0.124769 12.670584 32.225971
 283.000000 0.131355 16.656346 32.225971
 283.200000 0.134644 19.579652 32.225971
 283.400000 0.146932 26.723760 32.225971
 283.600000 0.126452 14.437390 32.225971
 283.800000 0.116941 9.116474 32.225971
 284.000000 0.118894 10.126021 32.225971
 284.200000 0.124417 14.260915 32.225971
 284.400000 0.125310 14.766445 32.225971
 284.600000 0.113328 8.419381 32.225971
 284.800000 0.128598 16.659764 32.225971
 285.000000 0.124520 14.319159 32.225270
 285.200000 0.116600 10.850860 32.225270
 285.400000 0.115499 10.260489 32.225270
 285.600000 0.109726 7.311933 32.225270
 285.800000 0.121286 13.428319 32.225270
 286.000000 0.129431 18.022671 32.225270
 286.200000 0.136380 22.619689 32.225270
 286.400000 0.136753 22.814988 32.225270
 286.600000 0.127531 17.724240 32.225270
 286.800000 0.112852 9.298612 32.225270
 287.000000 0.108245 6.898950 32.225270
 287.200000 0.115636 11.986632 32.225270
 287.400000 0.112536 10.361606 32.225270
 287.600000 0.118468 13.487942 32.225270
 287.800000 0.127456 18.246745 32.225270
 288.000000 0.124974 16.939957 32.225270
 288.200000 0.118445 14.223802 32.225270
 288.400000 0.119993 15.077576 32.225270
 288.600000 0.123568 17.014912 32.225270
 288.800000 0.124260 17.384442 32.225270
 289.000000 0.132565 21.628627 32.225270
 289.200000 0.133475 22.738306 32.225270
 289.400000 0.122829 17.159245 32.225270
 289.600000 0.124847 18.280788 32.225270
 289.800000 0.121276 16.281378 32.225270
 290.000000 0.112448 11.167052 32.218456
 290.200000 0.111228 11.529308 32.218456
 290.400000 0.107928 9.650832 32.218456
 290.600000 0.113115 12.615118 32.218456
 290.800000 0.106657 8.945597 32.218456
 291.000000 0.113431 12.796993 32.218456
 291.200000 0.115124 14.749373 32.218456
 291.400000 0.109047 11.229862 32.218456
 291.600000 0.108763 11.063692 32.218456
 291.800000 0.109663 11.591129 32.218456
 292.000000 0.107194 10.149019 32.218456
 292.200000 0.092716 3.901199 32.218456
 292.400000 0.100112 7.286872 32.218456
 292.600000 0.112861 14.494336 32.218456
 292.800000 0.106376 10.789019 32.218456
 293.000000 0.099598 7.018540 32.218456
 293.200000 0.092586 4.999422 32.218456
 293.400000 0.101559 9.331338 32.218456
 293.600000 0.079437 1.285488 32.218456
 293.800000 0.093518 5.391725 32.218456
 294.000000 0.087437 3.138283 32.218456
 294.200000 0.088635 5.039936 32.218456
 294.400000 0.080201 2.767966 32.218456
 294.600000 0.096553 8.039916 32.218456
 294.800000 0.093502 6.787235 32.218456
 295.000000 0.090284 5.595884 32.191348
 295.200000 0.096355 9.211888 32.191348
 295.400000 0.107867 14.036961 32.191348
 295.600000 0.114094 16.665223 32.191348
 295.800000 0.097816 9.792661 32.191348
 296.000000 0.094876 8.638454 32.191348
 296.200000 0.086861 6.845727 32.191348
 296.400000 0.077314 3.723889 32.191348
 296.600000 0.093751 9.400381 32.191348
 296.800000 0.093893 9.454681 32.191348
 297.000000 0.090100 8.027784 32.191348
 297.200000 0.092677 10.199250 32.191348
 297.400000 0.095632 11.262235 32.191348
 297.600000 0.088427 8.627953 32.191348
 297.800000 0.090928 9.557989 32.191348
 298.000000 0.099823 12.729927 32.191348
 298.200000 0.087479 8.980016 32.191348
 298.400000 0.093005 11.213344 32.191348
 298.600000 0.090184 10.090037 32.191348
 298.800000 0.097969 13.071434 32.191348
 299.000000 0.096781 12.641688 32.191348
 299.200000 0.092321 11.898369 32.191348
 299.400000 0.119423 20.005383 32.191348
 299.600000 0.118772 19.838708 32.191348
 299.800000 0.106635 16.745079 32.191348
 300.000000 0.102696 15.610612 32.164948
 300.200000 0.109521 18.299456 32.164948
 300.400000 0.099961 15.602967 32.164948
 300.600000 0.074614 4.431892 32.164948
 300.800000 0.070056 2.875259 32.164948
 301.000000 0.068149 2.345382 32.164948
 301.200000 0.065838 3.355362 32.164948
 301.400000 0.083073 9.142821 32.164948
 301.600000 0.099401 15.587076 32.164948
 301.800000 0.069387 4.252133 32.164948
 302.000000 0.072059 5.033359 32.164948
 302.200000 0.071834 6.362029 32.164948
 302.400000 0.060588 3.338081 32.164948
 302.600000 0.083558 10.388325 32.164948
 302.800000 0.093408 13.947874 32.164948
 303.000000 0.081486 9.630773 32.164948
 303.200000 0.063269 4.520706 32.164948
 303.400000 0.058831 3.311801 32.164948
 303.600000 0.053181 2.058799 32.164948
 303.800000 0.066853 5.620067 32.164948
 304.000000 0.073671 7.935425 32.164948
 304.200000 0.085027 12.959693 32.164948
 304.400000 0.075656 9.865769 32.164948
 304.600000 0.066166 6.485757 32.164948
 304.800000 0.066582 6.632404 32.164948
 305.000000 0.081292 11.779616 32.137472
 305.200000 0.068385 7.987245 32.137472
 305.400000 0.067302 7.556623 32.137472
 305.600000 0.073841 10.140125 32.137472
 305.800000 0.056825 3.753313 32.137472
 306.000000 0.076156 11.017094 32.137472
 306.200000 0.089996 15.971609 32.137472
 306.400000 0.084706 14.780966 32.137472
 306.600000 0.102529 17.940412 32.137472
 306.800000 0.114118 19.632847 32.137472
 307.000000 0.121477 21.012839 32.137472
 307.200000 0.107416 19.057838 32.137472
 307.400000 0.100977 17.996327 32.137472
 307.600000 0.083618 14.520966 32.137472
 307.800000 0.076636 12.271644 32.137472
 308.000000 0.081762 13.985844 32.137472
 308.200000 0.091846 17.164857 32.137472
 308.400000 0.129154 23.518508 32.137472
 308.600000 0.123030 22.057713 32.137472
 308.800000 0.114590 20.412464 32.137472
 309.000000 0.119768 21.376146 32.137472
 309.200000 0.091569 17.234603 32.137472
 309.400000 0.084265 15.662221 32.137472
 309.600000 0.073052 11.681612 32.137472
 309.800000 0.078657 13.920927 32.137472
 310.000000 0.099851 18.544273 32.118523
 310.200000 0.085173 16.369518 32.118523
 310.400000 0.086644 16.765941 32.118523
 310.600000 0.069573 10.207307 32.118523
 310.800000 0.065095 8.060701 32.118523
 311.000000 0.078597 14.179272 32.118523
 311.200000 0.091328 18.492060 32.118523
 311.400000 0.121852 22.746324 32.118523
 311.600000 0.115094 21.646679 32.118523
 311.800000 0.102426 19.956845 32.118523
 312.000000 0.105115 20.283757 32.118523
 312.200000 0.108910 21.456988 32.118523
 312.400000 0.109620 21.543426 32.118523
 312.600000 0.112430 21.886180 32.118523
 312.800000 0.138071 26.459455 32.118523
 313.000000 0.115820 22.305697 32.118523
 313.200000 0.125656 24.257181 32.118523
 313.400000 0.132357 25.413418 32.118523
 313.600000 0.151547 30.144619 32.118523
 313.800000 0.146993 28.968283 32.118523
 314.000000 0.113159 22.613216 32.118523
 314.200000 0.133005 25.809268 32.118523
 314.400000 0.141892 27.730748 32.118523
 314.600000 0.143651 28.167564 32.118523
 314.800000 0.132129 25.654877 32.118523
 315.000000 0.108539 22.596923 32.100589
 315.200000 0.096256 20.874030 32.100589
 315.400000 0.106333 22.882023 32.100589
 315.600000 0.133848 26.117229 32.100589
 315.800000 0.136753 26.655384 32.100589
 316.000000 0.121659 24.678093 32.100589
 316.200000 0.129825 26.016270 32.100589
 316.400000 0.121264 25.226900 32.100589
 316.600000 0.128660 25.890362 32.100589
 316.800000 0.123563 25.422732 32.100589
 317.000000 0.106480 23.255661 32.100589
 317.200000 0.123068 25.717125 32.100589
 317.400000 0.124439 25.800446 32.100589
 317.600000 0.112773 24.873799 32.100589
 317.800000 0.095552 21.315703 32.100589
 318.000000 0.102045 22.939675 32.100589
 318.200000 0.098956 22.816289 32.100589
 318.400000 0.085991 18.780844 32.100589
 318.600000 0.103133 23.812589 32.100589
 318.800000 0.091905 20.794936 32.100589
 319.000000 0.104758 24.152589 32.100589
 319.200000 0.085067 18.686604 32.100589
 319.400000 0.092463 21.395431 32.100589
 319.600000 0.095899 22.488926 32.100589
 319.800000 0.071898 12.437821 32.100589
 320.000000 0.070742 11.816299 32.087696
 320.200000 0.076426 15.750818 32.087696
 320.400000 0.080191 17.439830 32.087696
 320.600000 0.065916 10.188878 32.087696
 320.800000 0.073461 14.284459 32.087696
 321.000000 0.065264 9.826929 32.087696
 321.200000 0.056956 6.500408 32.087696
 321.400000 0.050756 3.799025 32.087696
 321.600000 0.064586 10.580428 32.087696
 321.800000 0.060374 8.267240 32.087696
 322.000000 0.081963 18.773219 32.087696
 322.200000 0.094697 23.096900 32.087696
 322.400000 0.072489 15.406528 32.087696
 322.600000 0.076127 17.179766 32.087696
 322.800000 0.057019 6.720469 32.087696
 323.000000 0.059292 7.933781 32.087696
 323.200000 0.061463 10.370448 32.087696
 323.400000 0.052502 5.698007 32.087696
 323.600000 0.057464 8.171797 32.087696
 323.800000 0.062657 11.040637 32.087696
 324.000000 0.073684 16.788945 32.087696
 324.200000 0.069308 15.465931 32.087696
 324.400000 0.046594 3.514564 32.087696
 324.600000 0.047114 3.701564 32.087696
 324.800000 0.053784 6.642023 32.087696
 325.000000 0.046431 3.457408 32.063102
 325.200000 0.059125 10.635347 32.063102
 325.400000 0.054708 8.409178 32.063102
 325.600000 0.075260 18.532852 32.063102
 325.800000 0.059461 10.811436 32.063102
 326.000000 0.055785 8.933399 32.063102
 326.200000 0.058786 11.610860 32.063102
 326.400000 0.077872 19.873005 32.063102
 326.600000 0.103139 24.968865 32.063102
 326.800000 0.101667 24.737697 32.063102
 327.000000 0.122263 26.246547 32.063102
 327.200000 0.109746 26.173806 32.063102
 327.400000 0.106929 25.812614 32.063102
 327.600000 0.099604 24.566856 32.063102
 327.800000 0.113356 26.507552 32.063102
 328.000000 0.114833 26.600303 32.063102
 328.200000 0.101441 25.266776 32.063102
 328.400000 0.106845 26.264750 32.063102
 328.600000 0.094561 23.811445 32.063102
 328.800000 0.089279 22.691751 32.063102
 329.000000 0.093911 23.673083 32.063102
 329.200000 0.101549 25.824080 32.063102
 329.400000 0.105534 26.496953 32.063102
 329.600000 0.124429 27.321016 32.063102
 329.800000 0.119457 27.409461 32.063102
 330.000000 0.104372 26.315349 32.059494
 330.200000 0.104779 26.922262 32.059494
 330.400000 0.102838 26.595123 32.059494
 330.600000 0.116643 27.793642 32.059494
 330.800000 0.119460 27.735810 32.059494
 331.000000 0.114075 27.775928 32.059494
 331.200000 0.106347 27.597572 32.059494
 331.400000 0.093199 24.733335 32.059494
 331.600000 0.095745 25.368707 32.059494
 331.800000 0.107152 27.714974 32.059494
 332.000000 0.102258 26.861844 32.059494
 332.200000 0.088586 23.895434 32.059494
 332.400000 0.087789 23.668332 32.059494
 332.600000 0.088452 23.857329 32.059494
 332.800000 0.067761 16.226329 32.059494
 333.000000 0.052172 8.392252 32.059494
 333.200000 0.069056 17.482567 32.059494
 333.400000 0.058726 12.723449 32.059494
 333.600000 0.066231 16.250342 32.059494
 333.800000 0.058688 12.705147 32.059494
 334.000000 0.058698 12.710276 32.059494
 334.200000 0.071361 19.125870 32.059494
 334.400000 0.076252 20.754641 32.059494
 334.600000 0.082987 22.653045 32.059494
 334.800000 0.060647 14.631613 32.059494
 335.000000 0.066595 17.277944 32.050425
 335.200000 0.075381 21.165874 32.050425
 335.400000 0.072965 20.429483 32.050425
 335.600000 0.091285 24.988632 32.050425
 335.800000 0.086796 23.961139 32.050425
 336.000000 0.062191 16.125719 32.050425
 336.200000 0.052066 11.633197 32.050425
 336.400000 0.046496 8.609403 32.050425
 336.600000 0.059818 15.814067 32.050425
 336.800000 0.068043 19.464465 32.050425
 337.000000 0.071342 20.598084 32.050425
 337.200000 0.086883 24.607779 32.050425
 337.400000 0.101255 27.375213 32.050425
 337.600000 0.082321 23.824687 32.050425
 337.800000 0.094662 26.066996 32.050425
 338.000000 0.102671 27.629269 32.050425
 338.200000 0.092484 26.041594 32.050425
 338.400000 0.093650 26.291457 32.050425
 338.600000 0.081602 23.887338 32.050425
 338.800000 0.063784 18.345558 32.050425
 339.000000 0.064390 18.628622 32.050425
 339.200000 0.050269 11.389631 32.050425
 339.400000 0.083047 24.519253 32.050425
 339.600000 0.089431 25.594614 32.050425
 339.800000 0.094171 26.508964 32.050425
 340.000000 0.096073 26.896564 32.045901
 340.200000 0.089214 26.030884 32.045901
 340.400000 0.093307 26.854595 32.045901
 340.600000 0.094614 27.124367 32.045901
 340.800000 0.083780 25.015482 32.045901
 341.000000 0.062665 18.607701 32.045901
 341.200000 0.060953 18.475504 32.045901
 341.400000 0.068376 21.851963 32.045901
 341.600000 0.060239 18.083581 32.045901
 341.800000 0.061969 19.015432 32.045901
 342.000000 0.051778 12.900116 32.045901
 342.200000 0.056248 16.672893 32.045901
 342.400000 0.038691 6.074070 32.045901
 342.600000 0.053270 14.835293 32.045901
 342.800000 0.069304 22.674518 32.045901
 343.000000 0.094040 27.107055 32.045901
 343.200000 0.105821 29.456602 32.045901
 343.400000 0.117092 29.295899 32.045901
 343.600000 0.123844 28.517100 32.045901
 343.800000 0.132270 27.905399 32.045901
 344.000000 0.140067 28.342877 32.045901
 344.200000 0.136035 28.463053 32.045901
 344.400000 0.129442 28.391087 32.045901
 344.600000 0.135657 28.440060 32.045901
 344.800000 0.139691 28.793643 32.045901
 345.000000 0.126543 28.560032 32.073684
 345.200000 0.123511 29.305006 32.073684
 345.400000 0.116058 29.913165 32.073684
 345.600000 0.126934 29.021706 32.073684
 345.800000 0.135287 28.833246 32.073684
 346.000000 0.139554 29.114272 32.073684
 346.200000 0.121706 29.706585 32.073684
 346.400000 0.114032 30.111103 32.073684
 346.600000 0.098934 28.646683 32.073684
 346.800000 0.087680 26.473707 32.073684
 347.000000 0.086904 26.338397 32.073684
 347.200000 0.090534 27.523107 32.073684
 347.400000 0.099737 29.170764 32.073684
 347.600000 0.078299 25.371856 32.073684
 347.800000 0.091301 27.662627 32.073684
 348.000000 0.128653 29.289488 32.073684
 348.200000 0.113958 30.511246 32.073684
 348.400000 0.087416 26.978292 32.073684
 348.600000 0.078194 25.352220 32.073684
 348.800000 0.083420 26.291658 32.073684
 349.000000 0.089118 27.282154 32.073684
 349.200000 0.098122 29.393835 32.073684
 349.400000 0.102485 30.031508 32.073684
 349.600000 0.105782 30.385423 32.073684
 349.800000 0.100742 29.796398 32.073684
 350.000000 0.087688 27.542834 32.130287
 350.200000 0.083000 27.185904 32.130287
 350.400000 0.084839 27.536246 32.130287
 350.600000 0.095621 29.416248 32.130287
 350.800000 0.095626 29.417120 32.130287
 351.000000 0.088185 28.145245 32.130287
 351.200000 0.091800 29.266502 32.130287
 351.400000 0.091302 29.184202 32.130287
 351.600000 0.093558 29.548347 32.130287
 351.800000 0.069337 23.776215 32.130287
 352.000000 0.077738 26.454888 32.130287
 352.200000 0.090820 29.471348 32.130287
 352.400000 0.076641 26.704693 32.130287
 352.600000 0.083528 28.263792 32.130287
 352.800000 0.092650 29.732798 32.130287
 353.000000 0.092973 29.777331 32.130287
 353.200000 0.071970 25.419446 32.130287
 353.400000 0.050056 12.971437 32.130287
 353.600000 0.053109 15.033230 32.130287
 353.800000 0.058210 18.395343 32.130287
 354.000000 0.055778 16.818629 32.130287
 354.200000 0.059081 19.749862 32.130287
 354.400000 0.064148 22.588861 32.130287
 354.600000 0.048424 12.614512 32.130287
 354.800000 0.053303 15.980129 32.130287
 355.000000 0.068948 24.765049 32.157997
 355.200000 0.088668 29.906799 32.157997
 355.400000 0.102446 31.230106 32.157997
 355.600000 0.103697 31.279661 32.157997
 355.800000 0.100818 31.143211 32.157997
 356.000000 0.104417 31.301256 32.157997
 356.200000 0.093243 30.797888 32.157997
 356.400000 0.078028 28.198598 32.157997
 356.600000 0.071751 26.416507 32.157997
 356.800000 0.074880 27.390422 32.157997
 357.000000 0.069703 25.670337 32.157997
 357.200000 0.085779 30.016675 32.157997
 357.400000 0.111753 31.602795 32.157997
 357.600000 0.091499 30.758812 32.157997
 357.800000 0.065946 24.589210 32.157997
 358.000000 0.071793 26.983129 32.157997
 358.200000 0.088078 30.620889 32.157997
 358.400000 0.092212 31.050202 32.157997
 358.600000 0.104843 31.825725 32.157997
 358.800000 0.133446 29.778756 32.157997
 359.000000 0.136714 29.834316 32.157997
 359.200000 0.125922 30.517524 32.157997
 359.400000 0.109070 31.845702 32.157997
 359.600000 0.089378 30.764448 32.157997
 359.800000 0.090491 30.881681 32.157997
 360.000000 0.111235 31.759670 32.246911
 360.200000 0.135753 30.377178 32.246911
 360.400000 0.146634 31.110627 32.246911
 360.600000 0.137433 30.419117 32.246911
 360.800000 0.145644 31.007616 32.246911
 361.000000 0.161077 32.818515 32.246911
 361.200000 0.167949 33.748013 32.246911
 361.400000 0.173914 33.856267 32.246911
 361.600000 0.152483 32.141057 32.246911
 361.800000 0.143177 30.973189 32.246911
 362.000000 0.144116 31.072636 32.246911
 362.200000 0.153724 32.668268 32.246911
 362.400000 0.171875 33.932198 32.246911
 362.600000 0.169415 33.909251 32.246911
 362.800000 0.182106 33.692193 32.246911
 363.000000 0.184742 33.627578 32.246911
 363.200000 0.182713 34.062720 32.246911
 363.400000 0.170725 34.180163 32.246911
 363.600000 0.179578 34.139456 32.246911
 363.800000 0.187551 33.984393 32.246911
 364.000000 0.187978 33.982427 32.246911
 364.200000 0.193988 34.431960 32.246911
 364.400000 0.192771 34.403331 32.246911
 364.600000 0.185665 34.384117 32.246911
 364.800000 0.176539 34.485395 32.246911
 365.000000 0.162439 33.786986 32.588559
 365.200000 0.139115 31.163787 32.588559
 365.400000 0.135138 30.900751 32.588559
 365.600000 0.135557 30.920100 32.588559
 365.800000 0.135028 30.896010 32.588559
 366.000000 0.137009 31.002845 32.588559
 366.200000 0.135625 31.361393 32.588559
 366.400000 0.152141 33.102717 32.588559
 366.600000 0.156859 33.691769 32.588559
 366.800000 0.153093 33.224747 32.588559
 367.000000 0.141202 31.789542 32.588559
 367.200000 0.134474 31.692207 32.588559
 367.400000 0.117536 32.080904 32.588559
 367.600000 0.124226 31.687525 32.588559
 367.800000 0.147122 32.854012 32.588559
 368.000000 0.137359 31.876861 32.588559
 368.200000 0.160931 34.437937 32.588559
 368.400000 0.193480 34.464132 32.588559
 368.600000 0.168330 34.800873 32.588559
 368.800000 0.156290 34.069892 32.588559
 369.000000 0.150325 33.511960 32.588559
 369.200000 0.169345 34.998714 32.588559
 369.400000 0.163575 34.871821 32.588559
 369.600000 0.152847 34.142847 32.588559
 369.800000 0.156601 34.457104 32.588559
 370.000000 0.140671 32.894886 32.836056
 370.200000 0.150527 34.250651 32.836056
 370.400000 0.163273 34.988832 32.836056
 370.600000 0.165185 35.033811 32.836056
 370.800000 0.162607 34.968397 32.836056
 371.000000 0.151957 34.365791 32.836056
 371.200000 0.162151 35.253342 32.836056
 371.400000 0.168702 35.267734 32.836056
 371.600000 0.176848 34.976905 32.836056
 371.800000 0.170484 35.230046 32.836056
 372.000000 0.171179 35.210746 32.836056
 372.200000 0.195204 34.612829 32.836056
 372.400000 0.184254 34.867620 32.836056
 372.600000 0.175068 35.414595 32.836056
 372.800000 0.184685 34.844104 32.836056
 373.000000 0.182096 34.994634 32.836056
 373.200000 0.200546 34.924620 32.836056
 373.400000 0.234962 33.606641 32.836056
 373.600000 0.229392 34.064791 32.836056
 373.800000 0.217288 34.909493 32.836056
 374.000000 0.210034 35.076044 32.836056
 374.200000 0.219226 35.113279 32.836056
 374.400000 0.219589 35.087682 32.836056
 374.600000 0.206716 35.408070 32.836056
 374.800000 0.191712 35.077954 32.836056
 375.000000 0.169789 35.881935 33.314578
 375.200000 0.166171 36.192903 33.314578
 375.400000 0.178076 35.939699 33.314578
 375.600000 0.148583 34.728043 33.314578
 375.800000 0.128631 32.479223 33.314578
 376.000000 0.141084 33.745250 33.314578
 376.200000 0.155871 35.772532 33.314578
 376.400000 0.141970 34.252435 33.314578
 376.600000 0.138537 33.796163 33.314578
 376.800000 0.119792 32.532644 33.314578
 377.000000 0.146044 34.774631 33.314578
 377.200000 0.143622 34.836509 33.314578
 377.400000 0.116736 32.619687 33.314578
 377.600000 0.106602 32.520442 33.314578
 377.800000 0.135485 33.698571 33.314578
 378.000000 0.134990 33.632257 33.314578
 378.200000 0.131627 33.607855 33.314578
 378.400000 0.132085 33.660611 33.314578
 378.600000 0.133419 33.821713 33.314578
 378.800000 0.127924 33.240345 33.314578
 379.000000 0.128237 33.266844 33.314578
 379.200000 0.123963 33.361916 33.314578
 379.400000 0.120259 33.200778 33.314578
 379.600000 0.116438 33.094946 33.314578
 379.800000 0.141830 35.207228 33.314578
 380.000000 0.134687 34.346012 33.654597
 380.200000 0.141895 35.552097 33.654597
 380.400000 0.155390 36.417132 33.654597
 380.600000 0.151727 36.273695 33.654597
 380.800000 0.123654 33.634026 33.654597
 381.000000 0.115696 33.247263 33.654597
 381.200000 0.112311 33.499845 33.654597
 381.400000 0.113913 33.574276 33.654597
 381.600000 0.111412 33.452666 33.654597
 381.800000 0.116473 33.674120 33.654597
 382.000000 0.149216 36.172202 33.654597
 382.200000 0.159671 36.797892 33.654597
 382.400000 0.166407 36.718634 33.654597
 382.600000 0.148711 36.493341 33.654597
 382.800000 0.114547 33.624144 33.654597
 383.000000 0.117632 33.754401 33.654597
 383.200000 0.126849 34.620679 33.654597
 383.400000 0.134002 35.254199 33.654597
 383.600000 0.130593 34.923675 33.654597
 383.800000 0.119390 34.218296 33.654597
 384.000000 0.118809 34.193522 33.654597
 384.200000 0.117406 34.513690 33.654597
 384.400000 0.111685 34.182458 33.654597
 384.600000 0.107694 33.817913 33.654597
 384.800000 0.113388 34.301891 33.654597
 385.000000 0.123356 34.767982 33.974168
 385.200000 0.119239 34.951374 33.974168
 385.400000 0.135080 35.851354 33.974168
 385.600000 0.154590 36.812720 33.974168
 385.800000 0.166054 36.737161 33.974168
 386.000000 0.170932 36.543645 33.974168
 386.200000 0.189967 35.414276 33.974168
 386.400000 0.204464 35.403655 33.974168
 386.600000 0.198434 35.280237 33.974168
 386.800000 0.177914 36.381598 33.974168
 387.000000 0.174219 36.681439 33.974168
 387.200000 0.170710 37.230876 33.974168
 387.400000 0.171089 37.213131 33.974168
 387.600000 0.169208 37.289910 33.974168
 387.800000 0.161088 37.334892 33.974168
 388.000000 0.148062 36.836573 33.974168
 388.200000 0.172114 37.252687 33.974168
 388.400000 0.176825 36.865104 33.974168
 388.600000 0.177580 36.791975 33.974168
 388.800000 0.193744 35.433743 33.974168
 389.000000 0.183934 36.135126 33.974168
 389.200000 0.175259 37.304837 33.974168
 389.400000 0.193916 35.708829 33.974168
 389.600000 0.191394 35.841850 33.974168
 389.800000 0.184751 36.402665 33.974168
 390.000000 0.210183 35.555876 34.483948
 390.200000 0.221565 35.222017 34.483948
 390.400000 0.206764 35.935644 34.483948
 390.600000 0.165567 37.701717 34.483948
 390.800000 0.164812 37.704978 34.483948
 391.000000 0.188443 36.185648 34.483948
 391.200000 0.177564 37.414621 34.483948
 391.400000 0.165546 37.810286 34.483948
 391.600000 0.155465 37.567335 34.483948
 391.800000 0.154202 37.517139 34.483948
 392.000000 0.176754 37.470746 34.483948
 392.200000 0.169088 38.083101 34.483948
 392.400000 0.165100 38.051288 34.483948
 392.600000 0.145562 37.075356 34.483948
 392.800000 0.153025 37.559665 34.483948
 393.000000 0.156259 37.726092 34.483948
 393.200000 0.150728 37.732345 34.483948
 393.400000 0.156723 38.073985 34.483948
 393.600000 0.160820 38.235058 34.483948
 393.800000 0.166512 38.331664 34.483948
 394.000000 0.162973 38.293114 34.483948
 394.200000 0.169952 38.575272 34.483948
 394.400000 0.189952 36.744202 34.483948
 394.600000 0.178463 37.971586 34.483948
 394.800000 0.163856 38.626922 34.483948
 395.000000 0.155760 38.310770 35.122138
 395.200000 0.164446 38.902959 35.122138
 395.400000 0.159213 38.795634 35.122138
 395.600000 0.150481 38.238395 35.122138
 395.800000 0.164306 38.902841 35.122138
 396.000000 0.172585 38.622471 35.122138
 396.200000 0.173070 38.900056 35.122138
 396.400000 0.202562 36.248434 35.122138
 396.600000 0.204754 36.210512 35.122138
 396.800000 0.168096 39.149200 35.122138
 397.000000 0.150906 38.385369 35.122138
 397.200000 0.165346 39.377586 35.122138
 397.400000 0.176888 38.612167 35.122138
 397.600000 0.190752 36.855176 35.122138
 397.800000 0.182284 37.911332 35.122138
 398.000000 0.198960 36.334995 35.122138
 398.200000 0.177667 38.644991 35.122138
 398.400000 0.148823 38.487115 35.122138
 398.600000 0.149557 38.566135 35.122138
 398.800000 0.156978 39.175617 35.122138
 399.000000 0.160849 39.348053 35.122138
 399.200000 0.150446 38.896105 35.122138
 399.400000 0.156586 39.443621 35.122138
 399.600000 0.150817 38.936965 35.122138
 399.800000 0.149693 38.810380 35.122138
 400.000000 0.164866 39.699871 35.800084
 400.200000 0.163407 39.997742 35.800084
 400.400000 0.156518 39.694747 35.800084
 400.600000 0.146820 38.596422 35.800084
 400.800000 0.161623 39.964570 35.800084
 401.000000 0.196060 36.849429 35.800084
 401.200000 0.195842 37.200603 35.800084
 401.400000 0.202021 36.931281 35.800084
 401.600000 0.184776 38.255152 35.800084
 401.800000 0.182813 38.510830 35.800084
 402.000000 0.199572 37.022951 35.800084
 402.200000 0.199461 37.363735 35.800084
 402.400000 0.218466 35.969095 35.800084
 402.600000 0.230836 34.327845 35.800084
 402.800000 0.221184 35.612233 35.800084
 403.000000 0.197905 37.428744 35.800084
 403.200000 0.184090 38.756576 35.800084
 403.400000 0.191432 38.109012 35.800084
 403.600000 0.206011 37.370996 35.800084
 403.800000 0.195352 37.877833 35.800084
 404.000000 0.200120 37.664269 35.800084
 404.200000 0.209339 37.401480 35.800084
 404.400000 0.234458 33.937631 35.800084
 404.600000 0.250321 32.702970 35.800084
 404.800000 0.236583 33.698108 35.800084
 405.000000 0.227543 34.858152 36.179799
 405.200000 0.214722 37.043338 36.179799
 405.400000 0.232794 34.489262 36.179799
 405.600000 0.236599 34.004978 36.179799
 405.800000 0.247360 32.978648 36.179799
 406.000000 0.243615 33.267272 36.179799
 406.200000 0.251106 33.139405 36.179799
 406.400000 0.247575 33.348710 36.179799
 406.600000 0.235243 34.511072 36.179799
 406.800000 0.243512 33.674000 36.179799
 407.000000 0.253054 33.059823 36.179799
 407.200000 0.243016 34.038948 36.179799
 407.400000 0.256450 33.381053 36.179799
 407.600000 0.256371 33.382078 36.179799
 407.800000 0.255985 33.387662 36.179799
 408.000000 0.260039 33.376184 36.179799
 408.200000 0.258859 33.763232 36.179799
 408.400000 0.244756 34.146505 36.179799
 408.600000 0.231842 35.124911 36.179799
 408.800000 0.229427 35.374916 36.179799
 409.000000 0.236561 34.700081 36.179799
 409.200000 0.249685 34.171404 36.179799
 409.400000 0.257201 33.906245 36.179799
 409.600000 0.257358 33.903742 36.179799
 409.800000 0.258205 33.892405 36.179799
 410.000000 0.255007 33.955098 36.268655
 410.200000 0.255470 34.327934 36.268655
 410.400000 0.271999 34.289801 36.268655
 410.600000 0.269445 34.271074 36.268655
 410.800000 0.260622 34.240152 36.268655
 411.000000 0.249730 34.531493 36.268655
 411.200000 0.242803 35.215792 36.268655
 411.400000 0.244525 35.138836 36.268655
 411.600000 0.248152 34.975925 36.268655
 411.800000 0.272071 34.413636 36.268655
 412.000000 0.263963 34.470109 36.268655
 412.200000 0.240911 35.416149 36.268655
 412.400000 0.232283 35.791918 36.268655
 412.600000 0.223884 36.418192 36.268655
 412.800000 0.228270 36.055728 36.268655
 413.000000 0.234625 35.666990 36.268655
 413.200000 0.233307 36.090345 36.268655
 413.400000 0.221878 36.853194 36.268655
 413.600000 0.219713 37.032663 36.268655
 413.800000 0.232475 36.134385 36.268655
 414.000000 0.235630 35.976349 36.268655
 414.200000 0.229639 36.622304 36.268655
 414.400000 0.212015 37.726053 36.268655
 414.600000 0.233995 36.405722 36.268655
 414.800000 0.216354 37.462360 36.268655
 415.000000 0.213465 37.643620 36.452271
 415.200000 0.227956 36.916712 36.452271
 415.400000 0.213127 37.990596 36.452271
 415.600000 0.202922 38.323611 36.452271
 415.800000 0.223227 37.260296 36.452271
 416.000000 0.228483 36.881181 36.452271
 416.200000 0.234968 36.784648 36.452271
 416.400000 0.251479 35.606861 36.452271
 416.600000 0.257986 35.217079 36.452271
 416.800000 0.244666 36.102059 36.452271
 417.000000 0.236514 36.681030 36.452271
 417.200000 0.221035 37.929238 36.452271
 417.400000 0.220529 37.956703 36.452271
 417.600000 0.228955 37.488794 36.452271
 417.800000 0.215594 38.198310 36.452271
 418.000000 0.220232 37.972735 36.452271
 418.200000 0.221713 38.212894 36.452271
 418.400000 0.224955 38.020637 36.452271
 418.600000 0.220960 38.255364 36.452271
 418.800000 0.233701 37.420376 36.452271
 419.000000 0.242067 36.722649 36.452271
 419.200000 0.243455 36.934235 36.452271
 419.400000 0.223202 38.280845 36.452271
 419.600000 0.222621 38.307422 36.452271
 419.800000 0.247611 36.521245 36.452271
 420.000000 0.261170 35.322198 36.693994
 420.200000 0.269666 35.235523 36.693994
 420.400000 0.267050 35.361257 36.693994
 420.600000 0.291525 33.644253 36.693994
 420.800000 0.299147 33.171019 36.693994
 421.000000 0.288026 33.947262 36.693994
 421.200000 0.255259 36.143540 36.693994
 421.400000 0.249438 36.615897 36.693994
 421.600000 0.255334 36.137914 36.693994
 421.800000 0.259715 35.844441 36.693994
 422.000000 0.276594 35.160715 36.693994
 422.200000 0.300452 33.498630 36.693994
 422.400000 0.328514 31.982429 36.693994
 422.600000 0.349154 29.227713 36.693994
 422.800000 0.356118 27.709593 36.693994
 423.000000 0.328526 31.981351 36.693994
 423.200000 0.309401 33.300622 36.693994
 423.400000 0.275662 35.567964 36.693994
 423.600000 0.293374 34.084261 36.693994
 423.800000 0.288905 34.525845 36.693994
 424.000000 0.299857 33.602446 36.693994
 424.200000 0.307528 33.681911 36.693994
 424.400000 0.307466 33.683959 36.693994
 424.600000 0.297391 34.141376 36.693994
 424.800000 0.296256 34.219078 36.693994
 425.000000 0.293474 34.432809 36.754824
 425.200000 0.297302 34.512662 36.754824
 425.400000 0.303525 34.124177 36.754824
 425.600000 0.290560 35.051120 36.754824
 425.800000 0.275018 35.869581 36.754824
 426.000000 0.251366 36.549543 36.754824
 426.200000 0.244052 37.410414 36.754824
 426.400000 0.263119 36.227034 36.754824
 426.600000 0.268330 36.091166 36.754824
 426.800000 0.249083 37.057480 36.754824
 427.000000 0.241322 37.580440 36.754824
 427.200000 0.236872 38.130291 36.754824
 427.400000 0.231306 38.316101 36.754824
 427.600000 0.225360 38.461087 36.754824
 427.800000 0.205500 38.663334 36.754824
 428.000000 0.188916 38.701529 36.754824
 428.200000 0.194803 38.824752 36.754824
 428.400000 0.219341 38.641819 36.754824
 428.600000 0.209318 38.828775 36.754824
 428.800000 0.203443 38.823368 36.754824
 429.000000 0.193044 38.858167 36.754824
 429.200000 0.184720 39.532752 36.754824
 429.400000 0.205235 39.054209 36.754824
 429.600000 0.216893 38.794300 36.754824
 429.800000 0.227389 38.445934 36.754824
 430.000000 0.215746 38.832624 37.132070
 430.200000 0.200819 39.267281 37.132070
 430.400000 0.190618 39.318242 37.132070
 430.600000 0.202524 39.281627 37.132070
 430.800000 0.194409 39.251750 37.132070
 431.000000 0.179290 39.889716 37.132070
 431.200000 0.191028 39.525035 37.132070
 431.400000 0.182901 39.960077 37.132070
 431.600000 0.193355 39.452695 37.132070
 431.800000 0.200318 39.373720 37.132070
 432.000000 0.200444 39.373409 37.132070
 432.200000 0.191415 39.763731 37.132070
 432.400000 0.186783 39.925448 37.132070
 432.600000 0.197819 39.683747 37.132070
 432.800000 0.196970 39.688014 37.132070
 433.000000 0.192774 39.733761 37.132070
 433.200000 0.189713 40.104861 37.132070
 433.400000 0.170922 40.660041 37.132070
 433.600000 0.163396 40.427780 37.132070
 433.800000 0.193495 40.019079 37.132070
 434.000000 0.193237 40.023446 37.132070
 434.200000 0.176975 40.735788 37.132070
 434.400000 0.170152 40.744307 37.132070
 434.600000 0.180789 40.647582 37.132070
 434.800000 0.180920 40.643856 37.132070
 435.000000 0.174330 40.768817 37.697042
 435.200000 0.187743 40.632868 37.697042
 435.400000 0.200929 40.248840 37.697042
 435.600000 0.198157 40.320936 37.697042
 435.800000 0.192859 40.456873 37.697042
 436.000000 0.191735 40.491120 37.697042
 436.200000 0.185663 40.980266 37.697042
 436.400000 0.196985 40.621364 37.697042
 436.600000 0.197674 40.599474 37.697042
 436.800000 0.194638 40.691553 37.697042
 437.000000 0.193903 40.713023 37.697042
 437.200000 0.157806 40.212402 37.697042
 437.400000 0.154967 39.871471 37.697042
 437.600000 0.164038 40.822488 37.697042
 437.800000 0.173782 41.312311 37.697042
 438.000000 0.195986 40.934596 37.697042
 438.200000 0.194712 41.255910 37.697042
 438.400000 0.191262 41.344085 37.697042
 438.600000 0.207654 40.564763 37.697042
 438.800000 0.216009 39.801474 37.697042
 439.000000 0.233643 38.473161 37.697042
 439.200000 0.232870 38.832576 37.697042
 439.400000 0.222339 39.459636 37.697042
 439.600000 0.196306 41.220171 37.697042
 439.800000 0.201611 41.006644 37.697042
 440.000000 0.202568 40.957653 38.234612
 440.200000 0.208151 40.861523 38.234612
 440.400000 0.217119 40.042875 38.234612
 440.600000 0.231670 38.942778 38.234612
 440.800000 0.225915 39.309546 38.234612
 441.000000 0.234332 38.777994 38.234612
 441.200000 0.227297 39.494043 38.234612
 441.400000 0.223448 39.728942 38.234612
 441.600000 0.224024 39.691635 38.234612
 441.800000 0.238556 38.794219 38.234612
 442.000000 0.243868 38.315631 38.234612
 442.200000 0.235654 39.276873 38.234612
 442.400000 0.237565 39.160650 38.234612
 442.600000 0.259719 36.853870 38.234612
 442.800000 0.267896 36.302915 38.234612
 443.000000 0.266651 36.361948 38.234612
 443.200000 0.271431 36.494295 38.234612
 443.400000 0.264390 36.831914 38.234612
 443.600000 0.262239 36.972231 38.234612
 443.800000 0.254721 37.628254 38.234612
 444.000000 0.250467 38.075914 38.234612
 444.200000 0.249742 38.473732 38.234612
 444.400000 0.249252 38.524963 38.234612
 444.600000 0.257109 37.685555 38.234612
 444.800000 0.253512 38.067277 38.234612
 445.000000 0.233585 39.586137 38.452137
 445.200000 0.230226 39.979612 38.452137
 445.400000 0.219804 40.314514 38.452137
 445.600000 0.210094 40.902482 38.452137
 445.800000 0.216968 40.467975 38.452137
 446.000000 0.247522 38.895228 38.452137
 446.200000 0.250835 38.814071 38.452137
 446.400000 0.235145 40.051322 38.452137
 446.600000 0.225363 40.204010 38.452137
 446.800000 0.219862 40.367662 38.452137
 447.000000 0.222143 40.282689 38.452137
 447.200000 0.230801 40.377599 38.452137
 447.400000 0.217726 40.745661 38.452137
 447.600000 0.204922 41.360243 38.452137
 447.800000 0.204234 41.386210 38.452137
 448.000000 0.197757 41.551255 38.452137
 448.200000 0.200745 41.761200 38.452137
 448.400000 0.234021 40.304753 38.452137
 448.600000 0.245985 39.452433 38.452137
 448.800000 0.223081 40.611272 38.452137
 449.000000 0.217996 40.843882 38.452137
 449.200000 0.231420 40.574905 38.452137
 449.400000 0.245360 39.574241 38.452137
 449.600000 0.264191 37.265573 38.452137
 449.800000 0.278285 36.268064 38.452137
 450.000000 0.292003 35.033445 38.810004
 450.200000 0.293986 35.210516 38.810004
 450.400000 0.309799 34.002026 38.810004
 450.600000 0.315028 33.654791 38.810004
 450.800000 0.323103 33.016776 38.810004
 451.000000 0.336096 31.644652 38.810004
 451.200000 0.350081 29.468059 38.810004
 451.400000 0.366500 25.136269 38.810004
 451.600000 0.388163 20.308147 38.810004
 451.800000 0.391811 19.741120 38.810004
 452.000000 0.366393 25.165864 38.810004
 452.200000 0.336110 32.143652 38.810004
 452.400000 0.333746 32.411274 38.810004
 452.600000 0.344617 30.860946 38.810004
 452.800000 0.334724 32.304499 38.810004
 453.000000 0.338297 31.862705 38.810004
 453.200000 0.371104 24.458921 38.810004
 453.400000 0.392224 19.803688 38.810004
 453.600000 0.396042 19.098222 38.810004
 453.800000 0.384294 21.216540 38.810004
 454.000000 0.375500 23.245224 38.810004
 454.200000 0.374144 24.228951 38.810004
 454.400000 0.380883 22.510099 38.810004
 454.600000 0.379033 22.958860 38.810004
 454.800000 0.371742 24.880523 38.810004
 455.000000 0.369527 25.482982 38.797135
 455.200000 0.358113 28.837673 38.797135
 455.400000 0.312213 34.058540 38.797135
 455.600000 0.282895 36.212131 38.797135
 455.800000 0.285734 35.986641 38.797135
 456.000000 0.290097 35.588908 38.797135
 456.200000 0.281369 36.622603 38.797135
 456.400000 0.279673 36.710230 38.797135
 456.600000 0.294489 35.519836 38.797135
 456.800000 0.316225 33.967364 38.797135
 457.000000 0.324132 33.548218 38.797135
 457.200000 0.324166 33.938907 38.797135
 457.400000 0.332152 33.344092 38.797135
 457.600000 0.332527 33.307545 38.797135
 457.800000 0.332128 33.346487 38.797135
 458.000000 0.336372 32.882679 38.797135
 458.200000 0.344773 31.934116 38.797135
 458.400000 0.378829 23.479951 38.797135
 458.600000 0.395199 19.652341 38.797135
 458.800000 0.413226 13.841478 38.797135
 459.000000 0.420746 10.404411 38.797135
 459.200000 0.426587 8.666367 38.797135
 459.400000 0.419364 12.155788 38.797135
 459.600000 0.410819 15.726668 38.797135
 459.800000 0.419640 12.027056 38.797135
 460.000000 0.416276 13.545112 38.799468
