#! FIELDS time d metad.bias metad.rct
 0.000000 0.149489 0.000000 0.000000
 0.200000 0.153187 0.000000 0.000000
 0.400000 0.170048 0.000000 0.000000
 0.600000 0.178642 0.000000 0.000000
 0.800000 0.181480 0.000000 0.000000
 1.000000 0.186375 0.000000 0.000000
 1.200000 0.172801 1.160898 0.000000
 1.400000 0.184429 1.735304 0.000000
 1.600000 0.153161 0.147716 0.000000
 1.800000 0.143881 0.028325 0.000000
 2.000000 0.146147 0.044707 0.000000
 2.200000 0.149405 1.786434 0.000000
 2.400000 0.168838 1.435823 0.000000
 2.600000 0.178787 1.700028 0.000000
 2.800000 0.177118 1.650228 0.000000
 3.000000 0.166756 1.419623 0.000000
 3.200000 0.168269 3.063711 0.000000
 3.400000 0.188497 2.334241 0.000000
 3.600000 0.183114 2.694676 0.000000
 3.800000 0.185333 2.561361 0.000000
 4.000000 0.210026 0.524959 0.000000
 4.200000 0.224788 1.114714 0.000000
 4.400000 0.246276 0.089066 0.000000
 4.600000 0.258663 0.005620 0.000000
 4.800000 0.227764 0.883526 0.000000
 5.000000 0.201525 2.613846 1.144245
 5.200000 0.205584 3.960992 1.144245
 5.400000 0.208331 3.733065 1.144245
 5.600000 0.204509 4.031638 1.144245
 5.800000 0.204735 4.017737 1.144245
 6.000000 0.193070 4.172960 1.144245
 6.200000 0.182161 4.836888 1.144245
 6.400000 0.167554 3.548438 1.144245
 6.600000 0.155659 2.962159 1.144245
 6.800000 0.155206 2.941928 1.144245
 7.000000 0.167859 3.568001 1.144245
 7.200000 0.178478 5.627110 1.144245
 7.400000 0.167610 5.044646 1.144245
 7.600000 0.161018 4.543813 1.144245
 7.800000 0.153125 3.765076 1.144245
 8.000000 0.152010 3.641876 1.144245
 8.200000 0.148579 4.696966 1.144245
 8.400000 0.115186 0.276427 1.144245
 8.600000 0.110738 0.135479 1.144245
 8.800000 0.131091 1.780408 1.144245
 9.000000 0.115776 0.302317 1.144245
 9.200000 0.094079 0.605205 1.144245
 9.400000 0.106489 1.486630 1.144245
 9.600000 0.149312 4.936103 1.144245
 9.800000 0.178068 5.935375 1.144245
 10.000000 0.184313 6.006694 3.017422
 10.200000 0.182765 7.318152 3.017422
 10.400000 0.190384 7.284235 3.017422
 10.600000 0.187947 7.346078 3.017422
 10.800000 0.176096 7.076350 3.017422
 11.000000 0.168475 6.679757 3.017422
 11.200000 0.167753 7.936493 3.017422
 11.400000 0.170080 8.061747 3.017422
 11.600000 0.163390 7.595070 3.017422
 11.800000 0.155491 6.615397 3.017422
 12.000000 0.157874 6.956489 3.017422
 12.200000 0.164649 8.867430 3.017422
 12.400000 0.179252 8.676978 3.017422
 12.600000 0.184936 8.313524 3.017422
 12.800000 0.167009 8.954444 3.017422
 13.000000 0.159092 8.396077 3.017422
 13.200000 0.156888 9.291341 3.017422
 13.400000 0.155682 9.087245 3.017422
 13.600000 0.152562 8.452223 3.017422
 13.800000 0.128162 2.946419 3.017422
 14.000000 0.114029 1.972411 3.017422
 14.200000 0.119067 3.760557 3.017422
 14.400000 0.118747 3.753534 3.017422
 14.600000 0.104419 2.640181 3.017422
 14.800000 0.102516 2.385786 3.017422
 15.000000 0.123971 3.842361 5.028034
 15.200000 0.121365 5.253346 5.028034
 15.400000 0.122518 5.285894 5.028034
 15.600000 0.120865 5.236431 5.028034
 15.800000 0.140802 6.463055 5.028034
 16.000000 0.153366 8.891621 5.028034
 16.200000 0.150589 9.523291 5.028034
 16.400000 0.137525 6.670608 5.028034
 16.600000 0.143759 7.946689 5.028034
 16.800000 0.146345 8.554909 5.028034
 17.000000 0.125747 5.561677 5.028034
 17.200000 0.150479 9.848635 5.028034
 17.400000 0.155796 10.634125 5.028034
 17.600000 0.134076 7.341986 5.028034
 17.800000 0.123808 6.835609 5.028034
 18.000000 0.108227 4.647422 5.028034
 18.200000 0.117870 7.504945 5.028034
 18.400000 0.140984 8.272825 5.028034
 18.600000 0.155382 10.593855 5.028034
 18.800000 0.150071 9.802574 5.028034
 19.000000 0.147540 9.353026 5.028034
 19.200000 0.147490 10.497744 5.028034
 19.400000 0.146726 10.358948 5.028034
 19.600000 0.149242 10.803728 5.028034
 19.800000 0.154350 11.506469 5.028034
 20.000000 0.155366 11.598621 7.263457
 20.200000 0.146982 11.298511 7.263457
 20.400000 0.122997 8.065959 7.263457
 20.600000 0.100599 4.146772 7.263457
 20.800000 0.098253 3.531413 7.263457
 21.000000 0.120131 7.897872 7.263457
 21.200000 0.139125 10.158613 7.263457
 21.400000 0.154641 12.662473 7.263457
 21.600000 0.170657 11.471645 7.263457
 21.800000 0.168098 11.927455 7.263457
 22.000000 0.195217 7.424173 7.263457
 22.200000 0.197799 8.259608 7.263457
 22.400000 0.202986 7.213695 7.263457
 22.600000 0.212302 4.853413 7.263457
 22.800000 0.198531 8.128059 7.263457
 23.000000 0.196518 8.477018 7.263457
 23.200000 0.214270 4.929591 7.263457
 23.400000 0.225970 1.909802 7.263457
 23.600000 0.215975 4.411333 7.263457
 23.800000 0.206043 7.465046 7.263457
 24.000000 0.193313 10.125062 7.263457
 24.200000 0.191740 11.403443 7.263457
 24.400000 0.189132 11.591275 7.263457
 24.600000 0.194383 11.103318 7.263457
 24.800000 0.189481 11.571379 7.263457
 25.000000 0.204243 8.827184 8.545620
 25.200000 0.211663 7.313666 8.545620
 25.400000 0.222739 3.306024 8.545620
 25.600000 0.212473 6.996015 8.545620
 25.800000 0.195410 11.944959 8.545620
 26.000000 0.190334 12.283883 8.545620
 26.200000 0.182984 13.118054 8.545620
 26.400000 0.182069 13.073846 8.545620
 26.600000 0.186806 13.276807 8.545620
 26.800000 0.186816 13.277093 8.545620
 27.000000 0.189993 13.303017 8.545620
 27.200000 0.182896 13.978738 8.545620
 27.400000 0.178158 13.624928 8.545620
 27.600000 0.180407 13.786380 8.545620
 27.800000 0.183220 14.003099 8.545620
 28.000000 0.173733 13.413707 8.545620
 28.200000 0.166221 14.230926 8.545620
 28.400000 0.174064 14.386202 8.545620
 28.600000 0.175654 14.439725 8.545620
 28.800000 0.176605 14.477169 8.545620
 29.000000 0.184102 14.824681 8.545620
 29.200000 0.199985 13.482046 8.545620
 29.400000 0.196463 14.568333 8.545620
 29.600000 0.227660 2.125182 8.545620
 29.800000 0.237808 0.561160 8.545620
 30.000000 0.225531 2.672433 10.840722
 30.200000 0.219025 6.303963 10.840722
 30.400000 0.237800 1.672979 10.840722
 30.600000 0.247565 0.626444 10.840722
 30.800000 0.248668 0.550626 10.840722
 31.000000 0.251316 0.397324 10.840722
 31.200000 0.239310 2.709359 10.840722
 31.400000 0.219168 6.422138 10.840722
 31.600000 0.219630 6.269254 10.840722
 31.800000 0.216955 7.199206 10.840722
 32.000000 0.213944 8.354971 10.840722
 32.200000 0.218865 7.667275 10.840722
 32.400000 0.231773 4.054769 10.840722
 32.600000 0.234899 3.532682 10.840722
 32.800000 0.236505 3.312181 10.840722
 33.000000 0.240789 2.859309 10.840722
 33.200000 0.213099 10.177144 10.840722
 33.400000 0.183761 15.902724 10.840722
 33.600000 0.184144 15.927530 10.840722
 33.800000 0.187240 16.067712 10.840722
 34.000000 0.206807 12.507227 10.840722
 34.200000 0.226092 6.746090 10.840722
 34.400000 0.233238 5.361696 10.840722
 34.600000 0.212731 11.239618 10.840722
 34.800000 0.214927 10.382132 10.840722
 35.000000 0.233932 5.261850 11.524105
 35.200000 0.235902 6.375923 11.524105
 35.400000 0.229275 7.360149 11.524105
 35.600000 0.226490 7.872959 11.524105
 35.800000 0.248538 4.558997 11.524105
 36.000000 0.247634 4.706451 11.524105
 36.200000 0.230708 7.874269 11.524105
 36.400000 0.224371 8.746302 11.524105
 36.600000 0.216328 10.699267 11.524105
 36.800000 0.234999 7.492984 11.524105
 37.000000 0.243644 6.688761 11.524105
 37.200000 0.229789 8.818768 11.524105
 37.400000 0.235117 8.588322 11.524105
 37.600000 0.238019 8.459156 11.524105
 37.800000 0.246373 7.598490 11.524105
 38.000000 0.245678 7.708759 11.524105
 38.200000 0.229700 9.526841 11.524105
 38.400000 0.230036 9.524434 11.524105
 38.600000 0.217704 10.803053 11.524105
 38.800000 0.230382 9.523024 11.524105
 39.000000 0.240852 9.449626 11.524105
 39.200000 0.243096 10.411243 11.524105
 39.400000 0.237064 10.671223 11.524105
 39.600000 0.218990 10.928216 11.524105
 39.800000 0.227436 10.345340 11.524105
 40.000000 0.226307 10.344168 11.780183
 40.200000 0.231424 11.508096 11.780183
 40.400000 0.238397 11.472349 11.780183
 40.600000 0.231055 11.500526 11.780183
 40.800000 0.228688 11.457398 11.780183
 41.000000 0.250776 9.114419 11.780183
 41.200000 0.250187 10.469369 11.780183
 41.400000 0.223395 11.745072 11.780183
 41.600000 0.218097 12.135726 11.780183
 41.800000 0.210971 13.471511 11.780183
 42.000000 0.224279 11.733177 11.780183
 42.200000 0.218763 13.024663 11.780183
 42.400000 0.220146 12.915406 11.780183
 42.600000 0.244182 12.305469 11.780183
 42.800000 0.253606 9.422130 11.780183
 43.000000 0.270926 2.618218 11.780183
 43.200000 0.279063 2.294107 11.780183
 43.400000 0.264253 6.311147 11.780183
 43.600000 0.271101 4.126594 11.780183
 43.800000 0.264450 6.241650 11.780183
 44.000000 0.260728 7.603170 11.780183
 44.200000 0.259376 9.353941 11.780183
 44.400000 0.236661 13.474460 11.780183
 44.600000 0.216867 13.240457 11.780183
 44.800000 0.212343 13.919846 11.780183
 45.000000 0.222962 12.846162 12.383776
 45.200000 0.212166 14.713228 12.383776
 45.400000 0.196118 16.861717 12.383776
 45.600000 0.203609 16.070068 12.383776
 45.800000 0.234269 14.097260 12.383776
 46.000000 0.241061 13.979180 12.383776
 46.200000 0.237301 15.031117 12.383776
 46.400000 0.227748 14.517092 12.383776
 46.600000 0.222626 14.278663 12.383776
 46.800000 0.215888 14.474714 12.383776
 47.000000 0.209169 15.270790 12.383776
 47.200000 0.220397 14.937497 12.383776
 47.400000 0.227423 14.917489 12.383776
 47.600000 0.212938 15.624298 12.383776
 47.800000 0.232009 15.090428 12.383776
 48.000000 0.235553 15.183934 12.383776
 48.200000 0.227065 15.664894 12.383776
 48.400000 0.232393 15.974791 12.383776
 48.600000 0.221359 15.468742 12.383776
 48.800000 0.227536 15.692148 12.383776
 49.000000 0.215579 15.674330 12.383776
 49.200000 0.188930 17.314029 12.383776
 49.400000 0.177587 15.706095 12.383776
 49.600000 0.173554 15.262932 12.383776
 49.800000 0.167585 14.809164 12.383776
 50.000000 0.174134 15.318762 13.915786
 50.200000 0.180324 16.887913 13.915786
 50.400000 0.186914 17.662594 13.915786
 50.600000 0.187229 17.694942 13.915786
 50.800000 0.186139 17.579745 13.915786
 51.000000 0.167125 15.571633 13.915786
 51.200000 0.171194 16.772680 13.915786
 51.400000 0.185921 17.953757 13.915786
 51.600000 0.185858 17.948875 13.915786
 51.800000 0.178163 17.299708 13.915786
 52.000000 0.185446 17.916444 13.915786
 52.200000 0.201066 18.516718 13.915786
 52.400000 0.207264 17.703993 13.915786
 52.600000 0.188019 18.879787 13.915786
 52.800000 0.166992 16.802873 13.915786
 53.000000 0.168050 16.928811 13.915786
 53.200000 0.182629 18.967058 13.915786
 53.400000 0.191262 19.250349 13.915786
 53.600000 0.170751 18.037083 13.915786
 53.800000 0.163403 17.098396 13.915786
 54.000000 0.166717 17.589036 13.915786
 54.200000 0.199085 18.886091 13.915786
 54.400000 0.217780 16.494063 13.915786
 54.600000 0.203677 18.284492 13.915786
 54.800000 0.204368 18.183244 13.915786
 55.000000 0.194236 19.319283 15.703719
 55.200000 0.190979 20.189972 15.703719
 55.400000 0.196374 19.891806 15.703719
 55.600000 0.213959 17.153360 15.703719
 55.800000 0.219076 16.600948 15.703719
 56.000000 0.216442 16.844320 15.703719
 56.200000 0.194516 20.324075 15.703719
 56.400000 0.187919 20.320348 15.703719
 56.600000 0.200249 19.891875 15.703719
 56.800000 0.216315 17.684592 15.703719
 57.000000 0.211926 18.244844 15.703719
 57.200000 0.195181 20.710765 15.703719
 57.400000 0.199393 20.527836 15.703719
 57.600000 0.195180 20.710785 15.703719
 57.800000 0.221515 17.874450 15.703719
 58.000000 0.217816 18.247227 15.703719
 58.200000 0.231132 17.832088 15.703719
 58.400000 0.219699 18.813288 15.703719
 58.600000 0.223001 18.487235 15.703719
 58.800000 0.218910 18.899385 15.703719
 59.000000 0.212441 19.676463 15.703719
 59.200000 0.205461 21.124244 15.703719
 59.400000 0.204658 21.182439 15.703719
 59.600000 0.203570 21.250828 15.703719
 59.800000 0.203829 21.235651 15.703719
 60.000000 0.202340 21.312669 17.471360
 60.200000 0.200004 22.051746 17.471360
 60.400000 0.214463 20.636629 17.471360
 60.600000 0.218593 19.980331 17.471360
 60.800000 0.208288 21.499922 17.471360
 61.000000 0.218210 20.040977 17.471360
 61.200000 0.222030 20.150404 17.471360
 61.400000 0.233326 18.431145 17.471360
 61.600000 0.232748 18.521162 17.471360
 61.800000 0.225764 19.570089 17.471360
 62.000000 0.210912 21.800219 17.471360
 62.200000 0.209533 22.613676 17.471360
 62.400000 0.216040 21.721693 17.471360
 62.600000 0.224416 20.218843 17.471360
 62.800000 0.237161 17.925207 17.471360
 63.000000 0.214293 22.001677 17.471360
 63.200000 0.216451 22.302629 17.471360
 63.400000 0.216190 22.348133 17.471360
 63.600000 0.199938 23.314673 17.471360
 63.800000 0.198554 23.203599 17.471360
 64.000000 0.213816 22.730102 17.471360
 64.200000 0.211021 23.715963 17.471360
 64.400000 0.195757 23.210733 17.471360
 64.600000 0.184621 21.225519 17.471360
 64.800000 0.196197 23.275344 17.471360
 65.000000 0.222097 21.760624 19.468166
 65.200000 0.208387 24.359610 19.468166
 65.400000 0.206894 24.380269 19.468166
 65.600000 0.198729 23.798340 19.468166
 65.800000 0.202835 24.229617 19.468166
 66.000000 0.193178 22.897849 19.468166
 66.200000 0.209128 24.691990 19.468166
 66.400000 0.221335 22.699519 19.468166
 66.600000 0.225391 21.723417 19.468166
 66.800000 0.212496 24.362421 19.468166
 67.000000 0.217441 23.544070 19.468166
 67.200000 0.237736 18.814733 19.468166
 67.400000 0.238184 18.681527 19.468166
 67.600000 0.230920 20.748867 19.468166
 67.800000 0.236910 19.057287 19.468166
 68.000000 0.229206 21.221182 19.468166
 68.200000 0.230052 21.667220 19.468166
 68.400000 0.245113 16.793180 19.468166
 68.600000 0.245400 16.679747 19.468166
 68.800000 0.267589 6.634298 19.468166
 69.000000 0.272391 4.857943 19.468166
 69.200000 0.261899 10.217328 19.468166
 69.400000 0.268656 7.578704 19.468166
 69.600000 0.256327 12.565665 19.468166
 69.800000 0.237276 19.626690 19.468166
 70.000000 0.240265 18.703177 20.709840
 70.200000 0.238492 20.013205 20.709840
 70.400000 0.257940 12.258422 20.709840
 70.600000 0.275097 5.436881 20.709840
 70.800000 0.253130 14.443869 20.709840
 71.000000 0.264886 9.208702 20.709840
 71.200000 0.249878 16.572039 20.709840
 71.400000 0.258379 13.115977 20.709840
 71.600000 0.262925 11.190565 20.709840
 71.800000 0.260182 12.351233 20.709840
 72.000000 0.248521 17.077491 20.709840
 72.200000 0.233721 21.992378 20.709840
 72.400000 0.241419 20.159491 20.709840
 72.600000 0.256696 14.529905 20.709840
 72.800000 0.258569 13.688324 20.709840
 73.000000 0.252031 16.533089 20.709840
 73.200000 0.230568 22.947849 20.709840
 73.400000 0.229010 23.218810 20.709840
 73.600000 0.259293 14.105197 20.709840
 73.800000 0.269909 9.036450 20.709840
 74.000000 0.286977 2.773474 20.709840
 74.200000 0.272470 8.862247 20.709840
 74.400000 0.275454 7.787044 20.709840
 74.600000 0.275910 7.629254 20.709840
 74.800000 0.280051 6.278062 20.709840
 75.000000 0.271538 9.213316 20.878884
 75.200000 0.296716 2.491452 20.878884
 75.400000 0.277673 8.103976 20.878884
 75.600000 0.295948 2.654152 20.878884
 75.800000 0.323291 0.082767 20.878884
 76.000000 0.314358 0.356310 20.878884
 76.200000 0.277522 8.239359 20.878884
 76.400000 0.273395 9.711400 20.878884
 76.600000 0.283607 6.273981 20.878884
 76.800000 0.280192 7.342640 20.878884
 77.000000 0.255651 16.640053 20.878884
 77.200000 0.271073 11.066194 20.878884
 77.400000 0.276952 8.740128 20.878884
 77.600000 0.284830 6.040786 20.878884
 77.800000 0.306403 2.469978 20.878884
 78.000000 0.282762 6.690891 20.878884
 78.200000 0.263414 14.857207 20.878884
 78.400000 0.276349 10.154254 20.878884
 78.600000 0.269993 12.415514 20.878884
 78.800000 0.275763 10.358419 20.878884
 79.000000 0.279733 8.994747 20.878884
 79.200000 0.271003 13.038892 20.878884
 79.400000 0.288088 7.342252 20.878884
 79.600000 0.299234 4.259348 20.878884
 79.800000 0.278045 10.733341 20.878884
 80.000000 0.279335 10.300932 20.926488
 80.200000 0.279768 11.260764 20.926488
 80.400000 0.287454 8.506240 20.926488
 80.600000 0.289985 7.589727 20.926488
 80.800000 0.278676 11.627382 20.926488
 81.000000 0.282085 10.456788 20.926488
 81.200000 0.268053 15.532367 20.926488
 81.400000 0.258059 17.978348 20.926488
 81.600000 0.272308 14.496154 20.926488
 81.800000 0.278697 12.690864 20.926488
 82.000000 0.260693 17.310563 20.926488
 82.200000 0.255241 19.456381 20.926488
 82.400000 0.267803 16.314709 20.926488
 82.600000 0.259416 18.439032 20.926488
 82.800000 0.262122 17.760535 20.926488
 83.000000 0.251366 20.328217 20.926488
 83.200000 0.249992 21.315108 20.926488
 83.400000 0.254534 20.314064 20.926488
 83.600000 0.237148 22.960609 20.926488
 83.800000 0.218816 24.991331 20.926488
 84.000000 0.230495 23.570191 20.926488
 84.200000 0.239814 23.229291 20.926488
 84.400000 0.244612 22.586395 20.926488
 84.600000 0.257903 19.571606 20.926488
 84.800000 0.271034 15.765730 20.926488
 85.000000 0.269881 16.113727 21.432130
 85.200000 0.278569 13.987946 21.432130
 85.400000 0.283313 12.014523 21.432130
 85.600000 0.292775 7.833625 21.432130
 85.800000 0.303588 4.240422 21.432130
 86.000000 0.306300 3.660363 21.432130
 86.200000 0.295620 7.853183 21.432130
 86.400000 0.267749 17.641659 21.432130
 86.600000 0.262634 19.003551 21.432130
 86.800000 0.256601 20.510198 21.432130
 87.000000 0.226491 24.627227 21.432130
 87.200000 0.221889 25.691979 21.432130
 87.400000 0.253394 21.357277 21.432130
 87.600000 0.285494 11.614796 21.432130
 87.800000 0.289998 9.852348 21.432130
 88.000000 0.288163 10.562098 21.432130
 88.200000 0.296175 8.623446 21.432130
 88.400000 0.283129 13.577276 21.432130
 88.600000 0.282189 13.917355 21.432130
 88.800000 0.302101 6.751106 21.432130
 89.000000 0.304199 6.187479 21.432130
 89.200000 0.291434 11.303389 21.432130
 89.400000 0.307451 6.705095 21.432130
 89.600000 0.309590 6.188595 21.432130
 89.800000 0.299101 8.900955 21.432130
 90.000000 0.319196 3.945595 21.752945
 90.200000 0.318280 5.618975 21.752945
 90.400000 0.279451 15.238779 21.752945
 90.600000 0.274581 16.543202 21.752945
 90.800000 0.266200 18.504130 21.752945
 91.000000 0.270421 17.543429 21.752945
 91.200000 0.265802 19.358208 21.752945
 91.400000 0.266990 19.105639 21.752945
 91.600000 0.276370 16.822840 21.752945
 91.800000 0.287863 13.075538 21.752945
 92.000000 0.288726 12.778068 21.752945
 92.200000 0.298076 10.703499 21.752945
 92.400000 0.306022 8.608710 21.752945
 92.600000 0.296978 11.033956 21.752945
 92.800000 0.302317 9.525356 21.752945
 93.000000 0.301688 9.690347 21.752945
 93.200000 0.292568 13.399249 21.752945
 93.400000 0.291987 13.573018 21.752945
 93.600000 0.284614 15.749197 21.752945
 93.800000 0.274880 18.108693 21.752945
 94.000000 0.273142 18.447748 21.752945
 94.200000 0.291029 14.237102 21.752945
 94.400000 0.291037 14.234617 21.752945
 94.600000 0.283991 16.515352 21.752945
 94.800000 0.259009 21.402285 21.752945
 95.000000 0.251520 22.510824 21.981895
 95.200000 0.257489 22.221467 21.981895
 95.400000 0.260022 21.798917 21.981895
 95.600000 0.284501 16.414335 21.981895
 95.800000 0.299552 11.565687 21.981895
 96.000000 0.296616 12.449483 21.981895
 96.200000 0.285385 16.889216 21.981895
 96.400000 0.276683 19.051389 21.981895
 96.600000 0.266533 20.823906 21.981895
 96.800000 0.258865 22.033423 21.981895
 97.000000 0.266023 20.903465 21.981895
 97.200000 0.280622 18.588196 21.981895
 97.400000 0.295901 13.769626 21.981895
 97.600000 0.298370 12.979960 21.981895
 97.800000 0.298894 12.814223 21.981895
 98.000000 0.301158 12.105685 21.981895
 98.200000 0.315405 8.318079 21.981895
 98.400000 0.316567 7.894606 21.981895
 98.600000 0.314504 8.644521 21.981895
 98.800000 0.326933 4.276474 21.981895
 99.000000 0.316344 7.976025 21.981895
 99.200000 0.304674 12.921184 21.981895
 99.400000 0.266849 21.538941 21.981895
 99.600000 0.258092 22.771220 21.981895
 99.800000 0.263044 22.083654 21.981895
 100.000000 0.254306 23.264816 22.226546
 100.200000 0.243587 24.781715 22.226546
 100.400000 0.251441 24.214223 22.226546
 100.600000 0.258098 23.371663 22.226546
 100.800000 0.251363 24.222294 22.226546
 101.000000 0.249880 24.365925 22.226546
 101.200000 0.250328 24.915332 22.226546
 101.400000 0.241444 25.369324 22.226546
 101.600000 0.219346 26.096866 22.226546
 101.800000 0.218433 26.143265 22.226546
 102.000000 0.237277 25.403115 22.226546
 102.200000 0.250732 25.252894 22.226546
 102.400000 0.248622 25.486127 22.226546
 102.600000 0.245036 25.766165 22.226546
 102.800000 0.242069 25.895060 22.226546
 103.000000 0.224391 26.197305 22.226546
 103.200000 0.227569 26.624956 22.226546
 103.400000 0.246840 25.820533 22.226546
 103.600000 0.249947 25.472488 22.226546
 103.800000 0.235418 26.392776 22.226546
 104.000000 0.224998 26.719838 22.226546
 104.200000 0.231576 26.979111 22.226546
 104.400000 0.234798 26.838557 22.226546
 104.600000 0.228394 27.114874 22.226546
 104.800000 0.236685 26.752436 22.226546
 105.000000 0.248262 25.832900 23.632823
 105.200000 0.273687 21.050181 23.632823
 105.400000 0.280657 19.311777 23.632823
 105.600000 0.271868 21.480758 23.632823
 105.800000 0.287160 17.569291 23.632823
 106.000000 0.295485 15.339941 23.632823
 106.200000 0.277238 20.603184 23.632823
 106.400000 0.267190 22.711647 23.632823
 106.600000 0.254330 25.423646 23.632823
 106.800000 0.263532 23.494736 23.632823
 107.000000 0.260887 24.069436 23.632823
 107.200000 0.269930 22.637145 23.632823
 107.400000 0.266748 23.360046 23.632823
 107.600000 0.270770 22.445251 23.632823
 107.800000 0.285680 18.836958 23.632823
 108.000000 0.289949 17.728366 23.632823
 108.200000 0.290238 18.446784 23.632823
 108.400000 0.287663 19.109514 23.632823
 108.600000 0.272984 22.353939 23.632823
 108.800000 0.277243 21.486776 23.632823
 109.000000 0.281016 20.680085 23.632823
 109.200000 0.270500 23.393401 23.632823
 109.400000 0.276034 22.395525 23.632823
 109.600000 0.292465 18.369969 23.632823
 109.800000 0.303135 14.899500 23.632823
 110.000000 0.295892 17.315064 23.874730
 110.200000 0.279866 22.082528 23.874730
 110.400000 0.281717 21.737179 23.874730
 110.600000 0.283579 21.362834 23.874730
 110.800000 0.270153 23.637888 23.874730
 111.000000 0.268006 23.966912 23.874730
 111.200000 0.291348 19.652605 23.874730
 111.400000 0.321708 7.656948 23.874730
 111.600000 0.316751 9.884150 23.874730
 111.800000 0.304934 14.960660 23.874730
 112.000000 0.288113 20.570079 23.874730
 112.200000 0.285212 22.008343 23.874730
 112.400000 0.285641 21.905221 23.874730
 112.600000 0.292833 19.870080 23.874730
 112.800000 0.312969 11.758862 23.874730
 113.000000 0.325437 6.095016 23.874730
 113.200000 0.311937 13.124211 23.874730
 113.400000 0.314057 12.253288 23.874730
 113.600000 0.306582 15.234106 23.874730
 113.800000 0.291966 20.253310 23.874730
 114.000000 0.275115 23.898274 23.874730
 114.200000 0.279674 23.745033 23.874730
 114.400000 0.286825 22.100403 23.874730
 114.600000 0.282550 23.155617 23.874730
 114.800000 0.274152 24.638825 23.874730
 115.000000 0.268926 25.288062 24.300448
 115.200000 0.272434 25.418970 24.300448
 115.400000 0.275561 24.950194 24.300448
 115.600000 0.247863 27.514723 24.300448
 115.800000 0.256428 27.052419 24.300448
 116.000000 0.259144 26.826703 24.300448
 116.200000 0.269637 26.187491 24.300448
 116.400000 0.262343 27.050593 24.300448
 116.600000 0.221549 27.512609 24.300448
 116.800000 0.223533 27.511768 24.300448
 117.000000 0.243390 27.867122 24.300448
 117.200000 0.244626 28.396929 24.300448
 117.400000 0.259075 27.654876 24.300448
 117.600000 0.259774 27.578166 24.300448
 117.800000 0.257614 27.806516 24.300448
 118.000000 0.247382 28.403462 24.300448
 118.200000 0.246678 28.901598 24.300448
 118.400000 0.231757 28.189553 24.300448
 118.600000 0.244725 28.884430 24.300448
 118.800000 0.250959 28.784136 24.300448
 119.000000 0.263844 27.361167 24.300448
 119.200000 0.267636 27.284927 24.300448
 119.400000 0.261034 28.268519 24.300448
 119.600000 0.250972 29.141046 24.300448
 119.800000 0.250460 29.156280 24.300448
 120.000000 0.263967 27.860416 25.544346
 120.200000 0.261326 28.728204 25.544346
 120.400000 0.237584 28.765782 25.544346
 120.600000 0.239646 28.950682 25.544346
 120.800000 0.226787 28.010786 25.544346
 121.000000 0.209867 27.068956 25.544346
 121.200000 0.218657 28.146865 25.544346
 121.400000 0.247770 29.485793 25.544346
 121.600000 0.237799 28.876875 25.544346
 121.800000 0.233607 28.576284 25.544346
 122.000000 0.236450 28.772577 25.544346
 122.200000 0.227509 28.711932 25.544346
 122.400000 0.224198 28.589083 25.544346
 122.600000 0.221427 28.494068 25.544346
 122.800000 0.215883 28.244305 25.544346
 123.000000 0.221272 28.488503 25.544346
 123.200000 0.218140 28.845182 25.544346
 123.400000 0.222509 29.022219 25.544346
 123.600000 0.217533 28.812006 25.544346
 123.800000 0.230873 29.281123 25.544346
 124.000000 0.230443 29.263929 25.544346
 124.200000 0.216692 29.072683 25.544346
 124.400000 0.211257 28.457465 25.544346
 124.600000 0.205464 27.433148 25.544346
 124.800000 0.214500 28.864393 25.544346
 125.000000 0.243453 30.221648 26.776341
 125.200000 0.248377 30.610314 26.776341
 125.400000 0.233459 30.226925 26.776341
 125.600000 0.227474 29.885827 26.776341
 125.800000 0.228302 29.931221 26.776341
 126.000000 0.239733 30.567812 26.776341
 126.200000 0.239523 31.006869 26.776341
 126.400000 0.244219 31.113272 26.776341
 126.600000 0.255880 30.208505 26.776341
 126.800000 0.234037 30.677880 26.776341
 127.000000 0.215175 29.127082 26.776341
 127.200000 0.205137 27.793958 26.776341
 127.400000 0.192764 24.371863 26.776341
 127.600000 0.198568 26.062667 26.776341
 127.800000 0.207526 28.328866 26.776341
 128.000000 0.200973 26.732534 26.776341
 128.200000 0.208767 29.047111 26.776341
 128.400000 0.200440 27.118453 26.776341
 128.600000 0.193495 25.056394 26.776341
 128.800000 0.219392 30.280142 26.776341
 129.000000 0.216110 30.033658 26.776341
 129.200000 0.213958 30.268133 26.776341
 129.400000 0.230356 31.070673 26.776341
 129.600000 0.233195 31.142713 26.776341
 129.800000 0.219740 30.747464 26.776341
 130.000000 0.199151 26.997688 27.713557
 130.200000 0.182919 22.280700 27.713557
 130.400000 0.194295 25.961390 27.713557
 130.600000 0.189124 24.217295 27.713557
 130.800000 0.181674 21.934554 27.713557
 131.000000 0.203745 28.807226 27.713557
 131.200000 0.230393 31.230130 27.713557
 131.400000 0.223667 31.246440 27.713557
 131.600000 0.218281 31.196468 27.713557
 131.800000 0.212184 30.807918 27.713557
 132.000000 0.225252 31.239601 27.713557
 132.200000 0.230431 31.640262 27.713557
 132.400000 0.227777 31.657295 27.713557
 132.600000 0.209091 30.636990 27.713557
 132.800000 0.188126 24.188192 27.713557
 133.000000 0.174892 20.423952 27.713557
 133.200000 0.171667 20.470622 27.713557
 133.400000 0.185393 23.807756 27.713557
 133.600000 0.181023 22.566536 27.713557
 133.800000 0.165267 19.128179 27.713557
 134.000000 0.172098 20.556530 27.713557
 134.200000 0.182847 23.603950 27.713557
 134.400000 0.190126 25.660783 27.713557
 134.600000 0.192063 26.256392 27.713557
 134.800000 0.173314 21.500091 27.713557
 135.000000 0.168189 20.444551 28.172968
 135.200000 0.177063 22.854384 28.172968
 135.400000 0.187080 25.073369 28.172968
 135.600000 0.198174 28.217407 28.172968
 135.800000 0.198190 28.221935 28.172968
 136.000000 0.203851 29.697245 28.172968
 136.200000 0.196142 28.046341 28.172968
 136.400000 0.188972 25.865401 28.172968
 136.600000 0.190109 26.202821 28.172968
 136.800000 0.214065 31.722369 28.172968
 137.000000 0.216311 31.843560 28.172968
 137.200000 0.222344 32.287077 28.172968
 137.400000 0.238274 31.792320 28.172968
 137.600000 0.215603 32.236306 28.172968
 137.800000 0.205362 30.822547 28.172968
 138.000000 0.212222 31.974060 28.172968
 138.200000 0.230170 32.222542 28.172968
 138.400000 0.272227 27.042105 28.172968
 138.600000 0.288954 22.074953 28.172968
 138.800000 0.290526 21.508188 28.172968
 139.000000 0.304602 16.126375 28.172968
 139.200000 0.311971 13.906995 28.172968
 139.400000 0.298488 19.295622 28.172968
 139.600000 0.286895 23.221454 28.172968
 139.800000 0.274295 26.651402 28.172968
 140.000000 0.261792 29.261162 28.944277
 140.200000 0.261549 29.782543 28.944277
 140.400000 0.249602 31.501313 28.944277
 140.600000 0.243409 31.883345 28.944277
 140.800000 0.234110 32.127195 28.944277
 141.000000 0.239006 32.007447 28.944277
 141.200000 0.254101 31.250453 28.944277
 141.400000 0.258056 30.591118 28.944277
 141.600000 0.247662 32.012791 28.944277
 141.800000 0.247716 32.008250 28.944277
 142.000000 0.245454 32.175782 28.944277
 142.200000 0.237419 32.821411 28.944277
 142.400000 0.237782 32.819164 28.944277
 142.600000 0.245274 32.604380 28.944277
 142.800000 0.243005 32.715872 28.944277
 143.000000 0.249711 32.218216 28.944277
 143.200000 0.250864 32.494123 28.944277
 143.400000 0.223617 33.069871 28.944277
 143.600000 0.225029 33.065280 28.944277
 143.800000 0.236289 33.106322 28.944277
 144.000000 0.251099 32.463142 28.944277
 144.200000 0.240915 33.456131 28.944277
 144.400000 0.234498 33.308772 28.944277
 144.600000 0.225080 33.155970 28.944277
 144.800000 0.222117 33.129944 28.944277
 145.000000 0.228969 33.189144 30.103784
 145.200000 0.226926 33.562990 30.103784
 145.400000 0.249059 33.276531 30.103784
 145.600000 0.248052 33.385135 30.103784
 145.800000 0.229483 33.595243 30.103784
 146.000000 0.230304 33.607600 30.103784
 146.200000 0.229571 33.987666 30.103784
 146.400000 0.217868 33.597735 30.103784
 146.600000 0.228608 33.972514 30.103784
 146.800000 0.234279 34.055560 30.103784
 147.000000 0.237972 34.081783 30.103784
 147.200000 0.244602 34.238768 30.103784
 147.400000 0.229475 34.312658 30.103784
 147.600000 0.236336 34.456364 30.103784
 147.800000 0.239675 34.453416 30.103784
 148.000000 0.233543 34.413501 30.103784
 148.200000 0.244198 34.561683 30.103784
 148.400000 0.238571 34.821014 30.103784
 148.600000 0.245405 34.448910 30.103784
 148.800000 0.228368 34.636854 30.103784
 149.000000 0.206621 31.912488 30.103784
 149.200000 0.194254 28.186514 30.103784
 149.400000 0.205184 31.935700 30.103784
 149.600000 0.206479 32.296828 30.103784
 149.800000 0.203466 31.419435 30.103784
 150.000000 0.200044 30.282835 31.185982
 150.200000 0.205233 32.377542 31.185982
 150.400000 0.218561 34.560091 31.185982
 150.600000 0.224751 34.800373 31.185982
 150.800000 0.240402 34.824469 31.185982
 151.000000 0.255749 32.586801 31.185982
 151.200000 0.267017 29.779594 31.185982
 151.400000 0.288257 22.971786 31.185982
 151.600000 0.282217 25.003735 31.185982
 151.800000 0.300024 18.755153 31.185982
 152.000000 0.278441 26.226274 31.185982
 152.200000 0.263608 31.142915 31.185982
 152.400000 0.242289 35.030580 31.185982
 152.600000 0.243406 34.976317 31.185982
 152.800000 0.262942 31.326570 31.185982
 153.000000 0.269486 29.479980 31.185982
 153.200000 0.304057 17.361675 31.185982
 153.400000 0.318766 10.835241 31.185982
 153.600000 0.322866 8.925163 31.185982
 153.800000 0.332318 4.903865 31.185982
 154.000000 0.336211 3.562941 31.185982
 154.200000 0.332113 6.419074 31.185982
 154.400000 0.321242 10.584964 31.185982
 154.600000 0.304751 17.236855 31.185982
 154.800000 0.312375 14.198465 31.185982
 155.000000 0.320271 10.979544 31.461522
 155.200000 0.342819 3.553060 31.461522
 155.400000 0.341887 3.818014 31.461522
 155.600000 0.330680 7.773049 31.461522
 155.800000 0.318338 12.831892 31.461522
 156.000000 0.297953 20.244147 31.461522
 156.200000 0.288900 24.097383 31.461522
 156.400000 0.302796 19.220227 31.461522
 156.600000 0.313790 15.007436 31.461522
 156.800000 0.323675 10.814003 31.461522
 157.000000 0.325989 9.815390 31.461522
 157.200000 0.329632 9.368345 31.461522
 157.400000 0.327104 10.464857 31.461522
 157.600000 0.323255 12.107243 31.461522
 157.800000 0.336815 6.345763 31.461522
 158.000000 0.331064 8.747600 31.461522
 158.200000 0.321113 13.946196 31.461522
 158.400000 0.328188 11.158778 31.461522
 158.600000 0.323315 13.119021 31.461522
 158.800000 0.309600 17.719495 31.461522
 159.000000 0.334245 8.552585 31.461522
 159.200000 0.340823 6.881876 31.461522
 159.400000 0.344646 5.315685 31.461522
 159.600000 0.358806 1.331242 31.461522
 159.800000 0.337365 8.383632 31.461522
 160.000000 0.331584 10.884645 31.431209
 160.200000 0.319913 15.932228 31.431209
 160.400000 0.309112 18.508212 31.431209
 160.600000 0.300447 20.691682 31.431209
 160.800000 0.294558 22.412060 31.431209
 161.000000 0.294836 22.326993 31.431209
 161.200000 0.291254 24.073240 31.431209
 161.400000 0.288993 24.765934 31.431209
 161.600000 0.264952 31.368296 31.431209
 161.800000 0.256370 33.382806 31.431209
 162.000000 0.284338 26.165270 31.431209
 162.200000 0.314004 17.743022 31.431209
 162.400000 0.319633 16.203879 31.431209
 162.600000 0.317533 16.793416 31.431209
 162.800000 0.303904 20.543733 31.431209
 163.000000 0.308832 19.134994 31.431209
 163.200000 0.311958 19.018302 31.431209
 163.400000 0.289655 25.404841 31.431209
 163.600000 0.271029 30.223721 31.431209
 163.800000 0.260922 32.519762 31.431209
 164.000000 0.277436 28.698717 31.431209
 164.200000 0.286721 26.646622 31.431209
 164.400000 0.304641 21.136679 31.431209
 164.600000 0.301431 22.090404 31.431209
 164.800000 0.299520 22.672657 31.431209
 165.000000 0.297725 23.227678 31.520867
 165.200000 0.308918 20.380989 31.520867
 165.400000 0.315832 18.241639 31.520867
 165.600000 0.292611 25.418032 31.520867
 165.800000 0.313989 18.819459 31.520867
 166.000000 0.300396 23.016420 31.520867
 166.200000 0.306320 21.759191 31.520867
 166.400000 0.294361 25.466168 31.520867
 166.600000 0.269438 31.190074 31.520867
 166.800000 0.267420 31.575301 31.520867
 167.000000 0.269372 31.202643 31.520867
 167.200000 0.288874 27.170708 31.520867
 167.400000 0.312552 19.722456 31.520867
 167.600000 0.306837 21.610442 31.520867
 167.800000 0.303033 22.846896 31.520867
 168.000000 0.299904 23.851837 31.520867
 168.200000 0.302629 23.572453 31.520867
 168.400000 0.290610 27.178981 31.520867
 168.600000 0.313012 19.980904 31.520867
 168.800000 0.338188 9.180726 31.520867
 169.000000 0.337348 9.596381 31.520867
 169.200000 0.320502 17.801044 31.520867
 169.400000 0.312207 20.548070 31.520867
 169.600000 0.310363 21.149168 31.520867
 169.800000 0.314711 19.730548 31.520867
 170.000000 0.288902 27.628871 31.655420
 170.200000 0.279496 30.205107 31.655420
 170.400000 0.276329 30.778724 31.655420
 170.600000 0.291310 27.503913 31.655420
 170.800000 0.291015 27.584279 31.655420
 171.000000 0.296242 26.065288 31.655420
 171.200000 0.305902 23.312166 31.655420
 171.400000 0.316770 19.359366 31.655420
 171.600000 0.328249 14.979135 31.655420
 171.800000 0.343837 7.517625 31.655420
 172.000000 0.343918 7.478043 31.655420
 172.200000 0.332227 14.145058 31.655420
 172.400000 0.319690 18.639177 31.655420
 172.600000 0.323329 17.432977 31.655420
 172.800000 0.322575 17.685349 31.655420
 173.000000 0.305247 23.591873 31.655420
 173.200000 0.305077 24.263786 31.655420
 173.400000 0.288286 29.093494 31.655420
 173.600000 0.267806 32.300794 31.655420
 173.800000 0.268086 32.260206 31.655420
 174.000000 0.246703 35.096278 31.655420
 174.200000 0.270089 32.081925 31.655420
 174.400000 0.307524 23.390534 31.655420
 174.600000 0.304302 24.535708 31.655420
 174.800000 0.300762 25.737695 31.655420
 175.000000 0.274432 31.432594 31.979308
 175.200000 0.273911 31.940792 31.979308
 175.400000 0.269050 32.646279 31.979308
 175.600000 0.267401 32.887399 31.979308
 175.800000 0.285209 30.040601 31.979308
 176.000000 0.314823 20.760532 31.979308
 176.200000 0.324230 17.972945 31.979308
 176.400000 0.309042 23.514882 31.979308
 176.600000 0.306421 24.423203 31.979308
 176.800000 0.323865 18.114326 31.979308
 177.000000 0.332516 14.486641 31.979308
 177.200000 0.304573 25.207254 31.979308
 177.400000 0.308402 23.989484 31.979308
 177.600000 0.300994 26.303510 31.979308
 177.800000 0.290614 29.032663 31.979308
 178.000000 0.296561 27.563634 31.979308
 178.200000 0.299057 27.375248 31.979308
 178.400000 0.291617 29.288716 31.979308
 178.600000 0.281967 31.037116 31.979308
 178.800000 0.290885 29.448533 31.979308
 179.000000 0.298101 27.650658 31.979308
 179.200000 0.313741 22.823683 31.979308
 179.400000 0.318454 21.108777 31.979308
 179.600000 0.327967 17.477480 31.979308
 179.800000 0.337668 12.907427 31.979308
 180.000000 0.346271 8.297123 32.005286
 180.200000 0.348005 8.601424 32.005286
 180.400000 0.341392 12.064662 32.005286
 180.600000 0.356238 4.742564 32.005286
 180.800000 0.333389 15.890787 32.005286
 181.000000 0.327622 18.177033 32.005286
 181.200000 0.354638 5.564832 32.005286
 181.400000 0.368308 1.334781 32.005286
 181.600000 0.348840 8.457583 32.005286
 181.800000 0.351210 7.216098 32.005286
 182.000000 0.357919 4.190270 32.005286
 182.200000 0.354167 7.186886 32.005286
 182.400000 0.366815 2.829522 32.005286
 182.600000 0.362730 3.969610 32.005286
 182.800000 0.352424 7.966790 32.005286
 183.000000 0.347049 10.550226 32.005286
 183.200000 0.345061 12.627740 32.005286
 183.400000 0.344284 13.007500 32.005286
 183.600000 0.358601 6.196091 32.005286
 183.800000 0.336979 16.322770 32.005286
 184.000000 0.323454 20.805252 32.005286
 184.200000 0.324339 21.250402 32.005286
 184.400000 0.323953 21.358874 32.005286
 184.600000 0.326770 20.541771 32.005286
 184.800000 0.322085 21.873062 32.005286
 185.000000 0.341197 14.816974 31.976482
 185.200000 0.362878 4.887251 31.976482
 185.400000 0.362777 4.926742 31.976482
 185.600000 0.350780 10.660641 31.976482
 185.800000 0.349470 11.369023 31.976482
 186.000000 0.363703 4.574522 31.976482
 186.200000 0.366780 4.914300 31.976482
 186.400000 0.353372 10.407952 31.976482
 186.600000 0.347915 13.032045 31.976482
 186.800000 0.341682 15.967216 31.976482
 187.000000 0.344882 14.490025 31.976482
 187.200000 0.362296 7.003615 31.976482
 187.400000 0.356496 9.649862 31.976482
 187.600000 0.362139 7.070618 31.976482
 187.800000 0.373593 3.085003 31.976482
 188.000000 0.368628 4.580118 31.976482
 188.200000 0.370881 5.267540 31.976482
 188.400000 0.350879 13.151144 31.976482
 188.600000 0.336767 18.964448 31.976482
 188.800000 0.325980 21.811473 31.976482
 189.000000 0.314255 24.266127 31.976482
 189.200000 0.311355 25.557403 31.976482
 189.400000 0.316859 24.262072 31.976482
 189.600000 0.331287 20.898690 31.976482
 189.800000 0.323131 22.887501 31.976482
 190.000000 0.327976 21.772482 31.954885
 190.200000 0.337625 19.385723 31.954885
 190.400000 0.334089 20.668495 31.954885
 190.600000 0.325312 23.054803 31.954885
 190.800000 0.322413 23.663882 31.954885
 191.000000 0.340430 18.237157 31.954885
 191.200000 0.336747 20.475602 31.954885
 191.400000 0.338695 19.731892 31.954885
 191.600000 0.343217 17.768892 31.954885
 191.800000 0.359876 9.675668 31.954885
 192.000000 0.372857 4.735020 31.954885
 192.200000 0.363897 9.147714 31.954885
 192.400000 0.365855 8.456763 31.954885
 192.600000 0.368524 7.550753 31.954885
 192.800000 0.360955 10.234590 31.954885
 193.000000 0.350251 14.764565 31.954885
 193.200000 0.356530 12.829514 31.954885
 193.400000 0.360778 11.010186 31.954885
 193.600000 0.381649 3.698082 31.954885
 193.800000 0.395827 0.924111 31.954885
 194.000000 0.385733 2.659930 31.954885
 194.200000 0.378407 6.018651 31.954885
 194.400000 0.378295 6.047857 31.954885
 194.600000 0.364281 10.152172 31.954885
 194.800000 0.370553 8.177876 31.954885
 195.000000 0.346057 17.609328 31.922552
 195.200000 0.337290 21.660155 31.922552
 195.400000 0.332285 22.916230 31.922552
 195.600000 0.365028 10.259220 31.922552
 195.800000 0.390956 3.082803 31.922552
 196.000000 0.361331 11.668324 31.922552
 196.200000 0.348068 18.223919 31.922552
 196.400000 0.360050 13.223800 31.922552
 196.600000 0.384360 4.884492 31.922552
 196.800000 0.386274 4.369962 31.922552
 197.000000 0.371608 8.880168 31.922552
 197.200000 0.359405 14.331510 31.922552
 197.400000 0.362096 13.368362 31.922552
 197.600000 0.381924 6.505881 31.922552
 197.800000 0.375224 8.804503 31.922552
 198.000000 0.371729 10.016343 31.922552
 198.200000 0.371605 11.179368 31.922552
 198.400000 0.362780 14.063846 31.922552
 198.600000 0.347197 19.179885 31.922552
 198.800000 0.329976 23.517574 31.922552
 199.000000 0.314537 25.555483 31.922552
 199.200000 0.327657 24.223072 31.922552
 199.400000 0.356155 16.187583 31.922552
 199.600000 0.358502 15.424380 31.922552
 199.800000 0.372966 10.704205 31.922552
 200.000000 0.368120 12.352787 31.900335
 200.200000 0.378058 9.656739 31.900335
 200.400000 0.371784 12.097269 31.900335
 200.600000 0.367402 13.595614 31.900335
 200.800000 0.370386 12.594968 31.900335
 201.000000 0.345219 20.213991 31.900335
 201.200000 0.334612 23.566657 31.900335
 201.400000 0.335224 23.450507 31.900335
 201.600000 0.346073 20.665360 31.900335
 201.800000 0.374421 11.214989 31.900335
 202.000000 0.368646 13.397305 31.900335
 202.200000 0.360006 17.068642 31.900335
 202.400000 0.352988 19.031576 31.900335
 202.600000 0.346634 20.819311 31.900335
 202.800000 0.335680 23.445479 31.900335
 203.000000 0.344978 21.273857 31.900335
 203.200000 0.352148 19.872758 31.900335
 203.400000 0.369341 14.291912 31.900335
 203.600000 0.374919 11.988961 31.900335
 203.800000 0.366435 15.361010 31.900335
 204.000000 0.370279 13.927844 31.900335
 204.200000 0.368988 15.363824 31.900335
 204.400000 0.362974 17.370789 31.900335
 204.600000 0.366381 16.289774 31.900335
 204.800000 0.373624 13.469784 31.900335
 205.000000 0.383952 8.455306 31.870953
 205.200000 0.399529 3.093896 31.870953
 205.400000 0.381689 10.771902 31.870953
 205.600000 0.378497 12.300444 31.870953
 205.800000 0.374989 13.857962 31.870953
 206.000000 0.357765 19.093077 31.870953
 206.200000 0.351078 21.390638 31.870953
 206.400000 0.341904 23.344224 31.870953
 206.600000 0.349101 21.837130 31.870953
 206.800000 0.327433 25.103718 31.870953
 207.000000 0.316392 26.056874 31.870953
 207.200000 0.334463 24.737594 31.870953
 207.400000 0.354979 20.513951 31.870953
 207.600000 0.355628 20.361092 31.870953
 207.800000 0.344458 22.937875 31.870953
 208.000000 0.317078 26.522859 31.870953
 208.200000 0.315743 27.220381 31.870953
 208.400000 0.306025 28.568330 31.870953
 208.600000 0.303828 28.893706 31.870953
 208.800000 0.310165 27.964262 31.870953
 209.000000 0.326064 26.093932 31.870953
 209.200000 0.320472 27.190446 31.870953
 209.400000 0.320975 27.143040 31.870953
 209.600000 0.314637 27.768201 31.870953
 209.800000 0.313802 27.858282 31.870953
 210.000000 0.325313 26.720193 31.885460
 210.200000 0.337079 25.378590 31.885460
 210.400000 0.355386 20.588143 31.885460
 210.600000 0.355230 20.628595 31.885460
 210.800000 0.348247 22.492985 31.885460
 211.000000 0.344648 23.479624 31.885460
 211.200000 0.356218 20.829007 31.885460
 211.400000 0.345705 23.805068 31.885460
 211.600000 0.361142 19.420312 31.885460
 211.800000 0.371539 15.833256 31.885460
 212.000000 0.352048 22.008871 31.885460
 212.200000 0.375732 14.166404 31.885460
 212.400000 0.391394 6.203951 31.885460
 212.600000 0.390506 6.611397 31.885460
 212.800000 0.376261 13.905516 31.885460
 213.000000 0.374584 14.722217 31.885460
 213.200000 0.361539 20.461832 31.885460
 213.400000 0.352665 22.800641 31.885460
 213.600000 0.354702 22.279369 31.885460
 213.800000 0.362488 20.188921 31.885460
 214.000000 0.368921 18.055634 31.885460
 214.200000 0.360117 21.516196 31.885460
 214.400000 0.361886 21.064362 31.885460
 214.600000 0.374911 16.196560 31.885460
 214.800000 0.355760 22.539664 31.885460
 215.000000 0.357895 22.048777 31.866119
 215.200000 0.369103 19.264785 31.866119
 215.400000 0.371676 18.145380 31.866119
 215.600000 0.373675 17.178202 31.866119
 215.800000 0.349485 24.505128 31.866119
 216.000000 0.348012 24.800764 31.866119
 216.200000 0.365255 20.979629 31.866119
 216.400000 0.358077 23.124216 31.866119
 216.600000 0.336272 27.219057 31.866119
 216.800000 0.324713 27.929473 31.866119
 217.000000 0.332147 27.577183 31.866119
 217.200000 0.339687 27.255052 31.866119
 217.400000 0.347485 25.788183 31.866119
 217.600000 0.348989 25.455939 31.866119
 217.800000 0.367150 20.308944 31.866119
 218.000000 0.399933 3.310627 31.866119
 218.200000 0.402300 4.075972 31.866119
 218.400000 0.384027 12.114026 31.866119
 218.600000 0.351711 24.836787 31.866119
 218.800000 0.331665 28.122134 31.866119
 219.000000 0.341756 26.917021 31.866119
 219.200000 0.363785 21.793458 31.866119
 219.400000 0.384974 11.601819 31.866119
 219.600000 0.377629 15.656230 31.866119
 219.800000 0.363877 21.761925 31.866119
 220.000000 0.367935 20.260841 31.864230
 220.200000 0.381193 14.178028 31.864230
 220.400000 0.392840 7.793011 31.864230
 220.600000 0.389017 9.722087 31.864230
 220.800000 0.386913 10.872398 31.864230
 221.000000 0.383020 13.108841 31.864230
 221.200000 0.397518 6.386620 31.864230
 221.400000 0.387269 11.611808 31.864230
 221.600000 0.378792 16.508564 31.864230
 221.800000 0.396028 7.044570 31.864230
 222.000000 0.390117 10.015909 31.864230
 222.200000 0.373638 19.791965 31.864230
 222.400000 0.349805 26.182816 31.864230
 222.600000 0.342133 27.565590 31.864230
 222.800000 0.329997 28.633695 31.864230
 223.000000 0.341226 27.700585 31.864230
 223.200000 0.363991 23.248539 31.864230
 223.400000 0.363080 23.500227 31.864230
 223.600000 0.364944 22.974993 31.864230
 223.800000 0.367313 22.241816 31.864230
 224.000000 0.362739 23.591933 31.864230
 224.200000 0.348080 27.357176 31.864230
 224.400000 0.334932 28.971988 31.864230
 224.600000 0.326076 29.008764 31.864230
 224.800000 0.337666 28.795998 31.864230
 225.000000 0.340180 28.551750 31.866345
 225.200000 0.329056 29.439898 31.866345
 225.400000 0.337792 29.270063 31.866345
 225.600000 0.342839 28.697622 31.866345
 225.800000 0.331914 29.484615 31.866345
 226.000000 0.322150 29.130387 31.866345
 226.200000 0.333322 29.836793 31.866345
 226.400000 0.346836 28.146358 31.866345
 226.600000 0.372969 20.657419 31.866345
 226.800000 0.379596 17.291490 31.866345
 227.000000 0.390284 11.160000 31.866345
 227.200000 0.405318 4.924420 31.866345
 227.400000 0.403692 5.564720 31.866345
 227.600000 0.401535 6.479455 31.866345
 227.800000 0.396878 8.687100 31.866345
 228.000000 0.369628 22.478450 31.866345
 228.200000 0.355256 26.759700 31.866345
 228.400000 0.345143 28.654562 31.866345
 228.600000 0.342661 29.042219 31.866345
 228.800000 0.338896 29.509745 31.866345
 229.000000 0.349889 27.800453 31.866345
 229.200000 0.357182 26.822361 31.866345
 229.400000 0.355663 27.149604 31.866345
 229.600000 0.345202 29.127762 31.866345
 229.800000 0.324141 29.823258 31.866345
 230.000000 0.318759 29.518086 31.907845
 230.200000 0.326944 30.388610 31.907845
 230.400000 0.335601 30.344505 31.907845
 230.600000 0.354471 27.425787 31.907845
 230.800000 0.350778 28.185583 31.907845
 231.000000 0.366707 24.345335 31.907845
 231.200000 0.375115 21.510651 31.907845
 231.400000 0.361459 26.390742 31.907845
 231.600000 0.348663 28.885363 31.907845
 231.800000 0.347951 29.004075 31.907845
 232.000000 0.333641 30.480162 31.907845
 232.200000 0.324149 30.641948 31.907845
 232.400000 0.317964 30.214235 31.907845
 232.600000 0.320917 30.414202 31.907845
 232.800000 0.318774 30.266263 31.907845
 233.000000 0.324110 30.639287 31.907845
 233.200000 0.323338 31.032436 31.907845
 233.400000 0.332099 31.337496 31.907845
 233.600000 0.337486 31.038484 31.907845
 233.800000 0.342163 30.449001 31.907845
 234.000000 0.332946 31.318463 31.907845
 234.200000 0.335873 31.598304 31.907845
 234.400000 0.360484 26.810712 31.907845
 234.600000 0.365912 25.276786 31.907845
 234.800000 0.382873 17.186349 31.907845
 235.000000 0.397433 8.597033 31.985261
 235.200000 0.377081 20.984563 31.985261
 235.400000 0.358918 27.238912 31.985261
 235.600000 0.364387 25.850379 31.985261
 235.800000 0.370729 23.767890 31.985261
 236.000000 0.374905 22.016658 31.985261
 236.200000 0.362111 26.916320 31.985261
 236.400000 0.371633 24.055990 31.985261
 236.600000 0.387524 15.757194 31.985261
 236.800000 0.373676 23.218686 31.985261
 237.000000 0.394454 11.667727 31.985261
 237.200000 0.398535 10.410887 31.985261
 237.400000 0.385154 18.025932 31.985261
 237.600000 0.381249 20.128204 31.985261
 237.800000 0.391876 14.191949 31.985261
 238.000000 0.391411 14.460243 31.985261
 238.200000 0.387555 17.563770 31.985261
 238.400000 0.398613 11.186777 31.985261
 238.600000 0.399942 10.426881 31.985261
 238.800000 0.412609 4.202199 31.985261
 239.000000 0.412413 4.277768 31.985261
 239.200000 0.413753 5.218677 31.985261
 239.400000 0.410115 6.649564 31.985261
 239.600000 0.391659 15.789288 31.985261
 239.800000 0.402897 9.964089 31.985261
 240.000000 0.393897 14.607642 31.963155
 240.200000 0.399369 12.597611 31.963155
 240.400000 0.391285 16.885560 31.963155
 240.600000 0.381132 21.712181 31.963155
 240.800000 0.386578 19.236797 31.963155
 241.000000 0.396568 14.098522 31.963155
 241.200000 0.394423 16.166652 31.963155
 241.400000 0.410184 7.743917 31.963155
 241.600000 0.398361 14.064569 31.963155
 241.800000 0.403565 11.215291 31.963155
 242.000000 0.417537 4.549238 31.963155
 242.200000 0.413994 7.365894 31.963155
 242.400000 0.383390 21.463166 31.963155
 242.600000 0.393476 17.049826 31.963155
 242.800000 0.404838 11.520967 31.963155
 243.000000 0.400863 13.465610 31.963155
 243.200000 0.402369 13.681430 31.963155
 243.400000 0.410470 9.664510 31.963155
 243.600000 0.397844 15.888258 31.963155
 243.800000 0.403251 13.241844 31.963155
 244.000000 0.417875 6.357728 31.963155
 244.200000 0.413670 9.434284 31.963155
 244.400000 0.400546 15.257016 31.963155
 244.600000 0.401983 14.624313 31.963155
 244.800000 0.399690 15.630962 31.963155
 245.000000 0.395294 17.503280 31.934678
 245.200000 0.396110 17.964024 31.934678
 245.400000 0.392763 19.328832 31.934678
 245.600000 0.390024 20.370021 31.934678
 245.800000 0.401736 15.465383 31.934678
 246.000000 0.406494 13.215257 31.934678
 246.200000 0.392235 20.152308 31.934678
 246.400000 0.392759 19.968159 31.934678
 246.600000 0.416534 9.294106 31.934678
 246.800000 0.418148 8.533716 31.934678
 247.000000 0.421648 6.956780 31.934678
 247.200000 0.423706 7.361655 31.934678
 247.400000 0.427237 5.926406 31.934678
 247.600000 0.418247 9.738781 31.934678
 247.800000 0.402829 16.481468 31.934678
 248.000000 0.418569 9.595351 31.934678
 248.200000 0.431756 5.048162 31.934678
 248.400000 0.436153 3.496412 31.934678
 248.600000 0.445482 1.266595 31.934678
 248.800000 0.441535 2.029037 31.934678
 249.000000 0.418710 10.674026 31.934678
 249.200000 0.395928 19.797029 31.934678
 249.400000 0.387947 21.938373 31.934678
 249.600000 0.401709 18.107007 31.934678
 249.800000 0.416379 12.778593 31.934678
 250.000000 0.426677 8.077406 31.904368
 250.200000 0.423790 10.626246 31.904368
 250.400000 0.444121 2.377686 31.904368
 250.600000 0.456067 0.481687 31.904368
 250.800000 0.452348 0.844116 31.904368
 251.000000 0.445868 1.952184 31.904368
 251.200000 0.446694 3.372559 31.904368
 251.400000 0.446927 3.322120 31.904368
 251.600000 0.453604 2.107213 31.904368
 251.800000 0.438529 5.556066 31.904368
 252.000000 0.430865 8.323615 31.904368
 252.200000 0.433133 8.641119 31.904368
 252.400000 0.426046 11.406479 31.904368
 252.600000 0.418643 14.021500 31.904368
 252.800000 0.391385 21.145283 31.904368
 253.000000 0.396581 19.865126 31.904368
 253.200000 0.418476 14.323505 31.904368
 253.400000 0.420002 13.787189 31.904368
 253.600000 0.440868 5.819182 31.904368
 253.800000 0.434389 8.182912 31.904368
 254.000000 0.429785 10.017726 31.904368
 254.200000 0.428235 11.754311 31.904368
 254.400000 0.428974 11.462146 31.904368
 254.600000 0.421141 14.324274 31.904368
 254.800000 0.425299 12.873959 31.904368
 255.000000 0.424736 13.080035 31.875700
 255.200000 0.420213 15.558881 31.875700
 255.400000 0.415814 16.759878 31.875700
 255.600000 0.416176 16.669370 31.875700
 255.800000 0.431145 11.477921 31.875700
 256.000000 0.442581 6.521017 31.875700
 256.200000 0.430837 12.573757 31.875700
 256.400000 0.423858 14.970395 31.875700
 256.600000 0.422818 15.276868 31.875700
 256.800000 0.425479 14.465502 31.875700
 257.000000 0.413018 17.605146 31.875700
 257.200000 0.428124 14.052619 31.875700
 257.400000 0.429582 13.478577 31.875700
 257.600000 0.431007 12.897400 31.875700
 257.800000 0.419033 17.021287 31.875700
 258.000000 0.427502 14.290403 31.875700
 258.200000 0.449572 5.584806 31.875700
 258.400000 0.447988 6.197949 31.875700
 258.600000 0.428396 14.871214 31.875700
 258.800000 0.418734 17.880173 31.875700
 259.000000 0.402065 20.571108 31.875700
 259.200000 0.397312 21.953387 31.875700
 259.400000 0.390891 22.895722 31.875700
 259.600000 0.402112 21.264237 31.875700
 259.800000 0.400151 21.546291 31.875700
 260.000000 0.389609 23.090730 31.851592
