#! FIELDS time d metad.bias metad.rct
 0.000000 0.231146 0.000000 0.000000
 0.200000 0.237529 0.000000 0.000000
 0.400000 0.225728 0.000000 0.000000
 0.600000 0.240090 0.000000 0.000000
 0.800000 0.238244 0.000000 0.000000
 1.000000 0.239942 0.000000 0.000000
 1.200000 0.237910 1.733521 0.000000
 1.400000 0.235611 1.677752 0.000000
 1.600000 0.221839 0.843561 0.000000
 1.800000 0.218984 0.657512 0.000000
 2.000000 0.218577 0.632624 0.000000
 2.200000 0.229250 2.676740 0.000000
 2.400000 0.234556 2.603673 0.000000
 2.600000 0.235889 2.559437 0.000000
 2.800000 0.233879 2.622245 0.000000
 3.000000 0.227432 2.663700 0.000000
 3.200000 0.217090 3.463809 0.000000
 3.400000 0.220373 3.824926 0.000000
 3.600000 0.207618 2.118944 0.000000
 3.800000 0.217564 3.521539 0.000000
 4.000000 0.234078 4.025558 0.000000
 4.200000 0.239482 4.886647 0.000000
 4.400000 0.252811 2.371708 0.000000
 4.600000 0.255986 1.812095 0.000000
 4.800000 0.242873 4.317615 0.000000
 5.000000 0.241729 4.521929 0.735026
 5.200000 0.244827 5.347438 0.735026
 5.400000 0.252109 3.629607 0.735026
 5.600000 0.254309 3.104416 0.735026
 5.800000 0.245490 5.203584 0.735026
 6.000000 0.225814 6.251015 0.735026
 6.200000 0.231170 7.969786 0.735026
 6.400000 0.240390 6.996145 0.735026
 6.600000 0.248103 5.038866 0.735026
 6.800000 0.256114 2.863358 0.735026
 7.000000 0.261616 1.687337 0.735026
 7.200000 0.264237 2.855483 0.735026
 7.400000 0.242160 7.304941 0.735026
 7.600000 0.230452 8.142521 0.735026
 7.800000 0.238509 7.842570 0.735026
 8.000000 0.235803 8.094911 0.735026
 8.200000 0.233628 9.398913 0.735026
 8.400000 0.220879 7.442308 0.735026
 8.600000 0.219443 7.023149 0.735026
 8.800000 0.214696 5.531022 0.735026
 9.000000 0.221641 7.654478 0.735026
 9.200000 0.235969 10.090937 0.735026
 9.400000 0.232031 10.356726 0.735026
 9.600000 0.215411 6.901438 0.735026
 9.800000 0.215079 6.784393 0.735026
 10.000000 0.234395 10.249790 3.012042
 10.200000 0.232045 11.451551 3.012042
 10.400000 0.228205 11.190192 3.012042
 10.600000 0.223005 10.081950 3.012042
 10.800000 0.222225 9.851615 3.012042
 11.000000 0.220199 9.192498 3.012042
 11.200000 0.219461 10.094368 3.012042
 11.400000 0.210090 6.231040 3.012042
 11.600000 0.220486 10.452026 3.012042
 11.800000 0.220114 10.324592 3.012042
 12.000000 0.220873 10.580876 3.012042
 12.200000 0.228609 13.189371 3.012042
 12.400000 0.236420 12.415869 3.012042
 12.600000 0.250371 7.516648 3.012042
 12.800000 0.236996 12.276393 3.012042
 13.000000 0.242005 10.726138 3.012042
 13.200000 0.265577 3.280507 3.012042
 13.400000 0.260396 4.711219 3.012042
 13.600000 0.263044 3.933932 3.012042
 13.800000 0.253427 7.198139 3.012042
 14.000000 0.263419 3.831878 3.012042
 14.200000 0.266848 4.420674 3.012042
 14.400000 0.255179 7.786197 3.012042
 14.600000 0.245611 11.151625 3.012042
 14.800000 0.244894 11.399618 3.012042
 15.000000 0.239022 13.170519 6.103688
 15.200000 0.240938 13.624177 6.103688
 15.400000 0.249433 10.555278 6.103688
 15.600000 0.253244 9.063104 6.103688
 15.800000 0.259876 6.679176 6.103688
 16.000000 0.253201 9.079528 6.103688
 16.200000 0.229984 15.289965 6.103688
 16.400000 0.230051 15.298230 6.103688
 16.600000 0.249610 11.619984 6.103688
 16.800000 0.256511 8.982234 6.103688
 17.000000 0.248874 11.894992 6.103688
 17.200000 0.245592 14.074285 6.103688
 17.400000 0.246689 13.707807 6.103688
 17.600000 0.241313 15.271072 6.103688
 17.800000 0.246594 13.740500 6.103688
 18.000000 0.252258 11.614225 6.103688
 18.200000 0.239223 16.401356 6.103688
 18.400000 0.237199 16.589957 6.103688
 18.600000 0.250498 13.343181 6.103688
 18.800000 0.253840 12.013480 6.103688
 19.000000 0.246949 14.598010 6.103688
 19.200000 0.258267 10.821099 6.103688
 19.400000 0.260046 9.989558 6.103688
 19.600000 0.252055 13.599307 6.103688
 19.800000 0.247673 15.270712 6.103688
 20.000000 0.240007 17.113144 9.319634
 20.200000 0.239564 17.981483 9.319634
 20.400000 0.259043 10.823099 9.319634
 20.600000 0.248595 15.641466 9.319634
 20.800000 0.237685 18.117920 9.319634
 21.000000 0.248743 15.584146 9.319634
 21.200000 0.235971 18.731079 9.319634
 21.400000 0.223158 14.872729 9.319634
 21.600000 0.201638 3.685320 9.319634
 21.800000 0.214026 9.796558 9.319634
 22.000000 0.212930 9.168201 9.319634
 22.200000 0.207809 7.495107 9.319634
 22.400000 0.211281 9.395641 9.319634
 22.600000 0.213941 10.907810 9.319634
 22.800000 0.216388 12.294760 9.319634
 23.000000 0.202374 4.871541 9.319634
 23.200000 0.219289 14.625337 9.319634
 23.400000 0.212231 11.067478 9.319634
 23.600000 0.212064 10.980946 9.319634
 23.800000 0.215199 12.600392 9.319634
 24.000000 0.210874 10.366290 9.319634
 24.200000 0.209661 10.843941 9.319634
 24.400000 0.196544 4.745203 9.319634
 24.600000 0.199466 5.921355 9.319634
 24.800000 0.201696 6.906243 9.319634
 25.000000 0.214781 13.451569 11.394123
 25.200000 0.206474 10.040112 11.394123
 25.400000 0.209318 11.566512 11.394123
 25.600000 0.215025 14.532919 11.394123
 25.800000 0.209355 11.586371 11.394123
 26.000000 0.206296 9.945144 11.394123
 26.200000 0.206088 10.957415 11.394123
 26.400000 0.210816 13.440783 11.394123
 26.600000 0.216290 16.043548 11.394123
 26.800000 0.214454 15.218508 11.394123
 27.000000 0.213621 14.826207 11.394123
 27.200000 0.200507 8.641797 11.394123
 27.400000 0.203565 10.335720 11.394123
 27.600000 0.218854 17.943277 11.394123
 27.800000 0.221771 18.898344 11.394123
 28.000000 0.231357 20.448722 11.394123
 28.200000 0.216093 17.268390 11.394123
 28.400000 0.216448 17.428931 11.394123
 28.600000 0.201299 9.167879 11.394123
 28.800000 0.199367 8.101202 11.394123
 29.000000 0.204938 11.255963 11.394123
 29.200000 0.212939 16.650588 11.394123
 29.400000 0.209056 14.646845 11.394123
 29.600000 0.215699 17.905923 11.394123
 29.800000 0.217028 18.450626 11.394123
 30.000000 0.228313 21.232710 13.753194
 30.200000 0.231563 22.039300 13.753194
 30.400000 0.240912 20.527930 13.753194
 30.600000 0.237237 21.447056 13.753194
 30.800000 0.234331 21.879116 13.753194
 31.000000 0.229272 21.984649 13.753194
 31.200000 0.248139 17.952290 13.753194
 31.400000 0.256685 13.211742 13.753194
 31.600000 0.253070 15.294793 13.753194
 31.800000 0.248835 17.597990 13.753194
 32.000000 0.247882 18.081478 13.753194
 32.200000 0.231148 23.113047 13.753194
 32.400000 0.213129 17.568626 13.753194
 32.600000 0.222333 21.584860 13.753194
 32.800000 0.221965 21.467370 13.753194
 33.000000 0.230655 23.095866 13.753194
 33.200000 0.241466 22.022319 13.753194
 33.400000 0.227118 23.338487 13.753194
 33.600000 0.235135 23.537507 13.753194
 33.800000 0.230209 23.698149 13.753194
 34.000000 0.215883 19.370579 13.753194
 34.200000 0.213899 19.046611 13.753194
 34.400000 0.208619 15.839534 13.753194
 34.600000 0.197547 8.633109 13.753194
 34.800000 0.204775 13.303548 13.753194
 35.000000 0.194698 6.986460 16.047848
 35.200000 0.194962 8.414043 16.047848
 35.400000 0.201766 12.453077 16.047848
 35.600000 0.186867 4.539467 16.047848
 35.800000 0.206866 15.615303 16.047848
 36.000000 0.211821 18.508175 16.047848
 36.200000 0.190031 6.166396 16.047848
 36.400000 0.192021 7.181525 16.047848
 36.600000 0.196497 9.735324 16.047848
 36.800000 0.191101 6.702530 16.047848
 37.000000 0.188593 5.485520 16.047848
 37.200000 0.181611 4.087655 16.047848
 37.400000 0.182399 4.357169 16.047848
 37.600000 0.191422 8.213361 16.047848
 37.800000 0.189908 7.471618 16.047848
 38.000000 0.184131 4.987949 16.047848
 38.200000 0.192287 9.860714 16.047848
 38.400000 0.192520 9.970429 16.047848
 38.600000 0.175800 3.632442 16.047848
 38.800000 0.183422 6.122629 16.047848
 39.000000 0.175306 3.495263 16.047848
 39.200000 0.179501 6.196012 16.047848
 39.400000 0.172271 4.186985 16.047848
 39.600000 0.170703 3.793148 16.047848
 39.800000 0.170213 3.673395 16.047848
 40.000000 0.158236 1.362000 16.569231
 40.200000 0.167356 4.378254 16.569231
 40.400000 0.172101 5.216765 16.569231
 40.600000 0.174220 5.629928 16.569231
 40.800000 0.173609 5.507927 16.569231
 41.000000 0.168624 4.591894 16.569231
 41.200000 0.175549 7.185799 16.569231
 41.400000 0.178670 7.738117 16.569231
 41.600000 0.172513 6.674096 16.569231
 41.800000 0.158413 4.163890 16.569231
 42.000000 0.160421 4.543329 16.569231
 42.200000 0.175889 8.083296 16.569231
 42.400000 0.173286 7.791931 16.569231
 42.600000 0.166447 6.958873 16.569231
 42.800000 0.163482 6.510631 16.569231
 43.000000 0.170616 7.489667 16.569231
 43.200000 0.179925 9.619112 16.569231
 43.400000 0.182092 9.842606 16.569231
 43.600000 0.186141 10.396768 16.569231
 43.800000 0.189655 11.090891 16.569231
 44.000000 0.184841 10.194660 16.569231
 44.200000 0.191468 12.549612 16.569231
 44.400000 0.195446 13.631986 16.569231
 44.600000 0.186371 11.540713 16.569231
 44.800000 0.178433 10.496441 16.569231
 45.000000 0.190710 12.374445 16.693658
 45.200000 0.182669 11.881453 16.693658
 45.400000 0.186718 12.570811 16.693658
 45.600000 0.201379 16.539406 16.693658
 45.800000 0.188882 12.990169 16.693658
 46.000000 0.176149 10.851714 16.693658
 46.200000 0.165694 9.625787 16.693658
 46.400000 0.172636 11.296391 16.693658
 46.600000 0.160951 8.184603 16.693658
 46.800000 0.166110 9.741334 16.693658
 47.000000 0.179789 12.477066 16.693658
 47.200000 0.186329 14.269225 16.693658
 47.400000 0.188916 14.581700 16.693658
 47.600000 0.195130 15.578516 16.693658
 47.800000 0.190584 14.807113 16.693658
 48.000000 0.182390 13.814671 16.693658
 48.200000 0.185413 15.090791 16.693658
 48.400000 0.187893 15.337979 16.693658
 48.600000 0.180795 14.556216 16.693658
 48.800000 0.168730 11.814545 16.693658
 49.000000 0.171959 12.776761 16.693658
 49.200000 0.166739 12.079663 16.693658
 49.400000 0.172734 13.971901 16.693658
 49.600000 0.172783 13.984548 16.693658
 49.800000 0.178981 15.174449 16.693658
 50.000000 0.172639 13.947627 16.804583
 50.200000 0.175910 15.596324 16.804583
 50.400000 0.170677 14.332425 16.804583
 50.600000 0.181512 16.248512 16.804583
 50.800000 0.189320 16.496049 16.804583
 51.000000 0.192827 16.650724 16.804583
 51.200000 0.186168 17.179021 16.804583
 51.400000 0.185776 17.161135 16.804583
 51.600000 0.182695 16.976274 16.804583
 51.800000 0.183457 17.031158 16.804583
 52.000000 0.180728 16.795997 16.804583
 52.200000 0.187095 17.974967 16.804583
 52.400000 0.187716 17.985870 16.804583
 52.600000 0.195797 18.230367 16.804583
 52.800000 0.201004 18.836331 16.804583
 53.000000 0.197711 18.398051 16.804583
 53.200000 0.199630 19.394039 16.804583
 53.400000 0.200975 19.584468 16.804583
 53.600000 0.189914 18.691363 16.804583
 53.800000 0.173279 16.338427 16.804583
 54.000000 0.152040 6.427538 16.804583
 54.200000 0.154277 8.791818 16.804583
 54.400000 0.161119 12.079009 16.804583
 54.600000 0.169948 15.782193 16.804583
 54.800000 0.188922 18.714495 16.804583
 55.000000 0.183724 18.498002 17.288866
 55.200000 0.197568 19.665719 17.288866
 55.400000 0.195364 19.548040 17.288866
 55.600000 0.178480 18.658786 17.288866
 55.800000 0.168404 15.677718 17.288866
 56.000000 0.160813 12.172604 17.288866
 56.200000 0.150355 7.838083 17.288866
 56.400000 0.156284 10.869858 17.288866
 56.600000 0.165948 15.583518 17.288866
 56.800000 0.159880 12.721217 17.288866
 57.000000 0.171389 17.601252 17.288866
 57.200000 0.182754 20.142082 17.288866
 57.400000 0.177503 19.758616 17.288866
 57.600000 0.182741 20.141866 17.288866
 57.800000 0.176623 19.627063 17.288866
 58.000000 0.173742 19.048687 17.288866
 58.200000 0.185147 20.698883 17.288866
 58.400000 0.193768 20.156737 17.288866
 58.600000 0.183194 20.761677 17.288866
 58.800000 0.195097 20.109874 17.288866
 59.000000 0.192362 20.229611 17.288866
 59.200000 0.191837 20.971404 17.288866
 59.400000 0.201985 20.937898 17.288866
 59.600000 0.201336 20.891161 17.288866
 59.800000 0.205628 21.344269 17.288866
 60.000000 0.197054 20.768903 17.900248
 60.200000 0.194856 21.503790 17.900248
 60.400000 0.207576 22.190050 17.900248
 60.600000 0.212649 23.037486 17.900248
 60.800000 0.212161 22.948343 17.900248
 61.000000 0.206177 22.000836 17.900248
 61.200000 0.220139 24.767820 17.900248
 61.400000 0.214068 23.871261 17.900248
 61.600000 0.210135 23.225904 17.900248
 61.800000 0.203486 22.355917 17.900248
 62.000000 0.195263 21.995966 17.900248
 62.200000 0.197465 22.665097 17.900248
 62.400000 0.192656 22.671477 17.900248
 62.600000 0.184197 22.553243 17.900248
 62.800000 0.199712 22.717434 17.900248
 63.000000 0.208472 23.417559 17.900248
 63.200000 0.210854 24.331782 17.900248
 63.400000 0.201852 23.372425 17.900248
 63.600000 0.192821 23.027226 17.900248
 63.800000 0.190643 22.992924 17.900248
 64.000000 0.194687 23.058717 17.900248
 64.200000 0.202121 23.946331 17.900248
 64.400000 0.200513 23.863824 17.900248
 64.600000 0.205018 24.143106 17.900248
 64.800000 0.188101 23.500141 17.900248
 65.000000 0.194619 23.683916 19.421577
 65.200000 0.198339 24.369260 19.421577
 65.400000 0.197379 24.347925 19.421577
 65.600000 0.196598 24.331850 19.421577
 65.800000 0.198243 24.367029 19.421577
 66.000000 0.194300 24.286842 19.421577
 66.200000 0.210639 25.330929 19.421577
 66.400000 0.201946 24.997887 19.421577
 66.600000 0.195861 24.907245 19.421577
 66.800000 0.190558 24.756188 19.421577
 67.000000 0.186813 24.483026 19.421577
 67.200000 0.195896 25.397122 19.421577
 67.400000 0.202128 25.350411 19.421577
 67.600000 0.196320 25.394872 19.421577
 67.800000 0.211665 25.536435 19.421577
 68.000000 0.217391 25.778598 19.421577
 68.200000 0.205817 25.784448 19.421577
 68.400000 0.195678 25.592047 19.421577
 68.600000 0.198625 25.629160 19.421577
 68.800000 0.203132 25.703075 19.421577
 69.000000 0.194255 25.567055 19.421577
 69.200000 0.195336 26.145576 19.421577
 69.400000 0.197050 26.161101 19.421577
 69.600000 0.201664 26.167724 19.421577
 69.800000 0.201737 26.167862 19.421577
 70.000000 0.204281 26.182102 21.012438
 70.200000 0.193978 26.551582 21.012438
 70.400000 0.183933 25.401498 21.012438
 70.600000 0.193464 26.528206 21.012438
 70.800000 0.205560 26.739858 21.012438
 71.000000 0.206506 26.750103 21.012438
 71.200000 0.205128 27.264505 21.012438
 71.400000 0.203959 27.247944 21.012438
 71.600000 0.204895 27.261373 21.012438
 71.800000 0.209688 27.310110 21.012438
 72.000000 0.222558 27.060674 21.012438
 72.200000 0.235490 25.213099 21.012438
 72.400000 0.229493 26.725362 21.012438
 72.600000 0.197224 27.213735 21.012438
 72.800000 0.196018 27.146462 21.012438
 73.000000 0.199927 27.339083 21.012438
 73.200000 0.193570 27.452800 21.012438
 73.400000 0.201856 27.927839 21.012438
 73.600000 0.208804 28.081921 21.012438
 73.800000 0.206525 28.047182 21.012438
 74.000000 0.205591 28.028566 21.012438
 74.200000 0.192124 27.642750 21.012438
 74.400000 0.186264 26.627391 21.012438
 74.600000 0.174576 22.667272 21.012438
 74.800000 0.167488 18.945459 21.012438
 75.000000 0.183596 25.969203 22.666400
 75.200000 0.194220 28.314768 22.666400
 75.400000 0.197372 28.524141 22.666400
 75.600000 0.192401 28.141038 22.666400
 75.800000 0.199049 28.597916 22.666400
 76.000000 0.200628 28.648114 22.666400
 76.200000 0.195074 28.837856 22.666400
 76.400000 0.196298 28.932451 22.666400
 76.600000 0.208891 29.124505 22.666400
 76.800000 0.215086 28.867325 22.666400
 77.000000 0.208420 29.136073 22.666400
 77.200000 0.200154 29.533289 22.666400
 77.400000 0.182886 26.674263 22.666400
 77.600000 0.178480 25.054312 22.666400
 77.800000 0.180784 25.954651 22.666400
 78.000000 0.191934 28.762770 22.666400
 78.200000 0.203241 29.995798 22.666400
 78.400000 0.210891 29.752692 22.666400
 78.600000 0.211583 29.710318 22.666400
 78.800000 0.204118 29.991831 22.666400
 79.000000 0.207328 29.921539 22.666400
 79.200000 0.202502 30.431892 22.666400
 79.400000 0.211494 30.159931 22.666400
 79.600000 0.217383 29.595024 22.666400
 79.800000 0.223503 28.674247 22.666400
 80.000000 0.216070 29.746878 24.411113
 80.200000 0.213958 30.419894 24.411113
 80.400000 0.205868 30.791912 24.411113
 80.600000 0.214654 30.356553 24.411113
 80.800000 0.219050 29.835852 24.411113
 81.000000 0.213094 30.491431 24.411113
 81.200000 0.206588 31.195892 24.411113
 81.400000 0.205554 31.188809 24.411113
 81.600000 0.191736 29.774304 24.411113
 81.800000 0.192606 29.942967 24.411113
 82.000000 0.209644 31.140001 24.411113
 82.200000 0.225185 29.320679 24.411113
 82.400000 0.224768 29.424052 24.411113
 82.600000 0.232308 27.175734 24.411113
 82.800000 0.222773 29.887452 24.411113
 83.000000 0.221656 30.123957 24.411113
 83.200000 0.223142 30.260635 24.411113
 83.400000 0.222301 30.446076 24.411113
 83.600000 0.214859 31.607508 24.411113
 83.800000 0.205031 31.844115 24.411113
 84.000000 0.211585 31.843901 24.411113
 84.200000 0.220637 31.134275 24.411113
 84.400000 0.204054 32.165481 24.411113
 84.600000 0.195456 31.028458 24.411113
 84.800000 0.201090 31.887913 24.411113
 85.000000 0.205781 32.267994 26.134431
 85.200000 0.209575 32.732492 26.134431
 85.400000 0.201288 32.307713 26.134431
 85.600000 0.193606 30.952421 26.134431
 85.800000 0.196487 31.560450 26.134431
 86.000000 0.202225 32.413045 26.134431
 86.200000 0.191873 30.854940 26.134431
 86.400000 0.185071 28.645117 26.134431
 86.600000 0.177536 25.320448 26.134431
 86.800000 0.195947 31.833616 26.134431
 87.000000 0.194025 31.403945 26.134431
 87.200000 0.197833 32.617853 26.134431
 87.400000 0.184789 28.895011 26.134431
 87.600000 0.189413 30.551189 26.134431
 87.800000 0.205721 33.401084 26.134431
 88.000000 0.212018 33.170091 26.134431
 88.200000 0.200313 33.283202 26.134431
 88.400000 0.200968 33.372375 26.134431
 88.600000 0.203054 33.601293 26.134431
 88.800000 0.198484 32.991574 26.134431
 89.000000 0.199076 33.092755 26.134431
 89.200000 0.204912 34.103167 26.134431
 89.400000 0.201403 33.823008 26.134431
 89.600000 0.196456 32.991797 26.134431
 89.800000 0.196570 33.016330 26.134431
 90.000000 0.199700 33.592658 27.764131
 90.200000 0.211497 34.188662 27.764131
 90.400000 0.216442 33.359526 27.764131
 90.600000 0.217574 33.103325 27.764131
 90.800000 0.219802 32.533843 27.764131
 91.000000 0.228935 29.468517 27.764131
 91.200000 0.212728 34.290839 27.764131
 91.400000 0.229909 29.551050 27.764131
 91.600000 0.226302 30.921971 27.764131
 91.800000 0.222918 32.042908 27.764131
 92.000000 0.250810 18.142999 27.764131
 92.200000 0.273415 5.082190 27.764131
 92.400000 0.272001 5.722968 27.764131
 92.600000 0.258478 13.741463 27.764131
 92.800000 0.255367 15.856345 27.764131
 93.000000 0.254255 16.613107 27.764131
 93.200000 0.246374 22.475249 27.764131
 93.400000 0.236031 27.687882 27.764131
 93.600000 0.228315 30.617730 27.764131
 93.800000 0.229112 30.346661 27.764131
 94.000000 0.219375 33.173334 27.764131
 94.200000 0.211877 34.780414 27.764131
 94.400000 0.209710 34.919690 27.764131
 94.600000 0.203235 34.719647 27.764131
 94.800000 0.201349 34.487784 27.764131
 95.000000 0.189912 31.563676 28.562397
 95.200000 0.178923 26.948844 28.562397
 95.400000 0.172214 22.942368 28.562397
 95.600000 0.185958 30.420381 28.562397
 95.800000 0.189487 31.837552 28.562397
 96.000000 0.175823 25.171254 28.562397
 96.200000 0.190603 32.588007 28.562397
 96.400000 0.187896 31.639206 28.562397
 96.600000 0.169314 21.568599 28.562397
 96.800000 0.161855 16.323656 28.562397
 97.000000 0.160085 15.067010 28.562397
 97.200000 0.173515 24.925865 28.562397
 97.400000 0.184709 30.575100 28.562397
 97.600000 0.177800 27.330867 28.562397
 97.800000 0.170404 23.010073 28.562397
 98.000000 0.164417 19.006625 28.562397
 98.200000 0.163709 19.262851 28.562397
 98.400000 0.178975 28.407391 28.562397
 98.600000 0.182348 29.923735 28.562397
 98.800000 0.160346 16.868686 28.562397
 99.000000 0.158821 15.768753 28.562397
 99.200000 0.176841 27.770348 28.562397
 99.400000 0.193980 33.801320 28.562397
 99.600000 0.178254 28.432183 28.562397
 99.800000 0.172117 25.324177 28.562397
 100.000000 0.165663 21.394903 28.827512
 100.200000 0.159794 17.960668 28.827512
 100.400000 0.169359 24.378892 28.827512
 100.600000 0.154859 14.285702 28.827512
 100.800000 0.171093 25.376879 28.827512
 101.000000 0.168179 23.668026 28.827512
 101.200000 0.174821 27.881044 28.827512
 101.400000 0.169648 25.155862 28.827512
 101.600000 0.159819 18.500764 28.827512
 101.800000 0.155648 15.305134 28.827512
 102.000000 0.157693 16.882509 28.827512
 102.200000 0.155654 16.127440 28.827512
 102.400000 0.173459 27.692277 28.827512
 102.600000 0.189025 33.019529 28.827512
 102.800000 0.177793 29.537519 28.827512
 103.000000 0.160670 19.945584 28.827512
 103.200000 0.164856 23.556819 28.827512
 103.400000 0.182229 31.359081 28.827512
 103.600000 0.183643 31.768144 28.827512
 103.800000 0.188184 32.942477 28.827512
 104.000000 0.169350 26.199152 28.827512
 104.200000 0.173910 28.908060 28.827512
 104.400000 0.176761 30.015270 28.827512
 104.600000 0.177969 30.436428 28.827512
 104.800000 0.162410 22.402080 28.827512
 105.000000 0.162112 22.187767 29.095984
 105.200000 0.151646 14.392759 29.095984
 105.400000 0.161483 22.380089 29.095984
 105.600000 0.177282 30.590271 29.095984
 105.800000 0.165250 24.970572 29.095984
 106.000000 0.159862 21.156941 29.095984
 106.200000 0.151355 14.729622 29.095984
 106.400000 0.158367 20.660430 29.095984
 106.600000 0.168925 27.669564 29.095984
 106.800000 0.167422 26.878243 29.095984
 107.000000 0.192441 34.179187 29.095984
 107.200000 0.205009 35.618409 29.095984
 107.400000 0.214568 34.741751 29.095984
 107.600000 0.193070 34.658133 29.095984
 107.800000 0.174500 30.223893 29.095984
 108.000000 0.187488 33.676943 29.095984
 108.200000 0.194555 35.222091 29.095984
 108.400000 0.197669 35.557954 29.095984
 108.600000 0.206356 35.769072 29.095984
 108.800000 0.196998 35.495720 29.095984
 109.000000 0.197733 35.563536 29.095984
 109.200000 0.197316 35.884633 29.095984
 109.400000 0.199206 36.034943 29.095984
 109.600000 0.188142 34.487080 29.095984
 109.800000 0.175330 30.919298 29.095984
 110.000000 0.171846 29.471711 30.054352
 110.200000 0.171450 29.759190 30.054352
 110.400000 0.164472 25.752166 30.054352
 110.600000 0.163010 24.720650 30.054352
 110.800000 0.164494 25.767047 30.054352
 111.000000 0.157575 20.403179 30.054352
 111.200000 0.165178 26.846080 30.054352
 111.400000 0.169488 29.296086 30.054352
 111.600000 0.179973 33.105978 30.054352
 111.800000 0.175615 31.823805 30.054352
 112.000000 0.182020 33.607105 30.054352
 112.200000 0.183083 34.237914 30.054352
 112.400000 0.180541 33.640076 30.054352
 112.600000 0.172851 31.132663 30.054352
 112.800000 0.168034 28.789636 30.054352
 113.000000 0.152218 16.421901 30.054352
 113.200000 0.152342 17.376156 30.054352
 113.400000 0.145385 11.240335 30.054352
 113.600000 0.149341 14.663343 30.054352
 113.800000 0.147906 13.391909 30.054352
 114.000000 0.152161 17.211588 30.054352
 114.200000 0.152509 18.339561 30.054352
 114.400000 0.170639 30.920128 30.054352
 114.600000 0.175880 32.745522 30.054352
 114.800000 0.184093 34.621403 30.054352
 115.000000 0.202635 36.381058 30.644981
 115.200000 0.204661 36.659501 30.644981
 115.400000 0.190977 35.929333 30.644981
 115.600000 0.192646 36.145722 30.644981
 115.800000 0.190288 35.832083 30.644981
 116.000000 0.187591 35.411992 30.644981
 116.200000 0.181652 34.613811 30.644981
 116.400000 0.189724 36.106943 30.644981
 116.600000 0.189830 36.122460 30.644981
 116.800000 0.167360 29.561811 30.644981
 117.000000 0.150922 16.916188 30.644981
 117.200000 0.150643 17.484729 30.644981
 117.400000 0.157822 23.760350 30.644981
 117.600000 0.160648 25.915965 30.644981
 117.800000 0.160681 25.939932 30.644981
 118.000000 0.155306 21.659290 30.644981
 118.200000 0.155598 22.576637 30.644981
 118.400000 0.147853 15.531401 30.644981
 118.600000 0.144815 12.778678 30.644981
 118.800000 0.142528 10.816035 30.644981
 119.000000 0.156018 22.934926 30.644981
 119.200000 0.157430 24.731148 30.644981
 119.400000 0.142144 10.909639 30.644981
 119.600000 0.142912 11.566589 30.644981
 119.800000 0.135441 6.002968 30.644981
 120.000000 0.147066 15.334451 31.028517
 120.200000 0.149561 18.560778 31.028517
 120.400000 0.141371 11.089146 31.028517
 120.600000 0.139545 9.602050 31.028517
 120.800000 0.145972 15.196452 31.028517
 121.000000 0.158637 26.332606 31.028517
 121.200000 0.146851 16.413977 31.028517
 121.400000 0.158197 26.549444 31.028517
 121.600000 0.170205 32.792796 31.028517
 121.800000 0.174075 33.836032 31.028517
 122.000000 0.161004 28.494406 31.028517
 122.200000 0.147394 17.259870 31.028517
 122.400000 0.157514 26.510282 31.028517
 122.600000 0.175459 34.448526 31.028517
 122.800000 0.171255 33.498844 31.028517
 123.000000 0.159892 28.250093 31.028517
 123.200000 0.155680 25.496221 31.028517
 123.400000 0.164982 31.674455 31.028517
 123.600000 0.164642 31.513795 31.028517
 123.800000 0.161955 30.067860 31.028517
 124.000000 0.155873 25.660886 31.028517
 124.200000 0.149205 19.922605 31.028517
 124.400000 0.162798 31.056868 31.028517
 124.600000 0.181346 35.685036 31.028517
 124.800000 0.169314 33.703573 31.028517
 125.000000 0.163823 31.591122 31.405025
 125.200000 0.168741 33.940940 31.405025
 125.400000 0.159064 29.119275 31.405025
 125.600000 0.154981 25.807223 31.405025
 125.800000 0.163104 31.648756 31.405025
 126.000000 0.168685 33.924399 31.405025
 126.200000 0.156063 27.024213 31.405025
 126.400000 0.140592 11.642233 31.405025
 126.600000 0.134640 6.825329 31.405025
 126.800000 0.157305 28.071022 31.405025
 127.000000 0.161440 31.042464 31.405025
 127.200000 0.149012 20.464487 31.405025
 127.400000 0.155347 26.796836 31.405025
 127.600000 0.153380 24.943108 31.405025
 127.800000 0.148964 20.414328 31.405025
 128.000000 0.143564 14.726136 31.405025
 128.200000 0.147774 20.021801 31.405025
 128.400000 0.148147 20.413021 31.405025
 128.600000 0.147474 19.706911 31.405025
 128.800000 0.153872 26.135516 31.405025
 129.000000 0.162857 32.707330 31.405025
 129.200000 0.173540 36.131890 31.405025
 129.400000 0.175113 36.277676 31.405025
 129.600000 0.189710 36.895711 31.405025
 129.800000 0.166121 34.531215 31.405025
 130.000000 0.142809 15.034520 31.831271
 130.200000 0.152127 25.525120 31.831271
 130.400000 0.153965 27.241828 31.831271
 130.600000 0.147914 21.261391 31.831271
 130.800000 0.153397 26.723141 31.831271
 131.000000 0.162694 33.400962 31.831271
 131.200000 0.171711 36.366707 31.831271
 131.400000 0.148034 21.631696 31.831271
 131.600000 0.140253 13.521240 31.831271
 131.800000 0.146579 20.083058 31.831271
 132.000000 0.143249 16.551952 31.831271
 132.200000 0.166937 35.669533 31.831271
 132.400000 0.157816 31.309566 31.831271
 132.600000 0.141004 15.088043 31.831271
 132.800000 0.141148 15.233176 31.831271
 133.000000 0.150437 24.887549 31.831271
 133.200000 0.155795 30.316047 31.831271
 133.400000 0.151987 26.976845 31.831271
 133.600000 0.144083 18.790770 31.831271
 133.800000 0.141507 16.078802 31.831271
 134.000000 0.145286 20.075741 31.831271
 134.200000 0.136364 11.700205 31.831271
 134.400000 0.132796 8.683377 31.831271
 134.600000 0.140696 15.930805 31.831271
 134.800000 0.153282 28.798194 31.831271
 135.000000 0.157337 32.001188 32.253137
 135.200000 0.159344 33.694089 32.253137
 135.400000 0.143489 19.143553 32.253137
 135.600000 0.131736 7.982488 32.253137
 135.800000 0.131298 7.661799 32.253137
 136.000000 0.152430 28.431221 32.253137
 136.200000 0.153977 30.300511 32.253137
 136.400000 0.157155 32.764933 32.253137
 136.600000 0.136521 12.284261 32.253137
 136.800000 0.138993 14.737507 32.253137
 137.000000 0.150627 27.195899 32.253137
 137.200000 0.151127 28.208002 32.253137
 137.400000 0.148735 25.777591 32.253137
 137.600000 0.144441 21.083560 32.253137
 137.800000 0.144229 20.846469 32.253137
 138.000000 0.142010 18.377373 32.253137
 138.200000 0.159593 35.099430 32.253137
 138.400000 0.155158 32.300428 32.253137
 138.600000 0.157044 33.629906 32.253137
 138.800000 0.156915 33.545373 32.253137
 139.000000 0.171980 37.644688 32.253137
 139.200000 0.162011 36.414968 32.253137
 139.400000 0.152105 29.890879 32.253137
 139.600000 0.146732 24.434851 32.253137
 139.800000 0.145588 23.179613 32.253137
 140.000000 0.142211 19.416448 32.788805
 140.200000 0.144074 22.226410 32.788805
 140.400000 0.137893 15.460286 32.788805
 140.600000 0.148149 26.639148 32.788805
 140.800000 0.135344 12.876235 32.788805
 141.000000 0.139486 17.158224 32.788805
 141.200000 0.146492 25.610620 32.788805
 141.400000 0.147348 26.506564 32.788805
 141.600000 0.143092 21.926504 32.788805
 141.800000 0.139007 17.456392 32.788805
 142.000000 0.142468 21.238609 32.788805
 142.200000 0.137563 16.566574 32.788805
 142.400000 0.141683 21.051599 32.788805
 142.600000 0.132905 11.902613 32.788805
 142.800000 0.126212 6.565763 32.788805
 143.000000 0.138569 17.644199 32.788805
 143.200000 0.148152 28.613330 32.788805
 143.400000 0.152240 32.246571 32.788805
 143.600000 0.159270 36.557545 32.788805
 143.800000 0.167126 38.340657 32.788805
 144.000000 0.177247 37.889088 32.788805
 144.200000 0.165792 38.470426 32.788805
 144.400000 0.154477 34.007652 32.788805
 144.600000 0.133116 12.849505 32.788805
 144.800000 0.125872 6.902138 32.788805
 145.000000 0.141461 21.607627 33.302370
 145.200000 0.155909 35.369490 33.302370
 145.400000 0.166428 38.705775 33.302370
 145.600000 0.154684 34.603099 33.302370
 145.800000 0.136323 16.692502 33.302370
 146.000000 0.141082 21.860236 33.302370
 146.200000 0.137226 18.294448 33.302370
 146.400000 0.140077 21.416644 33.302370
 146.600000 0.133153 14.032044 33.302370
 146.800000 0.129285 10.411547 33.302370
 147.000000 0.139338 20.603304 33.302370
 147.200000 0.140815 22.923086 33.302370
 147.400000 0.135689 17.324431 33.302370
 147.600000 0.132045 13.566167 33.302370
 147.800000 0.137171 18.926519 33.302370
 148.000000 0.140305 22.364209 33.302370
 148.200000 0.148616 31.421320 33.302370
 148.400000 0.160168 38.215966 33.302370
 148.600000 0.167407 39.152451 33.302370
 148.800000 0.167502 39.152183 33.302370
 149.000000 0.156392 36.769373 33.302370
 149.200000 0.149989 32.895826 33.302370
 149.400000 0.147181 30.400002 33.302370
 149.600000 0.154921 36.336055 33.302370
 149.800000 0.158866 38.137408 33.302370
 150.000000 0.162082 38.992057 33.900803
 150.200000 0.165472 39.682567 33.900803
 150.400000 0.169391 39.606291 33.900803
 150.600000 0.167986 39.684234 33.900803
 150.800000 0.170485 39.514901 33.900803
 151.000000 0.167006 39.707342 33.900803
 151.200000 0.160560 39.229655 33.900803
 151.400000 0.151020 34.122842 33.900803
 151.600000 0.153675 36.052458 33.900803
 151.800000 0.138238 21.029663 33.900803
 152.000000 0.145979 29.519386 33.900803
 152.200000 0.135861 18.734240 33.900803
 152.400000 0.137114 20.155933 33.900803
 152.600000 0.141784 25.480581 33.900803
 152.800000 0.131758 14.278822 33.900803
 153.000000 0.137749 20.880842 33.900803
 153.200000 0.139387 23.443437 33.900803
 153.400000 0.137221 20.967702 33.900803
 153.600000 0.142365 26.789316 33.900803
 153.800000 0.148159 32.650681 33.900803
 154.000000 0.151039 35.047488 33.900803
 154.200000 0.139617 23.980331 33.900803
 154.400000 0.134275 17.836151 33.900803
 154.600000 0.142814 27.595996 33.900803
 154.800000 0.155356 38.161079 33.900803
 155.000000 0.151450 35.721953 34.658367
 155.200000 0.152290 36.675041 34.658367
 155.400000 0.146390 31.673458 34.658367
 155.600000 0.144027 29.226092 34.658367
 155.800000 0.145517 30.793425 34.658367
 156.000000 0.144363 29.586417 34.658367
 156.200000 0.153948 38.115185 34.658367
 156.400000 0.162600 40.871500 34.658367
 156.600000 0.168947 40.636974 34.658367
 156.800000 0.175710 39.454799 34.658367
 157.000000 0.172041 40.144218 34.658367
 157.200000 0.167319 41.099577 34.658367
 157.400000 0.159367 40.541697 34.658367
 157.600000 0.152969 37.655416 34.658367
 157.800000 0.147443 33.228338 34.658367
 158.000000 0.151761 36.835430 34.658367
 158.200000 0.162760 41.385214 34.658367
 158.400000 0.174296 40.122654 34.658367
 158.600000 0.185668 38.204184 34.658367
 158.800000 0.187293 38.048336 34.658367
 159.000000 0.169800 40.970412 34.658367
 159.200000 0.158218 40.722599 34.658367
 159.400000 0.164830 41.713065 34.658367
 159.600000 0.189430 38.009382 34.658367
 159.800000 0.189292 38.019705 34.658367
 160.000000 0.184156 38.556695 35.613922
 160.200000 0.187124 38.515566 35.613922
 160.400000 0.190578 38.216411 35.613922
 160.600000 0.190307 38.236347 35.613922
 160.800000 0.187868 38.441919 35.613922
 161.000000 0.189771 38.277403 35.613922
 161.200000 0.197442 38.076189 35.613922
 161.400000 0.204761 37.380768 35.613922
 161.600000 0.194011 38.301012 35.613922
 161.800000 0.199304 37.938648 35.613922
 162.000000 0.201361 37.760846 35.613922
 162.200000 0.203583 37.847950 35.613922
 162.400000 0.206564 37.434687 35.613922
 162.600000 0.197711 38.373237 35.613922
 162.800000 0.195926 38.482722 35.613922
 163.000000 0.197883 38.361888 35.613922
 163.200000 0.189099 39.149289 35.613922
 163.400000 0.205428 37.884427 35.613922
 163.600000 0.236334 27.852108 35.613922
 163.800000 0.236356 27.841819 35.613922
 164.000000 0.239932 26.114659 35.613922
 164.200000 0.242781 25.153712 35.613922
 164.400000 0.236891 28.128834 35.613922
 164.600000 0.251967 19.414301 35.613922
 164.800000 0.248454 21.755956 35.613922
 165.000000 0.252844 18.808381 35.977986
 165.200000 0.242421 25.946029 35.977986
 165.400000 0.232071 30.493843 35.977986
 165.600000 0.225764 32.723402 35.977986
 165.800000 0.243623 25.308781 35.977986
 166.000000 0.246625 23.602212 35.977986
 166.200000 0.237700 28.718267 35.977986
 166.400000 0.230461 31.431867 35.977986
 166.600000 0.215233 35.973386 35.977986
 166.800000 0.204584 38.054909 35.977986
 167.000000 0.199833 38.551746 35.977986
 167.200000 0.195177 39.142301 35.977986
 167.400000 0.202151 38.652135 35.977986
 167.600000 0.203639 38.478859 35.977986
 167.800000 0.214499 36.350107 35.977986
 168.000000 0.224900 33.300567 35.977986
 168.200000 0.228868 32.394609 35.977986
 168.400000 0.234576 30.305693 35.977986
 168.600000 0.253645 19.615986 35.977986
 168.800000 0.253643 19.617532 35.977986
 169.000000 0.242678 26.603244 35.977986
 169.200000 0.242531 27.215986 35.977986
 169.400000 0.233513 31.162395 35.977986
 169.600000 0.219314 35.544959 35.977986
 169.800000 0.203271 38.680354 35.977986
 170.000000 0.191068 39.338111 36.277748
 170.200000 0.192261 39.599894 36.277748
 170.400000 0.210167 37.801526 36.277748
 170.600000 0.221516 34.978431 36.277748
 170.800000 0.216304 36.394338 36.277748
 171.000000 0.217757 36.016278 36.277748
 171.200000 0.226067 33.934204 36.277748
 171.400000 0.231357 32.163196 36.277748
 171.600000 0.218130 36.268481 36.277748
 171.800000 0.218114 36.272673 36.277748
 172.000000 0.216487 36.697860 36.277748
 172.200000 0.227682 33.674009 36.277748
 172.400000 0.208927 38.637518 36.277748
 172.600000 0.205648 39.102254 36.277748
 172.800000 0.200757 39.533785 36.277748
 173.000000 0.205737 39.091543 36.277748
 173.200000 0.220468 36.139939 36.277748
 173.400000 0.239899 28.768967 36.277748
 173.600000 0.252115 21.201444 36.277748
 173.800000 0.244813 26.090463 36.277748
 174.000000 0.250459 22.397992 36.277748
 174.200000 0.253179 21.046730 36.277748
 174.400000 0.258398 16.939076 36.277748
 174.600000 0.269149 8.771654 36.277748
 174.800000 0.273384 6.195343 36.277748
 175.000000 0.267624 9.815806 36.486756
 175.200000 0.261932 15.158152 36.486756
 175.400000 0.252400 22.305833 36.486756
 175.600000 0.245706 26.551238 36.486756
 175.800000 0.253741 21.354479 36.486756
 176.000000 0.267691 10.898568 36.486756
 176.200000 0.276632 6.414340 36.486756
 176.400000 0.269146 10.969957 36.486756
 176.600000 0.269823 10.512283 36.486756
 176.800000 0.267304 12.247958 36.486756
 177.000000 0.278040 5.698641 36.486756
 177.200000 0.272246 10.203154 36.486756
 177.400000 0.251470 23.828747 36.486756
 177.600000 0.251402 23.870078 36.486756
 177.800000 0.246875 26.442501 36.486756
 178.000000 0.250253 24.554774 36.486756
 178.200000 0.240977 29.747353 36.486756
 178.400000 0.222451 35.759135 36.486756
 178.600000 0.202024 39.752758 36.486756
 178.800000 0.212876 38.212521 36.486756
 179.000000 0.233125 32.558073 36.486756
 179.200000 0.236009 32.006603 36.486756
 179.400000 0.228861 34.272131 36.486756
 179.600000 0.224016 35.648759 36.486756
 179.800000 0.231267 33.550567 36.486756
 180.000000 0.236152 31.956680 36.524230
 180.200000 0.234710 32.869349 36.524230
 180.400000 0.225346 35.602962 36.524230
 180.600000 0.214331 38.222653 36.524230
 180.800000 0.220268 36.898151 36.524230
 181.000000 0.233129 33.379953 36.524230
 181.200000 0.228280 35.184323 36.524230
 181.400000 0.237349 32.329021 36.524230
 181.600000 0.224875 36.067266 36.524230
 181.800000 0.216736 37.935095 36.524230
 182.000000 0.209131 39.234156 36.524230
 182.200000 0.198791 40.221415 36.524230
 182.400000 0.206002 39.888099 36.524230
 182.600000 0.201903 40.153327 36.524230
 182.800000 0.203979 40.045749 36.524230
 183.000000 0.201365 40.172428 36.524230
 183.200000 0.200216 40.493691 36.524230
 183.400000 0.206549 40.111593 36.524230
 183.600000 0.210406 39.603136 36.524230
 183.800000 0.222289 37.018108 36.524230
 184.000000 0.222015 37.089373 36.524230
 184.200000 0.223673 36.985615 36.524230
 184.400000 0.211785 39.638270 36.524230
 184.600000 0.205874 40.366618 36.524230
 184.800000 0.206102 40.347673 36.524230
 185.000000 0.214453 39.160952 36.925927
 185.200000 0.217680 38.780379 36.925927
 185.400000 0.220385 38.121481 36.925927
 185.600000 0.230641 35.132066 36.925927
 185.800000 0.217571 38.805443 36.925927
 186.000000 0.204969 40.684920 36.925927
 186.200000 0.204902 40.974427 36.925927
 186.400000 0.202010 41.075419 36.925927
 186.600000 0.204209 41.010351 36.925927
 186.800000 0.216062 39.356473 36.925927
 187.000000 0.220714 38.201531 36.925927
 187.200000 0.212687 40.316338 36.925927
 187.400000 0.210176 40.696433 36.925927
 187.600000 0.211443 40.516770 36.925927
 187.800000 0.208849 40.856367 36.925927
 188.000000 0.215421 39.797139 36.925927
 188.200000 0.227239 36.804400 36.925927
 188.400000 0.238792 32.350492 36.925927
 188.600000 0.241125 31.243845 36.925927
 188.800000 0.242100 30.753449 36.925927
 189.000000 0.236768 33.241091 36.925927
 189.200000 0.244291 29.940269 36.925927
 189.400000 0.247807 27.841721 36.925927
 189.600000 0.269527 12.237116 36.925927
 189.800000 0.254781 23.051517 36.925927
 190.000000 0.271104 11.199332 37.259296
 190.200000 0.269697 13.181133 37.259296
 190.400000 0.267508 14.654976 37.259296
 190.600000 0.265396 16.117716 37.259296
 190.800000 0.265126 16.306839 37.259296
 191.000000 0.258210 21.231169 37.259296
 191.200000 0.268403 14.586153 37.259296
 191.400000 0.272545 11.776516 37.259296
 191.600000 0.261153 19.795621 37.259296
 191.800000 0.274015 10.832225 37.259296
 192.000000 0.273756 10.995961 37.259296
 192.200000 0.266429 16.933845 37.259296
 192.400000 0.255897 24.061609 37.259296
 192.600000 0.257626 22.925425 37.259296
 192.800000 0.266590 16.824051 37.259296
 193.000000 0.272096 13.136835 37.259296
 193.200000 0.272828 13.635257 37.259296
 193.400000 0.267405 17.196383 37.259296
 193.600000 0.258906 22.732190 37.259296
 193.800000 0.257189 23.809279 37.259296
 194.000000 0.243165 31.440694 37.259296
 194.200000 0.263686 19.814933 37.259296
 194.400000 0.274776 12.429735 37.259296
 194.600000 0.276290 11.466316 37.259296
 194.800000 0.264858 19.027766 37.259296
 195.000000 0.276182 11.534806 37.271425
 195.200000 0.267443 18.170165 37.271425
 195.400000 0.280122 10.146270 37.271425
 195.600000 0.280580 9.871882 37.271425
 195.800000 0.275546 12.983015 37.271425
 196.000000 0.259249 23.309930 37.271425
 196.200000 0.246744 30.741295 37.271425
 196.400000 0.252783 27.683920 37.271425
 196.600000 0.273191 14.885794 37.271425
 196.800000 0.276832 12.483803 37.271425
 197.000000 0.277923 11.776575 37.271425
 197.200000 0.267784 19.302536 37.271425
 197.400000 0.278142 12.670876 37.271425
 197.600000 0.269436 18.268195 37.271425
 197.800000 0.260931 23.435253 37.271425
 198.000000 0.239310 33.842125 37.271425
 198.200000 0.253089 28.031819 37.271425
 198.400000 0.241695 33.341430 37.271425
 198.600000 0.249891 29.690946 37.271425
 198.800000 0.243290 32.703566 37.271425
 199.000000 0.249909 29.681617 37.271425
 199.200000 0.251590 29.287352 37.271425
 199.400000 0.265013 21.375472 37.271425
 199.600000 0.272462 16.522987 37.271425
 199.800000 0.263485 22.341959 37.271425
 200.000000 0.257307 26.102466 37.316309
 200.200000 0.257213 26.704548 37.316309
 200.400000 0.264334 22.296708 37.316309
 200.600000 0.275701 14.631227 37.316309
 200.800000 0.280684 11.276210 37.316309
 201.000000 0.272450 16.858984 37.316309
 201.200000 0.273018 17.295118 37.316309
 201.400000 0.277364 14.279962 37.316309
 201.600000 0.254613 28.592584 37.316309
 201.800000 0.264117 23.144738 37.316309
 202.000000 0.270690 18.881820 37.316309
 202.200000 0.280383 12.803444 37.316309
 202.400000 0.261782 25.200196 37.316309
 202.600000 0.271984 18.755279 37.316309
 202.800000 0.274413 17.063506 37.316309
 203.000000 0.262592 24.732226 37.316309
 203.200000 0.260225 26.653222 37.316309
 203.400000 0.257421 28.139442 37.316309
 203.600000 0.269950 20.648064 37.316309
 203.800000 0.296770 3.448583 37.316309
 204.000000 0.272767 18.676138 37.316309
 204.200000 0.273049 19.235797 37.316309
 204.400000 0.279889 14.134465 37.316309
 204.600000 0.273114 19.189138 37.316309
 204.800000 0.276579 16.638597 37.316309
 205.000000 0.286868 9.062005 37.308199
 205.200000 0.273520 19.682058 37.308199
 205.400000 0.279216 15.670059 37.308199
 205.600000 0.286852 10.240992 37.308199
 205.800000 0.281917 13.713225 37.308199
 206.000000 0.283199 12.790834 37.308199
 206.200000 0.294670 6.326482 37.308199
 206.400000 0.279886 16.150422 37.308199
 206.600000 0.285136 12.401534 37.308199
 206.800000 0.285998 11.795107 37.308199
 207.000000 0.279024 16.760806 37.308199
 207.200000 0.280467 16.561664 37.308199
 207.400000 0.283969 14.015923 37.308199
 207.600000 0.286871 11.911607 37.308199
 207.800000 0.292678 7.993698 37.308199
 208.000000 0.283477 14.374858 37.308199
 208.200000 0.283707 15.129461 37.308199
 208.400000 0.298291 5.481512 37.308199
 208.600000 0.296111 6.658983 37.308199
 208.800000 0.285109 14.100921 37.308199
 209.000000 0.296263 6.572595 37.308199
 209.200000 0.289045 12.405679 37.308199
 209.400000 0.283425 16.240098 37.308199
 209.600000 0.297608 7.136282 37.308199
 209.800000 0.309646 2.387471 37.308199
 210.000000 0.299422 6.199650 37.290847
 210.200000 0.311096 3.016752 37.290847
 210.400000 0.292971 11.052224 37.290847
 210.600000 0.271194 23.867809 37.290847
 210.800000 0.277168 20.743062 37.290847
 211.000000 0.279597 19.332301 37.290847
 211.200000 0.285916 16.098745 37.290847
 211.400000 0.296997 9.155483 37.290847
 211.600000 0.290249 13.276370 37.290847
 211.800000 0.295999 9.727264 37.290847
 212.000000 0.290795 12.924938 37.290847
 212.200000 0.296288 10.479665 37.290847
 212.400000 0.296327 10.456235 37.290847
 212.600000 0.295694 10.837434 37.290847
 212.800000 0.305565 5.604638 37.290847
 213.000000 0.307024 4.985132 37.290847
 213.200000 0.297056 11.146536 37.290847
 213.400000 0.282829 19.318811 37.290847
 213.600000 0.286099 17.444380 37.290847
 213.800000 0.285308 17.904267 37.290847
 214.000000 0.284221 18.530111 37.290847
 214.200000 0.313471 4.163085 37.290847
 214.400000 0.304387 7.825658 37.290847
 214.600000 0.281407 20.859293 37.290847
 214.800000 0.293950 13.487895 37.290847
 215.000000 0.305242 7.425297 37.273834
 215.200000 0.307448 7.688351 37.273834
 215.400000 0.307782 7.542371 37.273834
 215.600000 0.304678 8.943774 37.273834
 215.800000 0.295794 13.434322 37.273834
 216.000000 0.292794 15.068269 37.273834
 216.200000 0.307431 8.250881 37.273834
 216.400000 0.308796 7.611385 37.273834
 216.600000 0.298900 12.617160 37.273834
 216.800000 0.303568 10.158777 37.273834
 217.000000 0.289573 17.725312 37.273834
 217.200000 0.295944 14.954079 37.273834
 217.400000 0.310231 7.268529 37.273834
 217.600000 0.303452 10.735506 37.273834
 217.800000 0.286938 19.914185 37.273834
 218.000000 0.287363 19.694360 37.273834
 218.200000 0.306630 9.368718 37.273834
 218.400000 0.322759 2.646354 37.273834
 218.600000 0.320921 3.174476 37.273834
 218.800000 0.304459 10.571757 37.273834
 219.000000 0.308999 8.117150 37.273834
 219.200000 0.317566 5.339897 37.273834
 219.400000 0.320612 4.172435 37.273834
 219.600000 0.318402 5.004114 37.273834
 219.800000 0.314657 6.591058 37.273834
 220.000000 0.322978 3.376426 37.256547
 220.200000 0.342539 0.907359 37.256547
 220.400000 0.317892 6.628283 37.256547
 220.600000 0.295406 16.973960 37.256547
 220.800000 0.319231 6.141178 37.256547
 221.000000 0.312830 8.634863 37.256547
 221.200000 0.308687 11.598379 37.256547
 221.400000 0.307120 12.281167 37.256547
 221.600000 0.301840 14.631469 37.256547
 221.800000 0.308520 11.670585 37.256547
 222.000000 0.314387 9.175779 37.256547
 222.200000 0.318582 8.598964 37.256547
 222.400000 0.319548 8.201220 37.256547
 222.600000 0.313995 10.500597 37.256547
 222.800000 0.313123 10.861124 37.256547
 223.000000 0.314121 10.448478 37.256547
 223.200000 0.299228 17.187911 37.256547
 223.400000 0.309839 13.264477 37.256547
 223.600000 0.325717 6.575346 37.256547
 223.800000 0.331915 4.195501 37.256547
 224.000000 0.330314 4.764668 37.256547
 224.200000 0.327918 7.077493 37.256547
 224.400000 0.339252 3.287117 37.256547
 224.600000 0.352630 0.824364 37.256547
 224.800000 0.353721 0.716988 37.256547
 225.000000 0.330558 6.090852 37.238464
 225.200000 0.346119 2.515787 37.238464
 225.400000 0.351566 1.439364 37.238464
 225.600000 0.345844 2.580611 37.238464
 225.800000 0.340457 4.042569 37.238464
 226.000000 0.361789 0.368177 37.238464
 226.200000 0.345624 3.594834 37.238464
 226.400000 0.339652 4.867055 37.238464
 226.600000 0.332726 6.899082 37.238464
 226.800000 0.352323 2.730683 37.238464
 227.000000 0.340576 4.638103 37.238464
 227.200000 0.324563 10.485702 37.238464
 227.400000 0.320535 11.628180 37.238464
 227.600000 0.330509 8.771194 37.238464
 227.800000 0.338712 6.523190 37.238464
 228.000000 0.337718 6.779073 37.238464
 228.200000 0.318097 12.850860 37.238464
 228.400000 0.308232 15.119933 37.238464
 228.600000 0.302899 16.500179 37.238464
 228.800000 0.300274 17.255736 37.238464
 229.000000 0.321187 12.149515 37.238464
 229.200000 0.329600 11.020327 37.238464
 229.400000 0.311025 15.265624 37.238464
 229.600000 0.293545 19.642331 37.238464
 229.800000 0.301993 17.202708 37.238464
 230.000000 0.307069 16.059366 37.220932
 230.200000 0.305819 17.176417 37.220932
 230.400000 0.320349 13.935249 37.220932
 230.600000 0.329847 11.219928 37.220932
 230.800000 0.329081 11.455445 37.220932
 231.000000 0.307558 16.813574 37.220932
 231.200000 0.280817 24.407020 37.220932
 231.400000 0.284687 23.275579 37.220932
 231.600000 0.309393 17.254147 37.220932
 231.800000 0.303975 18.374059 37.220932
 232.000000 0.306338 17.892114 37.220932
 232.200000 0.298586 20.210424 37.220932
 232.400000 0.297806 20.369440 37.220932
 232.600000 0.293682 21.262544 37.220932
 232.800000 0.295811 20.789489 37.220932
 233.000000 0.285129 23.433558 37.220932
 233.200000 0.293616 21.802313 37.220932
 233.400000 0.299447 20.428046 37.220932
 233.600000 0.290101 22.710260 37.220932
 233.800000 0.293763 21.765752 37.220932
 234.000000 0.295570 21.324839 37.220932
 234.200000 0.301407 20.621467 37.220932
 234.400000 0.288831 23.661367 37.220932
 234.600000 0.279180 25.962908 37.220932
 234.800000 0.302182 20.438444 37.220932
 235.000000 0.299099 21.164515 37.205015
 235.200000 0.266532 28.465756 37.205015
 235.400000 0.268519 28.112446 37.205015
 235.600000 0.289065 24.147391 37.205015
 235.800000 0.297757 22.159875 37.205015
 236.000000 0.288443 24.287700 37.205015
 236.200000 0.297120 22.809001 37.205015
 236.400000 0.298451 22.472524 37.205015
 236.600000 0.305422 20.593168 37.205015
 236.800000 0.295522 23.205532 37.205015
 237.000000 0.291604 24.150450 37.205015
 237.200000 0.292499 24.533580 37.205015
 237.400000 0.300183 22.532270 37.205015
 237.600000 0.292249 24.593582 37.205015
 237.800000 0.296214 23.603758 37.205015
 238.000000 0.292698 24.485508 37.205015
 238.200000 0.288800 25.954341 37.205015
 238.400000 0.270710 28.458453 37.205015
 238.600000 0.292465 25.129732 37.205015
 238.800000 0.311755 19.132869 37.205015
 239.000000 0.314597 18.040816 37.205015
 239.200000 0.306087 21.835312 37.205015
 239.400000 0.318613 17.198641 37.205015
 239.600000 0.330361 12.169400 37.205015
 239.800000 0.329252 12.639598 37.205015
 240.000000 0.331730 11.596114 37.189692
 240.200000 0.335252 11.180122 37.189692
 240.400000 0.331848 12.590644 37.189692
 240.600000 0.330590 13.113833 37.189692
 240.800000 0.307768 21.583724 37.189692
 241.000000 0.289166 26.078928 37.189692
 241.200000 0.292633 25.922600 37.189692
 241.400000 0.305983 22.397514 37.189692
 241.600000 0.301726 23.650055 37.189692
 241.800000 0.283295 27.566701 37.189692
 242.000000 0.281109 27.832408 37.189692
 242.200000 0.289934 26.905194 37.189692
 242.400000 0.292929 26.228981 37.189692
 242.600000 0.311348 20.713045 37.189692
 242.800000 0.318196 18.172762 37.189692
 243.000000 0.306430 22.380297 37.189692
 243.200000 0.297065 25.704746 37.189692
 243.400000 0.322009 17.041277 37.189692
 243.600000 0.338505 9.925289 37.189692
 243.800000 0.333975 11.831487 37.189692
 244.000000 0.321792 17.134123 37.189692
 244.200000 0.294174 26.535396 37.189692
 244.400000 0.276320 28.862441 37.189692
 244.600000 0.276155 28.871913 37.189692
 244.800000 0.291284 27.099846 37.189692
 245.000000 0.311842 21.797102 37.175716
 245.200000 0.303732 24.838403 37.175716
 245.400000 0.285398 28.176167 37.175716
 245.600000 0.271836 29.116277 37.175716
 245.800000 0.261959 29.980935 37.175716
 246.000000 0.262822 29.861943 37.175716
 246.200000 0.265023 30.061456 37.175716
 246.400000 0.253933 31.945785 37.175716
 246.600000 0.263558 30.230897 37.175716
 246.800000 0.275186 29.286871 37.175716
 247.000000 0.278686 29.030039 37.175716
 247.200000 0.282953 29.080918 37.175716
 247.400000 0.294680 27.094051 37.175716
 247.600000 0.290217 27.969776 37.175716
 247.800000 0.290917 27.840329 37.175716
 248.000000 0.298523 26.251367 37.175716
 248.200000 0.297060 27.122570 37.175716
 248.400000 0.272079 30.036457 37.175716
 248.600000 0.276402 29.861136 37.175716
 248.800000 0.264408 30.474834 37.175716
 249.000000 0.258881 31.153666 37.175716
 249.200000 0.259214 31.538316 37.175716
 249.400000 0.273128 30.274711 37.175716
 249.600000 0.278909 29.900924 37.175716
 249.800000 0.265844 30.750271 37.175716
 250.000000 0.255757 32.131070 37.187879
 250.200000 0.255660 32.567543 37.187879
 250.400000 0.253941 32.900916 37.187879
 250.600000 0.249791 33.757979 37.187879
 250.800000 0.250432 33.622711 37.187879
 251.000000 0.243878 34.996646 37.187879
 251.200000 0.242569 35.630495 37.187879
 251.400000 0.255088 32.954699 37.187879
 251.600000 0.250604 33.919303 37.187879
 251.800000 0.250109 34.028270 37.187879
 252.000000 0.235056 37.038855 37.187879
 252.200000 0.226129 38.936898 37.187879
 252.400000 0.228240 38.569439 37.187879
 252.600000 0.239125 36.620815 37.187879
 252.800000 0.250063 34.242162 37.187879
 253.000000 0.243313 35.768940 37.187879
 253.200000 0.255574 33.241136 37.187879
 253.400000 0.228436 38.752582 37.187879
 253.600000 0.233648 37.914167 37.187879
 253.800000 0.245096 35.733470 37.187879
 254.000000 0.250378 34.486589 37.187879
 254.200000 0.235756 37.795849 37.187879
 254.400000 0.226156 39.218483 37.187879
 254.600000 0.231838 38.383430 37.187879
 254.800000 0.240241 37.050708 37.187879
 255.000000 0.249206 35.146852 37.339403
 255.200000 0.231235 38.649904 37.339403
 255.400000 0.228801 38.972595 37.339403
 255.600000 0.241006 37.225628 37.339403
 255.800000 0.234769 38.177243 37.339403
 256.000000 0.228122 39.063354 37.339403
 256.200000 0.229363 39.203761 37.339403
 256.400000 0.261294 32.642523 37.339403
 256.600000 0.264535 32.016745 37.339403
 256.800000 0.273605 30.775099 37.339403
 257.000000 0.246052 36.385521 37.339403
 257.200000 0.249661 35.847980 37.339403
 257.400000 0.253292 34.882519 37.339403
 257.600000 0.251090 35.473192 37.339403
 257.800000 0.253204 34.906257 37.339403
 258.000000 0.269705 31.334157 37.339403
 258.200000 0.268463 31.945830 37.339403
 258.400000 0.276459 30.898661 37.339403
 258.600000 0.269992 31.727954 37.339403
 258.800000 0.254952 34.702600 37.339403
 259.000000 0.255803 34.490655 37.339403
 259.200000 0.251772 35.866124 37.339403
 259.400000 0.245123 37.344997 37.339403
 259.600000 0.243683 37.614834 37.339403
 259.800000 0.255644 34.906714 37.339403
 260.000000 0.265819 32.664403 37.484721
 260.200000 0.255512 35.261804 37.484721
 260.400000 0.254732 35.443913 37.484721
 260.600000 0.266440 32.960725 37.484721
 260.800000 0.263793 33.453862 37.484721
 261.000000 0.272446 31.977536 37.484721
 261.200000 0.267683 33.143665 37.484721
 261.400000 0.256662 35.236209 37.484721
 261.600000 0.243861 37.790024 37.484721
 261.800000 0.253048 36.018323 37.484721
 262.000000 0.279901 31.179378 37.484721
 262.200000 0.277733 31.988319 37.484721
 262.400000 0.275461 32.346013 37.484721
 262.600000 0.279199 31.739798 37.484721
 262.800000 0.285712 30.452632 37.484721
 263.000000 0.294920 28.195763 37.484721
 263.200000 0.298265 27.778349 37.484721
 263.400000 0.280716 31.785173 37.484721
 263.600000 0.275110 32.606685 37.484721
 263.800000 0.279529 31.975877 37.484721
 264.000000 0.305348 25.590901 37.484721
 264.200000 0.334468 12.530309 37.484721
 264.400000 0.334444 12.542215 37.484721
 264.600000 0.323261 18.316420 37.484721
 264.800000 0.330920 14.339560 37.484721
 265.000000 0.327541 16.096765 37.484866
 265.200000 0.347645 7.118180 37.484866
 265.400000 0.345987 7.776365 37.484866
 265.600000 0.333549 13.781249 37.484866
 265.800000 0.330746 15.264585 37.484866
 266.000000 0.326903 17.282856 37.484866
 266.200000 0.334949 13.747372 37.484866
 266.400000 0.350539 6.307539 37.484866
 266.600000 0.342821 9.609912 37.484866
 266.800000 0.304986 26.824261 37.484866
 267.000000 0.301821 27.665276 37.484866
 267.200000 0.308036 26.403134 37.484866
 267.400000 0.310465 25.591429 37.484866
 267.600000 0.330370 16.335009 37.484866
 267.800000 0.343612 9.237283 37.484866
 268.000000 0.329555 16.783244 37.484866
 268.200000 0.322437 21.257501 37.484866
 268.400000 0.341632 10.812114 37.484866
 268.600000 0.345548 8.806261 37.484866
 268.800000 0.360955 3.526148 37.484866
 269.000000 0.356644 4.584616 37.484866
 269.200000 0.338928 13.010190 37.484866
 269.400000 0.323102 21.056191 37.484866
 269.600000 0.332353 16.431849 37.484866
 269.800000 0.355219 6.418877 37.484866
 270.000000 0.365258 3.914810 37.469967
 270.200000 0.362455 5.984183 37.469967
 270.400000 0.353489 8.025004 37.469967
 270.600000 0.339314 13.143179 37.469967
 270.800000 0.338697 13.431550 37.469967
 271.000000 0.337430 14.035998 37.469967
 271.200000 0.353493 8.551017 37.469967
 271.400000 0.355099 8.089457 37.469967
 271.600000 0.327679 19.662082 37.469967
 271.800000 0.330304 18.433147 37.469967
 272.000000 0.336191 15.573335 37.469967
 272.200000 0.316240 24.666381 37.469967
 272.400000 0.305614 27.579719 37.469967
 272.600000 0.306836 27.285557 37.469967
 272.800000 0.288261 31.028767 37.469967
 273.000000 0.294482 29.925173 37.469967
 273.200000 0.316095 24.875126 37.469967
 273.400000 0.329796 19.501221 37.469967
 273.600000 0.339438 14.872022 37.469967
 273.800000 0.344380 12.552876 37.469967
 274.000000 0.352930 9.187759 37.469967
 274.200000 0.337331 16.574752 37.469967
 274.400000 0.321415 23.121302 37.469967
 274.600000 0.317301 24.537541 37.469967
 274.800000 0.311884 26.224018 37.469967
 275.000000 0.315246 25.200185 37.457036
 275.200000 0.318828 24.579278 37.457036
 275.400000 0.338821 16.082574 37.457036
 275.600000 0.328704 20.687483 37.457036
 275.800000 0.331729 19.342558 37.457036
 276.000000 0.301832 29.229803 37.457036
 276.200000 0.284088 32.338202 37.457036
 276.400000 0.286766 32.054040 37.457036
 276.600000 0.274158 33.168378 37.457036
 276.800000 0.273157 33.246595 37.457036
 277.000000 0.298631 30.328680 37.457036
 277.200000 0.315234 26.337548 37.457036
 277.400000 0.313609 26.898393 37.457036
 277.600000 0.328803 20.797485 37.457036
 277.800000 0.338107 16.447902 37.457036
 278.000000 0.351168 10.988564 37.457036
 278.200000 0.343230 15.063045 37.457036
 278.400000 0.331800 19.878040 37.457036
 278.600000 0.323891 23.164551 37.457036
 278.800000 0.320532 24.476039 37.457036
 279.000000 0.339059 16.779540 37.457036
 279.200000 0.334265 19.608761 37.457036
 279.400000 0.332531 20.318816 37.457036
 279.600000 0.319967 25.057917 37.457036
 279.800000 0.335057 19.281535 37.457036
 280.000000 0.365418 7.322813 37.445547
 280.200000 0.349493 14.034276 37.445547
 280.400000 0.342953 16.385297 37.445547
 280.600000 0.353556 12.662285 37.445547
 280.800000 0.343324 16.246520 37.445547
 281.000000 0.343431 16.206398 37.445547
 281.200000 0.342202 17.515556 37.445547
 281.400000 0.332329 21.155466 37.445547
 281.600000 0.333712 20.658515 37.445547
 281.800000 0.336232 19.738716 37.445547
 282.000000 0.332544 21.078508 37.445547
 282.200000 0.345987 16.563967 37.445547
 282.400000 0.345359 16.813651 37.445547
 282.600000 0.345481 16.765001 37.445547
 282.800000 0.374078 5.524232 37.445547
 283.000000 0.374666 5.306013 37.445547
 283.200000 0.384644 3.347251 37.445547
 283.400000 0.378808 5.200294 37.445547
 283.600000 0.372078 7.646726 37.445547
 283.800000 0.383772 3.598620 37.445547
 284.000000 0.407167 0.196730 37.445547
 284.200000 0.386567 3.502400 37.445547
 284.400000 0.388155 3.213255 37.445547
 284.600000 0.390645 2.841627 37.445547
 284.800000 0.399070 2.188834 37.445547
 285.000000 0.411242 1.763826 37.429671
 285.200000 0.393980 3.323297 37.429671
 285.400000 0.384225 4.320648 37.429671
 285.600000 0.384099 4.345216 37.429671
 285.800000 0.363202 10.879117 37.429671
 286.000000 0.353871 13.999905 37.429671
 286.200000 0.359822 12.880918 37.429671
 286.400000 0.366602 10.367827 37.429671
 286.600000 0.366345 10.466193 37.429671
 286.800000 0.376446 6.655588 37.429671
 287.000000 0.367834 9.894116 37.429671
 287.200000 0.355641 15.144848 37.429671
 287.400000 0.350608 16.618509 37.429671
 287.600000 0.339155 20.115391 37.429671
 287.800000 0.345314 18.193012 37.429671
 288.000000 0.352140 16.171858 37.429671
 288.200000 0.358278 15.126945 37.429671
 288.400000 0.364988 12.677442 37.429671
 288.600000 0.359288 14.787120 37.429671
 288.800000 0.370401 10.414141 37.429671
 289.000000 0.367441 11.677032 37.429671
 289.200000 0.364342 13.950443 37.429671
 289.400000 0.368214 12.390615 37.429671
 289.600000 0.357520 16.211340 37.429671
 289.800000 0.343823 19.680240 37.429671
 290.000000 0.333557 22.355122 37.414063
 290.200000 0.353235 17.638675 37.414063
 290.400000 0.369519 11.859725 37.414063
 290.600000 0.385662 5.279699 37.414063
 290.800000 0.394649 3.773799 37.414063
 291.000000 0.384856 5.509739 37.414063
 291.200000 0.381298 8.038555 37.414063
 291.400000 0.394501 4.897089 37.414063
 291.600000 0.387029 6.279630 37.414063
 291.800000 0.386925 6.306279 37.414063
 292.000000 0.380894 8.182694 37.414063
 292.200000 0.393539 5.871345 37.414063
 292.400000 0.391974 6.175832 37.414063
 292.600000 0.396350 5.411396 37.414063
 292.800000 0.403266 4.624904 37.414063
 293.000000 0.388398 7.019803 37.414063
 293.200000 0.372313 13.309680 37.414063
 293.400000 0.384076 9.529817 37.414063
 293.600000 0.392796 7.236923 37.414063
 293.800000 0.393847 7.013465 37.414063
 294.000000 0.401981 5.596847 37.414063
 294.200000 0.394261 8.122430 37.414063
 294.400000 0.388371 9.209573 37.414063
 294.600000 0.405511 6.411091 37.414063
 294.800000 0.405871 6.351886 37.414063
 295.000000 0.375193 12.663774 37.397688
 295.200000 0.372788 14.346177 37.397688
 295.400000 0.371334 14.743102 37.397688
 295.600000 0.387911 10.001867 37.397688
 295.800000 0.389244 9.670590 37.397688
 296.000000 0.401560 7.233804 37.397688
 296.200000 0.405821 7.699975 37.397688
 296.400000 0.402110 8.404968 37.397688
 296.600000 0.397444 9.180239 37.397688
 296.800000 0.385204 11.417089 37.397688
 297.000000 0.388069 10.807141 37.397688
 297.200000 0.375516 14.604881 37.397688
 297.400000 0.378842 13.869305 37.397688
 297.600000 0.387657 11.971585 37.397688
 297.800000 0.390741 11.358819 37.397688
 298.000000 0.383420 12.858658 37.397688
 298.200000 0.382154 14.117837 37.397688
 298.400000 0.398634 10.422049 37.397688
 298.600000 0.407419 8.103467 37.397688
 298.800000 0.387661 12.918808 37.397688
 299.000000 0.396071 11.027571 37.397688
 299.200000 0.402626 10.394252 37.397688
 299.400000 0.407234 8.968263 37.397688
 299.600000 0.413608 6.770689 37.397688
 299.800000 0.409362 8.255132 37.397688
 300.000000 0.408033 8.703768 37.382085
