#! FIELDS time d metad.bias metad.rct
 0.000000 0.247970 0.000000 0.000000
 0.200000 0.246520 0.000000 0.000000
 0.400000 0.258663 0.000000 0.000000
 0.600000 0.267686 0.000000 0.000000
 0.800000 0.256402 0.000000 0.000000
 1.000000 0.247076 0.000000 0.000000
 1.200000 0.234191 1.208986 0.000000
 1.400000 0.238748 1.499531 0.000000
 1.600000 0.239206 1.524548 0.000000
 1.800000 0.252682 1.631722 0.000000
 2.000000 0.268194 0.647500 0.000000
 2.200000 0.276182 1.738532 0.000000
 2.400000 0.262219 2.620309 0.000000
 2.600000 0.237009 1.589386 0.000000
 2.800000 0.234341 1.349587 0.000000
 3.000000 0.242270 2.041597 0.000000
 3.200000 0.266249 2.900302 0.000000
 3.400000 0.273558 2.139095 0.000000
 3.600000 0.287943 0.764628 0.000000
 3.800000 0.276884 1.785670 0.000000
 4.000000 0.264999 3.022227 0.000000
 4.200000 0.286705 1.394074 0.000000
 4.400000 0.274154 3.344526 0.000000
 4.600000 0.285851 1.508084 0.000000
 4.800000 0.276653 2.940388 0.000000
 5.000000 0.271394 3.766173 1.563999
 5.200000 0.266402 5.807855 1.563999
 5.400000 0.260981 6.021982 1.563999
 5.600000 0.261279 6.020602 1.563999
 5.800000 0.270628 5.353936 1.563999
 6.000000 0.266997 5.759167 1.563999
 6.200000 0.260070 7.235987 1.563999
 6.400000 0.245139 5.243096 1.563999
 6.600000 0.258085 7.112457 1.563999
 6.800000 0.289234 2.262833 1.563999
 7.000000 0.280290 4.499002 1.563999
 7.200000 0.269099 7.970978 1.563999
 7.400000 0.262152 7.982945 1.563999
 7.600000 0.250183 6.318389 1.563999
 7.800000 0.251992 6.648383 1.563999
 8.000000 0.251304 6.524802 1.563999
 8.200000 0.253715 8.236847 1.563999
 8.400000 0.251753 7.913724 1.563999
 8.600000 0.250071 7.601706 1.563999
 8.800000 0.238926 4.985839 1.563999
 9.000000 0.240707 5.442367 1.563999
 9.200000 0.236346 5.639303 1.563999
 9.400000 0.229858 3.812937 1.563999
 9.600000 0.230253 3.920867 1.563999
 9.800000 0.237751 6.030328 1.563999
 10.000000 0.242529 7.264991 4.583877
 10.200000 0.245528 9.170875 4.583877
 10.400000 0.244698 9.008832 4.583877
 10.600000 0.246991 9.427550 4.583877
 10.800000 0.236621 6.887784 4.583877
 11.000000 0.239924 7.861017 4.583877
 11.200000 0.253521 10.943911 4.583877
 11.400000 0.250583 10.858235 4.583877
 11.600000 0.238760 8.760871 4.583877
 11.800000 0.225477 4.130530 4.583877
 12.000000 0.249347 10.774709 4.583877
 12.200000 0.274568 8.217544 4.583877
 12.400000 0.282747 5.568132 4.583877
 12.600000 0.267521 10.123105 4.583877
 12.800000 0.258510 11.670682 4.583877
 13.000000 0.271712 9.052184 4.583877
 13.200000 0.285058 5.605975 4.583877
 13.400000 0.282100 6.700735 4.583877
 13.600000 0.268132 11.116194 4.583877
 13.800000 0.276908 8.585992 4.583877
 14.000000 0.270197 10.625474 4.583877
 14.200000 0.297502 2.111979 4.583877
 14.400000 0.285161 6.230452 4.583877
 14.600000 0.276109 9.867686 4.583877
 14.800000 0.283307 6.994888 4.583877
 15.000000 0.276609 9.683861 7.982058
 15.200000 0.263561 13.714467 7.982058
 15.400000 0.265163 13.575812 7.982058
 15.600000 0.281003 9.038134 7.982058
 15.800000 0.276689 10.790920 7.982058
 16.000000 0.267868 13.209640 7.982058
 16.200000 0.259761 14.673956 7.982058
 16.400000 0.275654 12.015228 7.982058
 16.600000 0.282309 9.077273 7.982058
 16.800000 0.286300 7.147095 7.982058
 17.000000 0.286578 7.014063 7.982058
 17.200000 0.291922 5.831408 7.982058
 17.400000 0.291127 6.181184 7.982058
 17.600000 0.296133 4.141096 7.982058
 17.800000 0.306381 1.404521 7.982058
 18.000000 0.302958 2.098354 7.982058
 18.200000 0.286036 9.394926 7.982058
 18.400000 0.297287 5.216557 7.982058
 18.600000 0.319302 1.076591 7.982058
 18.800000 0.296634 5.418804 7.982058
 19.000000 0.303813 3.496758 7.982058
 19.200000 0.311633 3.350143 7.982058
 19.400000 0.314693 2.760404 7.982058
 19.600000 0.321310 1.644349 7.982058
 19.800000 0.313289 3.026479 7.982058
 20.000000 0.314066 2.878277 9.390745
 20.200000 0.322297 2.827059 9.390745
 20.400000 0.325593 2.230178 9.390745
 20.600000 0.323388 2.623853 9.390745
 20.800000 0.301211 6.658593 9.390745
 21.000000 0.312154 4.774344 9.390745
 21.200000 0.315564 5.509610 9.390745
 21.400000 0.284603 11.125857 9.390745
 21.600000 0.286028 10.712410 9.390745
 21.800000 0.294050 8.798710 9.390745
 22.000000 0.323760 3.603726 9.390745
 22.200000 0.325943 4.570971 9.390745
 22.400000 0.319671 6.013928 9.390745
 22.600000 0.290510 9.665180 9.390745
 22.800000 0.297300 8.575700 9.390745
 23.000000 0.295361 8.813412 9.390745
 23.200000 0.305330 8.880265 9.390745
 23.400000 0.294453 10.123417 9.390745
 23.600000 0.314941 7.397728 9.390745
 23.800000 0.298623 9.594236 9.390745
 24.000000 0.283317 12.400406 9.390745
 24.200000 0.281927 13.746716 9.390745
 24.400000 0.275122 15.152441 9.390745
 24.600000 0.281397 13.873530 9.390745
 24.800000 0.286921 12.518602 9.390745
 25.000000 0.287815 12.303458 10.759009
 25.200000 0.288972 13.040097 10.759009
 25.400000 0.289916 12.817915 10.759009
 25.600000 0.279126 15.247175 10.759009
 25.800000 0.277626 15.507235 10.759009
 26.000000 0.263464 15.940398 10.759009
 26.200000 0.253418 15.107878 10.759009
 26.400000 0.260479 16.446092 10.759009
 26.600000 0.260600 16.463285 10.759009
 26.800000 0.266743 17.006858 10.759009
 27.000000 0.254605 15.377249 10.759009
 27.200000 0.253239 15.944304 10.759009
 27.400000 0.270203 17.495152 10.759009
 27.600000 0.284384 14.574924 10.759009
 27.800000 0.288830 13.342134 10.759009
 28.000000 0.291987 12.519901 10.759009
 28.200000 0.282799 15.844857 10.759009
 28.400000 0.287055 14.777665 10.759009
 28.600000 0.284114 15.523121 10.759009
 28.800000 0.290636 13.861511 10.759009
 29.000000 0.299908 11.651668 10.759009
 29.200000 0.312231 9.480252 10.759009
 29.400000 0.289523 14.963654 10.759009
 29.600000 0.277570 17.313390 10.759009
 29.800000 0.289404 14.989451 10.759009
 30.000000 0.305991 11.229937 12.822214
 30.200000 0.305577 12.397132 12.822214
 30.400000 0.305067 12.525007 12.822214
 30.600000 0.305790 12.342704 12.822214
 30.800000 0.306255 12.222484 12.822214
 31.000000 0.305575 12.397725 12.822214
 31.200000 0.321661 7.628853 12.822214
 31.400000 0.328648 4.903415 12.822214
 31.600000 0.323915 6.711488 12.822214
 31.800000 0.324944 6.301637 12.822214
 32.000000 0.322445 7.307670 12.822214
 32.200000 0.334032 4.110339 12.822214
 32.400000 0.322192 8.674740 12.822214
 32.600000 0.313431 11.984330 12.822214
 32.800000 0.310546 12.868386 12.822214
 33.000000 0.332896 4.494085 12.822214
 33.200000 0.324202 9.062183 12.822214
 33.400000 0.318670 10.998508 12.822214
 33.600000 0.317563 11.360785 12.822214
 33.800000 0.331206 6.518740 12.822214
 34.000000 0.332731 5.983605 12.822214
 34.200000 0.326918 9.315049 12.822214
 34.400000 0.343420 3.831588 12.822214
 34.600000 0.352602 1.665279 12.822214
 34.800000 0.338242 5.445808 12.822214
 35.000000 0.350337 2.102148 13.157470
 35.200000 0.350671 3.626633 13.157470
 35.400000 0.369445 0.860210 13.157470
 35.600000 0.369624 0.844539 13.157470
 35.800000 0.378903 0.276734 13.157470
 36.000000 0.356427 2.542612 13.157470
 36.200000 0.359859 3.517534 13.157470
 36.400000 0.362919 2.992055 13.157470
 36.600000 0.352520 4.767060 13.157470
 36.800000 0.351455 4.946240 13.157470
 37.000000 0.329310 9.402270 13.157470
 37.200000 0.325140 11.568864 13.157470
 37.400000 0.324266 11.773082 13.157470
 37.600000 0.314203 13.811123 13.157470
 37.800000 0.337814 8.413524 13.157470
 38.000000 0.339057 8.108010 13.157470
 38.200000 0.349199 6.772787 13.157470
 38.400000 0.338298 9.511921 13.157470
 38.600000 0.361646 3.711957 13.157470
 38.800000 0.350065 6.551736 13.157470
 39.000000 0.348959 6.834051 13.157470
 39.200000 0.338686 10.438257 13.157470
 39.400000 0.317428 13.800490 13.157470
 39.600000 0.325667 12.646973 13.157470
 39.800000 0.331155 11.788174 13.157470
 40.000000 0.320081 13.445262 13.429019
 40.200000 0.305584 15.666464 13.429019
 40.400000 0.310593 15.393534 13.429019
 40.600000 0.311733 15.309158 13.429019
 40.800000 0.313340 15.174503 13.429019
 41.000000 0.309034 15.494406 13.429019
 41.200000 0.313752 15.972055 13.429019
 41.400000 0.324828 14.188770 13.429019
 41.600000 0.320351 15.029281 13.429019
 41.800000 0.312640 16.087938 13.429019
 42.000000 0.318804 15.286076 13.429019
 42.200000 0.326664 14.581212 13.429019
 42.400000 0.330069 13.729811 13.429019
 42.600000 0.306601 17.124062 13.429019
 42.800000 0.303000 17.078221 13.429019
 43.000000 0.309650 17.068315 13.429019
 43.200000 0.298653 17.574410 13.429019
 43.400000 0.295239 17.382116 13.429019
 43.600000 0.291701 17.263973 13.429019
 43.800000 0.289147 17.254783 13.429019
 44.000000 0.289818 17.250444 13.429019
 44.200000 0.301753 18.347773 13.429019
 44.400000 0.304435 18.381749 13.429019
 44.600000 0.312771 17.943009 13.429019
 44.800000 0.316281 17.444988 13.429019
 45.000000 0.294760 18.128698 15.176315
 45.200000 0.295318 18.924427 15.176315
 45.400000 0.309161 18.746275 15.176315
 45.600000 0.313715 18.178195 15.176315
 45.800000 0.299250 19.022611 15.176315
 46.000000 0.297913 18.994206 15.176315
 46.200000 0.280535 19.222987 15.176315
 46.400000 0.282677 19.258757 15.176315
 46.600000 0.280497 19.222374 15.176315
 46.800000 0.275312 19.111378 15.176315
 47.000000 0.289787 19.448886 15.176315
 47.200000 0.302147 20.292451 15.176315
 47.400000 0.296877 20.374562 15.176315
 47.600000 0.311942 19.167431 15.176315
 47.800000 0.318473 17.673707 15.176315
 48.000000 0.301704 20.311137 15.176315
 48.200000 0.291184 20.788183 15.176315
 48.400000 0.280680 20.101437 15.176315
 48.600000 0.280938 20.118442 15.176315
 48.800000 0.291115 20.784023 15.176315
 49.000000 0.300924 21.045426 15.176315
 49.200000 0.302193 21.680936 15.176315
 49.400000 0.321651 17.346459 15.176315
 49.600000 0.325544 16.003954 15.176315
 49.800000 0.327715 15.248035 15.176315
 50.000000 0.336614 12.249763 17.146796
 50.200000 0.333351 14.311076 17.146796
 50.400000 0.331693 14.839748 17.146796
 50.600000 0.349509 8.979775 17.146796
 50.800000 0.337541 12.964366 17.146796
 51.000000 0.331744 14.823492 17.146796
 51.200000 0.319367 19.273424 17.146796
 51.400000 0.312647 20.761507 17.146796
 51.600000 0.349218 9.536972 17.146796
 51.800000 0.345848 10.804503 17.146796
 52.000000 0.350213 9.161093 17.146796
 52.200000 0.350838 10.087536 17.146796
 52.400000 0.336441 14.943029 17.146796
 52.600000 0.337072 14.756864 17.146796
 52.800000 0.350868 10.075930 17.146796
 53.000000 0.363077 5.360417 17.146796
 53.200000 0.390602 0.462658 17.146796
 53.400000 0.376186 2.595394 17.146796
 53.600000 0.384727 1.026255 17.146796
 53.800000 0.365151 5.991196 17.146796
 54.000000 0.370865 4.072247 17.146796
 54.200000 0.367143 6.708709 17.146796
 54.400000 0.362646 8.151414 17.146796
 54.600000 0.374943 4.313976 17.146796
 54.800000 0.390964 1.031578 17.146796
 55.000000 0.377223 3.685797 17.313237
 55.200000 0.363805 8.775394 17.313237
 55.400000 0.362241 9.181142 17.313237
 55.600000 0.372282 6.503628 17.313237
 55.800000 0.374050 6.023614 17.313237
 56.000000 0.375048 5.753609 17.313237
 56.200000 0.382351 5.056300 17.313237
 56.400000 0.398702 1.296745 17.313237
 56.600000 0.399355 1.202908 17.313237
 56.800000 0.418201 0.059028 17.313237
 57.000000 0.401199 0.963560 17.313237
 57.200000 0.410936 1.592758 17.313237
 57.400000 0.418430 0.921244 17.313237
 57.600000 0.410609 1.624976 17.313237
 57.800000 0.385398 5.162748 17.313237
 58.000000 0.386621 4.914266 17.313237
 58.200000 0.398587 3.987143 17.313237
 58.400000 0.379502 7.711577 17.313237
 58.600000 0.392693 5.111178 17.313237
 58.800000 0.406424 2.641434 17.313237
 59.000000 0.400244 3.685754 17.313237
 59.200000 0.383602 7.721599 17.313237
 59.400000 0.383284 7.765301 17.313237
 59.600000 0.375554 8.808158 17.313237
 59.800000 0.365531 10.145441 17.313237
 60.000000 0.381316 8.034512 17.270403
 60.200000 0.375022 9.999087 17.270403
 60.400000 0.376935 9.796800 17.270403
 60.600000 0.383113 9.003515 17.270403
 60.800000 0.400400 5.686275 17.270403
 61.000000 0.416390 2.190626 17.270403
 61.200000 0.391726 7.934709 17.270403
 61.400000 0.392178 7.867077 17.270403
 61.600000 0.390435 8.126034 17.270403
 61.800000 0.377108 9.826142 17.270403
 62.000000 0.374036 10.123525 17.270403
 62.200000 0.354928 12.480343 17.270403
 62.400000 0.370478 11.518773 17.270403
 62.600000 0.373624 11.275425 17.270403
 62.800000 0.352799 12.695823 17.270403
 63.000000 0.330860 16.728273 17.270403
 63.200000 0.329842 17.794570 17.270403
 63.400000 0.344145 14.502668 17.270403
 63.600000 0.333402 16.962118 17.270403
 63.800000 0.336875 16.142053 17.270403
 64.000000 0.340386 15.326871 17.270403
 64.200000 0.326309 19.163603 17.270403
 64.400000 0.353258 13.529001 17.270403
 64.600000 0.358601 12.757383 17.270403
 64.800000 0.345667 15.021907 17.270403
 65.000000 0.326732 19.084750 17.825477
 65.200000 0.314161 21.696208 17.825477
 65.400000 0.308687 22.143170 17.825477
 65.600000 0.282370 20.543529 17.825477
 65.800000 0.269377 19.218140 17.825477
 66.000000 0.272414 19.580661 17.825477
 66.200000 0.272361 20.306312 17.825477
 66.400000 0.282835 21.162485 17.825477
 66.600000 0.267355 19.634526 17.825477
 66.800000 0.264133 19.069989 17.825477
 67.000000 0.257877 17.682115 17.825477
 67.200000 0.260305 19.050132 17.825477
 67.400000 0.275014 20.986474 17.825477
 67.600000 0.285535 21.496968 17.825477
 67.800000 0.279566 21.211998 17.825477
 68.000000 0.258639 18.665857 17.825477
 68.200000 0.260117 19.766792 17.825477
 68.400000 0.273279 21.346629 17.825477
 68.600000 0.265624 20.724388 17.825477
 68.800000 0.285277 21.639423 17.825477
 69.000000 0.272684 21.321191 17.825477
 69.200000 0.273631 22.035940 17.825477
 69.400000 0.295833 22.371609 17.825477
 69.600000 0.294714 22.338258 17.825477
 69.800000 0.278919 22.108544 17.825477
 70.000000 0.269877 21.820823 18.975362
 70.200000 0.277831 22.682018 18.975362
 70.400000 0.293535 22.491201 18.975362
 70.600000 0.283685 22.539615 18.975362
 70.800000 0.272519 22.642351 18.975362
 71.000000 0.268281 22.328944 18.975362
 71.200000 0.275813 23.271710 18.975362
 71.400000 0.260483 21.440497 18.975362
 71.600000 0.237806 11.173793 18.975362
 71.800000 0.236661 10.531170 18.975362
 72.000000 0.246877 16.041018 18.975362
 72.200000 0.245458 16.179892 18.975362
 72.400000 0.250664 18.653986 18.975362
 72.600000 0.240632 13.535108 18.975362
 72.800000 0.243495 15.138325 18.975362
 73.000000 0.223555 4.273589 18.975362
 73.200000 0.220134 4.411364 18.975362
 73.400000 0.234385 10.981232 18.975362
 73.600000 0.240763 14.358189 18.975362
 73.800000 0.223573 5.727624 18.975362
 74.000000 0.225649 6.620810 18.975362
 74.200000 0.243614 16.427473 18.975362
 74.400000 0.239475 14.539837 18.975362
 74.600000 0.238185 13.926306 18.975362
 74.800000 0.237738 13.711574 18.975362
 75.000000 0.218705 5.098105 19.447435
 75.200000 0.216517 5.722855 19.447435
 75.400000 0.235317 13.290562 19.447435
 75.600000 0.245809 17.636435 19.447435
 75.800000 0.249375 18.950570 19.447435
 76.000000 0.254004 20.480525 19.447435
 76.200000 0.268315 23.770284 19.447435
 76.400000 0.273975 23.749289 19.447435
 76.600000 0.263248 23.298638 19.447435
 76.800000 0.262728 23.221177 19.447435
 77.000000 0.265627 23.583432 19.447435
 77.200000 0.263264 23.905376 19.447435
 77.400000 0.241462 16.563507 19.447435
 77.600000 0.237162 14.560149 19.447435
 77.800000 0.254456 21.783723 19.447435
 78.000000 0.265481 24.181298 19.447435
 78.200000 0.261437 24.169286 19.447435
 78.400000 0.270472 24.966800 19.447435
 78.600000 0.277207 24.448105 19.447435
 78.800000 0.276365 24.545234 19.447435
 79.000000 0.286665 23.323214 19.447435
 79.200000 0.277450 24.931589 19.447435
 79.400000 0.262068 24.451593 19.447435
 79.600000 0.247329 19.441403 19.447435
 79.800000 0.250813 20.914787 19.447435
 80.000000 0.252175 21.453523 20.986149
 80.200000 0.242171 17.609448 20.986149
 80.400000 0.260322 24.643214 20.986149
 80.600000 0.254264 22.897400 20.986149
 80.800000 0.245141 19.060937 20.986149
 81.000000 0.238305 15.652764 20.986149
 81.200000 0.230057 12.262785 20.986149
 81.400000 0.226533 10.503316 20.986149
 81.600000 0.229586 12.023564 20.986149
 81.800000 0.243418 19.048824 20.986149
 82.000000 0.237495 16.108434 20.986149
 82.200000 0.226637 11.210481 20.986149
 82.400000 0.206548 2.999534 20.986149
 82.600000 0.217893 7.000376 20.986149
 82.800000 0.231670 13.881976 20.986149
 83.000000 0.233331 14.771133 20.986149
 83.200000 0.230609 14.204609 20.986149
 83.400000 0.205386 2.855712 20.986149
 83.600000 0.225113 11.205978 20.986149
 83.800000 0.223587 10.391838 20.986149
 84.000000 0.207503 3.467958 20.986149
 84.200000 0.225301 12.047506 20.986149
 84.400000 0.213193 6.878396 20.986149
 84.600000 0.212012 6.454097 20.986149
 84.800000 0.233430 16.064897 20.986149
 85.000000 0.225711 12.244767 21.356637
 85.200000 0.223926 12.400464 21.356637
 85.400000 0.221875 11.426457 21.356637
 85.600000 0.217771 9.542878 21.356637
 85.800000 0.218885 10.043417 21.356637
 86.000000 0.225728 13.267024 21.356637
 86.200000 0.217091 10.063327 21.356637
 86.400000 0.213910 8.596802 21.356637
 86.600000 0.216750 9.902525 21.356637
 86.800000 0.205859 5.299524 21.356637
 87.000000 0.224486 13.635144 21.356637
 87.200000 0.224884 14.781099 21.356637
 87.400000 0.232877 18.375082 21.356637
 87.600000 0.239086 20.698425 21.356637
 87.800000 0.243526 22.090888 21.356637
 88.000000 0.256622 25.062637 21.356637
 88.200000 0.253825 25.129640 21.356637
 88.400000 0.247273 23.577943 21.356637
 88.600000 0.240555 21.505693 21.356637
 88.800000 0.248752 23.968934 21.356637
 89.000000 0.245001 22.931395 21.356637
 89.200000 0.228797 17.067550 21.356637
 89.400000 0.242047 22.625697 21.356637
 89.600000 0.239599 21.761520 21.356637
 89.800000 0.230036 17.668211 21.356637
 90.000000 0.221951 13.572538 22.082163
 90.200000 0.217431 12.123904 22.082163
 90.400000 0.231707 19.230283 22.082163
 90.600000 0.230058 18.504731 22.082163
 90.800000 0.213304 9.931506 22.082163
 91.000000 0.219592 13.280234 22.082163
 91.200000 0.210517 9.309663 22.082163
 91.400000 0.190845 1.771719 22.082163
 91.600000 0.194014 2.499328 22.082163
 91.800000 0.210813 9.467295 22.082163
 92.000000 0.216161 12.387014 22.082163
 92.200000 0.209351 9.602425 22.082163
 92.400000 0.212202 11.189982 22.082163
 92.600000 0.224312 17.537008 22.082163
 92.800000 0.215221 12.876591 22.082163
 93.000000 0.213532 11.935724 22.082163
 93.200000 0.217475 15.103487 22.082163
 93.400000 0.225075 18.644933 22.082163
 93.600000 0.230990 20.782909 22.082163
 93.800000 0.225348 18.755490 22.082163
 94.000000 0.212347 12.296779 22.082163
 94.200000 0.190503 2.599796 22.082163
 94.400000 0.203770 8.368573 22.082163
 94.600000 0.209025 11.393213 22.082163
 94.800000 0.216869 15.751850 22.082163
 95.000000 0.203229 8.069508 22.204380
 95.200000 0.185308 1.986981 22.204380
 95.400000 0.199179 7.145475 22.204380
 95.600000 0.211873 14.073403 22.204380
 95.800000 0.186001 2.150270 22.204380
 96.000000 0.204315 9.891925 22.204380
 96.200000 0.208317 13.220079 22.204380
 96.400000 0.201252 9.323719 22.204380
 96.600000 0.203426 10.524189 22.204380
 96.800000 0.217263 17.514778 22.204380
 97.000000 0.230260 21.530274 22.204380
 97.200000 0.232775 22.754151 22.204380
 97.400000 0.207614 13.053374 22.204380
 97.600000 0.197456 7.373488 22.204380
 97.800000 0.200203 8.843058 22.204380
 98.000000 0.204205 11.104285 22.204380
 98.200000 0.200445 10.010685 22.204380
 98.400000 0.193457 6.263739 22.204380
 98.600000 0.199490 9.468839 22.204380
 98.800000 0.200783 10.204259 22.204380
 99.000000 0.198063 8.670928 22.204380
 99.200000 0.198669 10.195702 22.204380
 99.400000 0.203865 13.079557 22.204380
 99.600000 0.225784 21.634541 22.204380
 99.800000 0.227802 22.069235 22.204380
 100.000000 0.207526 15.019178 22.385774
 100.200000 0.185607 4.222007 22.385774
 100.400000 0.185264 4.086886 22.385774
 100.600000 0.179920 2.332718 22.385774
 100.800000 0.189849 6.103292 22.385774
 101.000000 0.199923 11.682211 22.385774
 101.200000 0.189386 6.691672 22.385774
 101.400000 0.176218 1.780255 22.385774
 101.600000 0.196339 10.605573 22.385774
 101.800000 0.208924 17.478910 22.385774
 102.000000 0.205738 15.943261 22.385774
 102.200000 0.182760 3.988528 22.385774
 102.400000 0.184657 4.792998 22.385774
 102.600000 0.188939 6.921362 22.385774
 102.800000 0.193603 9.626023 22.385774
 103.000000 0.184388 4.673661 22.385774
 103.200000 0.181653 4.958520 22.385774
 103.400000 0.183908 5.885205 22.385774
 103.600000 0.181816 5.022207 22.385774
 103.800000 0.193766 10.893379 22.385774
 104.000000 0.192243 10.046014 22.385774
 104.200000 0.189478 9.657746 22.385774
 104.400000 0.193070 11.621456 22.385774
 104.600000 0.174793 3.307900 22.385774
 104.800000 0.191977 11.018277 22.385774
 105.000000 0.206795 18.494478 22.467884
 105.200000 0.206211 19.026095 22.467884
 105.400000 0.208603 19.940522 22.467884
 105.600000 0.218923 22.382796 22.467884
 105.800000 0.202953 17.567893 22.467884
 106.000000 0.188535 9.521178 22.467884
 106.200000 0.198084 15.949878 22.467884
 106.400000 0.191436 12.298798 22.467884
 106.600000 0.194964 14.275085 22.467884
 106.800000 0.205268 19.241940 22.467884
 107.000000 0.194777 14.171656 22.467884
 107.200000 0.187130 10.706925 22.467884
 107.400000 0.196953 16.276015 22.467884
 107.600000 0.190585 12.712855 22.467884
 107.800000 0.180361 7.021838 22.467884
 108.000000 0.185162 9.586653 22.467884
 108.200000 0.213934 22.341826 22.467884
 108.400000 0.213156 22.229244 22.467884
 108.600000 0.218550 22.839933 22.467884
 108.800000 0.225309 23.268124 22.467884
 109.000000 0.200962 18.891433 22.467884
 109.200000 0.170652 3.878361 22.467884
 109.400000 0.171136 4.058290 22.467884
 109.600000 0.177648 6.959863 22.467884
 109.800000 0.187120 12.325731 22.467884
 110.000000 0.188563 13.184423 22.557004
 110.200000 0.181936 10.163928 22.557004
 110.400000 0.175767 6.710156 22.557004
 110.600000 0.214646 23.146747 22.557004
 110.800000 0.221295 23.426808 22.557004
 111.000000 0.219745 23.386667 22.557004
 111.200000 0.204474 21.834551 22.557004
 111.400000 0.175234 6.445521 22.557004
 111.600000 0.178001 7.911287 22.557004
 111.800000 0.186831 13.174005 22.557004
 112.000000 0.168676 3.601893 22.557004
 112.200000 0.176231 8.270706 22.557004
 112.400000 0.179091 9.693519 22.557004
 112.600000 0.190966 16.146853 22.557004
 112.800000 0.205901 22.307665 22.557004
 113.000000 0.209904 23.155615 22.557004
 113.200000 0.215271 24.374402 22.557004
 113.400000 0.215113 24.364671 22.557004
 113.600000 0.235413 24.523411 22.557004
 113.800000 0.227674 24.428478 22.557004
 114.000000 0.223893 24.480928 22.557004
 114.200000 0.222790 25.081990 22.557004
 114.400000 0.222431 25.084774 22.557004
 114.600000 0.212233 24.544111 22.557004
 114.800000 0.198925 20.590098 22.557004
 115.000000 0.170779 5.903466 22.933311
 115.200000 0.173809 8.504729 22.933311
 115.400000 0.182085 12.410684 22.933311
 115.600000 0.181535 12.133042 22.933311
 115.800000 0.183680 13.224770 22.933311
 116.000000 0.186497 14.688844 22.933311
 116.200000 0.207380 24.008156 22.933311
 116.400000 0.228808 24.992498 22.933311
 116.600000 0.231585 24.950594 22.933311
 116.800000 0.230354 24.964855 22.933311
 117.000000 0.242751 25.287244 22.933311
 117.200000 0.235829 25.481193 22.933311
 117.400000 0.225878 25.362274 22.933311
 117.600000 0.204395 23.303285 22.933311
 117.800000 0.195545 20.060728 22.933311
 118.000000 0.194602 19.635019 22.933311
 118.200000 0.204350 23.881222 22.933311
 118.400000 0.193167 19.691704 22.933311
 118.600000 0.189045 17.600777 22.933311
 118.800000 0.175325 10.179420 22.933311
 119.000000 0.186054 15.986347 22.933311
 119.200000 0.190160 19.012676 22.933311
 119.400000 0.182747 14.999746 22.933311
 119.600000 0.200396 23.242168 22.933311
 119.800000 0.207232 24.837361 22.933311
 120.000000 0.212815 25.437656 23.475801
 120.200000 0.219534 26.086010 23.475801
 120.400000 0.209196 25.661152 23.475801
 120.600000 0.210240 25.785786 23.475801
 120.800000 0.225620 25.863657 23.475801
 121.000000 0.221297 26.034834 23.475801
 121.200000 0.224708 26.436016 23.475801
 121.400000 0.217261 26.646942 23.475801
 121.600000 0.219290 26.635381 23.475801
 121.800000 0.228611 26.238611 23.475801
 122.000000 0.226006 26.370173 23.475801
 122.200000 0.214506 26.976892 23.475801
 122.400000 0.242652 26.417706 23.475801
 122.600000 0.236568 26.431431 23.475801
 122.800000 0.220677 27.110729 23.475801
 123.000000 0.212587 26.812401 23.475801
 123.200000 0.218462 27.612898 23.475801
 123.400000 0.221954 27.516910 23.475801
 123.600000 0.221606 27.532727 23.475801
 123.800000 0.220184 27.584081 23.475801
 124.000000 0.234534 26.671730 23.475801
 124.200000 0.232228 27.336771 23.475801
 124.400000 0.241065 26.969614 23.475801
 124.600000 0.239563 27.002669 23.475801
 124.800000 0.217253 27.881865 23.475801
 125.000000 0.217569 27.892189 24.609455
 125.200000 0.223306 28.317416 24.609455
 125.400000 0.223162 28.324576 24.609455
 125.600000 0.232154 27.655758 24.609455
 125.800000 0.229076 27.910407 24.609455
 126.000000 0.245823 27.030332 24.609455
 126.200000 0.241094 27.615545 24.609455
 126.400000 0.234372 27.875030 24.609455
 126.600000 0.225885 28.375512 24.609455
 126.800000 0.219159 28.530660 24.609455
 127.000000 0.238170 27.701638 24.609455
 127.200000 0.237445 28.238271 24.609455
 127.400000 0.247064 27.979370 24.609455
 127.600000 0.217531 28.681096 24.609455
 127.800000 0.214795 28.452189 24.609455
 128.000000 0.224164 28.784345 24.609455
 128.200000 0.228492 29.106362 24.609455
 128.400000 0.213189 28.624400 24.609455
 128.600000 0.202757 25.781194 24.609455
 128.800000 0.202688 25.754550 24.609455
 129.000000 0.199972 24.634137 24.609455
 129.200000 0.201841 25.999789 24.609455
 129.400000 0.188117 18.838918 24.609455
 129.600000 0.183341 15.887523 24.609455
 129.800000 0.198673 24.631347 24.609455
 130.000000 0.217595 29.418310 25.812061
 130.200000 0.222400 29.926629 25.812061
 130.400000 0.225822 29.761448 25.812061
 130.600000 0.223551 29.885148 25.812061
 130.800000 0.220493 29.956504 25.812061
 131.000000 0.220367 29.956561 25.812061
 131.200000 0.226128 30.169107 25.812061
 131.400000 0.230535 29.755304 25.812061
 131.600000 0.215060 30.133550 25.812061
 131.800000 0.198453 24.894985 25.812061
 132.000000 0.202347 26.702997 25.812061
 132.200000 0.192505 22.054788 25.812061
 132.400000 0.196166 24.190347 25.812061
 132.600000 0.196365 24.300490 25.812061
 132.800000 0.190431 20.769284 25.812061
 133.000000 0.195185 23.638061 25.812061
 133.200000 0.187546 19.457626 25.812061
 133.400000 0.195388 24.363957 25.812061
 133.600000 0.188454 20.059932 25.812061
 133.800000 0.171177 9.037152 25.812061
 134.000000 0.165763 6.365304 25.812061
 134.200000 0.177126 13.530224 25.812061
 134.400000 0.193657 23.586865 25.812061
 134.600000 0.213043 30.579341 25.812061
 134.800000 0.218088 30.864261 25.812061
 135.000000 0.223084 30.668681 26.736960
 135.200000 0.218633 31.290060 26.736960
 135.400000 0.215124 31.153629 26.736960
 135.600000 0.216877 31.256191 26.736960
 135.800000 0.215606 31.188944 26.736960
 136.000000 0.222186 31.176900 26.736960
 136.200000 0.239923 29.279792 26.736960
 136.400000 0.230194 30.701247 26.736960
 136.600000 0.230993 30.582009 26.736960
 136.800000 0.237161 29.653303 26.736960
 137.000000 0.260149 27.780459 26.736960
 137.200000 0.268975 27.377032 26.736960
 137.400000 0.259539 28.323300 26.736960
 137.600000 0.253803 28.570134 26.736960
 137.800000 0.240229 29.450690 26.736960
 138.000000 0.230167 30.773281 26.736960
 138.200000 0.239235 29.930223 26.736960
 138.400000 0.238835 29.982188 26.736960
 138.600000 0.234176 30.637558 26.736960
 138.800000 0.220543 32.067158 26.736960
 139.000000 0.230616 31.154866 26.736960
 139.200000 0.246133 29.447362 26.736960
 139.400000 0.241727 29.959834 26.736960
 139.600000 0.241235 30.024454 26.736960
 139.800000 0.238268 30.440566 26.736960
 140.000000 0.233405 31.180397 28.053382
 140.200000 0.215065 32.271755 28.053382
 140.400000 0.217511 32.557217 28.053382
 140.600000 0.215204 32.291792 28.053382
 140.800000 0.230055 32.095180 28.053382
 141.000000 0.235970 31.216435 28.053382
 141.200000 0.219753 32.937696 28.053382
 141.400000 0.201119 27.856259 28.053382
 141.600000 0.191300 22.349503 28.053382
 141.800000 0.187487 19.950779 28.053382
 142.000000 0.177418 13.707950 28.053382
 142.200000 0.183270 18.158095 28.053382
 142.400000 0.191715 23.208373 28.053382
 142.600000 0.198123 26.691854 28.053382
 142.800000 0.184954 19.178502 28.053382
 143.000000 0.193697 24.334727 28.053382
 143.200000 0.194827 25.549298 28.053382
 143.400000 0.206049 30.562743 28.053382
 143.600000 0.208446 31.306545 28.053382
 143.800000 0.198699 27.538654 28.053382
 144.000000 0.166038 8.625236 28.053382
 144.200000 0.164207 8.919474 28.053382
 144.400000 0.192474 24.484039 28.053382
 144.600000 0.209734 31.668095 28.053382
 144.800000 0.221675 33.115754 28.053382
 145.000000 0.235936 31.667558 28.751076
 145.200000 0.243327 30.876074 28.751076
 145.400000 0.261869 28.534213 28.751076
 145.600000 0.234091 32.381846 28.751076
 145.800000 0.233168 32.517943 28.751076
 146.000000 0.232313 32.638449 28.751076
 146.200000 0.230841 33.237266 28.751076
 146.400000 0.226527 33.630672 28.751076
 146.600000 0.236128 32.459536 28.751076
 146.800000 0.240122 31.761025 28.751076
 147.000000 0.247686 30.449413 28.751076
 147.200000 0.225378 33.835502 28.751076
 147.400000 0.193410 25.009537 28.751076
 147.600000 0.179728 17.192430 28.751076
 147.800000 0.211876 32.459092 28.751076
 148.000000 0.228068 33.712721 28.751076
 148.200000 0.239159 32.612854 28.751076
 148.400000 0.237113 32.968191 28.751076
 148.600000 0.217032 33.700801 28.751076
 148.800000 0.229261 34.012348 28.751076
 149.000000 0.254291 30.003570 28.751076
 149.200000 0.241575 32.495158 28.751076
 149.400000 0.222676 34.251617 28.751076
 149.600000 0.218131 33.873132 28.751076
 149.800000 0.212796 32.908030 28.751076
 150.000000 0.233770 33.672055 29.987275
 150.200000 0.235022 33.897012 29.987275
 150.400000 0.225247 34.623441 29.987275
 150.600000 0.221804 34.494060 29.987275
 150.800000 0.231101 34.354588 29.987275
 151.000000 0.232681 34.192640 29.987275
 151.200000 0.239409 33.557778 29.987275
 151.400000 0.253863 30.825668 29.987275
 151.600000 0.265991 28.656719 29.987275
 151.800000 0.267315 28.385122 29.987275
 152.000000 0.254739 30.672711 29.987275
 152.200000 0.256742 30.769091 29.987275
 152.400000 0.266201 28.947435 29.987275
 152.600000 0.267024 28.764721 29.987275
 152.800000 0.260716 30.054851 29.987275
 153.000000 0.236553 34.256459 29.987275
 153.200000 0.229677 35.297164 29.987275
 153.400000 0.257319 30.813290 29.987275
 153.600000 0.255915 31.078922 29.987275
 153.800000 0.230758 35.240363 29.987275
 154.000000 0.246966 32.796238 29.987275
 154.200000 0.244772 33.623299 29.987275
 154.400000 0.268968 28.489132 29.987275
 154.600000 0.276095 26.607236 29.987275
 154.800000 0.269749 28.287408 29.987275
 155.000000 0.280409 25.537141 30.953166
 155.200000 0.259379 30.916698 30.953166
 155.400000 0.250443 32.590729 30.953166
 155.600000 0.252961 32.116418 30.953166
 155.800000 0.251737 32.346525 30.953166
 156.000000 0.242566 34.049500 30.953166
 156.200000 0.244062 34.166882 30.953166
 156.400000 0.261411 30.700235 30.953166
 156.600000 0.270523 28.603713 30.953166
 156.800000 0.265573 29.791144 30.953166
 157.000000 0.270420 28.629419 30.953166
 157.200000 0.268293 29.637362 30.953166
 157.400000 0.254930 32.308999 30.953166
 157.600000 0.264178 30.553227 30.953166
 157.800000 0.255320 32.238036 30.953166
 158.000000 0.248652 33.453085 30.953166
 158.200000 0.238493 35.434625 30.953166
 158.400000 0.222434 35.472651 30.953166
 158.600000 0.215480 34.154501 30.953166
 158.800000 0.208780 32.138559 30.953166
 159.000000 0.186541 21.151617 30.953166
 159.200000 0.160354 7.271112 30.953166
 159.400000 0.173900 14.402556 30.953166
 159.600000 0.173298 14.058198 30.953166
 159.800000 0.168927 11.623105 30.953166
 160.000000 0.169833 12.117892 31.507525
 160.200000 0.181893 19.831171 31.507525
 160.400000 0.174268 15.590460 31.507525
 160.600000 0.184876 21.474379 31.507525
 160.800000 0.184980 21.531251 31.507525
 161.000000 0.175048 16.024370 31.507525
 161.200000 0.176076 17.451381 31.507525
 161.400000 0.186890 23.197305 31.507525
 161.600000 0.181425 20.354618 31.507525
 161.800000 0.161689 9.358054 31.507525
 162.000000 0.172214 15.292391 31.507525
 162.200000 0.170590 15.254266 31.507525
 162.400000 0.181358 21.053793 31.507525
 162.600000 0.185235 22.958114 31.507525
 162.800000 0.193481 26.733054 31.507525
 163.000000 0.175265 17.869706 31.507525
 163.200000 0.150857 4.719484 31.507525
 163.400000 0.145865 2.839504 31.507525
 163.600000 0.158263 8.530271 31.507525
 163.800000 0.180617 21.420207 31.507525
 164.000000 0.206994 32.024199 31.507525
 164.200000 0.179297 20.842029 31.507525
 164.400000 0.157235 7.943345 31.507525
 164.600000 0.151364 4.944411 31.507525
 164.800000 0.166792 13.727978 31.507525
 165.000000 0.154434 6.426919 31.667749
 165.200000 0.168176 15.438972 31.667749
 165.400000 0.173317 18.205837 31.667749
 165.600000 0.175204 19.171948 31.667749
 165.800000 0.160360 10.985933 31.667749
 166.000000 0.141702 2.641624 31.667749
 166.200000 0.132752 2.220381 31.667749
 166.400000 0.140913 3.985887 31.667749
 166.600000 0.152937 8.160508 31.667749
 166.800000 0.151898 7.717191 31.667749
 167.000000 0.139505 3.628077 31.667749
 167.200000 0.139644 5.151111 31.667749
 167.400000 0.145190 6.617844 31.667749
 167.600000 0.155528 10.170320 31.667749
 167.800000 0.132363 3.482400 31.667749
 168.000000 0.131106 3.219289 31.667749
 168.200000 0.135979 5.719406 31.667749
 168.400000 0.125388 3.536147 31.667749
 168.600000 0.128810 4.257227 31.667749
 168.800000 0.131087 4.731650 31.667749
 169.000000 0.150529 8.945882 31.667749
 169.200000 0.150236 10.036705 31.667749
 169.400000 0.132645 5.626835 31.667749
 169.600000 0.132956 5.704381 31.667749
 169.800000 0.127847 4.427343 31.667749
 170.000000 0.140869 7.637473 31.628702
 170.200000 0.133397 6.913994 31.628702
 170.400000 0.146061 10.088244 31.628702
 170.600000 0.139388 8.520046 31.628702
 170.800000 0.140129 8.703046 31.628702
 171.000000 0.133872 7.049105 31.628702
 171.200000 0.123753 5.099499 31.628702
 171.400000 0.138210 9.448155 31.628702
 171.600000 0.128328 6.618094 31.628702
 171.800000 0.129863 7.115432 31.628702
 172.000000 0.127523 6.353036 31.628702
 172.200000 0.132374 9.143112 31.628702
 172.400000 0.144802 11.459085 31.628702
 172.600000 0.149712 12.106175 31.628702
 172.800000 0.153817 12.783799 31.628702
 173.000000 0.147518 11.807014 31.628702
 173.200000 0.150189 13.193463 31.628702
 173.400000 0.139676 11.628571 31.628702
 173.600000 0.134196 10.309227 31.628702
 173.800000 0.126475 7.705593 31.628702
 174.000000 0.125934 7.501387 31.628702
 174.200000 0.126141 8.832432 31.628702
 174.400000 0.124701 8.281268 31.628702
 174.600000 0.126377 8.920998 31.628702
 174.800000 0.125319 8.520129 31.628702
 175.000000 0.121196 6.892191 31.591937
 175.200000 0.140856 13.157886 31.591937
 175.400000 0.148300 13.603559 31.591937
 175.600000 0.155873 14.348209 31.591937
 175.800000 0.151341 13.818647 31.591937
 176.000000 0.152057 13.883037 31.591937
 176.200000 0.153250 14.944850 31.591937
 176.400000 0.156753 15.386083 31.591937
 176.600000 0.168272 18.000213 31.591937
 176.800000 0.166822 17.577176 31.591937
 177.000000 0.151160 14.744522 31.591937
 177.200000 0.161503 16.961079 31.591937
 177.400000 0.167321 18.227248 31.591937
 177.600000 0.160680 16.815327 31.591937
 177.800000 0.173747 20.072548 31.591937
 178.000000 0.157377 16.313657 31.591937
 178.200000 0.159030 17.389656 31.591937
 178.400000 0.158950 17.378130 31.591937
 178.600000 0.153016 16.631895 31.591937
 178.800000 0.128191 11.404006 31.591937
 179.000000 0.119373 7.658167 31.591937
 179.200000 0.125486 11.454619 31.591937
 179.400000 0.128251 12.471384 31.591937
 179.600000 0.114629 6.832564 31.591937
 179.800000 0.113624 6.405330 31.591937
 180.000000 0.128624 12.599412 31.557350
 180.200000 0.132375 14.722598 31.557350
 180.400000 0.135073 15.344963 31.557350
 180.600000 0.134198 15.160037 31.557350
 180.800000 0.121626 10.772045 31.557350
 181.000000 0.115662 7.964287 31.557350
 181.200000 0.113168 8.010850 31.557350
 181.400000 0.112886 7.877894 31.557350
 181.600000 0.136468 16.075850 31.557350
 181.800000 0.136418 16.069224 31.557350
 182.000000 0.135767 15.979215 31.557350
 182.200000 0.127588 14.868029 31.557350
 182.400000 0.132989 16.350724 31.557350
 182.600000 0.119590 11.494970 31.557350
 182.800000 0.132590 16.265918 31.557350
 183.000000 0.155708 17.590432 31.557350
 183.200000 0.168757 19.887279 31.557350
 183.400000 0.155509 18.379734 31.557350
 183.600000 0.162969 18.998348 31.557350
 183.800000 0.168645 19.866516 31.557350
 184.000000 0.160398 18.722877 31.557350
 184.200000 0.165428 20.047349 31.557350
 184.400000 0.159921 19.439106 31.557350
 184.600000 0.151123 18.848368 31.557350
 184.800000 0.147739 18.668589 31.557350
 185.000000 0.156794 19.188150 31.525797
 185.200000 0.171643 21.504712 31.525797
 185.400000 0.173239 21.777534 31.525797
 185.600000 0.170739 21.362554 31.525797
 185.800000 0.159090 20.102285 31.525797
 186.000000 0.156388 19.903751 31.525797
 186.200000 0.161208 20.958625 31.525797
 186.400000 0.169042 21.622430 31.525797
 186.600000 0.173221 22.157881 31.525797
 186.800000 0.193131 27.575746 31.525797
 187.000000 0.201200 30.516096 31.525797
 187.200000 0.186513 25.575589 31.525797
 187.400000 0.174400 22.435463 31.525797
 187.600000 0.178425 23.254958 31.525797
 187.800000 0.172687 22.151852 31.525797
 188.000000 0.184545 24.934899 31.525797
 188.200000 0.198917 30.504958 31.525797
 188.400000 0.191886 28.008756 31.525797
 188.600000 0.182303 24.830439 31.525797
 188.800000 0.202478 31.693168 31.525797
 189.000000 0.201959 31.525050 31.525797
 189.200000 0.199001 30.955272 31.525797
 189.400000 0.197716 30.500497 31.525797
 189.600000 0.202405 32.099033 31.525797
 189.800000 0.200614 31.509328 31.525797
 190.000000 0.196136 29.928090 31.909192
 190.200000 0.179835 24.543723 31.909192
 190.400000 0.171635 22.570195 31.909192
 190.600000 0.179226 24.365856 31.909192
 190.800000 0.167619 21.922283 31.909192
 191.000000 0.165627 21.661097 31.909192
 191.200000 0.166656 22.456829 31.909192
 191.400000 0.169005 22.776000 31.909192
 191.600000 0.170347 22.976845 31.909192
 191.800000 0.165242 22.281097 31.909192
 192.000000 0.161152 21.813712 31.909192
 192.200000 0.166100 23.013618 31.909192
 192.400000 0.157644 22.076782 31.909192
 192.600000 0.141307 19.510654 31.909192
 192.800000 0.125070 14.290310 31.909192
 193.000000 0.136405 18.345084 31.909192
 193.200000 0.143559 20.652465 31.909192
 193.400000 0.150573 21.632271 31.909192
 193.600000 0.154126 22.018815 31.909192
 193.800000 0.156065 22.211004 31.909192
 194.000000 0.161121 22.670340 31.909192
 194.200000 0.159624 23.172122 31.909192
 194.400000 0.161627 23.352064 31.909192
 194.600000 0.149055 21.910042 31.909192
 194.800000 0.132426 18.007684 31.909192
 195.000000 0.136975 19.441916 31.890261
 195.200000 0.129654 17.607589 31.890261
 195.400000 0.149172 22.456030 31.890261
 195.600000 0.136483 20.039116 31.890261
 195.800000 0.139306 20.775285 31.890261
 196.000000 0.145625 21.977136 31.890261
 196.200000 0.156011 23.652534 31.890261
 196.400000 0.149566 23.137978 31.890261
 196.600000 0.139065 21.315540 31.890261
 196.800000 0.133221 19.464125 31.890261
 197.000000 0.126333 16.364320 31.890261
 197.200000 0.144959 22.920532 31.890261
 197.400000 0.150524 23.464036 31.890261
 197.600000 0.150359 23.451971 31.890261
 197.800000 0.156657 23.796961 31.890261
 198.000000 0.164800 24.067344 31.890261
 198.200000 0.155724 24.256642 31.890261
 198.400000 0.154421 24.168620 31.890261
 198.600000 0.144220 23.055553 31.890261
 198.800000 0.154070 24.143395 31.890261
 199.000000 0.173392 25.131860 31.890261
 199.200000 0.157114 24.656542 31.890261
 199.400000 0.130255 19.113769 31.890261
 199.600000 0.141070 22.539913 31.890261
 199.800000 0.152425 24.229709 31.890261
 200.000000 0.159178 24.810017 31.888213
 200.200000 0.150830 24.553465 31.888213
 200.400000 0.144065 23.462725 31.888213
 200.600000 0.123508 15.718962 31.888213
 200.800000 0.134165 20.782708 31.888213
 201.000000 0.150771 24.545734 31.888213
 201.200000 0.145600 24.301799 31.888213
 201.400000 0.142507 23.646305 31.888213
 201.600000 0.147482 24.639770 31.888213
 201.800000 0.149982 25.024792 31.888213
 202.000000 0.142710 23.693320 31.888213
 202.200000 0.138953 23.306009 31.888213
 202.400000 0.123977 16.384332 31.888213
 202.600000 0.124459 16.675333 31.888213
 202.800000 0.128179 18.796596 31.888213
 203.000000 0.140964 23.872342 31.888213
 203.200000 0.152237 26.267211 31.888213
 203.400000 0.143205 25.012229 31.888213
 203.600000 0.157465 26.494956 31.888213
 203.800000 0.149991 26.071324 31.888213
 204.000000 0.148754 25.933858 31.888213
 204.200000 0.152869 26.841471 31.888213
 204.400000 0.149595 26.580110 31.888213
 204.600000 0.150928 26.706497 31.888213
 204.800000 0.160338 26.919849 31.888213
 205.000000 0.166568 26.678558 31.885644
 205.200000 0.153489 27.237245 31.885644
 205.400000 0.124025 16.881940 31.885644
 205.600000 0.119488 13.854770 31.885644
 205.800000 0.110119 7.801238 31.885644
 206.000000 0.112175 9.036118 31.885644
 206.200000 0.112981 10.707771 31.885644
 206.400000 0.111404 9.733007 31.885644
 206.600000 0.119671 15.011548 31.885644
 206.800000 0.116933 13.239646 31.885644
 207.000000 0.116290 12.823067 31.885644
 207.200000 0.116784 14.131256 31.885644
 207.400000 0.115235 13.128537 31.885644
 207.600000 0.111762 10.895755 31.885644
 207.800000 0.108434 8.846010 31.885644
 208.000000 0.102304 5.538083 31.885644
 208.200000 0.118484 15.985967 31.885644
 208.400000 0.117801 15.586512 31.885644
 208.600000 0.125279 19.730131 31.885644
 208.800000 0.125690 19.938365 31.885644
 209.000000 0.124160 19.151224 31.885644
 209.200000 0.115725 14.997425 31.885644
 209.400000 0.121551 18.471962 31.885644
 209.600000 0.113519 13.631340 31.885644
 209.800000 0.102574 7.298413 31.885644
 210.000000 0.107629 10.061042 31.855765
 210.200000 0.106394 10.466045 31.855765
 210.400000 0.113512 14.661828 31.855765
 210.600000 0.122796 19.834768 31.855765
 210.800000 0.139910 25.848900 31.855765
 211.000000 0.137507 25.312890 31.855765
 211.200000 0.123191 20.390950 31.855765
 211.400000 0.118445 17.770525 31.855765
 211.600000 0.123102 20.344522 31.855765
 211.800000 0.113476 14.796660 31.855765
 212.000000 0.122360 19.954316 31.855765
 212.200000 0.121250 20.072472 31.855765
 212.400000 0.107721 11.756702 31.855765
 212.600000 0.120682 19.756845 31.855765
 212.800000 0.107541 11.644782 31.855765
 213.000000 0.115191 16.480416 31.855765
 213.200000 0.119337 19.797387 31.855765
 213.400000 0.107590 12.414049 31.855765
 213.600000 0.111508 14.964602 31.855765
 213.800000 0.113740 16.403424 31.855765
 214.000000 0.117374 18.654861 31.855765
 214.200000 0.107436 12.926040 31.855765
 214.400000 0.116338 18.789728 31.855765
 214.600000 0.117338 19.395526 31.855765
 214.800000 0.117072 19.236355 31.855765
 215.000000 0.102009 9.397603 31.838185
 215.200000 0.109384 15.261162 31.838185
 215.400000 0.097416 7.855322 31.838185
 215.600000 0.096764 7.500204 31.838185
 215.800000 0.101039 9.956254 31.838185
 216.000000 0.087433 3.387805 31.838185
 216.200000 0.093767 7.350584 31.838185
 216.400000 0.098046 9.376265 31.838185
 216.600000 0.094667 7.752705 31.838185
 216.800000 0.087099 4.781320 31.838185
 217.000000 0.079892 2.783518 31.838185
 217.200000 0.088259 6.498436 31.838185
 217.400000 0.095677 9.107077 31.838185
 217.600000 0.098787 10.452914 31.838185
 217.800000 0.100817 11.414037 31.838185
 218.000000 0.089324 6.825524 31.838185
 218.200000 0.103512 13.603231 31.838185
 218.400000 0.108872 16.259632 31.838185
 218.600000 0.103745 13.713414 31.838185
 218.800000 0.095232 10.122018 31.838185
 219.000000 0.103284 13.496184 31.838185
 219.200000 0.103426 14.522211 31.838185
 219.400000 0.107989 16.720990 31.838185
 219.600000 0.108924 17.179720 31.838185
 219.800000 0.107988 16.720215 31.838185
 220.000000 0.096050 11.281585 31.805251
 220.200000 0.098562 13.375146 31.805251
 220.400000 0.112707 19.598462 31.805251
 220.600000 0.101777 14.741805 31.805251
 220.800000 0.104743 16.041089 31.805251
 221.000000 0.094264 11.621137 31.805251
 221.200000 0.106883 17.726578 31.805251
 221.400000 0.111111 19.445574 31.805251
 221.600000 0.103345 16.292552 31.805251
 221.800000 0.117320 21.885392 31.805251
 222.000000 0.109240 18.686472 31.805251
 222.200000 0.104340 17.415894 31.805251
 222.400000 0.100756 15.900750 31.805251
 222.600000 0.105718 17.993965 31.805251
 222.800000 0.129342 25.940569 31.805251
 223.000000 0.119338 23.234608 31.805251
 223.200000 0.110244 20.371374 31.805251
 223.400000 0.112126 21.155408 31.805251
 223.600000 0.117689 23.291027 31.805251
 223.800000 0.106145 18.593870 31.805251
 224.000000 0.110611 20.526109 31.805251
 224.200000 0.100797 16.773130 31.805251
 224.400000 0.115070 22.996202 31.805251
 224.600000 0.094487 13.771334 31.805251
 224.800000 0.099618 16.213857 31.805251
 225.000000 0.099201 16.015724 31.784900
 225.200000 0.101556 17.979078 31.784900
 225.400000 0.098778 16.671174 31.784900
 225.600000 0.088197 11.466813 31.784900
 225.800000 0.086163 10.466668 31.784900
 226.000000 0.101476 17.941732 31.784900
 226.200000 0.094961 15.536578 31.784900
 226.400000 0.089510 12.690365 31.784900
 226.600000 0.093771 14.923965 31.784900
 226.800000 0.115471 24.127758 31.784900
 227.000000 0.115269 24.067210 31.784900
 227.200000 0.111867 23.550139 31.784900
 227.400000 0.116262 24.957257 31.784900
 227.600000 0.107815 21.991287 31.784900
 227.800000 0.093723 15.111876 31.784900
 228.000000 0.109784 22.779477 31.784900
 228.200000 0.107530 22.500160 31.784900
 228.400000 0.112552 24.412788 31.784900
 228.600000 0.120152 26.445850 31.784900
 228.800000 0.116041 25.475236 31.784900
 229.000000 0.101698 19.777337 31.784900
 229.200000 0.106306 22.661121 31.784900
 229.400000 0.098598 18.870055 31.784900
 229.600000 0.096468 17.683819 31.784900
 229.800000 0.101284 20.292031 31.784900
 230.000000 0.100502 19.888212 31.772140
 230.200000 0.104165 22.402322 31.772140
 230.400000 0.097958 19.229796 31.772140
 230.600000 0.087803 13.094097 31.772140
 230.800000 0.092804 16.189791 31.772140
 231.000000 0.102665 21.698229 31.772140
 231.200000 0.104202 23.081453 31.772140
 231.400000 0.098275 20.044629 31.772140
 231.600000 0.092928 16.804359 31.772140
 231.800000 0.110644 25.497355 31.772140
 232.000000 0.135099 28.134971 31.772140
 232.200000 0.151429 28.324672 31.772140
 232.400000 0.168266 27.269408 31.772140
 232.600000 0.171734 27.102897 31.772140
 232.800000 0.171157 27.123088 31.772140
 233.000000 0.158461 27.957007 31.772140
 233.200000 0.167882 27.706689 31.772140
 233.400000 0.150579 28.797545 31.772140
 233.600000 0.156002 28.599975 31.772140
 233.800000 0.140970 28.863759 31.772140
 234.000000 0.144644 28.871590 31.772140
 234.200000 0.164149 28.230457 31.772140
 234.400000 0.164052 28.240582 31.772140
 234.600000 0.173237 27.456189 31.772140
 234.800000 0.189046 29.002715 31.772140
 235.000000 0.170200 27.647056 31.813455
 235.200000 0.164791 28.642420 31.813455
 235.400000 0.181530 28.061624 31.813455
 235.600000 0.173388 27.949123 31.813455
 235.800000 0.171741 28.044651 31.813455
 236.000000 0.170308 28.149283 31.813455
 236.200000 0.160332 29.421952 31.813455
 236.400000 0.162513 29.282275 31.813455
 236.600000 0.175328 28.351985 31.813455
 236.800000 0.179724 28.346157 31.813455
 237.000000 0.173717 28.420613 31.813455
 237.200000 0.177544 28.789092 31.813455
 237.400000 0.181604 28.873613 31.813455
 237.600000 0.196622 31.443811 31.813455
 237.800000 0.192360 30.424584 31.813455
 238.000000 0.176128 28.816473 31.813455
 238.200000 0.181922 29.341644 31.813455
 238.400000 0.172934 29.430734 31.813455
 238.600000 0.160971 30.018223 31.813455
 238.800000 0.174053 29.377446 31.813455
 239.000000 0.170194 29.585884 31.813455
 239.200000 0.163306 30.369920 31.813455
 239.400000 0.162026 30.394940 31.813455
 239.600000 0.167998 30.180032 31.813455
 239.800000 0.173031 29.885976 31.813455
 240.000000 0.158624 30.400123 31.932355
 240.200000 0.157021 30.822043 31.932355
 240.400000 0.146151 30.225097 31.932355
 240.600000 0.160296 30.857291 31.932355
 240.800000 0.172319 30.224521 31.932355
 241.000000 0.193508 31.100859 31.932355
 241.200000 0.190892 31.064956 31.932355
 241.400000 0.178833 30.114345 31.932355
 241.600000 0.192173 31.288548 31.932355
 241.800000 0.183757 30.232231 31.932355
 242.000000 0.187354 30.556084 31.932355
 242.200000 0.174232 30.580973 31.932355
 242.400000 0.164096 30.968468 31.932355
 242.600000 0.173476 30.608843 31.932355
 242.800000 0.168273 30.837319 31.932355
 243.000000 0.172017 30.669882 31.932355
 243.200000 0.171059 31.158560 31.932355
 243.400000 0.169080 31.240671 31.932355
 243.600000 0.166174 31.329171 31.932355
 243.800000 0.172718 31.085367 31.932355
 244.000000 0.175605 30.971763 31.932355
 244.200000 0.165702 31.692353 31.932355
 244.400000 0.177746 31.349799 31.932355
 244.600000 0.189653 31.817034 31.932355
 244.800000 0.177530 31.354931 31.932355
 245.000000 0.176047 31.397523 32.227585
 245.200000 0.168054 32.040114 32.227585
 245.400000 0.141034 29.968955 32.227585
 245.600000 0.125557 28.617578 32.227585
 245.800000 0.142658 30.117787 32.227585
 246.000000 0.157833 31.638577 32.227585
 246.200000 0.185976 31.910260 32.227585
 246.400000 0.184792 31.870617 32.227585
 246.600000 0.179891 31.880199 32.227585
 246.800000 0.179330 31.896790 32.227585
 247.000000 0.184054 31.854783 32.227585
 247.200000 0.188773 32.477847 32.227585
 247.400000 0.186543 32.353186 32.227585
 247.600000 0.186075 32.334003 32.227585
 247.800000 0.181356 32.267320 32.227585
 248.000000 0.155139 31.877480 32.227585
 248.200000 0.133088 29.560943 32.227585
 248.400000 0.146400 31.177952 32.227585
 248.600000 0.158538 32.633675 32.227585
 248.800000 0.187038 32.419459 32.227585
 249.000000 0.174407 32.645131 32.227585
 249.200000 0.183939 32.676516 32.227585
 249.400000 0.180774 32.744393 32.227585
 249.600000 0.182495 32.696719 32.227585
 249.800000 0.178414 32.844220 32.227585
 250.000000 0.196448 33.432931 32.570580
 250.200000 0.191137 33.283045 32.570580
 250.400000 0.196719 33.860216 32.570580
 250.600000 0.189886 33.187438 32.570580
 250.800000 0.184537 32.961901 32.570580
 251.000000 0.165250 33.317310 32.570580
 251.200000 0.153457 32.555623 32.570580
 251.400000 0.145171 31.235299 32.570580
 251.600000 0.148818 31.819094 32.570580
 251.800000 0.153462 32.556353 32.570580
 252.000000 0.135605 29.905796 32.570580
 252.200000 0.141463 31.104436 32.570580
 252.400000 0.138212 30.688432 32.570580
 252.600000 0.136466 30.472758 32.570580
 252.800000 0.153986 32.852548 32.570580
 253.000000 0.167215 33.790720 32.570580
 253.200000 0.181017 33.454390 32.570580
 253.400000 0.198901 34.203688 32.570580
 253.600000 0.191669 33.513777 32.570580
 253.800000 0.179761 33.522258 32.570580
 254.000000 0.157076 33.540496 32.570580
 254.200000 0.135746 30.569543 32.570580
 254.400000 0.152725 33.303741 32.570580
 254.600000 0.155700 33.750361 32.570580
 254.800000 0.158398 34.088520 32.570580
 255.000000 0.173608 34.143175 32.884430
 255.200000 0.190942 33.694581 32.884430
 255.400000 0.185364 33.672554 32.884430
 255.600000 0.185402 33.671407 32.884430
 255.800000 0.183832 33.732089 32.884430
 256.000000 0.169607 34.777394 32.884430
 256.200000 0.159529 34.745613 32.884430
 256.400000 0.156696 34.343419 32.884430
 256.600000 0.143580 31.897149 32.884430
 256.800000 0.154044 33.888460 32.884430
 257.000000 0.144730 32.108553 32.884430
 257.200000 0.138246 31.375848 32.884430
 257.400000 0.145085 32.593242 32.884430
 257.600000 0.130694 30.164939 32.884430
 257.800000 0.110901 25.911168 32.884430
 258.000000 0.104049 23.141716 32.884430
 258.200000 0.094338 18.219631 32.884430
 258.400000 0.092804 17.212568 32.884430
 258.600000 0.091174 16.124280 32.884430
 258.800000 0.096923 19.856376 32.884430
 259.000000 0.089294 14.856331 32.884430
 259.200000 0.086022 13.545704 32.884430
 259.400000 0.092402 17.829415 32.884430
 259.600000 0.087218 14.354408 32.884430
 259.800000 0.092297 17.760816 32.884430
 260.000000 0.084409 12.464614 33.024018
 260.200000 0.087368 15.440659 33.024018
 260.400000 0.083038 12.559795 33.024018
 260.600000 0.083940 13.156863 33.024018
 260.800000 0.089536 16.870160 33.024018
 261.000000 0.090870 17.733080 33.024018
 261.200000 0.090927 18.563507 33.024018
 261.400000 0.093580 20.205520 33.024018
 261.600000 0.090414 18.233719 33.024018
 261.800000 0.105875 25.921619 33.024018
 262.000000 0.117760 28.625535 33.024018
 262.200000 0.106759 26.577076 33.024018
 262.400000 0.116960 28.987737 33.024018
 262.600000 0.120022 29.441298 33.024018
 262.800000 0.128404 30.425036 33.024018
 263.000000 0.131742 30.794455 33.024018
 263.200000 0.129038 30.931041 33.024018
 263.400000 0.096870 22.276207 33.024018
 263.600000 0.091716 19.183282 33.024018
 263.800000 0.105950 26.405063 33.024018
 264.000000 0.102722 25.141973 33.024018
 264.200000 0.120883 30.170405 33.024018
 264.400000 0.121104 30.197619 33.024018
 264.600000 0.149031 33.626968 33.024018
 264.800000 0.158308 34.966596 33.024018
 265.000000 0.143943 32.834965 33.129203
 265.200000 0.139487 32.601928 33.129203
 265.400000 0.126622 31.016001 33.129203
 265.600000 0.125129 30.837064 33.129203
 265.800000 0.128670 31.256829 33.129203
 266.000000 0.133759 31.859339 33.129203
 266.200000 0.137113 32.697031 33.129203
 266.400000 0.143017 33.452984 33.129203
 266.600000 0.122687 30.854995 33.129203
 266.800000 0.122103 30.769854 33.129203
 267.000000 0.132894 32.176456 33.129203
 267.200000 0.131701 32.446879 33.129203
 267.400000 0.124087 31.404153 33.129203
 267.600000 0.135271 32.880909 33.129203
 267.800000 0.148012 34.375086 33.129203
 268.000000 0.162759 35.626652 33.129203
 268.200000 0.167174 35.900686 33.129203
 268.400000 0.173373 35.338854 33.129203
 268.600000 0.169368 35.751543 33.129203
 268.800000 0.161588 35.956278 33.129203
 269.000000 0.141331 33.716173 33.129203
 269.200000 0.155559 35.769722 33.129203
 269.400000 0.149194 35.091300 33.129203
 269.600000 0.140704 34.025316 33.129203
 269.800000 0.137416 33.595816 33.129203
 270.000000 0.128930 32.396424 33.450302
 270.200000 0.132092 33.265562 33.450302
 270.400000 0.124039 32.000988 33.450302
 270.600000 0.149118 35.248804 33.450302
 270.800000 0.140621 34.319524 33.450302
 271.000000 0.135627 33.728839 33.450302
 271.200000 0.135175 34.061388 33.450302
 271.400000 0.143402 34.971600 33.450302
 271.600000 0.158650 36.176151 33.450302
 271.800000 0.147507 35.362618 33.450302
 272.000000 0.151367 35.702472 33.450302
 272.200000 0.150171 35.956433 33.450302
 272.400000 0.150781 36.009615 33.450302
 272.600000 0.152804 36.173532 33.450302
 272.800000 0.154941 36.321020 33.450302
 273.000000 0.138403 34.693145 33.450302
 273.200000 0.147493 36.016762 33.450302
 273.400000 0.120573 31.807524 33.450302
 273.600000 0.125146 32.829756 33.450302
 273.800000 0.122494 32.250681 33.450302
 274.000000 0.119345 31.512717 33.450302
 274.200000 0.112429 30.027242 33.450302
 274.400000 0.100305 24.995612 33.450302
 274.600000 0.097828 23.619164 33.450302
 274.800000 0.101661 25.695593 33.450302
 275.000000 0.112568 30.071012 33.785457
 275.200000 0.113390 30.782152 33.785457
 275.400000 0.127490 33.957652 33.785457
 275.600000 0.121406 32.813292 33.785457
 275.800000 0.109137 29.359374 33.785457
 276.000000 0.118283 32.104881 33.785457
 276.200000 0.102695 26.816817 33.785457
 276.400000 0.106166 28.478511 33.785457
 276.600000 0.108694 29.534705 33.785457
 276.800000 0.099127 24.847472 33.785457
 277.000000 0.103187 27.067589 33.785457
 277.200000 0.120466 33.293646 33.785457
 277.400000 0.111132 30.892832 33.785457
 277.600000 0.101304 26.600763 33.785457
 277.800000 0.108572 29.977799 33.785457
 278.000000 0.104779 28.365351 33.785457
 278.200000 0.112476 31.754971 33.785457
 278.400000 0.112375 31.725452 33.785457
 278.600000 0.132032 35.079808 33.785457
 278.800000 0.130932 34.974354 33.785457
 279.000000 0.118008 33.112625 33.785457
 279.200000 0.116779 33.250349 33.785457
 279.400000 0.094709 23.025851 33.785457
 279.600000 0.081381 12.795690 33.785457
 279.800000 0.099295 26.099280 33.785457
 280.000000 0.087245 17.342564 33.910127
 280.200000 0.090892 20.970610 33.910127
 280.400000 0.102394 28.389705 33.910127
 280.600000 0.119709 33.917309 33.910127
 280.800000 0.117576 33.526467 33.910127
 281.000000 0.104656 29.482838 33.910127
 281.200000 0.104888 30.057863 33.910127
 281.400000 0.099423 27.201712 33.910127
 281.600000 0.109056 31.701613 33.910127
 281.800000 0.101896 28.594857 33.910127
 282.000000 0.097225 25.829691 33.910127
 282.200000 0.099233 27.637085 33.910127
 282.400000 0.097720 26.702678 33.910127
 282.600000 0.092233 22.828090 33.910127
 282.800000 0.090795 21.709154 33.910127
 283.000000 0.090222 21.254928 33.910127
 283.200000 0.094050 24.844493 33.910127
 283.400000 0.096451 26.493668 33.910127
 283.600000 0.093546 24.479407 33.910127
 283.800000 0.093074 24.131901 33.910127
 284.000000 0.104102 30.637773 33.910127
 284.200000 0.090177 22.188096 33.910127
 284.400000 0.089964 22.013940 33.910127
 284.600000 0.094296 25.381412 33.910127
 284.800000 0.095557 26.277586 33.910127
 285.000000 0.102909 30.552634 34.014623
 285.200000 0.104235 31.588180 34.014623
 285.400000 0.119783 34.983193 34.014623
 285.600000 0.106513 32.462166 34.014623
 285.800000 0.086173 19.060478 34.014623
 286.000000 0.088729 21.277149 34.014623
 286.200000 0.102971 31.461806 34.014623
 286.400000 0.104418 32.056479 34.014623
 286.600000 0.110003 33.745416 34.014623
 286.800000 0.101642 30.853375 34.014623
 287.000000 0.103361 31.629103 34.014623
 287.200000 0.122573 35.425357 34.014623
 287.400000 0.132105 35.708377 34.014623
 287.600000 0.134256 35.768865 34.014623
 287.800000 0.135561 35.807858 34.014623
 288.000000 0.135810 35.815488 34.014623
 288.200000 0.129276 35.957061 34.014623
 288.400000 0.132242 36.057076 34.014623
 288.600000 0.123938 35.735169 34.014623
 288.800000 0.122375 35.654919 34.014623
 289.000000 0.124995 35.784801 34.014623
 289.200000 0.112367 34.922799 34.014623
 289.400000 0.116202 35.488772 34.014623
 289.600000 0.117192 35.597794 34.014623
 289.800000 0.115009 35.339384 34.014623
 290.000000 0.130855 36.340875 34.370202
 290.200000 0.132569 36.724897 34.370202
 290.400000 0.106956 33.676623 34.370202
 290.600000 0.105737 33.248745 34.370202
 290.800000 0.098386 29.628507 34.370202
 291.000000 0.110965 34.789227 34.370202
 291.200000 0.119195 36.359671 34.370202
 291.400000 0.110534 35.060932 34.370202
 291.600000 0.116721 36.114755 34.370202
 291.800000 0.108033 34.382699 34.370202
 292.000000 0.122563 36.588697 34.370202
 292.200000 0.118306 36.609605 34.370202
 292.400000 0.118345 36.613610 34.370202
 292.600000 0.121278 36.854687 34.370202
 292.800000 0.117179 36.487453 34.370202
 293.000000 0.116275 36.376164 34.370202
 293.200000 0.135399 37.257022 34.370202
 293.400000 0.119777 37.080751 34.370202
 293.600000 0.121324 37.184806 34.370202
 293.800000 0.123321 37.280220 34.370202
 294.000000 0.130455 37.356417 34.370202
 294.200000 0.131695 37.668549 34.370202
 294.400000 0.121491 37.471466 34.370202
 294.600000 0.130466 37.687678 34.370202
 294.800000 0.123475 37.583318 34.370202
 295.000000 0.122515 37.534419 34.881888
 295.200000 0.112832 36.589755 34.881888
 295.400000 0.125102 37.969124 34.881888
 295.600000 0.132911 37.900668 34.881888
 295.800000 0.140943 37.516752 34.881888
 296.000000 0.136284 37.756204 34.881888
 296.200000 0.130489 38.274866 34.881888
 296.400000 0.119973 37.859105 34.881888
 296.600000 0.116333 37.378420 34.881888
 296.800000 0.130140 38.279394 34.881888
 297.000000 0.117179 37.509623 34.881888
 297.200000 0.125471 38.511520 34.881888
 297.400000 0.101972 32.691417 34.881888
 297.600000 0.121117 38.285709 34.881888
 297.800000 0.145573 37.630190 34.881888
 298.000000 0.140284 37.965128 34.881888
 298.200000 0.147560 37.809869 34.881888
 298.400000 0.123191 38.592389 34.881888
 298.600000 0.090721 24.342349 34.881888
 298.800000 0.084883 18.978510 34.881888
 299.000000 0.106439 34.926848 34.881888
 299.200000 0.097883 30.407360 34.881888
 299.400000 0.102670 33.451056 34.881888
 299.600000 0.106170 35.180628 34.881888
 299.800000 0.104481 34.397862 34.881888
 300.000000 0.112323 37.273007 35.484709
 300.200000 0.126479 39.104774 35.484709
 300.400000 0.126391 39.104847 35.484709
 300.600000 0.128422 39.082291 35.484709
 300.800000 0.124906 39.092772 35.484709
 301.000000 0.107868 36.190828 35.484709
 301.200000 0.118530 38.977181 35.484709
 301.400000 0.110192 37.349202 35.484709
 301.600000 0.106820 36.115657 35.484709
 301.800000 0.110762 37.520659 35.484709
 302.000000 0.112404 37.959217 35.484709
 302.200000 0.107977 36.890703 35.484709
 302.400000 0.099754 32.450842 35.484709
 302.600000 0.098727 31.722550 35.484709
 302.800000 0.114730 38.771000 35.484709
 303.000000 0.104632 35.386317 35.484709
 303.200000 0.099353 32.511123 35.484709
 303.400000 0.098802 32.112415 35.484709
 303.600000 0.108223 37.337208 35.484709
 303.800000 0.116047 39.254168 35.484709
 304.000000 0.119627 39.580913 35.484709
 304.200000 0.118703 39.821724 35.484709
 304.400000 0.132573 39.408274 35.484709
 304.600000 0.125751 39.900785 35.484709
 304.800000 0.116166 39.561757 35.484709
 305.000000 0.128591 39.743973 36.124883
 305.200000 0.131950 39.757821 36.124883
 305.400000 0.132145 39.738630 36.124883
 305.600000 0.136525 39.263079 36.124883
 305.800000 0.120223 40.165030 36.124883
 306.000000 0.123449 40.240057 36.124883
 306.200000 0.134713 39.688718 36.124883
 306.400000 0.161818 37.077884 36.124883
 306.600000 0.149276 37.980708 36.124883
 306.800000 0.128355 40.334234 36.124883
 307.000000 0.144605 38.450707 36.124883
 307.200000 0.148321 38.373162 36.124883
 307.400000 0.145573 38.658663 36.124883
 307.600000 0.135981 39.798614 36.124883
 307.800000 0.151144 38.112709 36.124883
 308.000000 0.152549 37.994483 36.124883
 308.200000 0.130428 40.469700 36.124883
 308.400000 0.139345 39.612465 36.124883
 308.600000 0.127955 40.616118 36.124883
 308.800000 0.131666 40.375264 36.124883
 309.000000 0.150082 38.524588 36.124883
 309.200000 0.128123 40.715550 36.124883
 309.400000 0.151621 38.706344 36.124883
 309.600000 0.153114 38.578610 36.124883
 309.800000 0.159929 37.951813 36.124883
 310.000000 0.161440 37.783173 36.770955
 310.200000 0.152283 38.919456 36.770955
 310.400000 0.153696 38.813131 36.770955
 310.600000 0.138348 40.052368 36.770955
 310.800000 0.134317 40.383199 36.770955
 311.000000 0.137057 40.162685 36.770955
 311.200000 0.153334 39.002657 36.770955
 311.400000 0.152175 39.103266 36.770955
 311.600000 0.152699 39.057988 36.770955
 311.800000 0.143695 39.854217 36.770955
 312.000000 0.145149 39.721386 36.770955
 312.200000 0.149741 39.597801 36.770955
 312.400000 0.142878 40.223913 36.770955
 312.600000 0.141141 40.376779 36.770955
 312.800000 0.137949 40.644531 36.770955
 313.000000 0.124858 41.122099 36.770955
 313.200000 0.124899 41.403414 36.770955
 313.400000 0.138871 40.751276 36.770955
 313.600000 0.138218 40.811553 36.770955
 313.800000 0.131186 41.317602 36.770955
 314.000000 0.142799 40.367663 36.770955
 314.200000 0.127637 41.597329 36.770955
 314.400000 0.126321 41.584505 36.770955
 314.600000 0.107191 37.641170 36.770955
 314.800000 0.104712 36.360924 36.770955
 315.000000 0.116082 40.562490 37.586314
 315.200000 0.118482 41.262758 37.586314
 315.400000 0.109627 38.950886 37.586314
 315.600000 0.115936 40.820136 37.586314
 315.800000 0.117592 41.125285 37.586314
 316.000000 0.100253 33.668001 37.586314
 316.200000 0.097953 32.283057 37.586314
 316.400000 0.095138 29.878262 37.586314
 316.600000 0.089621 24.601160 37.586314
 316.800000 0.100810 34.460162 37.586314
 317.000000 0.103465 36.216901 37.586314
 317.200000 0.097657 32.365340 37.586314
 317.400000 0.091204 26.422340 37.586314
 317.600000 0.101860 35.533102 37.586314
 317.800000 0.110574 39.930745 37.586314
 318.000000 0.116509 41.388849 37.586314
 318.200000 0.111212 40.400774 37.586314
 318.400000 0.089718 24.983026 37.586314
 318.600000 0.091224 26.508736 37.586314
 318.800000 0.098058 32.824563 37.586314
 319.000000 0.094825 29.988847 37.586314
 319.200000 0.092376 28.105384 37.586314
 319.400000 0.099854 34.686511 37.586314
 319.600000 0.102235 36.366320 37.586314
 319.800000 0.100860 35.423580 37.586314
 320.000000 0.113175 41.188588 38.136607
 320.200000 0.103905 37.638602 38.136607
 320.400000 0.095791 31.470593 38.136607
 320.600000 0.102509 36.761647 38.136607
 320.800000 0.110576 40.727531 38.136607
 321.000000 0.123589 42.534494 38.136607
 321.200000 0.121549 42.771297 38.136607
 321.400000 0.141308 41.147036 38.136607
 321.600000 0.150318 39.976322 38.136607
 321.800000 0.165590 37.811781 38.136607
 322.000000 0.169244 37.094780 38.136607
 322.200000 0.179232 35.321955 38.136607
 322.400000 0.142924 41.003367 38.136607
 322.600000 0.134716 42.017672 38.136607
 322.800000 0.145408 40.698693 38.136607
 323.000000 0.144493 40.810146 38.136607
 323.200000 0.145009 41.031121 38.136607
 323.400000 0.132133 42.497966 38.136607
 323.600000 0.134636 42.255618 38.136607
 323.800000 0.140905 41.532873 38.136607
 324.000000 0.143890 41.168091 38.136607
 324.200000 0.148873 40.827761 38.136607
 324.400000 0.144721 41.345663 38.136607
 324.600000 0.135763 42.377046 38.136607
 324.800000 0.152632 40.351393 38.136607
 325.000000 0.150551 40.616288 38.794034
 325.200000 0.169285 37.691090 38.794034
 325.400000 0.163007 39.031005 38.794034
 325.600000 0.167877 38.014447 38.794034
 325.800000 0.166310 38.360377 38.794034
 326.000000 0.178804 35.490331 38.794034
 326.200000 0.195163 34.387473 38.794034
 326.400000 0.205455 35.169243 38.794034
 326.600000 0.196685 34.452935 38.794034
 326.800000 0.206182 35.241649 38.794034
 327.000000 0.184939 34.815220 38.794034
 327.200000 0.166141 38.817499 38.794034
 327.400000 0.166749 38.703289 38.794034
 327.600000 0.166632 38.725344 38.794034
 327.800000 0.157798 40.120604 38.794034
 328.000000 0.169535 38.148731 38.794034
 328.200000 0.181093 36.003660 38.794034
 328.400000 0.170638 38.236934 38.794034
 328.600000 0.157015 40.446318 38.794034
 328.800000 0.153128 40.866548 38.794034
 329.000000 0.154092 40.764741 38.794034
 329.200000 0.155537 40.893057 38.794034
 329.400000 0.162287 40.009561 38.794034
 329.600000 0.158252 40.576078 38.794034
 329.800000 0.156778 40.753216 38.794034
 330.000000 0.149684 41.494397 39.148400
 330.200000 0.152956 41.437577 39.148400
 330.400000 0.172088 38.151880 39.148400
 330.600000 0.182832 35.764895 39.148400
 330.800000 0.177670 36.825202 39.148400
 331.000000 0.181227 36.063579 39.148400
 331.200000 0.175070 37.759471 39.148400
 331.400000 0.168886 39.147561 39.148400
 331.600000 0.175812 37.588466 39.148400
 331.800000 0.174445 37.903681 39.148400
 332.000000 0.172914 38.255211 39.148400
 332.200000 0.185789 35.862902 39.148400
 332.400000 0.182901 36.356622 39.148400
 332.600000 0.167548 39.721921 39.148400
 332.800000 0.150986 41.795855 39.148400
 333.000000 0.153117 41.613221 39.148400
 333.200000 0.163746 40.602648 39.148400
 333.400000 0.157016 41.511288 39.148400
 333.600000 0.156893 41.524357 39.148400
 333.800000 0.173547 38.536293 39.148400
 334.000000 0.182142 36.544933 39.148400
 334.200000 0.170269 39.556849 39.148400
 334.400000 0.151425 42.073139 39.148400
 334.600000 0.131872 43.209913 39.148400
 334.800000 0.140959 42.776695 39.148400
 335.000000 0.141102 42.768067 39.558352
 335.200000 0.144660 42.800990 39.558352
 335.400000 0.129212 43.463148 39.558352
 335.600000 0.127656 43.460807 39.558352
 335.800000 0.135239 43.322418 39.558352
 336.000000 0.140776 43.047974 39.558352
 336.200000 0.165940 40.530885 39.558352
 336.400000 0.175268 38.466189 39.558352
 336.600000 0.174849 38.566461 39.558352
 336.800000 0.172338 39.159384 39.558352
 337.000000 0.159953 41.510756 39.558352
 337.200000 0.155891 42.280798 39.558352
 337.400000 0.169039 40.131396 39.558352
 337.600000 0.169181 40.099341 39.558352
 337.800000 0.172393 39.341869 39.558352
 338.000000 0.159739 41.815599 39.558352
 338.200000 0.167619 40.678423 39.558352
 338.400000 0.171222 39.827332 39.558352
 338.600000 0.182959 36.901682 39.558352
 338.800000 0.174124 39.086325 39.558352
 339.000000 0.175934 38.614087 39.558352
 339.200000 0.198143 35.428288 39.558352
 339.400000 0.190408 35.893966 39.558352
 339.600000 0.182124 37.371587 39.558352
 339.800000 0.191384 35.787259 39.558352
 340.000000 0.166645 41.147020 40.083657
 340.200000 0.153781 43.045839 40.083657
 340.400000 0.160720 42.394373 40.083657
 340.600000 0.132043 43.758522 40.083657
 340.800000 0.129819 43.743957 40.083657
 341.000000 0.142827 43.569638 40.083657
 341.200000 0.149954 43.499326 40.083657
 341.400000 0.159382 42.690978 40.083657
 341.600000 0.166952 41.433641 40.083657
 341.800000 0.172437 40.120718 40.083657
 342.000000 0.180859 37.858852 40.083657
 342.200000 0.165865 41.852549 40.083657
 342.400000 0.173271 40.185981 40.083657
 342.600000 0.168927 41.230107 40.083657
 342.800000 0.157303 43.017994 40.083657
 343.000000 0.150900 43.485050 40.083657
 343.200000 0.153903 43.539730 40.083657
 343.400000 0.177495 39.120662 40.083657
 343.600000 0.190733 36.202371 40.083657
 343.800000 0.180751 38.245072 40.083657
 344.000000 0.200507 35.596123 40.083657
 344.200000 0.210206 36.226498 40.083657
 344.400000 0.209286 36.187296 40.083657
 344.600000 0.186067 37.219426 40.083657
 344.800000 0.187134 37.024663 40.083657
 345.000000 0.196435 36.035441 40.462573
 345.200000 0.201888 36.290688 40.462573
 345.400000 0.224180 36.663526 40.462573
 345.600000 0.230596 36.393605 40.462573
 345.800000 0.217258 36.639639 40.462573
 346.000000 0.196516 36.383537 40.462573
 346.200000 0.183002 38.326099 40.462573
 346.400000 0.192120 37.007342 40.462573
 346.600000 0.200190 36.631568 40.462573
 346.800000 0.220549 36.776901 40.462573
 347.000000 0.224730 36.711891 40.462573
 347.200000 0.240000 35.552201 40.462573
 347.400000 0.226276 36.999131 40.462573
 347.600000 0.196715 36.780715 40.462573
 347.800000 0.209591 36.880411 40.462573
 348.000000 0.195282 36.836025 40.462573
 348.200000 0.185287 38.180825 40.462573
 348.400000 0.192890 37.313123 40.462573
 348.600000 0.208403 37.078151 40.462573
 348.800000 0.235636 36.205387 40.462573
 349.000000 0.238290 35.826443 40.462573
 349.200000 0.225870 37.308751 40.462573
 349.400000 0.223712 37.353693 40.462573
 349.600000 0.215387 37.284816 40.462573
 349.800000 0.225689 37.314003 40.462573
 350.000000 0.222357 37.364686 40.510303
 350.200000 0.218799 37.666706 40.510303
 350.400000 0.210819 37.425736 40.510303
 350.600000 0.218109 37.653174 40.510303
 350.800000 0.209928 37.393985 40.510303
 351.000000 0.200526 37.167103 40.510303
 351.200000 0.194251 37.594163 40.510303
 351.400000 0.203929 37.537363 40.510303
 351.600000 0.201972 37.511346 40.510303
 351.800000 0.224495 37.762475 40.510303
 352.000000 0.220994 37.826008 40.510303
 352.200000 0.187472 38.136583 40.510303
 352.400000 0.190159 37.880857 40.510303
 352.600000 0.195699 37.625454 40.510303
 352.800000 0.203874 37.705365 40.510303
 353.000000 0.215928 38.101799 40.510303
 353.200000 0.225491 38.298523 40.510303
 353.400000 0.220842 38.455167 40.510303
 353.600000 0.198781 37.776232 40.510303
 353.800000 0.181656 39.023396 40.510303
 354.000000 0.196837 37.753550 40.510303
 354.200000 0.210562 38.452983 40.510303
 354.400000 0.216532 38.572023 40.510303
 354.600000 0.213048 38.518744 40.510303
 354.800000 0.204587 38.252520 40.510303
 355.000000 0.194478 38.089562 40.591639
 355.200000 0.196474 38.395981 40.591639
 355.400000 0.189207 38.612994 40.591639
 355.600000 0.186134 38.870069 40.591639
 355.800000 0.191177 38.506275 40.591639
 356.000000 0.198527 38.404442 40.591639
 356.200000 0.183090 39.420013 40.591639
 356.400000 0.190150 38.827152 40.591639
 356.600000 0.190907 38.796402 40.591639
 356.800000 0.180572 39.764167 40.591639
 357.000000 0.188498 38.915182 40.591639
 357.200000 0.189767 39.152909 40.591639
 357.400000 0.163544 42.718568 40.591639
 357.600000 0.169476 41.847189 40.591639
 357.800000 0.179704 40.157461 40.591639
 358.000000 0.192770 39.038388 40.591639
 358.200000 0.189784 39.453480 40.591639
 358.400000 0.178711 40.504658 40.591639
 358.600000 0.172400 41.476667 40.591639
 358.800000 0.157401 43.368869 40.591639
 359.000000 0.171273 41.656554 40.591639
 359.200000 0.170051 42.122110 40.591639
 359.400000 0.188647 39.650845 40.591639
 359.600000 0.205744 39.205388 40.591639
 359.800000 0.199990 39.283829 40.591639
 360.000000 0.173732 41.534284 40.842689
 360.200000 0.173986 41.768265 40.842689
 360.400000 0.177889 41.135725 40.842689
 360.600000 0.181038 40.660691 40.842689
 360.800000 0.199600 39.351270 40.842689
 361.000000 0.209171 39.168950 40.842689
 361.200000 0.226467 38.563383 40.842689
 361.400000 0.240007 36.366873 40.842689
 361.600000 0.244158 35.448185 40.842689
 361.800000 0.243790 35.532071 40.842689
 362.000000 0.246220 34.972175 40.842689
 362.200000 0.250955 34.225770 40.842689
 362.400000 0.246506 35.274158 40.842689
 362.600000 0.233173 37.919722 40.842689
 362.800000 0.226990 38.669272 40.842689
 363.000000 0.212430 39.424395 40.842689
 363.200000 0.199060 39.811469 40.842689
 363.400000 0.205262 39.814967 40.842689
 363.600000 0.214942 39.654074 40.842689
 363.800000 0.200927 39.814307 40.842689
 364.000000 0.212189 39.732279 40.842689
 364.200000 0.226785 39.065013 40.842689
 364.400000 0.211124 40.052310 40.842689
 364.600000 0.211048 40.053667 40.842689
 364.800000 0.214680 39.956877 40.842689
 365.000000 0.209361 40.076910 40.938310
 365.200000 0.199305 40.252135 40.938310
 365.400000 0.188758 40.218767 40.938310
 365.600000 0.208460 40.377091 40.938310
 365.800000 0.209603 40.367906 40.938310
 366.000000 0.215298 40.204943 40.938310
 366.200000 0.231276 38.721679 40.938310
 366.400000 0.241554 36.563870 40.938310
 366.600000 0.207441 40.633333 40.938310
 366.800000 0.203852 40.564677 40.938310
 367.000000 0.188198 40.297752 40.938310
 367.200000 0.164112 43.250244 40.938310
 367.400000 0.167929 42.831580 40.938310
 367.600000 0.184497 40.792739 40.938310
 367.800000 0.195709 40.555994 40.938310
 368.000000 0.207737 40.760143 40.938310
 368.200000 0.213215 40.915480 40.938310
 368.400000 0.196714 40.793919 40.938310
 368.600000 0.201365 40.946432 40.938310
 368.800000 0.204043 41.012162 40.938310
 369.000000 0.198807 40.864245 40.938310
 369.200000 0.198873 41.149969 40.938310
 369.400000 0.175794 41.882964 40.938310
 369.600000 0.180797 41.329455 40.938310
 369.800000 0.193844 40.981383 40.938310
 370.000000 0.194084 40.988058 41.137817
 370.200000 0.177216 41.859477 41.137817
 370.400000 0.161071 43.545749 41.137817
 370.600000 0.164025 43.318210 41.137817
 370.800000 0.181989 41.430632 41.137817
 371.000000 0.203888 41.504342 41.137817
 371.200000 0.189340 41.360087 41.137817
 371.400000 0.171124 42.592138 41.137817
 371.600000 0.164226 43.308531 41.137817
 371.800000 0.166264 43.119913 41.137817
 372.000000 0.170038 42.716548 41.137817
 372.200000 0.157314 43.941735 41.137817
 372.400000 0.162796 43.657922 41.137817
 372.600000 0.190109 41.479124 41.137817
 372.800000 0.180877 41.798811 41.137817
 373.000000 0.172060 42.742658 41.137817
 373.200000 0.176767 42.445478 41.137817
 373.400000 0.170684 43.163063 41.137817
 373.600000 0.155358 44.142423 41.137817
 373.800000 0.146124 44.222172 41.137817
 374.000000 0.146549 44.220931 41.137817
 374.200000 0.156529 44.315729 41.137817
 374.400000 0.157093 44.298194 41.137817
 374.600000 0.159431 44.205763 41.137817
 374.800000 0.141890 44.453691 41.137817
 375.000000 0.143787 44.464813 41.611209
 375.200000 0.139140 44.656455 41.611209
 375.400000 0.142215 44.696170 41.611209
 375.600000 0.143013 44.702344 41.611209
 375.800000 0.134716 44.536981 41.611209
 376.000000 0.143210 44.703547 41.611209
 376.200000 0.160813 44.381000 41.611209
 376.400000 0.200133 41.796913 41.611209
 376.600000 0.214842 41.316470 41.611209
 376.800000 0.247622 35.100131 41.611209
 377.000000 0.254190 33.486682 41.611209
 377.200000 0.237785 37.711026 41.611209
 377.400000 0.207133 41.780555 41.611209
 377.600000 0.205139 41.818635 41.611209
 377.800000 0.209024 41.714971 41.611209
 378.000000 0.200646 41.805395 41.611209
 378.200000 0.215200 41.465471 41.611209
 378.400000 0.216648 41.308969 41.611209
 378.600000 0.229394 39.404783 41.611209
 378.800000 0.239703 37.301908 41.611209
 379.000000 0.242114 36.756568 41.611209
 379.200000 0.244358 36.572036 41.611209
 379.400000 0.241440 37.250643 41.611209
 379.600000 0.252985 34.432229 41.611209
 379.800000 0.250477 35.065713 41.611209
 380.000000 0.239834 37.609133 41.800606
 380.200000 0.243317 37.137213 41.800606
 380.400000 0.266420 30.927070 41.800606
 380.600000 0.264975 31.352340 41.800606
 380.800000 0.261198 32.426621 41.800606
 381.000000 0.251048 35.169746 41.800606
 381.200000 0.276941 27.771212 41.800606
 381.400000 0.293366 24.137905 41.800606
 381.600000 0.289725 24.649692 41.800606
 381.800000 0.278710 27.230540 41.800606
 382.000000 0.292961 24.188058 41.800606
 382.200000 0.296324 24.391532 41.800606
 382.400000 0.298053 24.205617 41.800606
 382.600000 0.287912 25.526771 41.800606
 382.800000 0.288797 25.378511 41.800606
 383.000000 0.312917 22.318156 41.800606
 383.200000 0.352806 13.787550 41.800606
 383.400000 0.370925 11.628150 41.800606
 383.600000 0.361439 12.495441 41.800606
 383.800000 0.336744 17.820465 41.800606
 384.000000 0.305634 23.923366 41.800606
 384.200000 0.286043 26.255871 41.800606
 384.400000 0.290103 25.729671 41.800606
 384.600000 0.290730 25.666418 41.800606
 384.800000 0.280916 27.246781 41.800606
 385.000000 0.285562 26.333068 41.786419
 385.200000 0.298044 25.515141 41.786419
 385.400000 0.319673 22.214421 41.786419
 385.600000 0.329435 19.871514 41.786419
 385.800000 0.314907 23.221273 41.786419
 386.000000 0.320048 22.130878 41.786419
 386.200000 0.308643 24.815180 41.786419
 386.400000 0.289062 26.447653 41.786419
 386.600000 0.294728 25.948901 41.786419
 386.800000 0.305780 25.143010 41.786419
 387.000000 0.302562 25.430637 41.786419
 387.200000 0.281232 27.921098 41.786419
 387.400000 0.284078 27.430378 41.786419
 387.600000 0.290490 26.703251 41.786419
 387.800000 0.289811 26.757758 41.786419
 388.000000 0.287918 26.935102 41.786419
 388.200000 0.286885 27.575361 41.786419
 388.400000 0.293946 26.968070 41.786419
 388.600000 0.283409 28.040201 41.786419
 388.800000 0.272138 30.341469 41.786419
 389.000000 0.272925 30.153494 41.786419
 389.200000 0.284863 28.162222 41.786419
 389.400000 0.291110 27.391093 41.786419
 389.600000 0.294281 27.110902 41.786419
 389.800000 0.304508 26.159390 41.786419
 390.000000 0.298176 26.796038 41.766160
 390.200000 0.308333 26.034857 41.766160
 390.400000 0.306124 26.406729 41.766160
 390.600000 0.313246 25.025302 41.766160
 390.800000 0.339927 17.301206 41.766160
 391.000000 0.337122 18.182519 41.766160
 391.200000 0.356133 13.583340 41.766160
 391.400000 0.363759 12.425686 41.766160
 391.600000 0.358247 13.199643 41.766160
 391.800000 0.373489 11.420402 41.766160
 392.000000 0.378010 10.867539 41.766160
 392.200000 0.382119 11.287857 41.766160
 392.400000 0.381135 11.462553 41.766160
 392.600000 0.353139 14.493848 41.766160
 392.800000 0.345180 16.501559 41.766160
 393.000000 0.358902 13.569543 41.766160
 393.200000 0.380519 11.904073 41.766160
 393.400000 0.411802 4.748706 41.766160
 393.600000 0.397548 7.858701 41.766160
 393.800000 0.369711 13.472225 41.766160
 394.000000 0.349518 16.101108 41.766160
 394.200000 0.353116 16.215917 41.766160
 394.400000 0.385210 10.931465 41.766160
 394.600000 0.419454 3.251785 41.766160
 394.800000 0.410129 5.090743 41.766160
 395.000000 0.388949 10.003353 41.743523
 395.200000 0.408350 5.944049 41.743523
 395.400000 0.394953 9.527518 41.743523
 395.600000 0.414124 4.554136 41.743523
 395.800000 0.390742 10.661942 41.743523
 396.000000 0.378024 13.365519 41.743523
 396.200000 0.398392 8.963056 41.743523
 396.400000 0.423035 2.700349 41.743523
 396.600000 0.431277 1.397946 41.743523
 396.800000 0.424240 2.479839 41.743523
 397.000000 0.403204 7.508274 41.743523
 397.200000 0.407930 7.372323 41.743523
 397.400000 0.407303 7.557172 41.743523
 397.600000 0.428763 2.033793 41.743523
 397.800000 0.426023 2.563695 41.743523
 398.000000 0.424942 2.792545 41.743523
 398.200000 0.430067 3.265204 41.743523
 398.400000 0.446108 0.834859 41.743523
 398.600000 0.435677 2.221790 41.743523
 398.800000 0.425602 4.195453 41.743523
 399.000000 0.408391 8.075416 41.743523
 399.200000 0.418939 6.620432 41.743523
 399.400000 0.399310 11.263350 41.743523
 399.600000 0.391295 12.839947 41.743523
 399.800000 0.404125 10.252561 41.743523
 400.000000 0.407960 9.396892 41.721145
