#! FIELDS time d metad.bias metad.rct
 0.000000 0.247970 0.000000 0.000000
 0.200000 0.240167 0.000000 0.000000
 0.400000 0.261189 0.000000 0.000000
 0.600000 0.245308 0.000000 0.000000
 0.800000 0.248127 0.000000 0.000000
 1.000000 0.239723 0.000000 0.000000
 1.200000 0.258063 0.826933 0.000000
 1.400000 0.276581 0.082280 0.000000
 1.600000 0.273633 0.132808 0.000000
 1.800000 0.261011 0.637117 0.000000
 2.000000 0.269328 0.246643 0.000000
 2.200000 0.279193 1.445218 0.000000
 2.400000 0.270737 1.926661 0.000000
 2.600000 0.281844 1.251704 0.000000
 2.800000 0.274253 1.760420 0.000000
 3.000000 0.272761 1.837736 0.000000
 3.200000 0.283369 2.392672 0.000000
 3.400000 0.263308 3.424164 0.000000
 3.600000 0.260211 3.260194 0.000000
 3.800000 0.267715 3.548452 0.000000
 4.000000 0.269873 3.541722 0.000000
 4.200000 0.267673 5.026655 0.000000
 4.400000 0.268965 5.042545 0.000000
 4.600000 0.252601 3.557916 0.000000
 4.800000 0.244454 2.722624 0.000000
 5.000000 0.233584 1.834762 1.324630
 5.200000 0.242853 3.916971 1.324630
 5.400000 0.264874 5.080496 1.324630
 5.600000 0.260297 4.811620 1.324630
 5.800000 0.261108 4.868456 1.324630
 6.000000 0.253380 4.323710 1.324630
 6.200000 0.233111 3.985189 1.324630
 6.400000 0.252843 5.734453 1.324630
 6.600000 0.248124 5.431623 1.324630
 6.800000 0.250391 5.580449 1.324630
 7.000000 0.250424 5.582558 1.324630
 7.200000 0.259720 7.215479 1.324630
 7.400000 0.254565 7.150964 1.324630
 7.600000 0.263269 7.109420 1.324630
 7.800000 0.260447 7.204884 1.324630
 8.000000 0.265495 6.966897 1.324630
 8.200000 0.263153 8.382677 1.324630
 8.400000 0.259974 8.411283 1.324630
 8.600000 0.250990 7.785443 1.324630
 8.800000 0.251156 7.803933 1.324630
 9.000000 0.257444 8.326117 1.324630
 9.200000 0.258265 9.569013 1.324630
 9.400000 0.250526 8.818312 1.324630
 9.600000 0.242113 7.247375 1.324630
 9.800000 0.243151 7.469664 1.324630
 10.000000 0.235306 5.666754 4.433480
 10.200000 0.239406 7.950557 4.433480
 10.400000 0.252825 9.815812 4.433480
 10.600000 0.260137 9.945527 4.433480
 10.800000 0.264457 9.607207 4.433480
 11.000000 0.258089 9.989714 4.433480
 11.200000 0.246522 10.001905 4.433480
 11.400000 0.243131 9.332889 4.433480
 11.600000 0.243536 9.419273 4.433480
 11.800000 0.256303 11.087526 4.433480
 12.000000 0.252847 10.872175 4.433480
 12.200000 0.245853 10.846776 4.433480
 12.400000 0.239370 9.176173 4.433480
 12.600000 0.245644 10.801240 4.433480
 12.800000 0.257597 12.136450 4.433480
 13.000000 0.239504 9.215374 4.433480
 13.200000 0.225125 5.326483 4.433480
 13.400000 0.216088 2.516788 4.433480
 13.600000 0.215743 2.431531 4.433480
 13.800000 0.235443 9.084800 4.433480
 14.000000 0.229017 6.757500 4.433480
 14.200000 0.230621 8.641950 4.433480
 14.400000 0.219513 4.518826 4.433480
 14.600000 0.240876 11.709442 4.433480
 14.800000 0.259448 12.705091 4.433480
 15.000000 0.280091 6.302069 7.619524
 15.200000 0.281358 7.116796 7.619524
 15.400000 0.254819 13.389147 7.619524
 15.600000 0.249087 13.092346 7.619524
 15.800000 0.259263 13.230797 7.619524
 16.000000 0.264255 12.599691 7.619524
 16.200000 0.285134 6.009575 7.619524
 16.400000 0.292104 3.414156 7.619524
 16.600000 0.282971 6.932006 7.619524
 16.800000 0.276334 9.816963 7.619524
 17.000000 0.272047 11.489390 7.619524
 17.200000 0.288162 5.384115 7.619524
 17.400000 0.287591 5.628165 7.619524
 17.600000 0.277508 10.301181 7.619524
 17.800000 0.279140 9.550072 7.619524
 18.000000 0.291231 4.160253 7.619524
 18.200000 0.290843 5.759391 7.619524
 18.400000 0.291346 5.571501 7.619524
 18.600000 0.284864 8.178630 7.619524
 18.800000 0.285094 8.081060 7.619524
 19.000000 0.280501 10.034038 7.619524
 19.200000 0.263571 15.461446 7.619524
 19.400000 0.243747 12.968470 7.619524
 19.600000 0.238940 11.629048 7.619524
 19.800000 0.252834 14.809489 7.619524
 20.000000 0.242702 12.699048 10.292538
 20.200000 0.244131 14.054023 10.292538
 20.400000 0.249224 15.092997 10.292538
 20.600000 0.266836 15.440085 10.292538
 20.800000 0.284320 9.512832 10.292538
 21.000000 0.280625 11.139964 10.292538
 21.200000 0.284786 10.329065 10.292538
 21.400000 0.286330 9.602503 10.292538
 21.600000 0.287537 9.031785 10.292538
 21.800000 0.293218 6.429365 10.292538
 22.000000 0.276571 13.805038 10.292538
 22.200000 0.261300 16.998196 10.292538
 22.400000 0.267442 16.847757 10.292538
 22.600000 0.277516 14.403603 10.292538
 22.800000 0.281546 12.700642 10.292538
 23.000000 0.282171 12.410544 10.292538
 23.200000 0.305433 2.721390 10.292538
 23.400000 0.296028 6.324742 10.292538
 23.600000 0.298570 5.179038 10.292538
 23.800000 0.290773 8.979126 10.292538
 24.000000 0.302098 3.792821 10.292538
 24.200000 0.314338 1.988747 10.292538
 24.400000 0.313245 2.198651 10.292538
 24.600000 0.293571 8.784746 10.292538
 24.800000 0.301177 5.605179 10.292538
 25.000000 0.307286 3.619319 12.017124
 25.200000 0.291072 10.778115 12.017124
 25.400000 0.288334 11.914717 12.017124
 25.600000 0.289019 11.629417 12.017124
 25.800000 0.276268 16.296107 12.017124
 26.000000 0.269083 17.517034 12.017124
 26.200000 0.273754 17.638961 12.017124
 26.400000 0.258346 17.717505 12.017124
 26.600000 0.262599 18.255038 12.017124
 26.800000 0.265734 18.419407 12.017124
 27.000000 0.251049 16.250586 12.017124
 27.200000 0.238062 13.041951 12.017124
 27.400000 0.242224 14.571178 12.017124
 27.600000 0.229378 9.266961 12.017124
 27.800000 0.227508 8.403130 12.017124
 28.000000 0.234622 11.623304 12.017124
 28.200000 0.257764 18.704965 12.017124
 28.400000 0.226543 8.861655 12.017124
 28.600000 0.211895 2.753913 12.017124
 28.800000 0.215100 3.795444 12.017124
 29.000000 0.219003 5.329237 12.017124
 29.200000 0.227996 10.726617 12.017124
 29.400000 0.228408 10.908794 12.017124
 29.600000 0.220047 7.159961 12.017124
 29.800000 0.231719 12.324717 12.017124
 30.000000 0.234454 13.404391 13.931372
 30.200000 0.220478 7.972219 13.931372
 30.400000 0.222260 8.833024 13.931372
 30.600000 0.228578 11.875576 13.931372
 30.800000 0.237303 15.366783 13.931372
 31.000000 0.250275 18.224555 13.931372
 31.200000 0.253491 19.391469 13.931372
 31.400000 0.252715 19.308424 13.931372
 31.600000 0.253787 19.421254 13.931372
 31.800000 0.256257 19.631526 13.931372
 32.000000 0.254531 19.491921 13.931372
 32.200000 0.255494 20.307023 13.931372
 32.400000 0.244697 18.603166 13.931372
 32.600000 0.245456 18.783944 13.931372
 32.800000 0.247231 19.167981 13.931372
 33.000000 0.220221 8.004801 13.931372
 33.200000 0.222039 10.141811 13.931372
 33.400000 0.228264 13.211804 13.931372
 33.600000 0.212215 5.518228 13.931372
 33.800000 0.230297 14.150224 13.931372
 34.000000 0.241177 18.086815 13.931372
 34.200000 0.243176 19.362714 13.931372
 34.400000 0.249862 20.475056 13.931372
 34.600000 0.236825 17.506417 13.931372
 34.800000 0.235244 16.913950 13.931372
 35.000000 0.219631 9.214606 15.840891
 35.200000 0.212567 6.829092 15.840891
 35.400000 0.209240 5.350915 15.840891
 35.600000 0.214559 7.786579 15.840891
 35.800000 0.244174 19.882263 15.840891
 36.000000 0.240581 19.142058 15.840891
 36.200000 0.210641 6.053738 15.840891
 36.400000 0.221642 11.761669 15.840891
 36.600000 0.222594 12.283874 15.840891
 36.800000 0.216714 9.075397 15.840891
 37.000000 0.218920 10.266543 15.840891
 37.200000 0.219449 11.662996 15.840891
 37.400000 0.221841 12.957899 15.840891
 37.600000 0.212532 7.953005 15.840891
 37.800000 0.224894 14.551881 15.840891
 38.000000 0.230935 17.336248 15.840891
 38.200000 0.223403 14.497129 15.840891
 38.400000 0.215928 10.235479 15.840891
 38.600000 0.208686 6.343670 15.840891
 38.800000 0.218925 11.963241 15.840891
 39.000000 0.213264 8.734693 15.840891
 39.200000 0.213480 10.039801 15.840891
 39.400000 0.198270 3.103658 15.840891
 39.600000 0.190642 1.283781 15.840891
 39.800000 0.215699 11.274731 15.840891
 40.000000 0.241526 21.287162 17.418152
 40.200000 0.227981 18.023729 17.418152
 40.400000 0.200963 4.045573 17.418152
 40.600000 0.195030 2.196944 17.418152
 40.800000 0.204326 5.426459 17.418152
 41.000000 0.217353 12.381437 17.418152
 41.200000 0.202247 5.151621 17.418152
 41.400000 0.206004 6.955563 17.418152
 41.600000 0.196750 3.046876 17.418152
 41.800000 0.207487 7.735893 17.418152
 42.000000 0.214436 11.691602 17.418152
 42.200000 0.212146 11.381446 17.418152
 42.400000 0.205107 7.357677 17.418152
 42.600000 0.203828 6.687239 17.418152
 42.800000 0.205307 7.465025 17.418152
 43.000000 0.209367 9.748944 17.418152
 43.200000 0.189323 1.967855 17.418152
 43.400000 0.193730 3.236781 17.418152
 43.600000 0.201049 6.304759 17.418152
 43.800000 0.190750 2.331536 17.418152
 44.000000 0.202760 7.178116 17.418152
 44.200000 0.200078 7.083117 17.418152
 44.400000 0.214095 14.564471 17.418152
 44.600000 0.195431 4.971878 17.418152
 44.800000 0.200619 7.351540 17.418152
 45.000000 0.199620 6.859423 17.977513
 45.200000 0.209990 13.391024 17.977513
 45.400000 0.210433 13.611396 17.977513
 45.600000 0.198834 7.770287 17.977513
 45.800000 0.213012 14.864133 17.977513
 46.000000 0.215540 16.031616 17.977513
 46.200000 0.213964 16.163868 17.977513
 46.400000 0.207229 12.729443 17.977513
 46.600000 0.213039 15.722149 17.977513
 46.800000 0.228782 21.331893 17.977513
 47.000000 0.218245 18.041940 17.977513
 47.200000 0.225671 21.258233 17.977513
 47.400000 0.241341 23.042791 17.977513
 47.600000 0.229021 21.988880 17.977513
 47.800000 0.214120 16.991356 17.977513
 48.000000 0.223487 20.662151 17.977513
 48.200000 0.236393 23.374685 17.977513
 48.400000 0.244288 23.262498 17.977513
 48.600000 0.255313 22.336273 17.977513
 48.800000 0.244848 23.230697 17.977513
 49.000000 0.235977 23.358503 17.977513
 49.200000 0.215327 18.401343 17.977513
 49.400000 0.213195 17.282438 17.977513
 49.600000 0.220946 20.904165 17.977513
 49.800000 0.198655 8.674815 17.977513
 50.000000 0.192490 5.521133 19.283345
 50.200000 0.204740 13.270065 19.283345
 50.400000 0.191532 6.462913 19.283345
 50.600000 0.185766 4.213164 19.283345
 50.800000 0.199848 10.569468 19.283345
 51.000000 0.191986 6.663581 19.283345
 51.200000 0.183462 4.579706 19.283345
 51.400000 0.179255 3.262111 19.283345
 51.600000 0.187621 6.120997 19.283345
 51.800000 0.190967 7.515702 19.283345
 52.000000 0.191094 7.571027 19.283345
 52.200000 0.189355 8.068632 19.283345
 52.400000 0.180814 4.707220 19.283345
 52.600000 0.174668 2.805856 19.283345
 52.800000 0.189688 8.211392 19.283345
 53.000000 0.192141 9.278929 19.283345
 53.200000 0.177290 4.260485 19.283345
 53.400000 0.201245 14.359455 19.283345
 53.600000 0.216296 20.233304 19.283345
 53.800000 0.214146 19.482548 19.283345
 54.000000 0.200248 13.939054 19.283345
 54.200000 0.176426 4.228216 19.283345
 54.400000 0.182834 6.872525 19.283345
 54.600000 0.191760 11.069740 19.283345
 54.800000 0.192771 11.544608 19.283345
 55.000000 0.195106 12.622204 19.533595
 55.200000 0.198079 14.925589 19.533595
 55.400000 0.215328 20.868368 19.533595
 55.600000 0.209961 19.282433 19.533595
 55.800000 0.203284 16.992293 19.533595
 56.000000 0.194262 13.231650 19.533595
 56.200000 0.192297 13.264545 19.533595
 56.400000 0.206234 18.754775 19.533595
 56.600000 0.215973 21.382498 19.533595
 56.800000 0.220366 22.348092 19.533595
 57.000000 0.231222 23.917574 19.533595
 57.200000 0.229163 24.325959 19.533595
 57.400000 0.226779 24.018725 19.533595
 57.600000 0.224975 23.732408 19.533595
 57.800000 0.210674 20.273877 19.533595
 58.000000 0.191071 12.670828 19.533595
 58.200000 0.176713 5.920625 19.533595
 58.400000 0.195257 15.646519 19.533595
 58.600000 0.209829 20.478004 19.533595
 58.800000 0.202966 18.521315 19.533595
 59.000000 0.197502 16.582150 19.533595
 59.200000 0.198565 17.829182 19.533595
 59.400000 0.198540 17.819770 19.533595
 59.600000 0.195611 16.629449 19.533595
 59.800000 0.181945 9.161834 19.533595
 60.000000 0.183278 9.950789 20.218092
 60.200000 0.177332 7.601823 20.218092
 60.400000 0.172248 5.001098 20.218092
 60.600000 0.189296 14.499588 20.218092
 60.800000 0.179380 8.769661 20.218092
 61.000000 0.184673 11.899275 20.218092
 61.200000 0.204451 20.574216 20.218092
 61.400000 0.210986 21.755511 20.218092
 61.600000 0.222088 23.598463 20.218092
 61.800000 0.218478 23.019271 20.218092
 62.000000 0.237035 24.725971 20.218092
 62.200000 0.244826 24.676851 20.218092
 62.400000 0.238401 25.259782 20.218092
 62.600000 0.233760 25.296062 20.218092
 62.800000 0.225438 24.501146 20.218092
 63.000000 0.230319 25.089391 20.218092
 63.200000 0.217301 23.459500 20.218092
 63.400000 0.219635 23.949799 20.218092
 63.600000 0.219587 23.939845 20.218092
 63.800000 0.226095 25.146862 20.218092
 64.000000 0.208552 21.630231 20.218092
 64.200000 0.192459 17.379586 20.218092
 64.400000 0.203347 21.134264 20.218092
 64.600000 0.232669 25.999432 20.218092
 64.800000 0.214838 23.549086 20.218092
 65.000000 0.199729 20.146784 21.491236
 65.200000 0.182902 12.409252 21.491236
 65.400000 0.185311 13.956056 21.491236
 65.600000 0.194702 19.039028 21.491236
 65.800000 0.191916 17.745617 21.491236
 66.000000 0.188906 16.126933 21.491236
 66.200000 0.173108 6.844205 21.491236
 66.400000 0.153968 0.669322 21.491236
 66.600000 0.177204 9.373797 21.491236
 66.800000 0.182447 12.890719 21.491236
 67.000000 0.172411 6.448224 21.491236
 67.200000 0.175057 9.301325 21.491236
 67.400000 0.193820 19.933000 21.491236
 67.600000 0.203411 22.529097 21.491236
 67.800000 0.208398 23.306704 21.491236
 68.000000 0.233836 26.075985 21.491236
 68.200000 0.224398 25.935330 21.491236
 68.400000 0.218979 25.105601 21.491236
 68.600000 0.218222 24.982337 21.491236
 68.800000 0.219896 25.254193 21.491236
 69.000000 0.238317 26.402722 21.491236
 69.200000 0.242886 26.338984 21.491236
 69.400000 0.227239 26.689518 21.491236
 69.600000 0.220996 25.706936 21.491236
 69.800000 0.210919 23.924061 21.491236
 70.000000 0.206259 23.149842 22.610374
 70.200000 0.213329 24.888464 22.610374
 70.400000 0.218561 25.709193 22.610374
 70.600000 0.202121 22.973412 22.610374
 70.800000 0.211174 24.557603 22.610374
 71.000000 0.210267 24.418468 22.610374
 71.200000 0.218515 26.208730 22.610374
 71.400000 0.210550 25.051566 22.610374
 71.600000 0.229307 27.369086 22.610374
 71.800000 0.235185 27.368939 22.610374
 72.000000 0.222432 26.732625 22.610374
 72.200000 0.221833 27.188590 22.610374
 72.400000 0.222201 27.235679 22.610374
 72.600000 0.212034 25.693054 22.610374
 72.800000 0.206728 24.734178 22.610374
 73.000000 0.224694 27.521640 22.610374
 73.200000 0.201889 23.794636 22.610374
 73.400000 0.224866 28.052460 22.610374
 73.600000 0.234502 28.200745 22.610374
 73.800000 0.226907 28.223613 22.610374
 74.000000 0.219489 27.349178 22.610374
 74.200000 0.207637 25.558628 22.610374
 74.400000 0.212890 26.682230 22.610374
 74.600000 0.219562 27.878042 22.610374
 74.800000 0.236225 28.309601 22.610374
 75.000000 0.266414 21.115018 24.127819
 75.200000 0.262543 22.742793 24.127819
 75.400000 0.262237 22.812408 24.127819
 75.600000 0.266468 21.783860 24.127819
 75.800000 0.270389 20.639754 24.127819
 76.000000 0.247844 26.084159 24.127819
 76.200000 0.246486 26.952644 24.127819
 76.400000 0.266057 22.153027 24.127819
 76.600000 0.270436 20.799886 24.127819
 76.800000 0.274248 19.385485 24.127819
 77.000000 0.273371 19.731345 24.127819
 77.200000 0.255951 25.038080 24.127819
 77.400000 0.260754 24.031477 24.127819
 77.600000 0.256363 24.951878 24.127819
 77.800000 0.252764 25.717093 24.127819
 78.000000 0.242076 27.992548 24.127819
 78.200000 0.232749 29.473974 24.127819
 78.400000 0.251120 26.496349 24.127819
 78.600000 0.245600 27.775839 24.127819
 78.800000 0.247506 27.346525 24.127819
 79.000000 0.246470 27.582610 24.127819
 79.200000 0.231344 29.779808 24.127819
 79.400000 0.216009 27.508876 24.127819
 79.600000 0.217922 27.908385 24.127819
 79.800000 0.222920 28.856002 24.127819
 80.000000 0.224643 29.130282 25.507543
 80.200000 0.226001 29.795973 25.507543
 80.400000 0.210508 26.605305 25.507543
 80.600000 0.207719 25.897232 25.507543
 80.800000 0.225840 29.775224 25.507543
 81.000000 0.228765 30.080831 25.507543
 81.200000 0.237120 30.370394 25.507543
 81.400000 0.225963 30.241340 25.507543
 81.600000 0.241311 29.695563 25.507543
 81.800000 0.241840 29.587380 25.507543
 82.000000 0.232805 30.665143 25.507543
 82.200000 0.245317 29.096845 25.507543
 82.400000 0.255481 26.193192 25.507543
 82.600000 0.267907 22.639333 25.507543
 82.800000 0.252204 27.130689 25.507543
 83.000000 0.266420 23.110899 25.507543
 83.200000 0.275736 20.126798 25.507543
 83.400000 0.277603 19.212979 25.507543
 83.600000 0.274895 20.518876 25.507543
 83.800000 0.288880 13.018484 25.507543
 84.000000 0.282107 16.807971 25.507543
 84.200000 0.260870 25.592101 25.507543
 84.400000 0.259331 25.946784 25.507543
 84.600000 0.271285 22.685394 25.507543
 84.800000 0.271152 22.733096 25.507543
 85.000000 0.267159 24.007245 26.486189
 85.200000 0.267003 24.652359 26.486189
 85.400000 0.264565 25.295878 26.486189
 85.600000 0.283674 17.081322 26.486189
 85.800000 0.266684 24.741653 26.486189
 86.000000 0.243553 29.951025 26.486189
 86.200000 0.236406 31.456478 26.486189
 86.400000 0.254295 27.898475 26.486189
 86.600000 0.257450 27.166994 26.486189
 86.800000 0.259136 26.780286 26.486189
 87.000000 0.256620 27.357690 26.486189
 87.200000 0.252057 28.925637 26.486189
 87.400000 0.250933 29.184829 26.486189
 87.600000 0.265574 25.629220 26.486189
 87.800000 0.282532 17.884149 26.486189
 88.000000 0.264254 26.003740 26.486189
 88.200000 0.276612 21.614349 26.486189
 88.400000 0.273032 23.396258 26.486189
 88.600000 0.255372 28.622990 26.486189
 88.800000 0.246108 30.522546 26.486189
 89.000000 0.237155 31.724060 26.486189
 89.200000 0.234797 32.221834 26.486189
 89.400000 0.237692 32.115327 26.486189
 89.600000 0.244747 31.146423 26.486189
 89.800000 0.242839 31.488279 26.486189
 90.000000 0.254488 29.027568 27.780829
 90.200000 0.267433 25.979741 27.780829
 90.400000 0.274220 23.058861 27.780829
 90.600000 0.281444 18.915945 27.780829
 90.800000 0.275839 22.211856 27.780829
 91.000000 0.257176 28.885266 27.780829
 91.200000 0.251892 30.544578 27.780829
 91.400000 0.262031 28.119642 27.780829
 91.600000 0.262325 28.035935 27.780829
 91.800000 0.271778 24.527095 27.780829
 92.000000 0.270163 25.258394 27.780829
 92.200000 0.258568 29.453405 27.780829
 92.400000 0.256089 29.987480 27.780829
 92.600000 0.250542 31.064735 27.780829
 92.800000 0.241939 32.354388 27.780829
 93.000000 0.252090 30.777215 27.780829
 93.200000 0.257617 30.078741 27.780829
 93.400000 0.246120 32.222083 27.780829
 93.600000 0.250756 31.468283 27.780829
 93.800000 0.245373 32.324727 27.780829
 94.000000 0.250947 31.433599 27.780829
 94.200000 0.257564 30.482152 27.780829
 94.400000 0.260675 29.683543 27.780829
 94.600000 0.270451 26.094511 27.780829
 94.800000 0.269903 26.351644 27.780829
 95.000000 0.287177 15.683970 28.717209
 95.200000 0.282095 19.972016 28.717209
 95.400000 0.283179 19.250103 28.717209
 95.600000 0.288187 15.879225 28.717209
 95.800000 0.282671 19.589405 28.717209
 96.000000 0.284517 18.350188 28.717209
 96.200000 0.312241 4.339000 28.717209
 96.400000 0.295007 12.198549 28.717209
 96.600000 0.287991 16.761801 28.717209
 96.800000 0.298717 10.060691 28.717209
 97.000000 0.312356 4.303036 28.717209
 97.200000 0.299051 10.854002 28.717209
 97.400000 0.281369 21.374841 28.717209
 97.600000 0.290349 15.666014 28.717209
 97.800000 0.301537 9.712688 28.717209
 98.000000 0.294648 13.135569 28.717209
 98.200000 0.283868 20.547579 28.717209
 98.400000 0.285477 19.568457 28.717209
 98.600000 0.282079 21.616913 28.717209
 98.800000 0.274908 25.466400 28.717209
 99.000000 0.279952 22.845631 28.717209
 99.200000 0.300576 11.288081 28.717209
 99.400000 0.301618 10.774205 28.717209
 99.600000 0.296799 13.280261 28.717209
 99.800000 0.291220 16.559216 28.717209
 100.000000 0.284279 20.905528 28.862581
 100.200000 0.263486 30.106254 28.862581
 100.400000 0.260045 30.740802 28.862581
 100.600000 0.276433 25.941525 28.862581
 100.800000 0.298488 12.804359 28.862581
 101.000000 0.291055 17.283747 28.862581
 101.200000 0.287534 20.326971 28.862581
 101.400000 0.297731 13.964881 28.862581
 101.600000 0.320208 3.943155 28.862581
 101.800000 0.333700 1.073265 28.862581
 102.000000 0.334593 0.963776 28.862581
 102.200000 0.332380 2.910752 28.862581
 102.400000 0.328871 3.390237 28.862581
 102.600000 0.321074 4.802664 28.862581
 102.800000 0.320538 4.924137 28.862581
 103.000000 0.326517 3.756764 28.862581
 103.200000 0.333041 4.173967 28.862581
 103.400000 0.342328 2.648303 28.862581
 103.600000 0.325132 5.467866 28.862581
 103.800000 0.307275 9.870789 28.862581
 104.000000 0.295426 15.574781 28.862581
 104.200000 0.319743 6.680963 28.862581
 104.400000 0.336464 3.632095 28.862581
 104.600000 0.337693 3.424974 28.862581
 104.800000 0.354317 1.002563 28.862581
 105.000000 0.340431 2.966102 28.871036
 105.200000 0.351909 2.414120 28.871036
 105.400000 0.357503 1.509077 28.871036
 105.600000 0.352843 2.250197 28.871036
 105.800000 0.360484 1.118049 28.871036
 106.000000 0.363667 0.780883 28.871036
 106.200000 0.372099 1.687455 28.871036
 106.400000 0.360419 2.776715 28.871036
 106.600000 0.347618 4.154573 28.871036
 106.800000 0.342372 4.781559 28.871036
 107.000000 0.364743 2.370765 28.871036
 107.200000 0.370138 3.345576 28.871036
 107.400000 0.379174 2.048312 28.871036
 107.600000 0.373805 2.841484 28.871036
 107.800000 0.346487 5.039221 28.871036
 108.000000 0.332505 5.980421 28.871036
 108.200000 0.327577 7.641749 28.871036
 108.400000 0.330728 7.445187 28.871036
 108.600000 0.339116 6.733771 28.871036
 108.800000 0.352131 5.304387 28.871036
 109.000000 0.354236 5.099501 28.871036
 109.200000 0.353471 6.565446 28.871036
 109.400000 0.363214 5.407719 28.871036
 109.600000 0.350094 6.854740 28.871036
 109.800000 0.340295 7.512422 28.871036
 110.000000 0.335016 7.735184 28.825134
 110.200000 0.327066 9.017742 28.825134
 110.400000 0.321790 9.010924 28.825134
 110.600000 0.328449 9.031411 28.825134
 110.800000 0.350071 7.604921 28.825134
 111.000000 0.356506 6.708799 28.825134
 111.200000 0.357838 7.800416 28.825134
 111.400000 0.376686 3.432226 28.825134
 111.600000 0.359147 7.580685 28.825134
 111.800000 0.343858 9.254413 28.825134
 112.000000 0.353509 8.412815 28.825134
 112.200000 0.363262 7.754852 28.825134
 112.400000 0.355262 9.379307 28.825134
 112.600000 0.375421 4.165019 28.825134
 112.800000 0.386567 1.491839 28.825134
 113.000000 0.386773 1.457054 28.825134
 113.200000 0.373334 5.891614 28.825134
 113.400000 0.372628 6.061846 28.825134
 113.600000 0.389305 2.693175 28.825134
 113.800000 0.376566 5.130104 28.825134
 114.000000 0.361710 8.541522 28.825134
 114.200000 0.365600 8.885704 28.825134
 114.400000 0.365197 8.982970 28.825134
 114.600000 0.368565 8.120178 28.825134
 114.800000 0.367435 8.421345 28.825134
 115.000000 0.374357 6.484595 28.780843
 115.200000 0.379353 6.349033 28.780843
 115.400000 0.356900 11.143948 28.780843
 115.600000 0.365092 10.090796 28.780843
 115.800000 0.363720 10.341893 28.780843
 116.000000 0.361258 10.717268 28.780843
 116.200000 0.366394 10.850922 28.780843
 116.400000 0.377601 7.456236 28.780843
 116.600000 0.374838 8.378112 28.780843
 116.800000 0.365295 11.098364 28.780843
 117.000000 0.347947 11.946868 28.780843
 117.200000 0.334788 11.188474 28.780843
 117.400000 0.321984 9.522863 28.780843
 117.600000 0.318016 9.456941 28.780843
 117.800000 0.336337 11.442249 28.780843
 118.000000 0.342699 12.402512 28.780843
 118.200000 0.345046 13.686979 28.780843
 118.400000 0.347257 13.877989 28.780843
 118.600000 0.351027 14.018978 28.780843
 118.800000 0.355407 13.839891 28.780843
 119.000000 0.357607 13.597732 28.780843
 119.200000 0.353583 14.883613 28.780843
 119.400000 0.362293 13.641768 28.780843
 119.600000 0.367211 12.143715 28.780843
 119.800000 0.370524 10.910385 28.780843
 120.000000 0.372035 10.311620 28.739596
 120.200000 0.376396 9.601505 28.739596
 120.400000 0.381593 7.422602 28.739596
 120.600000 0.377260 9.234190 28.739596
 120.800000 0.362679 14.452301 28.739596
 121.000000 0.372047 11.412266 28.739596
 121.200000 0.392848 3.941138 28.739596
 121.400000 0.393140 3.850975 28.739596
 121.600000 0.375497 11.008224 28.739596
 121.800000 0.376805 10.428572 28.739596
 122.000000 0.390960 4.554514 28.739596
 122.200000 0.389996 6.313429 28.739596
 122.400000 0.403646 2.447115 28.739596
 122.600000 0.386517 7.563396 28.739596
 122.800000 0.368289 14.303308 28.739596
 123.000000 0.354869 16.017601 28.739596
 123.200000 0.356374 16.897741 28.739596
 123.400000 0.359302 16.763199 28.739596
 123.600000 0.377644 11.284864 28.739596
 123.800000 0.389918 6.394633 28.739596
 124.000000 0.366412 15.438977 28.739596
 124.200000 0.355000 17.537557 28.739596
 124.400000 0.372464 14.204100 28.739596
 124.600000 0.365273 16.617833 28.739596
 124.800000 0.364607 16.776066 28.739596
 125.000000 0.357570 17.611312 28.700110
 125.200000 0.375176 13.452325 28.700110
 125.400000 0.389833 6.761375 28.700110
 125.600000 0.386997 7.928164 28.700110
 125.800000 0.372956 14.472750 28.700110
 126.000000 0.373919 14.036726 28.700110
 126.200000 0.369703 16.740855 28.700110
 126.400000 0.366552 17.776733 28.700110
 126.600000 0.371031 16.224544 28.700110
 126.800000 0.377166 13.419125 28.700110
 127.000000 0.380312 11.843347 28.700110
 127.200000 0.394180 6.207132 28.700110
 127.400000 0.382943 11.541640 28.700110
 127.600000 0.367332 18.256906 28.700110
 127.800000 0.347545 17.332524 28.700110
 128.000000 0.352154 18.497333 28.700110
 128.200000 0.337170 14.433076 28.700110
 128.400000 0.324660 10.660574 28.700110
 128.600000 0.338091 14.768032 28.700110
 128.800000 0.329360 11.829224 28.700110
 129.000000 0.327134 11.224767 28.700110
 129.200000 0.334534 14.432956 28.700110
 129.400000 0.343767 17.394566 28.700110
 129.600000 0.325369 11.863511 28.700110
 129.800000 0.321167 11.077860 28.700110
 130.000000 0.329928 13.038935 28.661152
 130.200000 0.304815 12.708863 28.661152
 130.400000 0.328918 13.733446 28.661152
 130.600000 0.329536 13.906695 28.661152
 130.800000 0.315996 11.309474 28.661152
 131.000000 0.319769 11.678889 28.661152
 131.200000 0.339176 17.192432 28.661152
 131.400000 0.354973 20.237602 28.661152
 131.600000 0.367383 18.774578 28.661152
 131.800000 0.368111 18.540436 28.661152
 132.000000 0.355313 20.259170 28.661152
 132.200000 0.348371 19.962526 28.661152
 132.400000 0.330822 15.252764 28.661152
 132.600000 0.311775 12.281091 28.661152
 132.800000 0.316669 12.390434 28.661152
 133.000000 0.320918 12.947132 28.661152
 133.200000 0.326592 15.071506 28.661152
 133.400000 0.323194 14.353957 28.661152
 133.600000 0.338210 17.821855 28.661152
 133.800000 0.334589 16.941413 28.661152
 134.000000 0.329439 15.719515 28.661152
 134.200000 0.318751 14.263053 28.661152
 134.400000 0.323932 15.314793 28.661152
 134.600000 0.338188 18.549125 28.661152
 134.800000 0.321406 14.768290 28.661152
 135.000000 0.306469 13.838581 28.628727
 135.200000 0.318453 14.898411 28.628727
 135.400000 0.333448 17.690733 28.628727
 135.600000 0.330191 17.031951 28.628727
 135.800000 0.321781 15.406493 28.628727
 136.000000 0.326859 16.361047 28.628727
 136.200000 0.336848 19.054888 28.628727
 136.400000 0.335296 18.785734 28.628727
 136.600000 0.340387 19.649899 28.628727
 136.800000 0.338759 19.379182 28.628727
 137.000000 0.335103 18.751696 28.628727
 137.200000 0.334611 19.423722 28.628727
 137.400000 0.336608 19.768833 28.628727
 137.600000 0.335529 19.585263 28.628727
 137.800000 0.317930 15.932078 28.628727
 138.000000 0.307492 15.156998 28.628727
 138.200000 0.319419 16.866109 28.628727
 138.400000 0.353848 21.691912 28.628727
 138.600000 0.349008 21.443587 28.628727
 138.800000 0.351342 21.608931 28.628727
 139.000000 0.361955 20.962993 28.628727
 139.200000 0.389073 8.720519 28.628727
 139.400000 0.388582 8.970809 28.628727
 139.600000 0.393628 6.553340 28.628727
 139.800000 0.396333 5.414243 28.628727
 140.000000 0.400750 3.815071 28.599311
 140.200000 0.404009 4.290070 28.599311
 140.400000 0.400442 5.391889 28.599311
 140.600000 0.389802 9.485378 28.599311
 140.800000 0.376602 16.017034 28.599311
 141.000000 0.373077 17.770446 28.599311
 141.200000 0.377653 16.232897 28.599311
 141.400000 0.375855 17.177115 28.599311
 141.600000 0.375046 17.591993 28.599311
 141.800000 0.382790 13.471867 28.599311
 142.000000 0.405896 3.832856 28.599311
 142.200000 0.398163 7.652610 28.599311
 142.400000 0.373252 18.615009 28.599311
 142.600000 0.392571 9.635075 28.599311
 142.800000 0.387597 11.681031 28.599311
 143.000000 0.374688 17.939381 28.599311
 143.200000 0.370499 20.575290 28.599311
 143.400000 0.353913 22.947677 28.599311
 143.600000 0.361361 22.938848 28.599311
 143.800000 0.368718 21.238356 28.599311
 144.000000 0.377286 17.440077 28.599311
 144.200000 0.391008 11.211465 28.599311
 144.400000 0.384382 14.512119 28.599311
 144.600000 0.381984 15.780846 28.599311
 144.800000 0.405318 5.706735 28.599311
 145.000000 0.428198 0.862360 28.568362
 145.200000 0.428891 2.476067 28.568362
 145.400000 0.417773 3.779997 28.568362
 145.600000 0.395973 9.214403 28.568362
 145.800000 0.385458 13.976405 28.568362
 146.000000 0.402829 6.916484 28.568362
 146.200000 0.400593 8.868962 28.568362
 146.400000 0.408722 6.599859 28.568362
 146.600000 0.422548 3.702936 28.568362
 146.800000 0.417013 4.712416 28.568362
 147.000000 0.431475 2.422765 28.568362
 147.200000 0.413312 6.253763 28.568362
 147.400000 0.410252 6.794590 28.568362
 147.600000 0.407530 7.343498 28.568362
 147.800000 0.410622 6.725012 28.568362
 148.000000 0.405163 7.876555 28.568362
 148.200000 0.424892 5.273336 28.568362
 148.400000 0.444529 2.134714 28.568362
 148.600000 0.459887 0.436613 28.568362
 148.800000 0.461741 0.337714 28.568362
 149.000000 0.441100 2.685935 28.568362
 149.200000 0.441551 4.163846 28.568362
 149.400000 0.454608 1.873802 28.568362
 149.600000 0.470294 0.312966 28.568362
 149.800000 0.466247 0.547102 28.568362
 150.000000 0.459869 1.145738 28.527910
 150.200000 0.448428 4.181767 28.527910
 150.400000 0.446767 4.376867 28.527910
 150.600000 0.451988 3.754152 28.527910
 150.800000 0.461247 2.646301 28.527910
 151.000000 0.467813 1.889519 28.527910
 151.200000 0.458444 4.300541 28.527910
 151.400000 0.463522 3.924107 28.527910
 151.600000 0.459859 4.207226 28.527910
 151.800000 0.436167 5.619223 28.527910
 152.000000 0.431223 5.890238 28.527910
 152.200000 0.416165 7.979600 28.527910
 152.400000 0.411638 8.464241 28.527910
 152.600000 0.425437 7.479478 28.527910
 152.800000 0.432062 7.189197 28.527910
 153.000000 0.421178 7.654228 28.527910
 153.200000 0.403146 10.487765 28.527910
 153.400000 0.396992 11.647564 28.527910
 153.600000 0.418771 9.015476 28.527910
 153.800000 0.454547 5.034282 28.527910
 154.000000 0.451372 5.416090 28.527910
 154.200000 0.439144 8.205460 28.527910
 154.400000 0.445810 7.476422 28.527910
 154.600000 0.469917 3.940334 28.527910
 154.800000 0.469009 4.107619 28.527910
 155.000000 0.448229 7.183941 28.488808
 155.200000 0.427266 9.411046 28.488808
 155.400000 0.411889 9.564842 28.488808
 155.600000 0.427716 9.418390 28.488808
 155.800000 0.426816 9.403434 28.488808
 156.000000 0.437699 9.332843 28.488808
 156.200000 0.454465 8.172059 28.488808
 156.400000 0.449416 9.154472 28.488808
 156.600000 0.433323 10.552381 28.488808
 156.800000 0.420684 9.928862 28.488808
 157.000000 0.410240 9.899067 28.488808
 157.200000 0.419035 10.802765 28.488808
 157.400000 0.429462 10.928919 28.488808
 157.600000 0.445235 9.879520 28.488808
 157.800000 0.467376 5.125702 28.488808
 158.000000 0.481844 1.930749 28.488808
 158.200000 0.461554 7.201379 28.488808
 158.400000 0.470194 5.617799 28.488808
 158.600000 0.463919 6.767235 28.488808
 158.800000 0.456681 8.089437 28.488808
 159.000000 0.452508 8.827444 28.488808
 159.200000 0.453634 9.809463 28.488808
 159.400000 0.434014 11.434694 28.488808
 159.600000 0.411145 11.003089 28.488808
 159.800000 0.431357 11.364343 28.488808
 160.000000 0.436838 11.449615 28.451394
