#! FIELDS time d metad.bias metad.rct
 0.000000 0.247970 0.000000 0.000000
 0.200000 0.244162 0.000000 0.000000
 0.400000 0.256369 0.000000 0.000000
 0.600000 0.274442 0.000000 0.000000
 0.800000 0.267506 0.000000 0.000000
 1.000000 0.267695 0.000000 0.000000
 1.200000 0.280988 1.180609 0.000000
 1.400000 0.270737 1.714313 0.000000
 1.600000 0.261344 1.599647 0.000000
 1.800000 0.274668 1.570411 0.000000
 2.000000 0.267843 1.749912 0.000000
 2.200000 0.266724 3.360573 0.000000
 2.400000 0.255597 2.422193 0.000000
 2.600000 0.234613 0.286964 0.000000
 2.800000 0.247523 1.351280 0.000000
 3.000000 0.261216 3.061752 0.000000
 3.200000 0.254295 3.620983 0.000000
 3.400000 0.238020 0.925766 0.000000
 3.600000 0.246497 2.170965 0.000000
 3.800000 0.241567 1.373520 0.000000
 4.000000 0.231396 0.381105 0.000000
 4.200000 0.213175 0.826954 0.000000
 4.400000 0.238377 2.509293 0.000000
 4.600000 0.248044 3.380865 0.000000
 4.800000 0.238441 2.513476 0.000000
 5.000000 0.228634 1.939008 1.291047
 5.200000 0.230887 3.659646 1.291047
 5.400000 0.242910 3.872275 1.291047
 5.600000 0.241213 3.840390 1.291047
 5.800000 0.239192 3.816176 1.291047
 6.000000 0.244510 3.916535 1.291047
 6.200000 0.253378 5.684681 1.291047
 6.400000 0.244823 5.396557 1.291047
 6.600000 0.243160 5.342091 1.291047
 6.800000 0.267617 5.350931 1.291047
 7.000000 0.287946 1.688124 1.291047
 7.200000 0.271521 5.716741 1.291047
 7.400000 0.282328 4.239317 1.291047
 7.600000 0.283784 3.999666 1.291047
 7.800000 0.275400 5.280486 1.291047
 8.000000 0.284487 3.883187 1.291047
 8.200000 0.291306 4.098962 1.291047
 8.400000 0.284210 5.400911 1.291047
 8.600000 0.283669 5.488562 1.291047
 8.800000 0.272293 6.698509 1.291047
 9.000000 0.267076 6.771216 1.291047
 9.200000 0.251160 6.546728 1.291047
 9.400000 0.249177 6.320333 1.291047
 9.600000 0.241978 5.654908 1.291047
 9.800000 0.252627 6.723944 1.291047
 10.000000 0.246939 6.087462 3.662458
 10.200000 0.250969 7.811175 3.662458
 10.400000 0.247017 7.429416 3.662458
 10.600000 0.237876 6.452521 3.662458
 10.800000 0.236053 6.220351 3.662458
 11.000000 0.236554 6.286015 3.662458
 11.200000 0.249209 8.568738 3.662458
 11.400000 0.247234 8.476644 3.662458
 11.600000 0.257385 8.863450 3.662458
 11.800000 0.264586 8.875801 3.662458
 12.000000 0.258737 8.892507 3.662458
 12.200000 0.253802 9.868268 3.662458
 12.400000 0.252682 9.796749 3.662458
 12.600000 0.265495 9.909113 3.662458
 12.800000 0.277501 8.059960 3.662458
 13.000000 0.272877 8.991339 3.662458
 13.200000 0.263480 10.984557 3.662458
 13.400000 0.245628 9.419495 3.662458
 13.600000 0.248683 9.803062 3.662458
 13.800000 0.251584 10.146068 3.662458
 14.000000 0.244981 9.335239 3.662458
 14.200000 0.230020 7.413158 3.662458
 14.400000 0.219571 4.268108 3.662458
 14.600000 0.227256 6.608182 3.662458
 14.800000 0.219156 4.146370 3.662458
 15.000000 0.207648 1.455731 6.280188
 15.200000 0.217646 5.026241 6.280188
 15.400000 0.241479 10.102777 6.280188
 15.600000 0.241708 10.135488 6.280188
 15.800000 0.227183 7.286842 6.280188
 16.000000 0.229156 7.751811 6.280188
 16.200000 0.236893 10.447085 6.280188
 16.400000 0.237798 10.571314 6.280188
 16.600000 0.243804 11.184671 6.280188
 16.800000 0.247806 11.442661 6.280188
 17.000000 0.260181 11.737752 6.280188
 17.200000 0.242146 11.550191 6.280188
 17.400000 0.251763 12.509550 6.280188
 17.600000 0.258807 12.788340 6.280188
 17.800000 0.245349 11.930507 6.280188
 18.000000 0.237227 10.814357 6.280188
 18.200000 0.212541 4.918005 6.280188
 18.400000 0.210482 4.374005 6.280188
 18.600000 0.219144 6.900093 6.280188
 18.800000 0.230578 10.435905 6.280188
 19.000000 0.238629 12.121791 6.280188
 19.200000 0.234472 12.348521 6.280188
 19.400000 0.214752 5.830276 6.280188
 19.600000 0.214218 5.658665 6.280188
 19.800000 0.209731 4.343062 6.280188
 20.000000 0.205277 3.263525 8.713890
 20.200000 0.229429 11.379251 8.713890
 20.400000 0.238830 13.293049 8.713890
 20.600000 0.215118 7.169285 8.713890
 20.800000 0.202229 4.130151 8.713890
 21.000000 0.208259 5.444603 8.713890
 21.200000 0.226245 11.142723 8.713890
 21.400000 0.224304 10.665519 8.713890
 21.600000 0.224714 10.767167 8.713890
 21.800000 0.215352 8.461239 8.713890
 22.000000 0.214600 8.283533 8.713890
 22.200000 0.206776 7.529474 8.713890
 22.400000 0.223495 11.478145 8.713890
 22.600000 0.229119 12.572361 8.713890
 22.800000 0.233826 13.291317 8.713890
 23.000000 0.231606 12.979876 8.713890
 23.200000 0.238461 14.646675 8.713890
 23.400000 0.241016 14.723519 8.713890
 23.600000 0.235398 14.429547 8.713890
 23.800000 0.250341 14.445925 8.713890
 24.000000 0.249033 14.519848 8.713890
 24.200000 0.255114 14.960317 8.713890
 24.400000 0.253817 15.086137 8.713890
 24.600000 0.256993 14.754228 8.713890
 24.800000 0.262274 14.005273 8.713890
 25.000000 0.257768 14.660670 10.985764
 25.200000 0.281451 8.927475 10.985764
 25.400000 0.276698 10.719521 10.985764
 25.600000 0.272996 12.028295 10.985764
 25.800000 0.279635 9.619503 10.985764
 26.000000 0.303296 2.103762 10.985764
 26.200000 0.302080 3.943213 10.985764
 26.400000 0.295981 5.299297 10.985764
 26.600000 0.307406 2.919787 10.985764
 26.800000 0.309320 2.586499 10.985764
 27.000000 0.310077 2.459904 10.985764
 27.200000 0.307355 4.471663 10.985764
 27.400000 0.312598 3.608148 10.985764
 27.600000 0.297266 6.083138 10.985764
 27.800000 0.287218 8.150098 10.985764
 28.000000 0.300314 5.582551 10.985764
 28.200000 0.285442 9.440551 10.985764
 28.400000 0.296348 7.559647 10.985764
 28.600000 0.289962 8.576149 10.985764
 28.800000 0.282473 10.101208 10.985764
 29.000000 0.293961 7.924786 10.985764
 29.200000 0.316303 4.160101 10.985764
 29.400000 0.311638 5.407364 10.985764
 29.600000 0.306528 6.721014 10.985764
 29.800000 0.308305 6.279553 10.985764
 30.000000 0.308088 6.334460 11.170355
 30.200000 0.323470 3.206725 11.170355
 30.400000 0.318750 4.552693 11.170355
 30.600000 0.321280 3.809641 11.170355
 30.800000 0.319424 4.350790 11.170355
 31.000000 0.322740 3.403166 11.170355
 31.200000 0.320507 5.519238 11.170355
 31.400000 0.317532 6.336958 11.170355
 31.600000 0.311139 7.947376 11.170355
 31.800000 0.310432 8.104714 11.170355
 32.000000 0.320552 5.506840 11.170355
 32.200000 0.326501 5.174903 11.170355
 32.400000 0.344507 1.130645 11.170355
 32.600000 0.347883 0.746757 11.170355
 32.800000 0.356603 0.203082 11.170355
 33.000000 0.331366 3.808952 11.170355
 33.200000 0.323974 7.214862 11.170355
 33.400000 0.334339 4.494490 11.170355
 33.600000 0.314224 9.226647 11.170355
 33.800000 0.303890 10.295053 11.170355
 34.000000 0.310903 9.694061 11.170355
 34.200000 0.295652 11.218723 11.170355
 34.400000 0.286387 11.277845 11.170355
 34.600000 0.298975 11.296975 11.170355
 34.800000 0.306588 11.212915 11.170355
 35.000000 0.297428 11.262093 11.413040
 35.200000 0.291017 12.119050 11.413040
 35.400000 0.293082 12.182977 11.413040
 35.600000 0.299697 12.358156 11.413040
 35.800000 0.316239 10.432993 11.413040
 36.000000 0.325423 7.746870 11.413040
 36.200000 0.341050 3.730541 11.413040
 36.400000 0.345323 2.580747 11.413040
 36.600000 0.346911 2.214184 11.413040
 36.800000 0.344638 2.749267 11.413040
 37.000000 0.352589 1.187528 11.413040
 37.200000 0.364293 1.440874 11.413040
 37.400000 0.378343 0.385957 11.413040
 37.600000 0.362817 1.593098 11.413040
 37.800000 0.353524 2.715721 11.413040
 38.000000 0.355317 2.475009 11.413040
 38.200000 0.346755 5.118611 11.413040
 38.400000 0.336439 6.832920 11.413040
 38.600000 0.340735 6.013919 11.413040
 38.800000 0.338103 6.495275 11.413040
 39.000000 0.329373 8.503463 11.413040
 39.200000 0.330027 9.534216 11.413040
 39.400000 0.338316 7.456749 11.413040
 39.600000 0.330759 9.346101 11.413040
 39.800000 0.337564 7.633786 11.413040
 40.000000 0.318681 12.045213 11.674226
 40.200000 0.330740 10.091130 11.674226
 40.400000 0.315118 13.545796 11.674226
 40.600000 0.300614 13.357479 11.674226
 40.800000 0.312761 13.734920 11.674226
 41.000000 0.304489 13.676929 11.674226
 41.200000 0.284098 12.637564 11.674226
 41.400000 0.290159 12.980137 11.674226
 41.600000 0.292432 13.233132 11.674226
 41.800000 0.284893 12.648956 11.674226
 42.000000 0.291381 13.110092 11.674226
 42.200000 0.286261 13.614927 11.674226
 42.400000 0.282680 13.469833 11.674226
 42.600000 0.272873 14.024749 11.674226
 42.800000 0.273605 13.944497 11.674226
 43.000000 0.276643 13.664659 11.674226
 43.200000 0.278094 14.516949 11.674226
 43.400000 0.288306 14.476373 11.674226
 43.600000 0.276630 14.617744 11.674226
 43.800000 0.266126 15.618546 11.674226
 44.000000 0.270989 15.134870 11.674226
 44.200000 0.282197 15.027891 11.674226
 44.400000 0.292344 15.068701 11.674226
 44.600000 0.283200 14.984064 11.674226
 44.800000 0.273423 15.774435 11.674226
 45.000000 0.285317 14.928576 13.225698
 45.200000 0.294475 15.923781 13.225698
 45.400000 0.273717 16.410684 13.225698
 45.600000 0.270109 16.652080 13.225698
 45.800000 0.269795 16.671226 13.225698
 46.000000 0.299555 16.006975 13.225698
 46.200000 0.301259 16.857749 13.225698
 46.400000 0.309063 16.314120 13.225698
 46.600000 0.318721 14.324730 13.225698
 46.800000 0.305201 16.698510 13.225698
 47.000000 0.283707 16.351055 13.225698
 47.200000 0.276542 17.231869 13.225698
 47.400000 0.273602 17.282366 13.225698
 47.600000 0.274984 17.258112 13.225698
 47.800000 0.283363 17.193114 13.225698
 48.000000 0.289510 17.294357 13.225698
 48.200000 0.260774 17.407173 13.225698
 48.400000 0.255932 17.191300 13.225698
 48.600000 0.271737 17.713625 13.225698
 48.800000 0.255641 17.177675 13.225698
 49.000000 0.244512 16.536443 13.225698
 49.200000 0.247015 17.542628 13.225698
 49.400000 0.255192 17.806387 13.225698
 49.600000 0.272443 17.871704 13.225698
 49.800000 0.276269 17.871988 13.225698
 50.000000 0.279459 17.896608 15.041132
 50.200000 0.267973 18.473367 15.041132
 50.400000 0.267432 18.458495 15.041132
 50.600000 0.261654 18.267319 15.041132
 50.800000 0.260244 18.213875 15.041132
 51.000000 0.274847 18.621252 15.041132
 51.200000 0.290513 19.173027 15.041132
 51.400000 0.290848 19.158147 15.041132
 51.600000 0.284803 19.351636 15.041132
 51.800000 0.295900 18.850952 15.041132
 52.000000 0.269310 19.221687 15.041132
 52.200000 0.269091 19.955455 15.041132
 52.400000 0.275136 20.078375 15.041132
 52.600000 0.266349 19.806216 15.041132
 52.800000 0.257119 19.006165 15.041132
 53.000000 0.273847 20.076302 15.041132
 53.200000 0.263217 20.130153 15.041132
 53.400000 0.258458 19.558799 15.041132
 53.600000 0.257837 19.480358 15.041132
 53.800000 0.260198 19.775841 15.041132
 54.000000 0.263584 20.169930 15.041132
 54.200000 0.277059 21.234271 15.041132
 54.400000 0.275214 21.317913 15.041132
 54.600000 0.278087 21.173163 15.041132
 54.800000 0.285993 20.473132 15.041132
 55.000000 0.285798 20.493515 17.266924
 55.200000 0.287978 20.953836 17.266924
 55.400000 0.293124 20.287432 17.266924
 55.600000 0.270841 21.782865 17.266924
 55.800000 0.250217 19.054125 17.266924
 56.000000 0.246600 18.485503 17.266924
 56.200000 0.261146 21.254756 17.266924
 56.400000 0.259650 21.074891 17.266924
 56.600000 0.265558 21.700273 17.266924
 56.800000 0.265841 21.723197 17.266924
 57.000000 0.272399 22.014857 17.266924
 57.200000 0.273827 22.666359 17.266924
 57.400000 0.291503 20.808730 17.266924
 57.600000 0.296385 19.981800 17.266924
 57.800000 0.306957 17.844139 17.266924
 58.000000 0.312184 16.533593 17.266924
 58.200000 0.293245 20.900669 17.266924
 58.400000 0.295174 20.634984 17.266924
 58.600000 0.318043 15.598083 17.266924
 58.800000 0.331102 10.709800 17.266924
 59.000000 0.324487 13.265572 17.266924
 59.200000 0.335570 9.822018 17.266924
 59.400000 0.345777 6.550569 17.266924
 59.600000 0.366919 2.418110 17.266924
 59.800000 0.332571 10.996325 17.266924
 60.000000 0.348262 5.944620 18.182907
 60.200000 0.364721 3.524150 18.182907
 60.400000 0.353710 6.052889 18.182907
 60.600000 0.353957 5.997134 18.182907
 60.800000 0.354957 5.771189 18.182907
 61.000000 0.361105 4.355903 18.182907
 61.200000 0.354975 7.092873 18.182907
 61.400000 0.343772 9.111724 18.182907
 61.600000 0.338321 10.344343 18.182907
 61.800000 0.363303 5.273198 18.182907
 62.000000 0.355889 6.915971 18.182907
 62.200000 0.336684 11.346291 18.182907
 62.400000 0.328653 13.535337 18.182907
 62.600000 0.332671 12.360800 18.182907
 62.800000 0.326407 14.229420 18.182907
 63.000000 0.318172 16.692482 18.182907
 63.200000 0.318090 17.546859 18.182907
 63.400000 0.326602 14.879004 18.182907
 63.600000 0.319572 17.129196 18.182907
 63.800000 0.313689 18.616924 18.182907
 64.000000 0.340021 10.945811 18.182907
 64.200000 0.346087 10.846556 18.182907
 64.400000 0.358660 8.125428 18.182907
 64.600000 0.349202 10.274043 18.182907
 64.800000 0.338216 12.419214 18.182907
 65.000000 0.330001 14.597148 18.358034
 65.200000 0.345178 11.559358 18.358034
 65.400000 0.333694 14.439972 18.358034
 65.600000 0.332873 14.675099 18.358034
 65.800000 0.338656 13.092238 18.358034
 66.000000 0.331383 15.107296 18.358034
 66.200000 0.338810 13.842647 18.358034
 66.400000 0.347856 11.460358 18.358034
 66.600000 0.327596 17.071489 18.358034
 66.800000 0.336124 14.610128 18.358034
 67.000000 0.335167 14.889418 18.358034
 67.200000 0.353738 10.322610 18.358034
 67.400000 0.356677 9.373919 18.358034
 67.600000 0.349451 11.623576 18.358034
 67.800000 0.363566 6.965601 18.358034
 68.000000 0.374876 3.163364 18.358034
 68.200000 0.378174 3.791444 18.358034
 68.400000 0.392488 1.113817 18.358034
 68.600000 0.380938 3.116359 18.358034
 68.800000 0.369556 6.264656 18.358034
 69.000000 0.382480 2.770859 18.358034
 69.200000 0.396006 1.782517 18.358034
 69.400000 0.413893 0.218990 18.358034
 69.600000 0.414245 0.207451 18.358034
 69.800000 0.421737 0.056100 18.358034
 70.000000 0.419400 0.087610 18.454943
 70.200000 0.408658 1.807830 18.454943
 70.400000 0.383238 4.246966 18.454943
 70.600000 0.372018 6.737058 18.454943
 70.800000 0.395480 2.348847 18.454943
 71.000000 0.408731 1.808164 18.454943
 71.200000 0.406191 3.401135 18.454943
 71.400000 0.399291 3.358267 18.454943
 71.600000 0.402873 3.364489 18.454943
 71.800000 0.413287 3.385803 18.454943
 72.000000 0.437181 1.126315 18.454943
 72.200000 0.435573 2.951322 18.454943
 72.400000 0.405082 3.553920 18.454943
 72.600000 0.388255 3.968371 18.454943
 72.800000 0.378274 5.492926 18.454943
 73.000000 0.380878 5.014708 18.454943
 73.200000 0.378918 6.758107 18.454943
 73.400000 0.373281 7.762618 18.454943
 73.600000 0.370165 8.325982 18.454943
 73.800000 0.364564 9.352747 18.454943
 74.000000 0.369661 8.417706 18.454943
 74.200000 0.395339 4.631497 18.454943
 74.400000 0.399763 4.217058 18.454943
 74.600000 0.411160 3.990773 18.454943
 74.800000 0.405049 4.005085 18.454943
 75.000000 0.401151 4.134584 18.409823
 75.200000 0.403264 5.489019 18.409823
 75.400000 0.413247 5.050611 18.409823
 75.600000 0.413264 5.049691 18.409823
 75.800000 0.403893 5.461359 18.409823
 76.000000 0.406352 5.359076 18.409823
 76.200000 0.390868 7.245503 18.409823
 76.400000 0.380732 8.248456 18.409823
 76.600000 0.381742 8.118674 18.409823
 76.800000 0.377661 8.667393 18.409823
 77.000000 0.384788 7.762344 18.409823
 77.200000 0.386539 8.816116 18.409823
 77.400000 0.398898 7.731619 18.409823
 77.600000 0.397816 7.810726 18.409823
 77.800000 0.391514 8.326364 18.409823
 78.000000 0.383825 9.104344 18.409823
 78.200000 0.362482 11.708480 18.409823
 78.400000 0.368191 11.409376 18.409823
 78.600000 0.357630 12.034439 18.409823
 78.800000 0.356881 12.094586 18.409823
 79.000000 0.358739 11.951053 18.409823
 79.200000 0.354080 13.330733 18.409823
 79.400000 0.336182 16.006065 18.409823
 79.600000 0.332371 16.900667 18.409823
 79.800000 0.330937 17.241789 18.409823
 80.000000 0.347829 13.945078 18.422401
