#! FIELDS time d metad.bias metad.rct
 0.000000 0.247970 0.000000 0.000000
 0.200000 0.242210 0.000000 0.000000
 0.400000 0.266229 0.000000 0.000000
 0.600000 0.268718 0.000000 0.000000
 0.800000 0.253472 0.000000 0.000000
 1.000000 0.244845 0.000000 0.000000
 1.200000 0.238777 1.612234 0.000000
 1.400000 0.253078 1.504808 0.000000
 1.600000 0.260432 1.018478 0.000000
 1.800000 0.262369 0.882762 0.000000
 2.000000 0.246693 1.736730 0.000000
 2.200000 0.237084 2.849031 0.000000
 2.400000 0.225994 1.415792 0.000000
 2.600000 0.241436 3.228334 0.000000
 2.800000 0.248258 3.316078 0.000000
 3.000000 0.233563 2.421182 0.000000
 3.200000 0.237488 4.410542 0.000000
 3.400000 0.252427 3.755949 0.000000
 3.600000 0.263214 1.926749 0.000000
 3.800000 0.250045 4.085117 0.000000
 4.000000 0.237194 4.386570 0.000000
 4.200000 0.243670 5.894089 0.000000
 4.400000 0.257317 3.527200 0.000000
 4.600000 0.251884 4.726162 0.000000
 4.800000 0.236354 5.748120 0.000000
 5.000000 0.230957 4.939173 1.851967
 5.200000 0.237512 7.127783 1.851967
 5.400000 0.246231 6.495438 1.851967
 5.600000 0.254959 4.451463 1.851967
 5.800000 0.249997 5.716211 1.851967
 6.000000 0.262024 2.649008 1.851967
 6.200000 0.257650 5.227633 1.851967
 6.400000 0.253032 6.259257 1.851967
 6.600000 0.263315 3.908302 1.851967
 6.800000 0.258029 5.139213 1.851967
 7.000000 0.267025 3.099633 1.851967
 7.200000 0.264956 5.051746 1.851967
 7.400000 0.258717 6.284997 1.851967
 7.600000 0.259778 6.084624 1.851967
 7.800000 0.248036 7.838387 1.851967
 8.000000 0.277329 2.555223 1.851967
 8.200000 0.281466 3.348381 1.851967
 8.400000 0.259916 6.852911 1.851967
 8.600000 0.250759 7.874897 1.851967
 8.800000 0.257803 7.120924 1.851967
 9.000000 0.256055 7.331305 1.851967
 9.200000 0.254263 8.787177 1.851967
 9.400000 0.244599 9.124587 1.851967
 9.600000 0.237424 8.367049 1.851967
 9.800000 0.236653 8.229531 1.851967
 10.000000 0.247755 9.166017 4.541416
 10.200000 0.252131 10.086328 4.541416
 10.400000 0.246786 10.331750 4.541416
 10.600000 0.231832 7.814977 4.541416
 10.800000 0.234532 8.587763 4.541416
 11.000000 0.232343 7.968735 4.541416
 11.200000 0.243020 11.097926 4.541416
 11.400000 0.246051 11.127565 4.541416
 11.600000 0.247093 11.088918 4.541416
 11.800000 0.259166 9.301624 4.541416
 12.000000 0.252193 10.590233 4.541416
 12.200000 0.245894 12.130822 4.541416
 12.400000 0.238273 11.302172 4.541416
 12.600000 0.238568 11.363134 4.541416
 12.800000 0.235335 10.578688 4.541416
 13.000000 0.234752 10.411480 4.541416
 13.200000 0.235278 11.662438 4.541416
 13.400000 0.248353 12.796757 4.541416
 13.600000 0.237167 12.140497 4.541416
 13.800000 0.227828 8.978088 4.541416
 14.000000 0.232415 10.760989 4.541416
 14.200000 0.220592 6.646252 4.541416
 14.400000 0.221761 7.191128 4.541416
 14.600000 0.213725 3.768849 4.541416
 14.800000 0.213564 3.711184 4.541416
 15.000000 0.209042 2.301089 7.736545
 15.200000 0.207180 3.411765 7.736545
 15.400000 0.214880 5.663580 7.736545
 15.600000 0.212337 4.828601 7.736545
 15.800000 0.205382 3.001618 7.736545
 16.000000 0.192270 1.016562 7.736545
 16.200000 0.191502 2.613893 7.736545
 16.400000 0.205783 4.203276 7.736545
 16.600000 0.216732 6.765443 7.736545
 16.800000 0.213111 5.708273 7.736545
 17.000000 0.223963 9.368830 7.736545
 17.200000 0.224962 10.901535 7.736545
 17.400000 0.218885 8.575444 7.736545
 17.600000 0.218688 8.502315 7.736545
 17.800000 0.213355 6.670130 7.736545
 18.000000 0.217851 8.193782 7.736545
 18.200000 0.224193 11.720413 7.736545
 18.400000 0.227602 12.848553 7.736545
 18.600000 0.213255 7.798292 7.736545
 18.800000 0.199880 4.355509 7.736545
 19.000000 0.189573 2.707106 7.736545
 19.200000 0.175264 2.006397 7.736545
 19.400000 0.185685 3.684986 7.736545
 19.600000 0.194391 4.887385 7.736545
 19.800000 0.185462 3.650203 7.736545
 20.000000 0.175613 2.060146 8.843224
 20.200000 0.176543 3.799119 8.843224
 20.400000 0.200306 6.046791 8.843224
 20.600000 0.207359 6.970300 8.843224
 20.800000 0.200129 6.030953 8.843224
 21.000000 0.207765 7.044559 8.843224
 21.200000 0.222513 12.053883 8.843224
 21.400000 0.230178 14.031696 8.843224
 21.600000 0.233878 14.663801 8.843224
 21.800000 0.229266 13.834453 8.843224
 22.000000 0.219998 11.327043 8.843224
 22.200000 0.206798 8.864567 8.843224
 22.400000 0.219337 12.192508 8.843224
 22.600000 0.218322 11.897795 8.843224
 22.800000 0.216944 11.498155 8.843224
 23.000000 0.203273 8.147374 8.843224
 23.200000 0.202623 9.242722 8.843224
 23.400000 0.206347 9.958752 8.843224
 23.600000 0.208766 10.450619 8.843224
 23.800000 0.215295 11.908048 8.843224
 24.000000 0.219681 12.960253 8.843224
 24.200000 0.229015 15.745816 8.843224
 24.400000 0.214367 12.612695 8.843224
 24.600000 0.208587 11.160362 8.843224
 24.800000 0.217215 13.335235 8.843224
 25.000000 0.241575 15.676288 11.149552
 25.200000 0.252193 13.886865 11.149552
 25.400000 0.264230 9.512302 11.149552
 25.600000 0.248574 15.013758 11.149552
 25.800000 0.210263 11.671590 11.149552
 26.000000 0.214239 12.744137 11.149552
 26.200000 0.222262 15.777826 11.149552
 26.400000 0.228293 16.876015 11.149552
 26.600000 0.215436 14.063423 11.149552
 26.800000 0.220871 15.458123 11.149552
 27.000000 0.234355 17.316670 11.149552
 27.200000 0.242934 17.175199 11.149552
 27.400000 0.276057 5.495485 11.149552
 27.600000 0.270129 7.454517 11.149552
 27.800000 0.261969 10.498859 11.149552
 28.000000 0.264898 9.369642 11.149552
 28.200000 0.245734 16.978065 11.149552
 28.400000 0.248126 16.362190 11.149552
 28.600000 0.260968 12.005934 11.149552
 28.800000 0.268752 9.058733 11.149552
 29.000000 0.288572 2.630368 11.149552
 29.200000 0.290864 3.673846 11.149552
 29.400000 0.290104 3.840726 11.149552
 29.600000 0.292662 3.292290 11.149552
 29.800000 0.283115 5.522136 11.149552
 30.000000 0.287212 4.504298 12.598734
 30.200000 0.269658 10.138448 12.598734
 30.400000 0.269971 10.056776 12.598734
 30.600000 0.257590 13.637369 12.598734
 30.800000 0.273547 9.156442 12.598734
 31.000000 0.288457 5.640055 12.598734
 31.200000 0.289726 6.693192 12.598734
 31.400000 0.267954 11.124271 12.598734
 31.600000 0.267830 11.151545 12.598734
 31.800000 0.286887 7.366834 12.598734
 32.000000 0.294732 5.385710 12.598734
 32.200000 0.290629 7.793352 12.598734
 32.400000 0.307717 3.053542 12.598734
 32.600000 0.307324 3.155589 12.598734
 32.800000 0.298201 5.777857 12.598734
 33.000000 0.298900 5.572146 12.598734
 33.200000 0.288846 9.272831 12.598734
 33.400000 0.278438 10.379707 12.598734
 33.600000 0.270602 11.166555 12.598734
 33.800000 0.271504 11.050240 12.598734
 34.000000 0.284610 9.829951 12.598734
 34.200000 0.283515 11.069491 12.598734
 34.400000 0.278704 11.403356 12.598734
 34.600000 0.280073 11.326606 12.598734
 34.800000 0.292848 9.487224 12.598734
 35.000000 0.302406 6.421228 12.712737
 35.200000 0.300707 8.332920 12.712737
 35.400000 0.296908 9.542067 12.712737
 35.600000 0.305561 6.577724 12.712737
 35.800000 0.327513 0.814758 12.712737
 36.000000 0.313134 3.896181 12.712737
 36.200000 0.295953 10.572479 12.712737
 36.400000 0.301655 9.099846 12.712737
 36.600000 0.319090 3.599654 12.712737
 36.800000 0.341593 0.310961 12.712737
 37.000000 0.334780 0.783443 12.712737
 37.200000 0.325780 3.468506 12.712737
 37.400000 0.321604 4.107676 12.712737
 37.600000 0.331415 2.807108 12.712737
 37.800000 0.346956 1.347275 12.712737
 38.000000 0.334880 2.463837 12.712737
 38.200000 0.340108 3.447752 12.712737
 38.400000 0.347297 2.429310 12.712737
 38.600000 0.337032 3.811566 12.712737
 38.800000 0.328645 4.548262 12.712737
 39.000000 0.318243 5.595984 12.712737
 39.200000 0.290647 11.731624 12.712737
 39.400000 0.283513 11.964098 12.712737
 39.600000 0.294713 11.305137 12.712737
 39.800000 0.308754 8.641193 12.712737
 40.000000 0.316244 7.265692 12.727974
 40.200000 0.321004 7.779181 12.727974
 40.400000 0.317858 8.275574 12.727974
 40.600000 0.319341 8.041510 12.727974
 40.800000 0.316629 8.470529 12.727974
 41.000000 0.323991 7.302241 12.727974
 41.200000 0.314840 9.805884 12.727974
 41.400000 0.312748 10.051185 12.727974
 41.600000 0.311803 10.160622 12.727974
 41.800000 0.303494 11.116642 12.727974
 42.000000 0.286387 12.160484 12.727974
 42.200000 0.264235 13.104610 12.727974
 42.400000 0.271730 12.645959 12.727974
 42.600000 0.272884 12.652907 12.727974
 42.800000 0.280591 12.977180 12.727974
 43.000000 0.284828 13.150590 12.727974
 43.200000 0.281135 13.949509 12.727974
 43.400000 0.255913 14.817239 12.727974
 43.600000 0.260966 13.875355 12.727974
 43.800000 0.270766 13.281177 12.727974
 44.000000 0.265710 13.370185 12.727974
 44.200000 0.267705 14.238504 12.727974
 44.400000 0.270548 14.192033 12.727974
 44.600000 0.253929 15.972045 12.727974
 44.800000 0.259279 15.030346 12.727974
 45.000000 0.256084 15.564980 13.677979
 45.200000 0.259649 15.825622 13.677979
 45.400000 0.254074 16.810880 13.677979
 45.600000 0.254392 16.751662 13.677979
 45.800000 0.239935 18.768735 13.677979
 46.000000 0.251077 17.365221 13.677979
 46.200000 0.260960 16.272873 13.677979
 46.400000 0.232191 18.844154 13.677979
 46.600000 0.231706 18.770243 13.677979
 46.800000 0.244884 19.085120 13.677979
 47.000000 0.248298 18.640639 13.677979
 47.200000 0.260081 16.991054 13.677979
 47.400000 0.264110 16.201675 13.677979
 47.600000 0.250092 19.104375 13.677979
 47.800000 0.241364 20.028894 13.677979
 48.000000 0.241011 20.034408 13.677979
 48.200000 0.244046 20.601810 13.677979
 48.400000 0.260918 17.111688 13.677979
 48.600000 0.284964 14.792946 13.677979
 48.800000 0.284110 14.830817 13.677979
 49.000000 0.261811 16.907182 13.677979
 49.200000 0.268411 16.446055 13.677979
 49.400000 0.268177 16.483312 13.677979
 49.600000 0.254185 19.497660 13.677979
 49.800000 0.251801 19.994245 13.677979
 50.000000 0.269734 16.248415 15.961001
 50.200000 0.265490 17.773518 15.961001
 50.400000 0.260808 18.670225 15.961001
 50.600000 0.246203 21.089503 15.961001
 50.800000 0.231742 19.923888 15.961001
 51.000000 0.257381 19.369001 15.961001
 51.200000 0.256738 20.236219 15.961001
 51.400000 0.257533 20.076692 15.961001
 51.600000 0.272664 17.161124 15.961001
 51.800000 0.274317 16.932147 15.961001
 52.000000 0.270623 17.474949 15.961001
 52.200000 0.242203 21.799565 15.961001
 52.400000 0.218632 15.878692 15.961001
 52.600000 0.210593 13.104626 15.961001
 52.800000 0.222921 17.387832 15.961001
 53.000000 0.217679 15.541269 15.961001
 53.200000 0.225018 18.878244 15.961001
 53.400000 0.223412 18.370948 15.961001
 53.600000 0.218752 16.794803 15.961001
 53.800000 0.216154 15.874953 15.961001
 54.000000 0.231407 20.609467 15.961001
 54.200000 0.243792 22.549589 15.961001
 54.400000 0.264722 19.373279 15.961001
 54.600000 0.263388 19.635591 15.961001
 54.800000 0.255257 21.228448 15.961001
 55.000000 0.250561 21.979434 17.920844
 55.200000 0.248919 22.836375 17.920844
 55.400000 0.270383 18.614104 17.920844
 55.600000 0.282642 16.608735 17.920844
 55.800000 0.274623 17.857569 17.920844
 56.000000 0.271809 18.346840 17.920844
 56.200000 0.252470 22.688671 17.920844
 56.400000 0.268696 19.704111 17.920844
 56.600000 0.288004 16.143316 17.920844
 56.800000 0.258625 21.681490 17.920844
 57.000000 0.241578 23.210379 17.920844
 57.200000 0.246059 23.841559 17.920844
 57.400000 0.248688 23.651460 17.920844
 57.600000 0.244605 23.887099 17.920844
 57.800000 0.243962 23.892678 17.920844
 58.000000 0.236272 23.223461 17.920844
 58.200000 0.242111 24.433744 17.920844
 58.400000 0.242397 24.439851 17.920844
 58.600000 0.245397 24.384390 17.920844
 58.800000 0.256492 22.695750 17.920844
 59.000000 0.236237 23.839227 17.920844
 59.200000 0.231320 23.249819 17.920844
 59.400000 0.233758 23.920373 17.920844
 59.600000 0.215203 16.552356 17.920844
 59.800000 0.208600 13.693845 17.920844
 60.000000 0.201981 11.169428 19.681397
 60.200000 0.210891 15.545066 19.681397
 60.400000 0.214967 17.177044 19.681397
 60.600000 0.198014 10.867689 19.681397
 60.800000 0.187304 7.473802 19.681397
 61.000000 0.205982 13.676568 19.681397
 61.200000 0.203961 13.881526 19.681397
 61.400000 0.199228 12.139041 19.681397
 61.600000 0.189707 8.726477 19.681397
 61.800000 0.190906 9.142507 19.681397
 62.000000 0.178143 5.098024 19.681397
 62.200000 0.184095 8.154795 19.681397
 62.400000 0.173701 5.275520 19.681397
 62.600000 0.157992 1.680783 19.681397
 62.800000 0.160618 2.147701 19.681397
 63.000000 0.182369 7.669015 19.681397
 63.200000 0.197246 12.791105 19.681397
 63.400000 0.207129 15.581835 19.681397
 63.600000 0.199399 13.362658 19.681397
 63.800000 0.181570 8.687251 19.681397
 64.000000 0.203898 14.617998 19.681397
 64.200000 0.214648 18.747762 19.681397
 64.400000 0.200297 14.492847 19.681397
 64.600000 0.196986 13.543582 19.681397
 64.800000 0.211718 17.843836 19.681397
 65.000000 0.226013 22.357339 20.231592
 65.200000 0.218290 20.469232 20.231592
 65.400000 0.204453 15.920927 20.231592
 65.600000 0.205376 16.210340 20.231592
 65.800000 0.204213 15.845875 20.231592
 66.000000 0.208153 17.092837 20.231592
 66.200000 0.205993 17.213851 20.231592
 66.400000 0.202911 16.210095 20.231592
 66.600000 0.197850 14.545838 20.231592
 66.800000 0.187027 10.980112 20.231592
 67.000000 0.205810 17.154515 20.231592
 67.200000 0.200552 16.203256 20.231592
 67.400000 0.189920 12.398226 20.231592
 67.600000 0.188922 12.036902 20.231592
 67.800000 0.181457 9.341806 20.231592
 68.000000 0.168274 4.761149 20.231592
 68.200000 0.174314 8.103914 20.231592
 68.400000 0.174221 8.074773 20.231592
 68.600000 0.182282 10.552922 20.231592
 68.800000 0.193673 14.090921 20.231592
 69.000000 0.187180 12.045115 20.231592
 69.200000 0.197805 16.235219 20.231592
 69.400000 0.197505 16.147878 20.231592
 69.600000 0.181919 11.405241 20.231592
 69.800000 0.173998 8.699068 20.231592
 70.000000 0.187825 13.266018 20.530627
 70.200000 0.199270 17.383189 20.530627
 70.400000 0.216300 21.452699 20.530627
 70.600000 0.194154 16.051266 20.530627
 70.800000 0.194633 16.180261 20.530627
 71.000000 0.224498 23.450911 20.530627
 71.200000 0.232281 25.567764 20.530627
 71.400000 0.221233 23.261792 20.530627
 71.600000 0.208430 19.934529 20.530627
 71.800000 0.205424 19.154404 20.530627
 72.000000 0.223453 23.815652 20.530627
 72.200000 0.225709 24.946478 20.530627
 72.400000 0.207982 20.173881 20.530627
 72.600000 0.190418 15.105308 20.530627
 72.800000 0.203730 18.966472 20.530627
 73.000000 0.194779 16.401349 20.530627
 73.200000 0.198106 18.185096 20.530627
 73.400000 0.220988 23.978738 20.530627
 73.600000 0.205847 20.209739 20.530627
 73.800000 0.198842 18.386073 20.530627
 74.000000 0.203121 19.515042 20.530627
 74.200000 0.222786 24.712963 20.530627
 74.400000 0.220855 24.310925 20.530627
 74.600000 0.199761 19.349572 20.530627
 74.800000 0.201901 19.930875 20.530627
 75.000000 0.205869 20.936751 21.650190
 75.200000 0.202789 20.837351 21.650190
 75.400000 0.202708 20.815502 21.650190
 75.600000 0.197991 19.445350 21.650190
 75.800000 0.185884 15.042480 21.650190
 76.000000 0.192838 17.718680 21.650190
 76.200000 0.210019 22.988362 21.650190
 76.400000 0.195575 19.446339 21.650190
 76.600000 0.194994 19.255907 21.650190
 76.800000 0.201351 21.118670 21.650190
 77.000000 0.202391 21.378519 21.650190
 77.200000 0.204613 22.564668 21.650190
 77.400000 0.223892 25.601280 21.650190
 77.600000 0.229595 26.273480 21.650190
 77.800000 0.218095 24.790360 21.650190
 78.000000 0.212371 23.954257 21.650190
 78.200000 0.196866 20.838518 21.650190
 78.400000 0.174471 10.567638 21.650190
 78.600000 0.194367 19.922839 21.650190
 78.800000 0.203814 22.899442 21.650190
 79.000000 0.185605 16.117154 21.650190
 79.200000 0.172701 10.275223 21.650190
 79.400000 0.171553 9.672144 21.650190
 79.600000 0.178192 13.200362 21.650190
 79.800000 0.181200 14.776697 21.650190
 80.000000 0.167450 7.600644 22.218109
 80.200000 0.175585 12.887008 22.218109
 80.400000 0.169608 9.905910 22.218109
 80.600000 0.164247 7.336393 22.218109
 80.800000 0.163558 7.023374 22.218109
 81.000000 0.155457 3.813848 22.218109
 81.200000 0.176149 13.734887 22.218109
 81.400000 0.217294 25.339297 22.218109
 81.600000 0.199319 22.356269 22.218109
 81.800000 0.192900 20.461430 22.218109
 82.000000 0.196522 21.592881 22.218109
 82.200000 0.181432 16.433457 22.218109
 82.400000 0.181794 16.597437 22.218109
 82.600000 0.196763 22.331384 22.218109
 82.800000 0.218266 25.684926 22.218109
 83.000000 0.217044 25.571746 22.218109
 83.200000 0.208622 25.177072 22.218109
 83.400000 0.219599 26.360800 22.218109
 83.600000 0.214688 25.904070 22.218109
 83.800000 0.213432 25.773172 22.218109
 84.000000 0.214371 25.871703 22.218109
 84.200000 0.232881 27.368012 22.218109
 84.400000 0.231695 27.384746 22.218109
 84.600000 0.209287 25.792790 22.218109
 84.800000 0.195689 22.470664 22.218109
 85.000000 0.198796 23.470629 23.207277
 85.200000 0.200069 24.452568 23.207277
 85.400000 0.182558 17.379057 23.207277
 85.600000 0.185315 18.704364 23.207277
 85.800000 0.181357 16.792112 23.207277
 86.000000 0.194231 22.542525 23.207277
 86.200000 0.177109 15.034756 23.207277
 86.400000 0.174062 13.466735 23.207277
 86.600000 0.181987 17.559484 23.207277
 86.800000 0.185424 19.295522 23.207277
 87.000000 0.180755 16.924622 23.207277
 87.200000 0.192750 23.206927 23.207277
 87.400000 0.204973 26.313407 23.207277
 87.600000 0.212153 26.995475 23.207277
 87.800000 0.206998 26.571168 23.207277
 88.000000 0.217328 27.222025 23.207277
 88.200000 0.228869 27.877713 23.207277
 88.400000 0.217136 27.735885 23.207277
 88.600000 0.188902 21.749492 23.207277
 88.800000 0.176825 15.695505 23.207277
 89.000000 0.170374 12.272379 23.207277
 89.200000 0.182209 19.267096 23.207277
 89.400000 0.180594 18.492236 23.207277
 89.600000 0.200847 25.989843 23.207277
 89.800000 0.218433 27.781643 23.207277
 90.000000 0.207800 27.125294 24.121557
 90.200000 0.193147 24.135715 24.121557
 90.400000 0.155156 6.027770 24.121557
 90.600000 0.167208 11.661471 24.121557
 90.800000 0.196990 25.423620 24.121557
 91.000000 0.206874 27.537573 24.121557
 91.200000 0.213276 28.530154 24.121557
 91.400000 0.229121 28.233070 24.121557
 91.600000 0.242118 26.781276 24.121557
 91.800000 0.242613 26.688596 24.121557
 92.000000 0.234875 27.800464 24.121557
 92.200000 0.227566 28.760847 24.121557
 92.400000 0.219739 28.855661 24.121557
 92.600000 0.202462 27.351459 24.121557
 92.800000 0.211014 28.572255 24.121557
 93.000000 0.222229 28.853071 24.121557
 93.200000 0.235844 28.525326 24.121557
 93.400000 0.246414 26.392202 24.121557
 93.600000 0.239669 27.923764 24.121557
 93.800000 0.226857 29.242892 24.121557
 94.000000 0.212566 29.065760 24.121557
 94.200000 0.201626 27.715797 24.121557
 94.400000 0.204941 28.508539 24.121557
 94.600000 0.214672 29.668216 24.121557
 94.800000 0.215258 29.692552 24.121557
 95.000000 0.234309 28.879335 25.762893
 95.200000 0.244553 27.300340 25.762893
 95.400000 0.249277 25.912902 25.762893
 95.600000 0.230329 29.769858 25.762893
 95.800000 0.226350 29.994201 25.762893
 96.000000 0.234297 29.364224 25.762893
 96.200000 0.244548 27.675954 25.762893
 96.400000 0.261814 21.991361 25.762893
 96.600000 0.259130 22.847409 25.762893
 96.800000 0.265996 20.773805 25.762893
 97.000000 0.261040 22.232655 25.762893
 97.200000 0.246073 27.617917 25.762893
 97.400000 0.264778 21.742617 25.762893
 97.600000 0.257377 24.062154 25.762893
 97.800000 0.252189 25.759569 25.762893
 98.000000 0.252691 25.597029 25.762893
 98.200000 0.259992 23.712203 25.762893
 98.400000 0.271023 20.307414 25.762893
 98.600000 0.263021 22.710171 25.762893
 98.800000 0.253439 25.912614 25.762893
 99.000000 0.267320 21.364462 25.762893
 99.200000 0.296306 14.321216 25.762893
 99.400000 0.300612 13.156210 25.762893
 99.600000 0.323017 8.807800 25.762893
 99.800000 0.320769 9.181274 25.762893
 100.000000 0.343897 3.998432 26.383556
 100.200000 0.356672 2.356694 26.383556
 100.400000 0.340408 6.328204 26.383556
 100.600000 0.336350 7.247809 26.383556
 100.800000 0.340964 6.194032 26.383556
 101.000000 0.352261 3.339712 26.383556
 101.200000 0.369729 1.316743 26.383556
 101.400000 0.353573 4.533630 26.383556
 101.600000 0.345215 6.474751 26.383556
 101.800000 0.360423 2.960965 26.383556
 102.000000 0.345362 6.443065 26.383556
 102.200000 0.319337 10.215719 26.383556
 102.400000 0.335377 9.300733 26.383556
 102.600000 0.353978 5.550060 26.383556
 102.800000 0.366021 2.388682 26.383556
 103.000000 0.366352 2.317752 26.383556
 103.200000 0.357377 5.909466 26.383556
 103.400000 0.366070 3.956140 26.383556
 103.600000 0.358546 5.642371 26.383556
 103.800000 0.346859 8.096081 26.383556
 104.000000 0.344403 8.497491 26.383556
 104.200000 0.357436 6.716853 26.383556
 104.400000 0.363791 4.971621 26.383556
 104.600000 0.363859 4.953437 26.383556
 104.800000 0.356511 6.970894 26.383556
 105.000000 0.366890 4.170444 26.337004
 105.200000 0.381802 2.220277 26.337004
 105.400000 0.378824 2.809890 26.337004
 105.600000 0.372476 4.248639 26.337004
 105.800000 0.347137 9.834968 26.337004
 106.000000 0.344230 10.184544 26.337004
 106.200000 0.359380 8.127132 26.337004
 106.400000 0.387309 1.340003 26.337004
 106.600000 0.371711 4.639114 26.337004
 106.800000 0.375851 3.576946 26.337004
 107.000000 0.379520 2.734058 26.337004
 107.200000 0.364602 7.577576 26.337004
 107.400000 0.365877 7.290564 26.337004
 107.600000 0.371643 6.006783 26.337004
 107.800000 0.387613 2.636478 26.337004
 108.000000 0.375621 5.130914 26.337004
 108.200000 0.386569 3.900643 26.337004
 108.400000 0.395602 1.931808 26.337004
 108.600000 0.374628 6.738399 26.337004
 108.800000 0.388000 3.554785 26.337004
 109.000000 0.394850 2.071479 26.337004
 109.200000 0.374370 7.419744 26.337004
 109.400000 0.375470 7.247243 26.337004
 109.600000 0.381834 6.163119 26.337004
 109.800000 0.388162 4.960587 26.337004
 110.000000 0.400040 2.731290 26.291169
 110.200000 0.393328 5.359124 26.291169
 110.400000 0.388291 6.074923 26.291169
 110.600000 0.385967 6.383378 26.291169
 110.800000 0.380871 7.019853 26.291169
 111.000000 0.386092 6.367042 26.291169
 111.200000 0.383053 8.044503 26.291169
 111.400000 0.387925 7.432219 26.291169
 111.600000 0.394091 6.386433 26.291169
 111.800000 0.390725 6.995416 26.291169
 112.000000 0.403108 4.438653 26.291169
 112.200000 0.401318 6.273141 26.291169
 112.400000 0.408732 4.509369 26.291169
 112.600000 0.408608 4.540350 26.291169
 112.800000 0.405446 5.321851 26.291169
 113.000000 0.420846 1.787247 26.291169
 113.200000 0.427358 2.334496 26.291169
 113.400000 0.433293 1.525040 26.291169
 113.600000 0.417979 3.920699 26.291169
 113.800000 0.405249 6.309475 26.291169
 114.000000 0.416603 4.177120 26.291169
 114.200000 0.423334 4.289585 26.291169
 114.400000 0.436608 1.749140 26.291169
 114.600000 0.411115 6.582008 26.291169
 114.800000 0.415338 5.863647 26.291169
 115.000000 0.399395 8.001440 26.246556
 115.200000 0.401887 8.979813 26.246556
 115.400000 0.397547 9.364505 26.246556
 115.600000 0.406484 8.341255 26.246556
 115.800000 0.424103 4.444147 26.246556
 116.000000 0.410063 7.695687 26.246556
 116.200000 0.423418 5.445309 26.246556
 116.400000 0.436499 2.082460 26.246556
 116.600000 0.430905 3.355028 26.246556
 116.800000 0.443426 0.988527 26.246556
 117.000000 0.453591 0.231387 26.246556
 117.200000 0.435212 3.161854 26.246556
 117.400000 0.424257 5.452781 26.246556
 117.600000 0.427949 4.543083 26.246556
 117.800000 0.441912 2.459926 26.246556
 118.000000 0.442963 2.391828 26.246556
 118.200000 0.453704 3.175813 26.246556
 118.400000 0.460420 2.425319 26.246556
 118.600000 0.444488 3.872533 26.246556
 118.800000 0.446274 3.761277 26.246556
 119.000000 0.452146 3.320058 26.246556
 119.200000 0.448916 5.055808 26.246556
 119.400000 0.434618 5.358420 26.246556
 119.600000 0.434016 5.386012 26.246556
 119.800000 0.413272 8.551954 26.246556
 120.000000 0.402067 10.076066 26.203070
 120.200000 0.396712 11.308933 26.203070
 120.400000 0.397537 11.321224 26.203070
 120.600000 0.404965 10.920254 26.203070
 120.800000 0.428754 6.036375 26.203070
 121.000000 0.451756 4.865761 26.203070
 121.200000 0.436315 6.207721 26.203070
 121.400000 0.437219 6.226455 26.203070
 121.600000 0.431603 6.266342 26.203070
 121.800000 0.440949 6.354380 26.203070
 122.000000 0.438222 6.254736 26.203070
 122.200000 0.419048 8.701246 26.203070
 122.400000 0.428010 7.595497 26.203070
 122.600000 0.452653 7.023949 26.203070
 122.800000 0.441384 7.666312 26.203070
 123.000000 0.429953 7.504242 26.203070
 123.200000 0.421112 9.412899 26.203070
 123.400000 0.432380 8.698423 26.203070
 123.600000 0.432103 8.703145 26.203070
 123.800000 0.417670 9.843901 26.203070
 124.000000 0.418905 9.680890 26.203070
 124.200000 0.430981 9.548763 26.203070
 124.400000 0.425431 10.034437 26.203070
 124.600000 0.428292 9.758273 26.203070
 124.800000 0.412613 11.580710 26.203070
 125.000000 0.426645 9.910787 26.160393
 125.200000 0.444212 9.319253 26.160393
 125.400000 0.438411 9.967037 26.160393
 125.600000 0.416992 11.978029 26.160393
 125.800000 0.405762 12.493159 26.160393
 126.000000 0.414658 12.168450 26.160393
 126.200000 0.421502 12.467019 26.160393
 126.400000 0.414844 13.172096 26.160393
 126.600000 0.410609 13.390420 26.160393
 126.800000 0.403003 13.178093 26.160393
 127.000000 0.396547 12.444858 26.160393
 127.200000 0.390747 12.489497 26.160393
 127.400000 0.381893 10.903476 26.160393
 127.600000 0.362389 9.811236 26.160393
 127.800000 0.352352 10.804372 26.160393
 128.000000 0.373356 9.875489 26.160393
 128.200000 0.386079 12.410753 26.160393
 128.400000 0.378840 11.506808 26.160393
 128.600000 0.365646 10.660105 26.160393
 128.800000 0.367535 10.697400 26.160393
 129.000000 0.377147 11.330972 26.160393
 129.200000 0.379007 12.573360 26.160393
 129.400000 0.372937 11.987672 26.160393
 129.600000 0.387420 13.431970 26.160393
 129.800000 0.393072 13.977980 26.160393
 130.000000 0.396371 14.234644 26.120412
 130.200000 0.391288 14.691723 26.120412
 130.400000 0.374570 12.460348 26.120412
 130.600000 0.363026 11.417487 26.120412
 130.800000 0.381071 13.333657 26.120412
 131.000000 0.394611 15.027941 26.120412
 131.200000 0.378823 13.536289 26.120412
 131.400000 0.373156 12.607547 26.120412
 131.600000 0.372474 12.506150 26.120412
 131.800000 0.378531 13.485810 26.120412
 132.000000 0.371557 12.374639 26.120412
 132.200000 0.349141 11.989346 26.120412
 132.400000 0.354497 11.969464 26.120412
 132.600000 0.367530 12.848546 26.120412
 132.800000 0.355087 11.976310 26.120412
 133.000000 0.360000 12.150278 26.120412
 133.200000 0.362608 13.338617 26.120412
 133.400000 0.370643 14.047384 26.120412
 133.600000 0.364776 13.505487 26.120412
 133.800000 0.362820 13.353929 26.120412
 134.000000 0.371608 14.144580 26.120412
 134.200000 0.383671 16.076016 26.120412
 134.400000 0.359806 13.841036 26.120412
 134.600000 0.341824 12.619156 26.120412
 134.800000 0.344308 12.790938 26.120412
 135.000000 0.361186 13.973464 26.082732
 135.200000 0.383183 16.362662 26.082732
 135.400000 0.381051 16.283735 26.082732
 135.600000 0.381918 16.316364 26.082732
 135.800000 0.381495 16.300557 26.082732
 136.000000 0.364978 15.276688 26.082732
 136.200000 0.355509 15.079628 26.082732
 136.400000 0.359608 15.587602 26.082732
 136.600000 0.391217 16.809104 26.082732
 136.800000 0.413096 14.883137 26.082732
 137.000000 0.398297 16.687878 26.082732
 137.200000 0.390752 17.541677 26.082732
 137.400000 0.374757 16.961301 26.082732
 137.600000 0.394922 17.595490 26.082732
 137.800000 0.374165 16.932240 26.082732
 138.000000 0.393272 17.589684 26.082732
 138.200000 0.409333 16.643974 26.082732
 138.400000 0.411289 16.181451 26.082732
 138.600000 0.407280 17.085338 26.082732
 138.800000 0.393942 18.393499 26.082732
 139.000000 0.391354 18.349444 26.082732
 139.200000 0.399220 18.887760 26.082732
 139.400000 0.411148 16.538418 26.082732
 139.600000 0.422168 13.453458 26.082732
 139.800000 0.400204 18.783035 26.082732
 140.000000 0.415199 15.395357 26.053850
 140.200000 0.448020 8.890166 26.053850
 140.400000 0.451200 8.188990 26.053850
 140.600000 0.429698 12.291154 26.053850
 140.800000 0.411644 17.259420 26.053850
 141.000000 0.421862 14.332132 26.053850
 141.200000 0.435562 11.707098 26.053850
 141.400000 0.429043 13.266714 26.053850
 141.600000 0.415169 17.121983 26.053850
 141.800000 0.428802 13.329681 26.053850
 142.000000 0.439566 10.865315 26.053850
 142.200000 0.444664 10.842618 26.053850
 142.400000 0.425191 14.990973 26.053850
 142.600000 0.433387 13.187276 26.053850
 142.800000 0.449059 9.731645 26.053850
 143.000000 0.447600 10.120500 26.053850
 143.200000 0.455012 8.914597 26.053850
 143.400000 0.448681 10.946381 26.053850
 143.600000 0.458846 7.467524 26.053850
 143.800000 0.475757 1.859851 26.053850
 144.000000 0.480415 1.041341 26.053850
 144.200000 0.464674 6.168255 26.053850
 144.400000 0.445131 11.934832 26.053850
 144.600000 0.443734 12.215200 26.053850
 144.800000 0.442039 12.529404 26.053850
 145.000000 0.426241 15.147952 26.018919
 145.200000 0.418151 17.629080 26.018919
 145.400000 0.420661 17.137916 26.018919
 145.600000 0.436342 14.161677 26.018919
 145.800000 0.444577 12.469763 26.018919
 146.000000 0.441772 13.097198 26.018919
 146.200000 0.432429 15.681515 26.018919
 146.400000 0.449204 12.127601 26.018919
 146.600000 0.438899 14.636608 26.018919
 146.800000 0.416455 18.187091 26.018919
 147.000000 0.412298 18.830705 26.018919
 147.200000 0.426431 17.065084 26.018919
 147.400000 0.440742 14.409718 26.018919
 147.600000 0.441643 14.211370 26.018919
 147.800000 0.444329 13.566435 26.018919
 148.000000 0.451255 11.482043 26.018919
 148.200000 0.464229 7.378959 26.018919
 148.400000 0.475201 3.927667 26.018919
 148.600000 0.447207 13.787215 26.018919
 148.800000 0.425270 17.512918 26.018919
 149.000000 0.417189 18.862690 26.018919
 149.200000 0.409506 20.636418 26.018919
 149.400000 0.425745 18.079461 26.018919
 149.600000 0.436815 16.175434 26.018919
 149.800000 0.439267 15.734734 26.018919
 150.000000 0.424886 18.236245 25.996946
 150.200000 0.432149 17.652146 25.996946
 150.400000 0.438066 16.482367 25.996946
 150.600000 0.422084 19.515368 25.996946
 150.800000 0.413174 20.796735 25.996946
 151.000000 0.420029 19.861813 25.996946
 151.200000 0.410979 21.597315 25.996946
 151.400000 0.394077 20.589493 25.996946
 151.600000 0.393119 20.449248 25.996946
 151.800000 0.395446 20.781827 25.996946
 152.000000 0.410924 21.600200 25.996946
 152.200000 0.407785 22.346023 25.996946
 152.400000 0.418053 21.485175 25.996946
 152.600000 0.423612 20.413716 25.996946
 152.800000 0.435215 17.672405 25.996946
 153.000000 0.436119 17.449518 25.996946
 153.200000 0.419636 21.651226 25.996946
 153.400000 0.415376 22.179863 25.996946
 153.600000 0.401560 22.063289 25.996946
 153.800000 0.390464 20.312395 25.996946
 154.000000 0.386091 19.537574 25.996946
 154.200000 0.384428 19.989436 25.996946
 154.400000 0.383745 19.874788 25.996946
 154.600000 0.377792 18.901290 25.996946
 154.800000 0.376855 18.751217 25.996946
 155.000000 0.387135 20.448386 26.002272
 155.200000 0.397795 22.652758 26.002272
 155.400000 0.385286 20.832419 26.002272
 155.600000 0.401838 22.950243 26.002272
 155.800000 0.404932 23.039112 26.002272
 156.000000 0.398803 22.744534 26.002272
 156.200000 0.383082 20.808967 26.002272
 156.400000 0.384006 20.997278 26.002272
 156.600000 0.389487 22.068471 26.002272
 156.800000 0.397257 23.231298 26.002272
 157.000000 0.400876 23.526400 26.002272
 157.200000 0.407677 24.098331 26.002272
 157.400000 0.413432 23.454699 26.002272
 157.600000 0.404832 24.216812 26.002272
 157.800000 0.407264 24.124326 26.002272
 158.000000 0.406938 24.142695 26.002272
 158.200000 0.419314 22.790537 26.002272
 158.400000 0.426572 20.947622 26.002272
 158.600000 0.435741 18.514185 26.002272
 158.800000 0.448653 14.398220 26.002272
 159.000000 0.462795 8.161225 26.002272
 159.200000 0.448452 15.245915 26.002272
 159.400000 0.432461 19.544504 26.002272
 159.600000 0.424282 21.592107 26.002272
 159.800000 0.406744 24.749709 26.002272
 160.000000 0.393548 23.698793 26.057211
 160.200000 0.388255 23.114023 26.057211
 160.400000 0.383683 21.918196 26.057211
 160.600000 0.397428 24.923831 26.057211
 160.800000 0.406671 25.168198 26.057211
 161.000000 0.419735 22.840136 26.057211
 161.200000 0.435994 19.051432 26.057211
 161.400000 0.426085 21.770109 26.057211
 161.600000 0.419047 23.642715 26.057211
 161.800000 0.438764 18.301435 26.057211
 162.000000 0.469325 6.734248 26.057211
 162.200000 0.468701 8.262141 26.057211
 162.400000 0.453233 14.258355 26.057211
 162.600000 0.437999 18.653930 26.057211
 162.800000 0.441904 17.665789 26.057211
 163.000000 0.453186 14.275159 26.057211
 163.200000 0.480677 4.608028 26.057211
 163.400000 0.491399 2.149386 26.057211
 163.600000 0.500598 0.781006 26.057211
 163.800000 0.483666 3.806343 26.057211
 164.000000 0.485397 3.384767 26.057211
 164.200000 0.478984 6.478523 26.057211
 164.400000 0.462315 11.987097 26.057211
 164.600000 0.458621 13.403864 26.057211
 164.800000 0.468349 9.736673 26.057211
 165.000000 0.443805 17.957121 26.060238
 165.200000 0.421933 23.287490 26.060238
 165.400000 0.419582 23.799701 26.060238
 165.600000 0.435313 20.458710 26.060238
 165.800000 0.434827 20.551931 26.060238
 166.000000 0.428563 21.817336 26.060238
 166.200000 0.423365 23.590932 26.060238
 166.400000 0.422661 23.737927 26.060238
 166.600000 0.425082 23.226439 26.060238
 166.800000 0.424349 23.382649 26.060238
 167.000000 0.420284 24.217677 26.060238
 167.200000 0.436706 21.090378 26.060238
 167.400000 0.457886 14.307608 26.060238
 167.600000 0.463053 12.102239 26.060238
 167.800000 0.460905 13.017920 26.060238
 168.000000 0.435199 21.443381 26.060238
 168.200000 0.444779 19.586918 26.060238
 168.400000 0.444140 19.781900 26.060238
 168.600000 0.433304 22.552241 26.060238
 168.800000 0.429565 23.383962 26.060238
 169.000000 0.432547 22.723115 26.060238
 169.200000 0.447767 18.988122 26.060238
 169.400000 0.456845 15.152429 26.060238
 169.600000 0.444540 20.122073 26.060238
 169.800000 0.443222 20.547168 26.060238
 170.000000 0.428947 24.135852 26.186939
 170.200000 0.410478 26.818257 26.186939
 170.400000 0.386609 22.822677 26.186939
 170.600000 0.381333 21.335724 26.186939
 170.800000 0.379736 20.894282 26.186939
 171.000000 0.379255 20.762769 26.186939
 171.200000 0.379882 21.627695 26.186939
 171.400000 0.379552 21.537803 26.186939
 171.600000 0.386384 23.379003 26.186939
 171.800000 0.376622 20.739999 26.186939
 172.000000 0.386011 23.280787 26.186939
 172.200000 0.398493 26.474058 26.186939
 172.400000 0.396689 26.215862 26.186939
 172.600000 0.416862 26.643446 26.186939
 172.800000 0.431250 24.242877 26.186939
 173.000000 0.432036 24.062644 26.186939
 173.200000 0.440468 22.324650 26.186939
 173.400000 0.440171 22.420813 26.186939
 173.600000 0.446620 20.077523 26.186939
 173.800000 0.449810 18.724180 26.186939
 174.000000 0.470421 9.298035 26.186939
 174.200000 0.435681 23.825866 26.186939
 174.400000 0.412823 27.222648 26.186939
 174.600000 0.398067 26.462110 26.186939
 174.800000 0.403266 27.035640 26.186939
 175.000000 0.401566 26.886584 26.337558
 175.200000 0.418059 27.192720 26.337558
 175.400000 0.416806 27.321118 26.337558
 175.600000 0.423591 26.444970 26.337558
 175.800000 0.430339 25.154514 26.337558
 176.000000 0.412104 27.656717 26.337558
 176.200000 0.403344 27.996504 26.337558
 176.400000 0.414019 28.055402 26.337558
 176.600000 0.414224 28.040546 26.337558
 176.800000 0.416487 27.840454 26.337558
 177.000000 0.435723 24.000743 26.337558
 177.200000 0.461308 14.340256 26.337558
 177.400000 0.467231 11.759415 26.337558
 177.600000 0.453347 18.014118 26.337558
 177.800000 0.469662 10.786928 26.337558
 178.000000 0.474462 9.028092 26.337558
 178.200000 0.473235 10.624891 26.337558
 178.400000 0.474012 10.354104 26.337558
 178.600000 0.473591 10.500426 26.337558
 178.800000 0.492963 4.128689 26.337558
 179.000000 0.493265 4.041310 26.337558
 179.200000 0.472570 11.420556 26.337558
 179.400000 0.467216 13.128425 26.337558
 179.600000 0.468900 12.567070 26.337558
 179.800000 0.463999 14.267589 26.337558
 180.000000 0.466855 13.251886 26.452972
