#! FIELDS time d metad.bias metad.rct
 0.000000 0.201194 0.000000 0.000000
 0.200000 0.190810 0.000000 0.000000
 0.400000 0.182439 0.000000 0.000000
 0.600000 0.167064 0.000000 0.000000
 0.800000 0.161135 0.000000 0.000000
 1.000000 0.182731 0.000000 0.000000
 1.200000 0.180564 1.731805 0.000000
 1.400000 0.174389 1.498802 0.000000
 1.600000 0.173911 1.471662 0.000000
 1.800000 0.169375 1.176239 0.000000
 2.000000 0.197714 1.061302 0.000000
 2.200000 0.210767 1.444309 0.000000
 2.400000 0.189857 3.017701 0.000000
 2.600000 0.174820 2.040923 0.000000
 2.800000 0.175163 2.077512 0.000000
 3.000000 0.185857 2.932799 0.000000
 3.200000 0.200462 3.464691 0.000000
 3.400000 0.186119 4.478547 0.000000
 3.600000 0.174310 3.127466 0.000000
 3.800000 0.174572 3.170884 0.000000
 4.000000 0.172807 2.874426 0.000000
 4.200000 0.199206 3.974238 0.000000
 4.400000 0.222671 0.538940 0.000000
 4.600000 0.244809 0.008872 0.000000
 4.800000 0.242898 0.014674 0.000000
 5.000000 0.242365 0.016687 1.297612
 5.200000 0.214926 1.619107 1.297612
 5.400000 0.219096 1.353658 1.297612
 5.600000 0.225236 1.291693 1.297612
 5.800000 0.217473 1.433680 1.297612
 6.000000 0.215739 1.551910 1.297612
 6.200000 0.212390 3.468654 1.297612
 6.400000 0.226668 2.573666 1.297612
 6.600000 0.209509 3.746166 1.297612
 6.800000 0.212412 3.466649 1.297612
 7.000000 0.216356 3.137648 1.297612
 7.200000 0.191972 5.959801 1.297612
 7.400000 0.207100 5.256063 1.297612
 7.600000 0.229957 3.479049 1.297612
 7.800000 0.242246 2.446888 1.297612
 8.000000 0.230508 3.430224 1.297612
 8.200000 0.217615 5.599489 1.297612
 8.400000 0.207668 5.693172 1.297612
 8.600000 0.196074 5.928246 1.297612
 8.800000 0.202008 5.777354 1.297612
 9.000000 0.190093 6.024608 1.297612
 9.200000 0.180365 6.641190 1.297612
 9.400000 0.168971 4.226648 1.297612
 9.600000 0.168727 4.167527 1.297612
 9.800000 0.169907 4.453822 1.297612
 10.000000 0.180827 6.709698 3.413971
 10.200000 0.203500 7.057021 3.413971
 10.400000 0.210446 6.387019 3.413971
 10.600000 0.193912 8.161305 3.413971
 10.800000 0.171669 5.954317 3.413971
 11.000000 0.156271 1.895249 3.413971
 11.200000 0.175469 7.664227 3.413971
 11.400000 0.170994 6.754939 3.413971
 11.600000 0.156733 3.593850 3.413971
 11.800000 0.175840 7.730319 3.413971
 12.000000 0.172844 7.152266 3.413971
 12.200000 0.158042 4.636583 3.413971
 12.400000 0.145081 1.914043 3.413971
 12.600000 0.146688 2.179910 3.413971
 12.800000 0.178012 9.279742 3.413971
 13.000000 0.186638 9.520281 3.413971
 13.200000 0.187916 10.570278 3.413971
 13.400000 0.201244 8.258060 3.413971
 13.600000 0.203559 7.817769 3.413971
 13.800000 0.210927 6.704999 3.413971
 14.000000 0.233345 4.684425 3.413971
 14.200000 0.239044 5.312433 3.413971
 14.400000 0.237185 5.605491 3.413971
 14.600000 0.217542 6.874143 3.413971
 14.800000 0.195610 9.451950 3.413971
 15.000000 0.203862 7.966279 5.771214
 15.200000 0.229060 6.782076 5.771214
 15.400000 0.212805 8.076927 5.771214
 15.600000 0.205561 8.940746 5.771214
 15.800000 0.205860 8.898075 5.771214
 16.000000 0.208424 8.555610 5.771214
 16.200000 0.240942 5.151522 5.771214
 16.400000 0.253260 2.556614 5.771214
 16.600000 0.239318 5.480859 5.771214
 16.800000 0.233618 6.533726 5.771214
 17.000000 0.239135 5.517308 5.771214
 17.200000 0.236662 7.343716 5.771214
 17.400000 0.244331 5.723321 5.771214
 17.600000 0.255135 2.978811 5.771214
 17.800000 0.259237 2.084376 5.771214
 18.000000 0.237286 7.234842 5.771214
 18.200000 0.215622 9.740020 5.771214
 18.400000 0.201086 10.812966 5.771214
 18.600000 0.214118 9.790915 5.771214
 18.800000 0.211281 9.924756 5.771214
 19.000000 0.193622 11.543503 5.771214
 19.200000 0.177219 11.080947 5.771214
 19.400000 0.171552 9.362516 5.771214
 19.600000 0.164502 6.946150 5.771214
 19.800000 0.153315 3.621701 5.771214
 20.000000 0.144574 1.857884 7.470595
 20.200000 0.155763 5.471127 7.470595
 20.400000 0.148025 4.034138 7.470595
 20.600000 0.141719 3.020937 7.470595
 20.800000 0.139781 2.725166 7.470595
 21.000000 0.143301 3.267394 7.470595
 21.200000 0.146240 5.222314 7.470595
 21.400000 0.134491 3.234905 7.470595
 21.600000 0.144508 4.966330 7.470595
 21.800000 0.159634 7.175985 7.470595
 22.000000 0.169677 9.442983 7.470595
 22.200000 0.165290 9.449324 7.470595
 22.400000 0.162717 8.807062 7.470595
 22.600000 0.160913 8.382104 7.470595
 22.800000 0.162814 8.830638 7.470595
 23.000000 0.160857 8.369369 7.470595
 23.200000 0.152279 7.657276 7.470595
 23.400000 0.147717 6.643711 7.470595
 23.600000 0.157853 8.892519 7.470595
 23.800000 0.170302 11.742478 7.470595
 24.000000 0.175419 12.741074 7.470595
 24.200000 0.192560 13.670376 7.470595
 24.400000 0.211039 10.553877 7.470595
 24.600000 0.230911 9.351069 7.470595
 24.800000 0.229119 9.485483 7.470595
 25.000000 0.242022 7.479931 9.064771
 25.200000 0.246115 7.550908 9.064771
 25.400000 0.268266 1.167843 9.064771
 25.600000 0.261110 2.647027 9.064771
 25.800000 0.255679 4.275537 9.064771
 26.000000 0.251416 5.744210 9.064771
 26.200000 0.252361 6.764781 9.064771
 26.400000 0.256873 5.154828 9.064771
 26.600000 0.257176 5.048796 9.064771
 26.800000 0.241812 9.890240 9.064771
 27.000000 0.235102 10.748262 9.064771
 27.200000 0.231524 11.892149 9.064771
 27.400000 0.232738 11.901850 9.064771
 27.600000 0.228464 11.760362 9.064771
 27.800000 0.208518 11.219094 9.064771
 28.000000 0.203310 11.873172 9.064771
 28.200000 0.188219 14.844330 9.064771
 28.400000 0.190518 14.689743 9.064771
 28.600000 0.224940 11.856282 9.064771
 28.800000 0.225165 11.867088 9.064771
 29.000000 0.217840 11.640394 9.064771
 29.200000 0.230714 12.783848 9.064771
 29.400000 0.242053 11.130747 9.064771
 29.600000 0.223583 12.760378 9.064771
 29.800000 0.209026 13.009075 9.064771
 30.000000 0.213714 12.750941 10.655415
 30.200000 0.214720 13.710493 10.655415
 30.400000 0.212912 13.771526 10.655415
 30.600000 0.194740 14.979057 10.655415
 30.800000 0.182659 15.008223 10.655415
 31.000000 0.166167 11.678573 10.655415
 31.200000 0.160210 10.994940 10.655415
 31.400000 0.153891 9.111425 10.655415
 31.600000 0.162868 11.778730 10.655415
 31.800000 0.182235 15.556459 10.655415
 32.000000 0.187127 15.608729 10.655415
 32.200000 0.188447 16.435956 10.655415
 32.400000 0.197658 15.566880 10.655415
 32.600000 0.207031 14.457753 10.655415
 32.800000 0.198072 15.515471 10.655415
 33.000000 0.187632 16.467588 10.655415
 33.200000 0.174916 15.955307 10.655415
 33.400000 0.165251 13.038380 10.655415
 33.600000 0.164247 12.697280 10.655415
 33.800000 0.158619 10.790826 10.655415
 34.000000 0.149920 8.018964 10.655415
 34.200000 0.170729 15.278405 10.655415
 34.400000 0.192001 17.019735 10.655415
 34.600000 0.200598 15.779390 10.655415
 34.800000 0.204832 15.127178 10.655415
 35.000000 0.218840 13.807634 12.566768
 35.200000 0.205275 15.691173 12.566768
 35.400000 0.216134 14.875562 12.566768
 35.600000 0.227643 14.305046 12.566768
 35.800000 0.209689 15.280517 12.566768
 36.000000 0.200240 16.273962 12.566768
 36.200000 0.184765 17.962835 12.566768
 36.400000 0.210759 15.861009 12.566768
 36.600000 0.216692 15.312723 12.566768
 36.800000 0.205738 16.435443 12.566768
 37.000000 0.207857 16.182162 12.566768
 37.200000 0.198596 18.022324 12.566768
 37.400000 0.214614 16.257148 12.566768
 37.600000 0.224494 15.190277 12.566768
 37.800000 0.218021 15.884098 12.566768
 38.000000 0.209509 16.841034 12.566768
 38.200000 0.225558 15.535355 12.566768
 38.400000 0.226809 15.346504 12.566768
 38.600000 0.212909 17.254861 12.566768
 38.800000 0.206272 18.024261 12.566768
 39.000000 0.212010 17.367178 12.566768
 39.200000 0.215570 17.697614 12.566768
 39.400000 0.232270 14.718423 12.566768
 39.600000 0.226860 15.832580 12.566768
 39.800000 0.211581 18.227096 12.566768
 40.000000 0.197987 19.210676 15.081224
 40.200000 0.214153 18.311105 15.081224
 40.400000 0.219912 17.289001 15.081224
 40.600000 0.212953 18.506694 15.081224
 40.800000 0.222808 16.742444 15.081224
 41.000000 0.230847 15.101693 15.081224
 41.200000 0.235577 14.774786 15.081224
 41.400000 0.253358 7.403086 15.081224
 41.600000 0.271244 1.423118 15.081224
 41.800000 0.268573 1.952773 15.081224
 42.000000 0.274386 0.948571 15.081224
 42.200000 0.259446 5.787992 15.081224
 42.400000 0.263028 4.734738 15.081224
 42.600000 0.259323 5.827918 15.081224
 42.800000 0.260595 5.426536 15.081224
 43.000000 0.273857 2.695014 15.081224
 43.200000 0.245060 11.746901 15.081224
 43.400000 0.234030 15.294214 15.081224
 43.600000 0.251937 9.143669 15.081224
 43.800000 0.268476 4.981606 15.081224
 44.000000 0.277122 3.810216 15.081224
 44.200000 0.275173 5.537320 15.081224
 44.400000 0.270926 5.991628 15.081224
 44.600000 0.264675 6.654332 15.081224
 44.800000 0.256500 8.175031 15.081224
 45.000000 0.268451 6.234433 15.274017
 45.200000 0.280546 5.721149 15.274017
 45.400000 0.276249 6.560902 15.274017
 45.600000 0.282230 5.337484 15.274017
 45.800000 0.275365 6.705865 15.274017
 46.000000 0.279287 5.989375 15.274017
 46.200000 0.284811 5.961192 15.274017
 46.400000 0.276253 7.873303 15.274017
 46.600000 0.270392 8.482119 15.274017
 46.800000 0.282019 6.705103 15.274017
 47.000000 0.290436 4.304670 15.274017
 47.200000 0.288707 6.255535 15.274017
 47.400000 0.292002 5.282183 15.274017
 47.600000 0.287068 6.716951 15.274017
 47.800000 0.279297 8.423482 15.274017
 48.000000 0.280618 8.205749 15.274017
 48.200000 0.276243 9.960638 15.274017
 48.400000 0.287466 7.700876 15.274017
 48.600000 0.316522 0.545161 15.274017
 48.800000 0.298070 4.144565 15.274017
 49.000000 0.308232 1.584767 15.274017
 49.200000 0.327570 0.787373 15.274017
 49.400000 0.320175 1.497244 15.274017
 49.600000 0.305400 3.751168 15.274017
 49.800000 0.324638 1.037286 15.274017
 50.000000 0.317950 1.762244 15.237347
 50.200000 0.292199 7.411961 15.237347
 50.400000 0.293538 7.097135 15.237347
 50.600000 0.324574 2.510401 15.237347
 50.800000 0.319310 3.208747 15.237347
 51.000000 0.302590 5.302812 15.237347
 51.200000 0.303996 6.464452 15.237347
 51.400000 0.308684 5.743884 15.237347
 51.600000 0.305148 6.286693 15.237347
 51.800000 0.297946 7.452662 15.237347
 52.000000 0.284207 9.860722 15.237347
 52.200000 0.294445 8.973140 15.237347
 52.400000 0.295352 8.768737 15.237347
 52.600000 0.287222 10.503411 15.237347
 52.800000 0.295702 8.690215 15.237347
 53.000000 0.308210 6.129135 15.237347
 53.200000 0.316673 5.667005 15.237347
 53.400000 0.322583 4.227808 15.237347
 53.600000 0.351075 0.187598 15.237347
 53.800000 0.342796 0.646602 15.237347
 54.000000 0.325391 3.546495 15.237347
 54.200000 0.322491 5.717000 15.237347
 54.400000 0.332621 3.330226 15.237347
 54.600000 0.337164 2.366717 15.237347
 54.800000 0.342028 1.520851 15.237347
 55.000000 0.344309 1.200891 15.209879
 55.200000 0.360944 1.006948 15.209879
 55.400000 0.361068 0.996241 15.209879
 55.600000 0.345037 2.766214 15.209879
 55.800000 0.331669 4.709931 15.209879
 56.000000 0.305343 8.644853 15.209879
 56.200000 0.297307 10.652633 15.209879
 56.400000 0.291942 11.192604 15.209879
 56.600000 0.279606 11.905024 15.209879
 56.800000 0.252908 10.660375 15.209879
 57.000000 0.266432 10.589075 15.209879
 57.200000 0.275739 12.609112 15.209879
 57.400000 0.277885 12.662848 15.209879
 57.600000 0.275576 12.601754 15.209879
 57.800000 0.268244 11.905198 15.209879
 58.000000 0.250319 11.774010 15.209879
 58.200000 0.251179 12.664461 15.209879
 58.400000 0.260461 11.948033 15.209879
 58.600000 0.272786 12.745360 15.209879
 58.800000 0.245039 13.873977 15.209879
 59.000000 0.232523 16.357031 15.209879
 59.200000 0.223502 18.346617 15.209879
 59.400000 0.231353 17.383588 15.209879
 59.600000 0.267533 12.406006 15.209879
 59.800000 0.277275 12.868603 15.209879
 60.000000 0.255161 12.420759 15.607128
 60.200000 0.251313 14.000990 15.607128
 60.400000 0.258249 13.144386 15.607128
 60.600000 0.233296 17.420364 15.607128
 60.800000 0.256544 13.279625 15.607128
 61.000000 0.242878 15.731251 15.607128
 61.200000 0.236877 17.680464 15.607128
 61.400000 0.268056 13.351114 15.607128
 61.600000 0.299407 10.554936 15.607128
 61.800000 0.300382 10.442469 15.607128
 62.000000 0.287167 12.213866 15.607128
 62.200000 0.258628 13.785304 15.607128
 62.400000 0.242908 16.604563 15.607128
 62.600000 0.254235 14.285790 15.607128
 62.800000 0.261036 13.664587 15.607128
 63.000000 0.277399 14.082466 15.607128
 63.200000 0.266258 14.427384 15.607128
 63.400000 0.256707 14.318977 15.607128
 63.600000 0.258450 14.218270 15.607128
 63.800000 0.275208 15.014236 15.607128
 64.000000 0.291697 13.116726 15.607128
 64.200000 0.291984 14.034302 15.607128
 64.400000 0.298972 12.548768 15.607128
 64.600000 0.317945 8.227256 15.607128
 64.800000 0.314136 9.161612 15.607128
 65.000000 0.316472 8.592335 15.881779
 65.200000 0.306995 11.781962 15.881779
 65.400000 0.310421 11.135015 15.881779
 65.600000 0.299829 13.006834 15.881779
 65.800000 0.273719 15.459365 15.881779
 66.000000 0.235318 17.910732 15.881779
 66.200000 0.247547 16.295777 15.881779
 66.400000 0.270309 15.163110 15.881779
 66.600000 0.268494 14.971932 15.881779
 66.800000 0.262456 14.506249 15.881779
 67.000000 0.252869 15.183699 15.881779
 67.200000 0.236906 18.988540 15.881779
 67.400000 0.242493 18.156132 15.881779
 67.600000 0.262339 15.231196 15.881779
 67.800000 0.255463 15.675290 15.881779
 68.000000 0.260089 15.275578 15.881779
 68.200000 0.281028 16.142603 15.881779
 68.400000 0.289509 14.922284 15.881779
 68.600000 0.308406 11.526901 15.881779
 68.800000 0.311941 10.823508 15.881779
 69.000000 0.296901 13.556911 15.881779
 69.200000 0.310837 11.673065 15.881779
 69.400000 0.323018 8.259900 15.881779
 69.600000 0.335510 4.833487 15.881779
 69.800000 0.336335 4.646512 15.881779
 70.000000 0.311914 11.408116 16.468721
 70.200000 0.291308 15.893079 16.468721
 70.400000 0.248029 17.672735 16.468721
 70.600000 0.224594 19.579039 16.468721
 70.800000 0.240346 18.896096 16.468721
 71.000000 0.241727 18.711874 16.468721
 71.200000 0.231621 20.137468 16.468721
 71.400000 0.231023 20.134486 16.468721
 71.600000 0.248654 18.246006 16.468721
 71.800000 0.251869 17.628949 16.468721
 72.000000 0.251625 17.673847 16.468721
 72.200000 0.241325 20.156727 16.468721
 72.400000 0.234664 20.510893 16.468721
 72.600000 0.231219 20.450586 16.468721
 72.800000 0.262296 17.089412 16.468721
 73.000000 0.267563 16.983891 16.468721
 73.200000 0.244261 20.023097 16.468721
 73.400000 0.232475 20.538942 16.468721
 73.600000 0.236239 20.580851 16.468721
 73.800000 0.250949 19.039875 16.468721
 74.000000 0.271408 17.839246 16.468721
 74.200000 0.259685 18.579457 16.468721
 74.400000 0.244118 20.190459 16.468721
 74.600000 0.244176 20.184489 16.468721
 74.800000 0.257701 18.680002 16.468721
 75.000000 0.265406 18.530702 17.424043
 75.200000 0.278515 18.914412 17.424043
 75.400000 0.279487 18.798776 17.424043
 75.600000 0.288544 17.216344 17.424043
 75.800000 0.300668 14.848000 17.424043
 76.000000 0.305205 13.993884 17.424043
 76.200000 0.324964 8.788247 17.424043
 76.400000 0.325845 8.458731 17.424043
 76.600000 0.330398 6.834290 17.424043
 76.800000 0.329103 7.279437 17.424043
 77.000000 0.336177 5.074577 17.424043
 77.200000 0.338663 5.815916 17.424043
 77.400000 0.349863 3.251433 17.424043
 77.600000 0.342819 4.794836 17.424043
 77.800000 0.333575 7.193817 17.424043
 78.000000 0.337260 6.181117 17.424043
 78.200000 0.322815 11.372723 17.424043
 78.400000 0.312029 14.010918 17.424043
 78.600000 0.306178 15.075993 17.424043
 78.800000 0.314525 13.468396 17.424043
 79.000000 0.320596 11.963087 17.424043
 79.200000 0.296208 16.799554 17.424043
 79.400000 0.294421 17.016331 17.424043
 79.600000 0.300724 16.309771 17.424043
 79.800000 0.319146 13.362911 17.424043
 80.000000 0.326055 11.457549 17.488361
 80.200000 0.330839 11.020376 17.488361
 80.400000 0.335069 9.609082 17.488361
 80.600000 0.335430 9.485858 17.488361
 80.800000 0.344387 6.405361 17.488361
 81.000000 0.337494 8.776543 17.488361
 81.200000 0.341859 8.402173 17.488361
 81.400000 0.350930 5.101817 17.488361
 81.600000 0.355785 3.538367 17.488361
 81.800000 0.357206 3.132660 17.488361
 82.000000 0.341773 8.433815 17.488361
 82.200000 0.343648 8.936063 17.488361
 82.400000 0.363064 2.197055 17.488361
 82.600000 0.363490 2.099058 17.488361
 82.800000 0.344814 8.489862 17.488361
 83.000000 0.365046 1.765750 17.488361
 83.200000 0.374359 1.841022 17.488361
 83.400000 0.394016 0.251888 17.488361
 83.600000 0.356300 5.503586 17.488361
 83.800000 0.356329 5.495371 17.488361
 84.000000 0.366457 3.107449 17.488361
 84.200000 0.356774 6.606810 17.488361
 84.400000 0.345650 9.445646 17.488361
 84.600000 0.335256 12.204380 17.488361
 84.800000 0.354861 7.050076 17.488361
 85.000000 0.376108 2.854552 17.466673
 85.200000 0.361421 6.566875 17.466673
 85.400000 0.337576 11.677765 17.466673
 85.600000 0.328135 13.784985 17.466673
 85.800000 0.324980 14.370846 17.466673
 86.000000 0.332599 12.849841 17.466673
 86.200000 0.343512 10.933667 17.466673
 86.400000 0.355731 7.755695 17.466673
 86.600000 0.343799 10.850148 17.466673
 86.800000 0.372188 5.079683 17.466673
 87.000000 0.370459 5.355063 17.466673
 87.200000 0.334772 13.409063 17.466673
 87.400000 0.334476 13.477123 17.466673
 87.600000 0.370437 6.737109 17.466673
 87.800000 0.350391 9.569101 17.466673
 88.000000 0.345230 10.768834 17.466673
 88.200000 0.339860 13.169790 17.466673
 88.400000 0.348003 11.161898 17.466673
 88.600000 0.353475 9.906440 17.466673
 88.800000 0.365119 7.898730 17.466673
 89.000000 0.372693 6.561363 17.466673
 89.200000 0.356675 10.013962 17.466673
 89.400000 0.335001 14.267350 17.466673
 89.600000 0.330357 15.030240 17.466673
 89.800000 0.319838 16.122383 17.466673
 90.000000 0.337225 13.837980 17.499600
 90.200000 0.354463 10.813087 17.499600
 90.400000 0.358577 10.119255 17.499600
 90.600000 0.373953 7.646020 17.499600
 90.800000 0.378955 6.357119 17.499600
 91.000000 0.405795 0.493829 17.499600
 91.200000 0.389906 4.135789 17.499600
 91.400000 0.369731 8.590409 17.499600
 91.600000 0.363535 9.459831 17.499600
 91.800000 0.350473 11.644457 17.499600
 92.000000 0.345080 12.950933 17.499600
 92.200000 0.347774 13.249633 17.499600
 92.400000 0.339866 15.140556 17.499600
 92.600000 0.350490 12.561386 17.499600
 92.800000 0.364563 9.748953 17.499600
 93.000000 0.357123 11.063872 17.499600
 93.200000 0.356247 12.308418 17.499600
 93.400000 0.344202 14.888692 17.499600
 93.600000 0.356327 12.292249 17.499600
 93.800000 0.371641 9.137210 17.499600
 94.000000 0.373000 8.793865 17.499600
 94.200000 0.367937 11.113907 17.499600
 94.400000 0.357133 12.806006 17.499600
 94.600000 0.347711 14.427185 17.499600
 94.800000 0.325997 16.860762 17.499600
 95.000000 0.321237 16.893050 17.582506
 95.200000 0.290946 17.690805 17.582506
 95.400000 0.285845 18.317365 17.582506
 95.600000 0.306131 17.240334 17.582506
 95.800000 0.298433 17.170278 17.582506
 96.000000 0.289470 17.859996 17.582506
 96.200000 0.297990 17.855242 17.582506
 96.400000 0.298741 17.814729 17.582506
 96.600000 0.287037 18.943118 17.582506
 96.800000 0.277964 19.772237 17.582506
 97.000000 0.271014 19.783340 17.582506
 97.200000 0.265682 20.232724 17.582506
 97.400000 0.268977 20.420901 17.582506
 97.600000 0.275637 20.530846 17.582506
 97.800000 0.264159 20.143307 17.582506
 98.000000 0.260818 19.986234 17.582506
 98.200000 0.267363 20.985696 17.582506
 98.400000 0.258364 20.639917 17.582506
 98.600000 0.249758 20.781366 17.582506
 98.800000 0.250694 20.743378 17.582506
 99.000000 0.265094 20.887387 17.582506
 99.200000 0.274047 21.620075 17.582506
 99.400000 0.263870 21.518690 17.582506
 99.600000 0.231954 20.800719 17.582506
 99.800000 0.231975 20.802345 17.582506
 100.000000 0.241520 21.258251 18.673747
 100.200000 0.248847 21.806104 18.673747
 100.400000 0.261912 21.689207 18.673747
 100.600000 0.244800 21.923196 18.673747
 100.800000 0.254693 21.636344 18.673747
 101.000000 0.250926 21.733233 18.673747
 101.200000 0.237757 22.268091 18.673747
 101.400000 0.209824 20.062241 18.673747
 101.600000 0.216856 20.139601 18.673747
 101.800000 0.221506 20.421142 18.673747
 102.000000 0.228756 21.235994 18.673747
 102.200000 0.218473 20.750284 18.673747
 102.400000 0.224391 21.352028 18.673747
 102.600000 0.215622 20.562093 18.673747
 102.800000 0.213661 20.471039 18.673747
 103.000000 0.202395 20.302996 18.673747
 103.200000 0.202305 21.010591 18.673747
 103.400000 0.222013 21.379277 18.673747
 103.600000 0.206365 21.013600 18.673747
 103.800000 0.219666 21.213810 18.673747
 104.000000 0.230828 22.297386 18.673747
 104.200000 0.242689 23.447717 18.673747
 104.400000 0.242803 23.443627 18.673747
 104.600000 0.225931 22.365688 18.673747
 104.800000 0.231343 23.000619 18.673747
 105.000000 0.232655 23.131568 19.955769
 105.200000 0.254875 22.809928 19.955769
 105.400000 0.265328 22.334202 19.955769
 105.600000 0.262576 22.402280 19.955769
 105.800000 0.263809 22.370040 19.955769
 106.000000 0.261955 22.420510 19.955769
 106.200000 0.242094 24.246265 19.955769
 106.400000 0.232529 23.837134 19.955769
 106.600000 0.235764 24.121547 19.955769
 106.800000 0.250988 23.674202 19.955769
 107.000000 0.269058 22.802201 19.955769
 107.200000 0.251275 23.964456 19.955769
 107.400000 0.234646 24.083158 19.955769
 107.600000 0.217274 21.901456 19.955769
 107.800000 0.225623 22.929536 19.955769
 108.000000 0.214621 21.686321 19.955769
 108.200000 0.199308 21.473680 19.955769
 108.400000 0.217697 22.593375 19.955769
 108.600000 0.244093 24.423587 19.955769
 108.800000 0.262623 23.625543 19.955769
 109.000000 0.248441 24.176731 19.955769
 109.200000 0.249995 24.669539 19.955769
 109.400000 0.227049 23.823672 19.955769
 109.600000 0.208243 21.999034 19.955769
 109.800000 0.211113 22.160655 19.955769
 110.000000 0.193653 20.960726 21.070256
 110.200000 0.188389 20.880275 21.070256
 110.400000 0.172264 16.446035 21.070256
 110.600000 0.156339 11.215002 21.070256
 110.800000 0.149206 9.037009 21.070256
 111.000000 0.163371 13.436246 21.070256
 111.200000 0.177302 18.719200 21.070256
 111.400000 0.186062 20.729811 21.070256
 111.600000 0.188308 21.105844 21.070256
 111.800000 0.175401 18.186822 21.070256
 112.000000 0.160702 13.521810 21.070256
 112.200000 0.149919 10.638483 21.070256
 112.400000 0.143699 8.219655 21.070256
 112.600000 0.143203 8.025578 21.070256
 112.800000 0.135296 5.048831 21.070256
 113.000000 0.139004 6.402967 21.070256
 113.200000 0.144618 9.806337 21.070256
 113.400000 0.138814 7.647050 21.070256
 113.600000 0.137828 7.274465 21.070256
 113.800000 0.149844 11.622687 21.070256
 114.000000 0.165103 16.170949 21.070256
 114.200000 0.157447 14.745467 21.070256
 114.400000 0.162535 16.296738 21.070256
 114.600000 0.153093 13.290981 21.070256
 114.800000 0.140192 8.380167 21.070256
 115.000000 0.140737 8.598793 21.109174
 115.200000 0.135348 7.580279 21.109174
 115.400000 0.123678 3.240652 21.109174
 115.600000 0.118967 2.005522 21.109174
 115.800000 0.124735 3.567951 21.109174
 116.000000 0.123624 3.224477 21.109174
 116.200000 0.127472 5.957665 21.109174
 116.400000 0.135118 8.614431 21.109174
 116.600000 0.152211 14.116014 21.109174
 116.800000 0.151209 13.836746 21.109174
 117.000000 0.156070 15.147855 21.109174
 117.200000 0.145602 12.871165 21.109174
 117.400000 0.135567 9.123337 21.109174
 117.600000 0.137078 9.708538 21.109174
 117.800000 0.127198 6.005578 21.109174
 118.000000 0.120906 4.015187 21.109174
 118.200000 0.119722 5.147838 21.109174
 118.400000 0.136599 10.368718 21.109174
 118.600000 0.154789 15.811786 21.109174
 118.800000 0.150499 14.673933 21.109174
 119.000000 0.136106 10.206798 21.109174
 119.200000 0.117848 5.169428 21.109174
 119.400000 0.126184 7.925912 21.109174
 119.600000 0.133822 10.556246 21.109174
 119.800000 0.137041 11.622002 21.109174
 120.000000 0.124440 7.327048 21.096247
