#! FIELDS time d metad.bias metad.rct
 0.000000 0.201194 0.000000 0.000000
 0.200000 0.189032 0.000000 0.000000
 0.400000 0.187101 0.000000 0.000000
 0.600000 0.190322 0.000000 0.000000
 0.800000 0.182835 0.000000 0.000000
 1.000000 0.201426 0.000000 0.000000
 1.200000 0.206045 1.668801 0.000000
 1.400000 0.195265 1.608184 0.000000
 1.600000 0.193990 1.547284 0.000000
 1.800000 0.201605 1.749865 0.000000
 2.000000 0.192059 1.439405 0.000000
 2.200000 0.210816 2.187256 0.000000
 2.400000 0.215498 1.607675 0.000000
 2.600000 0.211345 2.121939 0.000000
 2.800000 0.219607 1.139023 0.000000
 3.000000 0.212693 1.954257 0.000000
 3.200000 0.222463 2.156886 0.000000
 3.400000 0.241211 0.313767 0.000000
 3.600000 0.218060 2.811972 0.000000
 3.800000 0.241456 0.303044 0.000000
 4.000000 0.269086 0.000000 0.000000
 4.200000 0.263006 1.614395 0.000000
 4.400000 0.229828 1.242009 0.000000
 4.600000 0.204766 4.247202 0.000000
 4.800000 0.193288 3.838827 0.000000
 5.000000 0.167700 0.588145 1.086745
 5.200000 0.163153 1.949717 1.086745
 5.400000 0.155134 1.287213 1.086745
 5.600000 0.161077 1.782649 1.086745
 5.800000 0.162974 1.935597 1.086745
 6.000000 0.193576 4.251338 1.086745
 6.200000 0.194319 5.739220 1.086745
 6.400000 0.190613 5.471990 1.086745
 6.600000 0.181997 4.414775 1.086745
 6.800000 0.182832 4.529508 1.086745
 7.000000 0.192765 5.647656 1.086745
 7.200000 0.204884 6.388294 1.086745
 7.400000 0.209379 5.524940 1.086745
 7.600000 0.212968 4.712427 1.086745
 7.800000 0.208985 5.609187 1.086745
 8.000000 0.228399 1.569352 1.086745
 8.200000 0.219598 4.553105 1.086745
 8.400000 0.204444 6.912367 1.086745
 8.600000 0.202262 7.117036 1.086745
 8.800000 0.204049 6.954201 1.086745
 9.000000 0.195612 7.273386 1.086745
 9.200000 0.210158 6.922269 1.086745
 9.400000 0.219579 4.907632 1.086745
 9.600000 0.235388 2.347076 1.086745
 9.800000 0.237727 2.088600 1.086745
 10.000000 0.220931 4.637684 3.568236
 10.200000 0.209641 8.101221 3.568236
 10.400000 0.218201 6.591177 3.568236
 10.600000 0.236836 2.992746 3.568236
 10.800000 0.238763 2.686792 3.568236
 11.000000 0.236191 3.101427 3.568236
 11.200000 0.239550 4.057243 3.568236
 11.400000 0.238040 4.310841 3.568236
 11.600000 0.225512 6.332790 3.568236
 11.800000 0.207132 8.685114 3.568236
 12.000000 0.205416 8.839131 3.568236
 12.200000 0.220361 7.762421 3.568236
 12.400000 0.238150 4.399150 3.568236
 12.600000 0.246586 3.036522 3.568236
 12.800000 0.222917 7.294832 3.568236
 13.000000 0.201439 10.201248 3.568236
 13.200000 0.165529 2.903086 3.568236
 13.400000 0.168665 3.504206 3.568236
 13.600000 0.179954 6.522347 3.568236
 13.800000 0.174225 4.822973 3.568236
 14.000000 0.169527 3.686805 3.568236
 14.200000 0.174832 6.382268 3.568236
 14.400000 0.175992 6.666274 3.568236
 14.600000 0.191544 10.595025 3.568236
 14.800000 0.202965 11.393213 3.568236
 15.000000 0.210317 10.423471 6.432097
 15.200000 0.201019 12.381499 6.432097
 15.400000 0.177069 7.029221 6.432097
 15.600000 0.169075 5.097390 6.432097
 15.800000 0.171951 5.747827 6.432097
 16.000000 0.170859 5.495894 6.432097
 16.200000 0.163300 5.102152 6.432097
 16.400000 0.181680 9.382196 6.432097
 16.600000 0.196999 12.394416 6.432097
 16.800000 0.176922 8.252214 6.432097
 17.000000 0.163433 5.133962 6.432097
 17.200000 0.161523 6.055182 6.432097
 17.400000 0.169372 7.813087 6.432097
 17.600000 0.191910 11.919487 6.432097
 17.800000 0.192691 12.035327 6.432097
 18.000000 0.177600 9.300927 6.432097
 18.200000 0.163484 7.280248 6.432097
 18.400000 0.152524 3.940781 6.432097
 18.600000 0.153390 4.198638 6.432097
 18.800000 0.146501 2.346874 6.432097
 19.000000 0.146204 2.279374 6.432097
 19.200000 0.159960 7.267273 6.432097
 19.400000 0.154668 5.934640 6.432097
 19.600000 0.156392 6.375060 6.432097
 19.800000 0.178371 10.749282 6.432097
 20.000000 0.171824 9.714475 7.973261
 20.200000 0.162531 8.813936 7.973261
 20.400000 0.170001 10.525549 7.973261
 20.600000 0.161119 8.426528 7.973261
 20.800000 0.158364 7.631386 7.973261
 21.000000 0.170299 10.580949 7.973261
 21.200000 0.181424 12.967943 7.973261
 21.400000 0.201854 13.177353 7.973261
 21.600000 0.209177 11.994682 7.973261
 21.800000 0.208906 12.051450 7.973261
 22.000000 0.218253 9.741165 7.973261
 22.200000 0.190282 13.659098 7.973261
 22.400000 0.175843 12.494271 7.973261
 22.600000 0.162997 9.908028 7.973261
 22.800000 0.158968 8.629803 7.973261
 23.000000 0.160029 8.980735 7.973261
 23.200000 0.154604 8.233910 7.973261
 23.400000 0.156260 8.843922 7.973261
 23.600000 0.158238 9.548685 7.973261
 23.800000 0.144906 4.761829 7.973261
 24.000000 0.163985 11.326625 7.973261
 24.200000 0.178444 13.978007 7.973261
 24.400000 0.198417 14.034464 7.973261
 24.600000 0.188320 14.009844 7.973261
 24.800000 0.178268 13.976855 7.973261
 25.000000 0.166618 12.992771 9.993084
 25.200000 0.156382 10.593830 9.993084
 25.400000 0.152170 8.715455 9.993084
 25.600000 0.139648 3.712040 9.993084
 25.800000 0.139317 3.610503 9.993084
 26.000000 0.149335 7.440284 9.993084
 26.200000 0.160971 13.333847 9.993084
 26.400000 0.158726 12.596865 9.993084
 26.600000 0.157733 12.237072 9.993084
 26.800000 0.155775 11.476435 9.993084
 27.000000 0.155257 11.265699 9.993084
 27.200000 0.156446 12.800094 9.993084
 27.400000 0.186527 14.571406 9.993084
 27.600000 0.193170 14.332069 9.993084
 27.800000 0.196983 14.216982 9.993084
 28.000000 0.191922 14.364919 9.993084
 28.200000 0.182735 15.592717 9.993084
 28.400000 0.167859 15.782772 9.993084
 28.600000 0.188102 15.387778 9.993084
 28.800000 0.209854 13.292409 9.993084
 29.000000 0.200429 14.824178 9.993084
 29.200000 0.183825 16.030822 9.993084
 29.400000 0.181600 16.060842 9.993084
 29.600000 0.181990 16.054076 9.993084
 29.800000 0.178402 16.129320 9.993084
 30.000000 0.188867 16.038108 12.290971
 30.200000 0.184213 16.844169 12.290971
 30.400000 0.177053 16.785478 12.290971
 30.600000 0.185755 16.861329 12.290971
 30.800000 0.202366 16.077424 12.290971
 31.000000 0.200692 16.329471 12.290971
 31.200000 0.208371 15.506916 12.290971
 31.400000 0.191516 17.600462 12.290971
 31.600000 0.187813 17.469261 12.290971
 31.800000 0.176493 17.005763 12.290971
 32.000000 0.189788 17.549205 12.290971
 32.200000 0.179246 17.735649 12.290971
 32.400000 0.193966 18.392598 12.290971
 32.600000 0.196912 18.248294 12.290971
 32.800000 0.194104 18.389539 12.290971
 33.000000 0.185201 18.114514 12.290971
 33.200000 0.182721 18.728978 12.290971
 33.400000 0.179937 18.514821 12.290971
 33.600000 0.195123 18.983389 12.290971
 33.800000 0.178417 18.385579 12.290971
 34.000000 0.174420 17.983713 12.290971
 34.200000 0.159718 14.982903 12.290971
 34.400000 0.150281 10.457440 12.290971
 34.600000 0.151422 11.040549 12.290971
 34.800000 0.172524 18.523793 12.290971
 35.000000 0.174256 18.749968 15.095308
 35.200000 0.172960 19.341231 15.095308
 35.400000 0.193082 19.790588 15.095308
 35.600000 0.204346 17.585036 15.095308
 35.800000 0.205676 17.164237 15.095308
 36.000000 0.221022 11.159564 15.095308
 36.200000 0.228103 9.398789 15.095308
 36.400000 0.205677 17.794044 15.095308
 36.600000 0.183509 20.110170 15.095308
 36.800000 0.164066 17.197596 15.095308
 37.000000 0.162777 16.727096 15.095308
 37.200000 0.165495 18.488246 15.095308
 37.400000 0.156190 14.527630 15.095308
 37.600000 0.146453 9.114834 15.095308
 37.800000 0.137479 4.798430 15.095308
 38.000000 0.137603 4.848209 15.095308
 38.200000 0.138692 6.704765 15.095308
 38.400000 0.130522 3.763023 15.095308
 38.600000 0.119712 1.348815 15.095308
 38.800000 0.132477 4.379147 15.095308
 39.000000 0.136121 5.676763 15.095308
 39.200000 0.136567 7.206843 15.095308
 39.400000 0.130219 4.930036 15.095308
 39.600000 0.138595 8.005191 15.095308
 39.800000 0.123018 2.842259 15.095308
 40.000000 0.129615 4.732990 15.742344
 40.200000 0.126652 5.211731 15.742344
 40.400000 0.114685 2.089679 15.742344
 40.600000 0.116950 2.569829 15.742344
 40.800000 0.127941 5.614797 15.742344
 41.000000 0.141362 10.187584 15.742344
 41.200000 0.115506 2.507025 15.742344
 41.400000 0.103284 0.598317 15.742344
 41.600000 0.114303 2.231283 15.742344
 41.800000 0.122824 4.590247 15.742344
 42.000000 0.121075 4.034817 15.742344
 42.200000 0.119356 4.973738 15.742344
 42.400000 0.119727 5.085551 15.742344
 42.600000 0.125837 7.000955 15.742344
 42.800000 0.119926 5.145779 15.742344
 43.000000 0.110605 2.655713 15.742344
 43.200000 0.103787 2.795252 15.742344
 43.400000 0.112093 4.546920 15.742344
 43.600000 0.121913 6.926410 15.742344
 43.800000 0.129345 8.835246 15.742344
 44.000000 0.117297 5.777445 15.742344
 44.200000 0.128902 9.722645 15.742344
 44.400000 0.132870 10.543610 15.742344
 44.600000 0.110166 5.320865 15.742344
 44.800000 0.089612 1.038480 15.742344
 45.000000 0.094070 1.670097 15.826853
 45.200000 0.123046 8.719613 15.826853
 45.400000 0.121754 8.473948 15.826853
 45.600000 0.104795 5.202472 15.826853
 45.800000 0.096819 3.756964 15.826853
 46.000000 0.119432 8.029695 15.826853
 46.200000 0.123392 9.967039 15.826853
 46.400000 0.121726 9.678074 15.826853
 46.600000 0.121633 9.661354 15.826853
 46.800000 0.107640 6.642861 15.826853
 47.000000 0.112194 7.716989 15.826853
 47.200000 0.107408 7.766436 15.826853
 47.400000 0.102090 6.311847 15.826853
 47.600000 0.116184 9.796075 15.826853
 47.800000 0.122350 10.774346 15.826853
 48.000000 0.122249 10.761216 15.826853
 48.200000 0.118792 11.310451 15.826853
 48.400000 0.105495 7.831544 15.826853
 48.600000 0.085115 2.330137 15.826853
 48.800000 0.086648 2.624764 15.826853
 49.000000 0.104109 7.391681 15.826853
 49.200000 0.120443 12.281540 15.826853
 49.400000 0.110367 10.468014 15.826853
 49.600000 0.091396 4.557987 15.826853
 49.800000 0.094200 5.413232 15.826853
 50.000000 0.091111 4.474443 15.840745
 50.200000 0.093505 6.611553 15.840745
 50.400000 0.093576 6.632600 15.840745
 50.600000 0.108133 10.618462 15.840745
 50.800000 0.089756 5.514426 15.840745
 51.000000 0.094149 6.801891 15.840745
 51.200000 0.125129 12.899234 15.840745
 51.400000 0.141300 13.591185 15.840745
 51.600000 0.131291 12.973205 15.840745
 51.800000 0.127902 12.932338 15.840745
 52.000000 0.121569 12.812197 15.840745
 52.200000 0.092220 7.659219 15.840745
 52.400000 0.090500 7.099099 15.840745
 52.600000 0.085529 5.477392 15.840745
 52.800000 0.084551 5.164776 15.840745
 53.000000 0.102494 10.750365 15.840745
 53.200000 0.106510 12.801430 15.840745
 53.400000 0.101603 11.590566 15.840745
 53.600000 0.102975 11.961863 15.840745
 53.800000 0.096107 9.883724 15.840745
 54.000000 0.101855 11.660393 15.840745
 54.200000 0.098614 11.719388 15.840745
 54.400000 0.109754 14.316079 15.840745
 54.600000 0.108793 14.181867 15.840745
 54.800000 0.105521 13.594890 15.840745
 55.000000 0.100677 12.364392 15.931497
 55.200000 0.109766 15.157034 15.931497
 55.400000 0.109177 15.096461 15.931497
 55.600000 0.108479 15.015249 15.931497
 55.800000 0.130406 14.289478 15.931497
 56.000000 0.164385 19.153557 15.931497
 56.200000 0.166004 20.205587 15.931497
 56.400000 0.167648 20.462698 15.931497
 56.600000 0.158443 18.391800 15.931497
 56.800000 0.140032 14.219146 15.931497
 57.000000 0.134261 14.131500 15.931497
 57.200000 0.139358 15.056994 15.931497
 57.400000 0.141293 15.159009 15.931497
 57.600000 0.136126 15.022135 15.931497
 57.800000 0.139322 15.055747 15.931497
 58.000000 0.135511 15.031576 15.931497
 58.200000 0.137448 15.906635 15.931497
 58.400000 0.127114 16.221367 15.931497
 58.600000 0.136452 15.913112 15.931497
 58.800000 0.140064 15.941953 15.931497
 59.000000 0.125677 16.269250 15.931497
 59.200000 0.110654 16.242284 15.931497
 59.400000 0.102284 14.241699 15.931497
 59.600000 0.128818 16.985965 15.931497
 59.800000 0.158058 18.912193 15.931497
 60.000000 0.133718 16.706540 16.767664
