#! FIELDS time d metad.bias metad.rct
 0.000000 0.201194 0.000000 0.000000
 0.200000 0.190303 0.000000 0.000000
 0.400000 0.182315 0.000000 0.000000
 0.600000 0.173582 0.000000 0.000000
 0.800000 0.166726 0.000000 0.000000
 1.000000 0.173377 0.000000 0.000000
 1.200000 0.192923 0.746782 0.000000
 1.400000 0.176516 1.712012 0.000000
 1.600000 0.174263 1.746936 0.000000
 1.800000 0.164369 1.460671 0.000000
 2.000000 0.160703 1.223607 0.000000
 2.200000 0.156426 2.513521 0.000000
 2.400000 0.157135 2.583112 0.000000
 2.600000 0.167287 3.115946 0.000000
 2.800000 0.161278 2.919020 0.000000
 3.000000 0.147911 1.562542 0.000000
 3.200000 0.159331 3.998707 0.000000
 3.400000 0.173018 3.331438 0.000000
 3.600000 0.183354 2.026856 0.000000
 3.800000 0.188624 1.370970 0.000000
 4.000000 0.187505 1.502141 0.000000
 4.200000 0.206784 0.869836 0.000000
 4.400000 0.217575 0.236162 0.000000
 4.600000 0.203657 1.164775 0.000000
 4.800000 0.192597 2.499228 0.000000
 5.000000 0.209358 0.665032 1.205982
 5.200000 0.221534 1.349854 1.205982
 5.400000 0.222584 1.258692 1.205982
 5.600000 0.228850 0.761973 1.205982
 5.800000 0.212302 2.139869 1.205982
 6.000000 0.211986 2.164827 1.205982
 6.200000 0.232675 1.131670 1.205982
 6.400000 0.224911 2.157969 1.205982
 6.600000 0.229764 1.484993 1.205982
 6.800000 0.221870 2.598931 1.205982
 7.000000 0.218493 3.063576 1.205982
 7.200000 0.193702 4.481966 1.205982
 7.400000 0.181365 4.354455 1.205982
 7.600000 0.173781 4.496862 1.205982
 7.800000 0.149568 3.437647 1.205982
 8.000000 0.136269 1.724913 1.205982
 8.200000 0.146931 4.379446 1.205982
 8.400000 0.172292 4.604865 1.205982
 8.600000 0.190215 4.363306 1.205982
 8.800000 0.190684 4.375167 1.205982
 9.000000 0.191571 4.401139 1.205982
 9.200000 0.189525 5.773420 1.205982
 9.400000 0.183467 5.577355 1.205982
 9.600000 0.197161 6.001881 1.205982
 9.800000 0.203169 6.082441 1.205982
 10.000000 0.209103 5.922161 2.922554
 10.200000 0.203331 7.330137 2.922554
 10.400000 0.189510 6.344184 2.922554
 10.600000 0.210858 7.140566 2.922554
 10.800000 0.202300 7.294216 2.922554
 11.000000 0.189239 6.321957 2.922554
 11.200000 0.183390 7.105866 2.922554
 11.400000 0.168807 5.694708 2.922554
 11.600000 0.166795 5.542426 2.922554
 11.800000 0.182975 7.064343 2.922554
 12.000000 0.173528 6.108397 2.922554
 12.200000 0.187122 8.343982 2.922554
 12.400000 0.184736 8.245769 2.922554
 12.600000 0.188126 8.378219 2.922554
 12.800000 0.174676 7.548310 2.922554
 13.000000 0.172730 7.364664 2.922554
 13.200000 0.186798 9.143220 2.922554
 13.400000 0.217056 6.534165 2.922554
 13.600000 0.226153 4.182250 2.922554
 13.800000 0.218913 6.094720 2.922554
 14.000000 0.201262 8.647566 2.922554
 14.200000 0.200159 9.894609 2.922554
 14.400000 0.187323 9.907866 2.922554
 14.600000 0.183894 9.768075 2.922554
 14.800000 0.189103 9.958007 2.922554
 15.000000 0.191523 10.003849 5.937003
 15.200000 0.184760 10.821295 5.937003
 15.400000 0.177735 10.080670 5.937003
 15.600000 0.207323 9.905820 5.937003
 15.800000 0.232854 2.654884 5.937003
 16.000000 0.242246 0.933698 5.937003
 16.200000 0.216749 7.965276 5.937003
 16.400000 0.215847 8.195534 5.937003
 16.600000 0.193611 11.136015 5.937003
 16.800000 0.199264 10.937053 5.937003
 17.000000 0.200973 10.807671 5.937003
 17.200000 0.197239 12.095875 5.937003
 17.400000 0.186447 11.611866 5.937003
 17.600000 0.198888 12.031958 5.937003
 17.800000 0.200875 11.897230 5.937003
 18.000000 0.173759 9.702313 5.937003
 18.200000 0.170561 10.206507 5.937003
 18.400000 0.181812 12.020832 5.937003
 18.600000 0.182879 12.128769 5.937003
 18.800000 0.170473 10.188173 5.937003
 19.000000 0.163889 8.710653 5.937003
 19.200000 0.173185 11.710065 5.937003
 19.400000 0.171720 11.480123 5.937003
 19.600000 0.168736 10.941718 5.937003
 19.800000 0.165892 10.350563 5.937003
 20.000000 0.155837 7.924304 7.992252
 20.200000 0.163078 10.801569 7.992252
 20.400000 0.157437 9.544132 7.992252
 20.600000 0.159957 10.132784 7.992252
 20.800000 0.146287 6.705641 7.992252
 21.000000 0.139520 5.015457 7.992252
 21.200000 0.139802 6.482772 7.992252
 21.400000 0.133732 4.992550 7.992252
 21.600000 0.125543 3.022774 7.992252
 21.800000 0.126137 3.156415 7.992252
 22.000000 0.145813 7.865666 7.992252
 22.200000 0.151266 10.176593 7.992252
 22.400000 0.142869 8.412464 7.992252
 22.600000 0.147067 9.367595 7.992252
 22.800000 0.146575 9.263625 7.992252
 23.000000 0.152567 10.400323 7.992252
 23.200000 0.156206 12.035733 7.992252
 23.400000 0.140300 8.541388 7.992252
 23.600000 0.136786 7.409922 7.992252
 23.800000 0.130338 5.241431 7.992252
 24.000000 0.144506 9.755904 7.992252
 24.200000 0.143444 10.597442 7.992252
 24.400000 0.141914 10.145464 7.992252
 24.600000 0.148565 11.826726 7.992252
 24.800000 0.149223 11.952397 7.992252
 25.000000 0.146438 11.370763 9.400049
 25.200000 0.171482 13.557927 9.400049
 25.400000 0.179417 13.307592 9.400049
 25.600000 0.176373 13.398649 9.400049
 25.800000 0.174631 13.453833 9.400049
 26.000000 0.146941 12.539523 9.400049
 26.200000 0.124496 4.580054 9.400049
 26.400000 0.127458 5.807553 9.400049
 26.600000 0.121802 3.588099 9.400049
 26.800000 0.122823 3.948526 9.400049
 27.000000 0.123218 4.093144 9.400049
 27.200000 0.114832 2.929937 9.400049
 27.400000 0.117414 3.630288 9.400049
 27.600000 0.127545 7.244005 9.400049
 27.800000 0.132219 9.188006 9.400049
 28.000000 0.140420 12.307928 9.400049
 28.200000 0.142401 13.911228 9.400049
 28.400000 0.125691 7.122246 9.400049
 28.600000 0.136586 11.925374 9.400049
 28.800000 0.138482 12.651234 9.400049
 29.000000 0.135463 11.466884 9.400049
 29.200000 0.136485 12.932550 9.400049
 29.400000 0.130749 10.394760 9.400049
 29.600000 0.122823 6.649358 9.400049
 29.800000 0.132161 11.057603 9.400049
 30.000000 0.129986 10.030686 11.116013
 30.200000 0.130320 11.309706 11.116013
 30.400000 0.131165 11.707266 11.116013
 30.600000 0.128652 10.504651 11.116013
 30.800000 0.129861 11.090129 11.116013
 31.000000 0.122415 7.453471 11.116013
 31.200000 0.114053 5.040015 11.116013
 31.400000 0.121847 8.439848 11.116013
 31.600000 0.152221 16.424809 11.116013
 31.800000 0.167136 14.498263 11.116013
 32.000000 0.159254 15.583194 11.116013
 32.200000 0.163471 15.821410 11.116013
 32.400000 0.163736 15.780224 11.116013
 32.600000 0.144339 16.942455 11.116013
 32.800000 0.127905 11.409324 11.116013
 33.000000 0.128407 11.647738 11.116013
 33.200000 0.115999 6.574237 11.116013
 33.400000 0.122609 9.810034 11.116013
 33.600000 0.137994 16.375329 11.116013
 33.800000 0.133166 14.764143 11.116013
 34.000000 0.127117 12.069206 11.116013
 34.200000 0.139069 17.395219 11.116013
 34.400000 0.128187 13.604514 11.116013
 34.600000 0.119912 9.362436 11.116013
 34.800000 0.117203 7.956880 11.116013
 35.000000 0.117051 7.879666 12.911665
 35.200000 0.127864 14.401048 12.911665
 35.400000 0.123651 12.452006 12.911665
 35.600000 0.129582 15.113273 12.911665
 35.800000 0.133209 16.410837 12.911665
 36.000000 0.110949 6.148600 12.911665
 36.200000 0.120943 12.162691 12.911665
 36.400000 0.113043 8.441642 12.911665
 36.600000 0.115873 9.776502 12.911665
 36.800000 0.112683 8.273891 12.911665
 37.000000 0.109205 6.705571 12.911665
 37.200000 0.109761 8.246435 12.911665
 37.400000 0.119136 12.364445 12.911665
 37.600000 0.115325 10.710728 12.911665
 37.800000 0.114542 10.363751 12.911665
 38.000000 0.118512 12.098850 12.911665
 38.200000 0.114046 11.120071 12.911665
 38.400000 0.118731 13.213098 12.911665
 38.600000 0.118214 12.991891 12.911665
 38.800000 0.122458 14.716559 12.911665
 39.000000 0.110269 9.346772 12.911665
 39.200000 0.109445 10.110708 12.911665
 39.400000 0.110369 10.547606 12.911665
 39.600000 0.118464 14.093034 12.911665
 39.800000 0.113078 11.803266 12.911665
 40.000000 0.114072 12.249723 13.929669
 40.200000 0.122277 16.357477 13.929669
 40.400000 0.124122 16.890487 13.929669
 40.600000 0.119237 15.347158 13.929669
 40.800000 0.117937 14.865669 13.929669
 41.000000 0.114104 13.277841 13.929669
 41.200000 0.107295 10.875908 13.929669
 41.400000 0.109441 11.998231 13.929669
 41.600000 0.103653 8.926927 13.929669
 41.800000 0.105304 9.811978 13.929669
 42.000000 0.120994 16.821932 13.929669
 42.200000 0.114962 15.383646 13.929669
 42.400000 0.112945 14.435590 13.929669
 42.600000 0.117052 16.269836 13.929669
 42.800000 0.131869 19.590765 13.929669
 43.000000 0.138176 19.716925 13.929669
 43.200000 0.142540 20.171684 13.929669
 43.400000 0.146253 19.707070 13.929669
 43.600000 0.135352 20.449144 13.929669
 43.800000 0.121457 18.176464 13.929669
 44.000000 0.117269 16.630391 13.929669
 44.200000 0.105155 10.869544 13.929669
 44.400000 0.106592 11.747798 13.929669
 44.600000 0.102931 9.514213 13.929669
 44.800000 0.116404 17.091836 13.929669
 45.000000 0.109120 13.266710 15.873472
 45.200000 0.117129 18.245601 15.873472
 45.400000 0.109158 14.258667 15.873472
 45.600000 0.121690 19.730600 15.873472
 45.800000 0.128634 20.904600 15.873472
 46.000000 0.124019 20.261076 15.873472
 46.200000 0.117198 18.912390 15.873472
 46.400000 0.131413 21.696321 15.873472
 46.600000 0.132768 21.693388 15.873472
 46.800000 0.142044 20.859786 15.873472
 47.000000 0.149212 19.490242 15.873472
 47.200000 0.153586 19.178638 15.873472
 47.400000 0.161339 17.168653 15.873472
 47.600000 0.177477 14.126320 15.873472
 47.800000 0.179278 13.929237 15.873472
 48.000000 0.171234 15.026974 15.873472
 48.200000 0.176629 15.067776 15.873472
 48.400000 0.159256 18.353644 15.873472
 48.600000 0.135900 22.106964 15.873472
 48.800000 0.129273 21.942129 15.873472
 49.000000 0.133024 22.131739 15.873472
 49.200000 0.138969 22.545414 15.873472
 49.400000 0.142274 22.161044 15.873472
 49.600000 0.144833 21.757675 15.873472
 49.800000 0.152943 20.035481 15.873472
 50.000000 0.159669 18.394647 17.829927
 50.200000 0.146482 21.978520 17.829927
 50.400000 0.131110 22.841428 17.829927
 50.600000 0.137612 22.915080 17.829927
 50.800000 0.138928 22.844720 17.829927
 51.000000 0.147691 21.774450 17.829927
 51.200000 0.146619 22.617925 17.829927
 51.400000 0.132000 23.280947 17.829927
 51.600000 0.149196 22.160428 17.829927
 51.800000 0.143026 23.099653 17.829927
 52.000000 0.146715 22.602428 17.829927
 52.200000 0.164895 18.571198 17.829927
 52.400000 0.163958 18.839038 17.829927
 52.600000 0.151311 22.335141 17.829927
 52.800000 0.163866 18.865358 17.829927
 53.000000 0.177631 15.473587 17.829927
 53.200000 0.153258 22.097618 17.829927
 53.400000 0.124696 22.324405 17.829927
 53.600000 0.123199 21.891124 17.829927
 53.800000 0.121791 21.429545 17.829927
 54.000000 0.130331 23.473731 17.829927
 54.200000 0.146294 23.754668 17.829927
 54.400000 0.153924 22.121860 17.829927
 54.600000 0.146538 23.713756 17.829927
 54.800000 0.142016 24.312811 17.829927
 55.000000 0.142951 24.217581 19.871194
 55.200000 0.129960 24.442975 19.871194
 55.400000 0.119950 21.411184 19.871194
 55.600000 0.118777 20.878437 19.871194
 55.800000 0.130933 24.601334 19.871194
 56.000000 0.133063 24.870551 19.871194
 56.200000 0.159681 21.040149 19.871194
 56.400000 0.177368 16.454207 19.871194
 56.600000 0.149908 23.905617 19.871194
 56.800000 0.152391 23.238439 19.871194
 57.000000 0.172936 17.414622 19.871194
 57.200000 0.186077 15.433265 19.871194
 57.400000 0.194028 13.989903 19.871194
 57.600000 0.184301 15.779952 19.871194
 57.800000 0.162909 20.708649 19.871194
 58.000000 0.159652 21.592878 19.871194
 58.200000 0.159144 22.401016 19.871194
 58.400000 0.187275 15.326513 19.871194
 58.600000 0.180605 16.784003 19.871194
 58.800000 0.163797 21.117145 19.871194
 59.000000 0.151097 24.441236 19.871194
 59.200000 0.156513 23.663237 19.871194
 59.400000 0.163655 21.570840 19.871194
 59.600000 0.166823 20.628629 19.871194
 59.800000 0.158404 23.126182 19.871194
 60.000000 0.164261 21.390003 21.493455
 60.200000 0.163922 22.165759 21.493455
 60.400000 0.145889 26.273418 21.493455
 60.600000 0.148190 25.983342 21.493455
 60.800000 0.134899 26.221011 21.493455
 61.000000 0.135569 26.295022 21.493455
 61.200000 0.131668 26.255442 21.493455
 61.400000 0.126066 24.768106 21.493455
 61.600000 0.116596 20.399531 21.493455
 61.800000 0.124692 24.280449 21.493455
 62.000000 0.141663 27.041892 21.493455
 62.200000 0.160445 23.556887 21.493455
 62.400000 0.167704 21.196421 21.493455
 62.600000 0.181020 17.148446 21.493455
 62.800000 0.198453 13.278844 21.493455
 63.000000 0.191846 14.576209 21.493455
 63.200000 0.171196 20.428272 21.493455
 63.400000 0.146018 27.194942 21.493455
 63.600000 0.144626 27.361738 21.493455
 63.800000 0.154136 25.498711 21.493455
 64.000000 0.164982 22.265779 21.493455
 64.200000 0.163613 23.330723 21.493455
 64.400000 0.174065 20.170132 21.493455
 64.600000 0.175030 19.887813 21.493455
 64.800000 0.187381 16.631202 21.493455
 65.000000 0.176940 19.339473 22.787847
 65.200000 0.166049 23.157128 22.787847
 65.400000 0.152458 26.584561 22.787847
 65.600000 0.164695 23.531985 22.787847
 65.800000 0.175321 20.538503 22.787847
 66.000000 0.155354 25.953866 22.787847
 66.200000 0.134204 27.430724 22.787847
 66.400000 0.158653 25.683805 22.787847
 66.600000 0.175177 20.808646 22.787847
 66.800000 0.190115 16.543046 22.787847
 67.000000 0.183043 18.472396 22.787847
 67.200000 0.166609 23.837518 22.787847
 67.400000 0.159521 25.676426 22.787847
 67.600000 0.159455 25.692662 22.787847
 67.800000 0.182062 19.521343 22.787847
 68.000000 0.163945 24.546101 22.787847
 68.200000 0.151390 27.818438 22.787847
 68.400000 0.134390 27.549980 22.787847
 68.600000 0.137260 28.009914 22.787847
 68.800000 0.137781 28.074471 22.787847
 69.000000 0.149554 28.054754 22.787847
 69.200000 0.163366 25.611527 22.787847
 69.400000 0.168784 24.026028 22.787847
 69.600000 0.209461 11.503216 22.787847
 69.800000 0.222214 7.073235 22.787847
 70.000000 0.223641 6.610474 23.933388
 70.200000 0.225252 7.406937 23.933388
 70.400000 0.225783 7.242737 23.933388
 70.600000 0.228757 6.357183 23.933388
 70.800000 0.246061 2.612670 23.933388
 71.000000 0.245157 2.752776 23.933388
 71.200000 0.236573 5.676665 23.933388
 71.400000 0.237640 5.496892 23.933388
 71.600000 0.264084 1.321205 23.933388
 71.800000 0.274052 0.416067 23.933388
 72.000000 0.256158 2.492489 23.933388
 72.200000 0.259798 3.437756 23.933388
 72.400000 0.287929 0.200151 23.933388
 72.600000 0.293188 0.079719 23.933388
 72.800000 0.283587 0.381522 23.933388
 73.000000 0.262489 2.961728 23.933388
 73.200000 0.253927 5.712832 23.933388
 73.400000 0.256096 5.468911 23.933388
 73.600000 0.270003 3.074871 23.933388
 73.800000 0.276884 1.844063 23.933388
 74.000000 0.292906 0.277822 23.933388
 74.200000 0.274941 3.008505 23.933388
 74.400000 0.280174 2.565266 23.933388
 74.600000 0.277044 2.805404 23.933388
 74.800000 0.280346 2.554044 23.933388
 75.000000 0.279795 2.590666 23.880340
 75.200000 0.258472 5.835125 23.880340
 75.400000 0.256408 5.976690 23.880340
 75.600000 0.258826 5.808916 23.880340
 75.800000 0.267885 5.049034 23.880340
 76.000000 0.294609 2.885875 23.880340
 76.200000 0.281603 5.081274 23.880340
 76.400000 0.265913 5.463162 23.880340
 76.600000 0.239803 6.535818 23.880340
 76.800000 0.230940 7.283422 23.880340
 77.000000 0.268990 5.310823 23.880340
 77.200000 0.282539 5.990015 23.880340
 77.400000 0.286995 5.644886 23.880340
 77.600000 0.286443 5.693796 23.880340
 77.800000 0.300348 3.797035 23.880340
 78.000000 0.310316 1.996995 23.880340
 78.200000 0.281892 6.295466 23.880340
 78.400000 0.282426 6.279199 23.880340
 78.600000 0.270532 6.668089 23.880340
 78.800000 0.267495 6.779056 23.880340
 79.000000 0.272278 6.604090 23.880340
 79.200000 0.285083 7.097898 23.880340
 79.400000 0.279696 7.514656 23.880340
 79.600000 0.247684 7.192088 23.880340
 79.800000 0.241142 6.882714 23.880340
 80.000000 0.228042 7.791510 23.829607
 80.200000 0.242733 7.693909 23.829607
 80.400000 0.228433 8.962453 23.829607
 80.600000 0.246445 7.696181 23.829607
 80.800000 0.229276 8.825522 23.829607
 81.000000 0.249718 7.760272 23.829607
 81.200000 0.252503 9.055400 23.829607
 81.400000 0.242852 8.807502 23.829607
 81.600000 0.233074 8.970487 23.829607
 81.800000 0.239281 8.768403 23.829607
 82.000000 0.250923 9.026898 23.829607
 82.200000 0.250843 10.195759 23.829607
 82.400000 0.250082 10.176552 23.829607
 82.600000 0.228381 9.796815 23.829607
 82.800000 0.214458 12.029261 23.829607
 83.000000 0.243530 9.859445 23.829607
 83.200000 0.260328 10.569929 23.829607
 83.400000 0.274649 8.588109 23.829607
 83.600000 0.259651 10.645372 23.829607
 83.800000 0.232009 10.415461 23.829607
 84.000000 0.246483 11.133290 23.829607
 84.200000 0.247155 12.221232 23.829607
 84.400000 0.247426 12.228300 23.829607
 84.600000 0.243510 12.031206 23.829607
 84.800000 0.248131 12.241489 23.829607
 85.000000 0.237787 11.527235 23.782497
 85.200000 0.260406 11.587543 23.782497
 85.400000 0.284179 7.435894 23.782497
 85.600000 0.273465 9.022699 23.782497
 85.800000 0.256904 12.209778 23.782497
 86.000000 0.241003 12.848828 23.782497
 86.200000 0.247751 13.966968 23.782497
 86.400000 0.260702 11.946168 23.782497
 86.600000 0.295283 6.037892 23.782497
 86.800000 0.297295 5.759048 23.782497
 87.000000 0.306731 4.268763 23.782497
 87.200000 0.308807 5.343498 23.782497
 87.400000 0.327089 1.708196 23.782497
 87.600000 0.327005 1.721660 23.782497
 87.800000 0.312776 4.555433 23.782497
 88.000000 0.323593 2.314963 23.782497
 88.200000 0.329168 2.868221 23.782497
 88.400000 0.311790 5.916195 23.782497
 88.600000 0.297298 7.282676 23.782497
 88.800000 0.297312 7.281943 23.782497
 89.000000 0.312870 5.757603 23.782497
 89.200000 0.318679 6.052651 23.782497
 89.400000 0.298849 8.070695 23.782497
 89.600000 0.289334 8.047201 23.782497
 89.800000 0.291641 8.041849 23.782497
 90.000000 0.282273 8.282527 23.735223
 90.200000 0.273208 10.330113 23.735223
 90.400000 0.268077 11.069435 23.735223
 90.600000 0.270049 10.761696 23.735223
 90.800000 0.253754 13.538586 23.735223
 91.000000 0.254003 13.505072 23.735223
 91.200000 0.253265 14.559709 23.735223
 91.400000 0.242583 14.688615 23.735223
 91.600000 0.250524 14.824236 23.735223
 91.800000 0.265375 12.247879 23.735223
 92.000000 0.279505 9.916747 23.735223
 92.200000 0.269846 12.254288 23.735223
 92.400000 0.228988 12.826407 23.735223
 92.600000 0.223038 12.441260 23.735223
 92.800000 0.207562 13.777895 23.735223
 93.000000 0.213670 12.935215 23.735223
 93.200000 0.225986 13.261367 23.735223
 93.400000 0.218881 13.435788 23.735223
 93.600000 0.235041 14.031106 23.735223
 93.800000 0.240005 14.637766 23.735223
 94.000000 0.245912 15.091185 23.735223
 94.200000 0.260229 14.416555 23.735223
 94.400000 0.263572 13.723623 23.735223
 94.600000 0.264449 13.542551 23.735223
 94.800000 0.258643 14.733901 23.735223
 95.000000 0.263106 13.820225 23.698786
 95.200000 0.253898 16.321714 23.698786
 95.400000 0.259383 15.504316 23.698786
 95.600000 0.266129 14.129249 23.698786
 95.800000 0.262034 14.985967 23.698786
 96.000000 0.270443 13.237826 23.698786
 96.200000 0.278177 12.691050 23.698786
 96.400000 0.273535 13.593507 23.698786
 96.600000 0.289494 10.724279 23.698786
 96.800000 0.287101 11.103546 23.698786
 97.000000 0.274838 13.336786 23.698786
 97.200000 0.277604 13.750070 23.698786
 97.400000 0.276605 13.951783 23.698786
 97.600000 0.275825 14.107880 23.698786
 97.800000 0.305129 8.746919 23.698786
 98.000000 0.325368 4.545584 23.698786
 98.200000 0.349651 0.864500 23.698786
 98.400000 0.327058 5.552442 23.698786
 98.600000 0.318325 7.525732 23.698786
 98.800000 0.289529 11.395967 23.698786
 99.000000 0.287947 11.686725 23.698786
 99.200000 0.303458 10.101848 23.698786
 99.400000 0.295107 11.419878 23.698786
 99.600000 0.297549 11.009503 23.698786
 99.800000 0.296183 11.236198 23.698786
 100.000000 0.279083 14.330161 23.661894
 100.200000 0.298247 11.304154 23.661894
 100.400000 0.299402 11.081692 23.661894
 100.600000 0.317438 7.871995 23.661894
 100.800000 0.328014 5.338464 23.661894
 101.000000 0.321076 7.074351 23.661894
 101.200000 0.333993 4.658104 23.661894
 101.400000 0.336362 3.954532 23.661894
 101.600000 0.359845 0.235577 23.661894
 101.800000 0.393650 0.000000 23.661894
 102.000000 0.375183 0.004222 23.661894
 102.200000 0.356746 1.214995 23.661894
 102.400000 0.346945 1.771239 23.661894
 102.600000 0.343244 2.366945 23.661894
 102.800000 0.355958 1.213994 23.661894
 103.000000 0.344445 2.149094 23.661894
 103.200000 0.329954 6.909614 23.661894
 103.400000 0.333660 6.021084 23.661894
 103.600000 0.324951 8.051024 23.661894
 103.800000 0.330700 6.731193 23.661894
 104.000000 0.356342 2.373923 23.661894
 104.200000 0.366904 3.305523 23.661894
 104.400000 0.353790 4.107188 23.661894
 104.600000 0.324537 8.302756 23.661894
 104.800000 0.315225 9.765071 23.661894
 105.000000 0.329705 7.291770 23.615335
 105.200000 0.321262 9.965764 23.615335
 105.400000 0.305969 11.107828 23.615335
 105.600000 0.296976 12.028470 23.615335
 105.800000 0.313671 10.663120 23.615335
 106.000000 0.336943 7.061171 23.615335
 106.200000 0.325903 10.241006 23.615335
 106.400000 0.337987 8.124186 23.615335
 106.600000 0.325188 10.327353 23.615335
 106.800000 0.305742 11.267651 23.615335
 107.000000 0.332217 9.258902 23.615335
 107.200000 0.345453 7.379112 23.615335
 107.400000 0.347956 6.785671 23.615335
 107.600000 0.351208 6.065016 23.615335
 107.800000 0.341361 8.385062 23.615335
 108.000000 0.316675 11.633340 23.615335
 108.200000 0.311420 12.516003 23.615335
 108.400000 0.290720 13.358806 23.615335
 108.600000 0.295280 12.741172 23.615335
 108.800000 0.297924 12.495485 23.615335
 109.000000 0.295681 12.697967 23.615335
 109.200000 0.302638 13.184633 23.615335
 109.400000 0.309762 13.083638 23.615335
 109.600000 0.312533 13.090067 23.615335
 109.800000 0.288886 14.554134 23.615335
 110.000000 0.275896 16.203771 23.579191
 110.200000 0.280835 16.456431 23.579191
 110.400000 0.257079 17.888935 23.579191
 110.600000 0.246410 17.162009 23.579191
 110.800000 0.244940 16.937816 23.579191
 111.000000 0.266770 17.675733 23.579191
 111.200000 0.288410 15.501471 23.579191
 111.400000 0.281793 16.799135 23.579191
 111.600000 0.289135 15.355628 23.579191
 111.800000 0.265679 18.514101 23.579191
 112.000000 0.254953 18.439072 23.579191
 112.200000 0.268394 18.906563 23.579191
 112.400000 0.294745 14.339094 23.579191
 112.600000 0.284734 16.346690 23.579191
 112.800000 0.262292 19.272146 23.579191
 113.000000 0.254571 19.185811 23.579191
 113.200000 0.247943 19.089507 23.579191
 113.400000 0.240433 17.232870 23.579191
 113.600000 0.230577 14.655567 23.579191
 113.800000 0.237895 16.508508 23.579191
 114.000000 0.240785 17.332225 23.579191
 114.200000 0.238236 17.402642 23.579191
 114.400000 0.241916 18.453623 23.579191
 114.600000 0.249043 19.983580 23.579191
 114.800000 0.288394 15.628445 23.579191
 115.000000 0.294761 14.355700 23.581650
 115.200000 0.293250 15.544161 23.581650
 115.400000 0.288953 16.361745 23.581650
 115.600000 0.274141 19.003331 23.581650
 115.800000 0.280003 18.069310 23.581650
 116.000000 0.306626 13.891629 23.581650
 116.200000 0.311000 14.565735 23.581650
 116.400000 0.284758 17.511390 23.581650
 116.600000 0.296859 15.701686 23.581650
 116.800000 0.303923 15.020626 23.581650
 117.000000 0.300041 15.355025 23.581650
 117.200000 0.287900 17.636869 23.581650
 117.400000 0.290205 17.345415 23.581650
 117.600000 0.294372 16.842376 23.581650
 117.800000 0.278504 18.800928 23.581650
 118.000000 0.284060 18.124265 23.581650
 118.200000 0.293925 17.522706 23.581650
 118.400000 0.274673 19.873817 23.581650
 118.600000 0.260368 20.671072 23.581650
 118.800000 0.267446 20.372501 23.581650
 119.000000 0.278778 19.502481 23.581650
 119.200000 0.294401 17.880286 23.581650
 119.400000 0.308115 15.826569 23.581650
 119.600000 0.316823 14.693942 23.581650
 119.800000 0.287215 19.113957 23.581650
 120.000000 0.256774 20.929297 23.602946
 120.200000 0.220103 14.028682 23.602946
 120.400000 0.234235 16.469555 23.602946
 120.600000 0.238436 17.811654 23.602946
 120.800000 0.224890 14.373115 23.602946
 121.000000 0.226583 14.616573 23.602946
 121.200000 0.223215 15.086897 23.602946
 121.400000 0.213174 14.854594 23.602946
 121.600000 0.220711 14.891581 23.602946
 121.800000 0.231969 16.668306 23.602946
 122.000000 0.242121 19.518988 23.602946
 122.200000 0.249797 21.801049 23.602946
 122.400000 0.252021 22.024400 23.602946
 122.600000 0.233816 17.784488 23.602946
 122.800000 0.235665 18.342710 23.602946
 123.000000 0.244694 20.895075 23.602946
 123.200000 0.231971 17.732949 23.602946
 123.400000 0.222206 15.521557 23.602946
 123.600000 0.224963 15.959823 23.602946
 123.800000 0.230736 17.363125 23.602946
 124.000000 0.222948 15.624499 23.602946
 124.200000 0.219128 16.051369 23.602946
 124.400000 0.213866 15.762054 23.602946
 124.600000 0.209871 15.741786 23.602946
 124.800000 0.192388 17.465140 23.602946
 125.000000 0.201341 16.181363 23.648720
 125.200000 0.227893 17.598640 23.648720
 125.400000 0.221941 16.688423 23.648720
 125.600000 0.206095 16.664884 23.648720
 125.800000 0.198995 17.269002 23.648720
 126.000000 0.206031 16.668956 23.648720
 126.200000 0.198718 18.038967 23.648720
 126.400000 0.185655 19.848856 23.648720
 126.600000 0.195382 18.366237 23.648720
 126.800000 0.214182 17.078262 23.648720
 127.000000 0.198640 18.045838 23.648720
 127.200000 0.203897 18.378843 23.648720
 127.400000 0.225179 17.633533 23.648720
 127.600000 0.207302 18.084913 23.648720
 127.800000 0.170554 23.784394 23.648720
 128.000000 0.190934 19.618244 23.648720
 128.200000 0.203246 18.955396 23.648720
 128.400000 0.225396 17.707957 23.648720
 128.600000 0.198589 19.474661 23.648720
 128.800000 0.181714 21.720707 23.648720
 129.000000 0.191234 20.311541 23.648720
 129.200000 0.206100 19.059749 23.648720
 129.400000 0.225026 17.726191 23.648720
 129.600000 0.222557 17.581674 23.648720
 129.800000 0.202206 19.614589 23.648720
 130.000000 0.200481 19.851033 23.768026
 130.200000 0.206409 19.683316 23.768026
 130.400000 0.218245 17.993306 23.768026
 130.600000 0.215237 18.309489 23.768026
 130.800000 0.213031 18.613490 23.768026
 131.000000 0.231844 18.899543 23.768026
 131.200000 0.214561 18.785003 23.768026
 131.400000 0.234153 20.170479 23.768026
 131.600000 0.222666 18.451448 23.768026
 131.800000 0.222417 18.443358 23.768026
 132.000000 0.216877 18.577481 23.768026
 132.200000 0.217030 19.331398 23.768026
 132.400000 0.209459 20.103025 23.768026
 132.600000 0.216026 19.409092 23.768026
 132.800000 0.218214 19.256220 23.768026
 133.000000 0.210571 19.972737 23.768026
 133.200000 0.193332 22.027338 23.768026
 133.400000 0.194038 21.995937 23.768026
 133.600000 0.198354 21.781283 23.768026
 133.800000 0.204050 21.375831 23.768026
 134.000000 0.230342 20.161303 23.768026
 134.200000 0.222601 20.304949 23.768026
 134.400000 0.222267 20.302735 23.768026
 134.600000 0.220221 20.325317 23.768026
 134.800000 0.225396 20.394343 23.768026
 135.000000 0.213398 20.739801 23.870050
 135.200000 0.198335 22.273388 23.870050
 135.400000 0.202010 22.181046 23.870050
 135.600000 0.207039 21.934361 23.870050
 135.800000 0.213780 21.402161 23.870050
 136.000000 0.234088 21.718390 23.870050
 136.200000 0.211471 21.810490 23.870050
 136.400000 0.214006 21.653776 23.870050
 136.600000 0.230940 21.957186 23.870050
 136.800000 0.232961 22.223626 23.870050
 137.000000 0.211631 21.800535 23.870050
 137.200000 0.178954 23.214256 23.870050
 137.400000 0.186852 22.690846 23.870050
 137.600000 0.200947 22.784758 23.870050
 137.800000 0.214868 22.250549 23.870050
 138.000000 0.215432 22.212996 23.870050
 138.200000 0.217866 22.703266 23.870050
 138.400000 0.236284 23.123812 23.870050
 138.600000 0.225143 22.416934 23.870050
 138.800000 0.219469 22.606434 23.870050
 139.000000 0.221903 22.487996 23.870050
 139.200000 0.198792 23.310653 23.870050
 139.400000 0.193203 22.988944 23.870050
 139.600000 0.169342 24.734675 23.870050
 139.800000 0.189758 22.861301 23.870050
 140.000000 0.195926 23.139085 24.098984
 140.200000 0.203146 24.095659 24.098984
 140.400000 0.218015 23.525584 24.098984
 140.600000 0.228326 23.123973 24.098984
 140.800000 0.219437 23.424185 24.098984
 141.000000 0.228748 23.131386 24.098984
 141.200000 0.204492 24.288289 24.098984
 141.400000 0.194846 23.746772 24.098984
 141.600000 0.192447 23.593479 24.098984
 141.800000 0.207145 24.338794 24.098984
 142.000000 0.218485 23.985438 24.098984
 142.200000 0.206885 24.782089 24.098984
 142.400000 0.199271 24.301536 24.098984
 142.600000 0.215837 24.709345 24.098984
 142.800000 0.211890 24.824712 24.098984
 143.000000 0.202418 24.547048 24.098984
 143.200000 0.197753 24.730072 24.098984
 143.400000 0.201028 25.028271 24.098984
 143.600000 0.198822 24.833188 24.098984
 143.800000 0.208751 25.362013 24.098984
 144.000000 0.206727 25.339406 24.098984
 144.200000 0.192502 24.561599 24.098984
 144.400000 0.199324 25.380961 24.098984
 144.600000 0.196936 25.106003 24.098984
 144.800000 0.180903 23.823374 24.098984
 145.000000 0.168095 25.159378 24.593992
 145.200000 0.187948 24.328759 24.593992
 145.400000 0.192090 24.671188 24.593992
 145.600000 0.172642 24.983198 24.593992
 145.800000 0.182366 24.184458 24.593992
 146.000000 0.189790 24.461389 24.593992
 146.200000 0.185900 24.797026 24.593992
 146.400000 0.176407 24.916729 24.593992
 146.600000 0.172936 25.253887 24.593992
 146.800000 0.165754 26.329901 24.593992
 147.000000 0.183165 24.712474 24.593992
 147.200000 0.190477 25.624439 24.593992
 147.400000 0.173584 25.654482 24.593992
 147.600000 0.164881 26.760326 24.593992
 147.800000 0.160331 27.495665 24.593992
 148.000000 0.169717 26.072830 24.593992
 148.200000 0.184465 25.658953 24.593992
 148.400000 0.208026 26.385949 24.593992
 148.600000 0.192875 25.964844 24.593992
 148.800000 0.189969 25.809366 24.593992
 149.000000 0.183016 25.661917 24.593992
 149.200000 0.164696 27.571149 24.593992
 149.400000 0.177415 26.389057 24.593992
 149.600000 0.189794 26.304861 24.593992
 149.800000 0.200783 26.663922 24.593992
 150.000000 0.185731 26.221136 25.301798
 150.200000 0.180404 26.779693 25.301798
 150.400000 0.178156 26.832013 25.301798
 150.600000 0.193054 26.904113 25.301798
 150.800000 0.184815 26.758329 25.301798
 151.000000 0.184935 26.759055 25.301798
 151.200000 0.195257 27.371968 25.301798
 151.400000 0.178910 27.301320 25.301798
 151.600000 0.177721 27.318661 25.301798
 151.800000 0.190044 27.336200 25.301798
 152.000000 0.188844 27.323593 25.301798
 152.200000 0.191458 27.860478 25.301798
 152.400000 0.190946 27.858433 25.301798
 152.600000 0.180661 27.732110 25.301798
 152.800000 0.173264 27.746909 25.301798
 153.000000 0.169464 27.861146 25.301798
 153.200000 0.191435 28.032813 25.301798
 153.400000 0.207221 27.200558 25.301798
 153.600000 0.210906 26.754534 25.301798
 153.800000 0.204421 27.470460 25.301798
 154.000000 0.201536 27.683815 25.301798
 154.200000 0.186021 28.380054 25.301798
 154.400000 0.190178 28.430600 25.301798
 154.600000 0.173325 28.321253 25.301798
 154.800000 0.181665 28.318646 25.301798
 155.000000 0.185236 28.368399 26.179947
 155.200000 0.183879 28.840783 26.179947
 155.400000 0.157809 29.167795 26.179947
 155.600000 0.151742 29.454615 26.179947
 155.800000 0.157576 29.180838 26.179947
 156.000000 0.141930 29.197620 26.179947
 156.200000 0.159871 29.286025 26.179947
 156.400000 0.181278 28.806180 26.179947
 156.600000 0.177693 28.753056 26.179947
 156.800000 0.162068 29.132343 26.179947
 157.000000 0.161547 29.167203 26.179947
 157.200000 0.168114 29.263076 26.179947
 157.400000 0.204031 28.238639 26.179947
 157.600000 0.212128 27.084549 26.179947
 157.800000 0.193760 28.907212 26.179947
 158.000000 0.200870 28.535254 26.179947
 158.200000 0.203280 28.801810 26.179947
 158.400000 0.194472 29.334243 26.179947
 158.600000 0.195125 29.320127 26.179947
 158.800000 0.178361 29.174326 26.179947
 159.000000 0.162019 29.628903 26.179947
 159.200000 0.165625 29.874030 26.179947
 159.400000 0.175746 29.467055 26.179947
 159.600000 0.171782 29.577214 26.179947
 159.800000 0.176725 29.450797 26.179947
 160.000000 0.182091 29.420418 27.187328
 160.200000 0.160894 30.342022 27.187328
 160.400000 0.149857 30.645636 27.187328
 160.600000 0.172087 29.944140 27.187328
 160.800000 0.186843 29.886117 27.187328
 161.000000 0.184718 29.893686 27.187328
 161.200000 0.189236 30.302329 27.187328
 161.400000 0.191092 30.248189 27.187328
 161.600000 0.214098 27.190444 27.187328
 161.800000 0.210066 28.025122 27.187328
 162.000000 0.194158 30.106216 27.187328
 162.200000 0.192656 30.639534 27.187328
 162.400000 0.182522 30.688660 27.187328
 162.600000 0.180537 30.637171 27.187328
 162.800000 0.184838 30.732836 27.187328
 163.000000 0.179200 30.599135 27.187328
 163.200000 0.166860 30.718165 27.187328
 163.400000 0.174812 30.905531 27.187328
 163.600000 0.176272 30.953331 27.187328
 163.800000 0.180733 31.088052 27.187328
 164.000000 0.201024 30.063456 27.187328
 164.200000 0.211801 28.296854 27.187328
 164.400000 0.219693 26.372515 27.187328
 164.600000 0.183110 31.358921 27.187328
 164.800000 0.158255 30.763034 27.187328
 165.000000 0.157148 30.776112 28.190886
 165.200000 0.188066 31.491287 28.190886
 165.400000 0.205994 29.638161 28.190886
 165.600000 0.218410 26.664946 28.190886
 165.800000 0.230339 24.796191 28.190886
 166.000000 0.217861 26.794038 28.190886
 166.200000 0.235497 24.893851 28.190886
 166.400000 0.243934 24.724181 28.190886
 166.600000 0.244733 24.696251 28.190886
 166.800000 0.240744 24.798285 28.190886
 167.000000 0.244492 24.705139 28.190886
 167.200000 0.241316 25.357486 28.190886
 167.400000 0.252872 24.556619 28.190886
 167.600000 0.276728 20.910537 28.190886
 167.800000 0.273077 21.419164 28.190886
 168.000000 0.274805 21.180376 28.190886
 168.200000 0.268162 22.733146 28.190886
 168.400000 0.269290 22.587379 28.190886
 168.600000 0.258865 24.007352 28.190886
 168.800000 0.250589 25.025213 28.190886
 169.000000 0.252893 24.787264 28.190886
 169.200000 0.271482 22.572899 28.190886
 169.400000 0.283619 20.495165 28.190886
 169.600000 0.273780 22.221206 28.190886
 169.800000 0.266826 23.283755 28.190886
 170.000000 0.253164 25.336138 28.316109
 170.200000 0.265728 23.852306 28.316109
 170.400000 0.272199 22.716240 28.316109
 170.600000 0.287709 19.685597 28.316109
 170.800000 0.286731 19.899962 28.316109
 171.000000 0.283667 20.556127 28.316109
 171.200000 0.249408 26.289396 28.316109
 171.400000 0.241959 26.296165 28.316109
 171.600000 0.250275 26.238011 28.316109
 171.800000 0.262516 24.686656 28.316109
 172.000000 0.299518 17.621636 28.316109
 172.200000 0.293778 19.655597 28.316109
 172.400000 0.266957 24.084292 28.316109
 172.600000 0.267031 24.074060 28.316109
 172.800000 0.262193 24.771369 28.316109
 173.000000 0.262229 24.766030 28.316109
 173.200000 0.274396 23.523296 28.316109
 173.400000 0.263009 25.230240 28.316109
 173.600000 0.240918 26.461616 28.316109
 173.800000 0.245650 26.697399 28.316109
 174.000000 0.255164 26.288258 28.316109
 174.200000 0.256912 26.626357 28.316109
 174.400000 0.272736 24.047408 28.316109
 174.600000 0.289630 20.696454 28.316109
 174.800000 0.270551 24.420647 28.316109
 175.000000 0.277737 23.166625 28.354242
 175.200000 0.268459 25.292842 28.354242
 175.400000 0.288071 21.543194 28.354242
 175.600000 0.284765 22.336458 28.354242
 175.800000 0.274121 24.414634 28.354242
 176.000000 0.293508 20.157619 28.354242
 176.200000 0.299053 19.443300 28.354242
 176.400000 0.266395 25.736907 28.354242
 176.600000 0.222904 26.646454 28.354242
 176.800000 0.227304 26.198078 28.354242
 177.000000 0.232960 26.179761 28.354242
 177.200000 0.223892 26.967802 28.354242
 177.400000 0.225369 26.828031 28.354242
 177.600000 0.249473 27.606251 28.354242
 177.800000 0.235868 26.903421 28.354242
 178.000000 0.236639 26.962470 28.354242
 178.200000 0.231425 27.165281 28.354242
 178.400000 0.210918 29.368852 28.354242
 178.600000 0.218716 27.976654 28.354242
 178.800000 0.213206 28.942479 28.354242
 179.000000 0.223902 27.333592 28.354242
 179.200000 0.221646 28.080037 28.354242
 179.400000 0.223882 27.853262 28.354242
 179.600000 0.229209 27.605177 28.354242
 179.800000 0.226644 27.670211 28.354242
 180.000000 0.209558 29.944822 28.663282
 180.200000 0.210253 30.293651 28.663282
 180.400000 0.210381 30.272632 28.663282
 180.600000 0.195828 31.751641 28.663282
 180.800000 0.188179 31.767080 28.663282
 181.000000 0.174388 31.252065 28.663282
 181.200000 0.181967 31.938267 28.663282
 181.400000 0.186528 32.038005 28.663282
 181.600000 0.199781 31.654034 28.663282
 181.800000 0.209375 30.462863 28.663282
 182.000000 0.223247 28.216006 28.663282
 182.200000 0.228630 28.283482 28.663282
 182.400000 0.200516 31.749219 28.663282
 182.600000 0.187115 32.070997 28.663282
 182.800000 0.165224 31.482150 28.663282
 183.000000 0.158504 31.450984 28.663282
 183.200000 0.173243 31.917969 28.663282
 183.400000 0.157839 31.879089 28.663282
 183.600000 0.157260 31.875117 28.663282
 183.800000 0.156223 31.864192 28.663282
 184.000000 0.167742 31.873719 28.663282
 184.200000 0.167022 32.294709 28.663282
 184.400000 0.142732 30.891196 28.663282
 184.600000 0.149911 31.831951 28.663282
 184.800000 0.167964 32.297375 28.663282
 185.000000 0.197422 32.007388 29.510454
 185.200000 0.226313 28.485474 29.510454
 185.400000 0.209884 31.019048 29.510454
 185.600000 0.203028 31.965026 29.510454
 185.800000 0.185855 32.646673 29.510454
 186.000000 0.180955 32.572702 29.510454
 186.200000 0.161171 32.459362 29.510454
 186.400000 0.147835 31.664091 29.510454
 186.600000 0.148450 31.733298 29.510454
 186.800000 0.156244 32.293519 29.510454
 187.000000 0.177802 32.912178 29.510454
 187.200000 0.196296 32.919484 29.510454
 187.400000 0.184740 33.394502 29.510454
 187.600000 0.164289 32.811392 29.510454
 187.800000 0.160132 32.631443 29.510454
 188.000000 0.177622 33.311448 29.510454
 188.200000 0.183256 33.766270 29.510454
 188.400000 0.190211 33.554953 29.510454
 188.600000 0.200388 32.648709 29.510454
 188.800000 0.183095 33.767282 29.510454
 189.000000 0.173178 33.549892 29.510454
 189.200000 0.170387 33.801236 29.510454
 189.400000 0.179887 34.108785 29.510454
 189.600000 0.178948 34.102882 29.510454
 189.800000 0.181124 34.107392 29.510454
 190.000000 0.196747 33.171570 30.597378
 190.200000 0.214669 30.460114 30.597378
 190.400000 0.232192 28.257345 30.597378
 190.600000 0.222483 29.015731 30.597378
 190.800000 0.225268 28.654458 30.597378
 191.000000 0.215139 30.363064 30.597378
 191.200000 0.213753 31.101101 30.597378
 191.400000 0.234457 28.455966 30.597378
 191.600000 0.220478 29.762290 30.597378
 191.800000 0.216578 30.519976 30.597378
 192.000000 0.223453 29.265886 30.597378
 192.200000 0.219675 30.371012 30.597378
 192.400000 0.209580 32.245501 30.597378
 192.600000 0.219401 30.420601 30.597378
 192.800000 0.231771 28.914346 30.597378
 193.000000 0.212777 31.669885 30.597378
 193.200000 0.199170 33.943141 30.597378
 193.400000 0.208402 32.853755 30.597378
 193.600000 0.219420 30.804096 30.597378
 193.800000 0.224716 29.870787 30.597378
 194.000000 0.225297 29.783588 30.597378
 194.200000 0.209559 32.933723 30.597378
 194.400000 0.199229 34.040196 30.597378
 194.600000 0.216404 31.784901 30.597378
 194.800000 0.210727 32.756693 30.597378
 195.000000 0.170314 33.892327 31.173271
 195.200000 0.190434 34.595037 31.173271
 195.400000 0.178584 34.683095 31.173271
 195.600000 0.162729 33.665863 31.173271
 195.800000 0.147340 31.915885 31.173271
 196.000000 0.163159 33.704453 31.173271
 196.200000 0.181170 34.919315 31.173271
 196.400000 0.185580 34.848908 31.173271
 196.600000 0.200398 34.022380 31.173271
 196.800000 0.211883 32.581295 31.173271
 197.000000 0.216432 31.782421 31.173271
 197.200000 0.201790 34.159009 31.173271
 197.400000 0.187872 34.843848 31.173271
 197.600000 0.197365 34.453536 31.173271
 197.800000 0.183596 34.930569 31.173271
 198.000000 0.196484 34.501954 31.173271
 198.200000 0.232862 29.702198 31.173271
 198.400000 0.219537 31.744624 31.173271
 198.600000 0.221593 31.339210 31.173271
 198.800000 0.226837 30.416951 31.173271
 199.000000 0.239140 29.292114 31.173271
 199.200000 0.246665 29.232488 31.173271
 199.400000 0.255168 28.010027 31.173271
 199.600000 0.269201 25.529793 31.173271
 199.800000 0.265261 26.168027 31.173271
 200.000000 0.282284 23.439682 31.688393
 200.200000 0.314974 15.857511 31.688393
 200.400000 0.302026 18.956634 31.688393
 200.600000 0.280831 24.321209 31.688393
 200.800000 0.270313 25.807057 31.688393
 201.000000 0.282786 23.958864 31.688393
 201.200000 0.283982 24.317579 31.688393
 201.400000 0.294857 21.391494 31.688393
 201.600000 0.304077 18.633723 31.688393
 201.800000 0.299333 20.021578 31.688393
 202.000000 0.297332 20.631838 31.688393
 202.200000 0.317038 15.738898 31.688393
 202.400000 0.323530 14.055516 31.688393
 202.600000 0.319631 15.076637 31.688393
 202.800000 0.330043 12.221667 31.688393
 203.000000 0.333208 11.269301 31.688393
 203.200000 0.330959 12.996653 31.688393
 203.400000 0.315691 16.616701 31.688393
 203.600000 0.320579 15.574478 31.688393
 203.800000 0.319404 15.827724 31.688393
 204.000000 0.328451 13.693892 31.688393
 204.200000 0.334861 12.683214 31.688393
 204.400000 0.320811 16.358881 31.688393
 204.600000 0.303385 19.851100 31.688393
 204.800000 0.312196 17.911232 31.688393
 205.000000 0.321026 16.317853 31.662953
 205.200000 0.297522 21.690601 31.662953
 205.400000 0.292377 23.011701 31.662953
 205.600000 0.306257 19.669752 31.662953
 205.800000 0.306444 19.632822 31.662953
 206.000000 0.315081 18.167908 31.662953
 206.200000 0.307312 20.146222 31.662953
 206.400000 0.293220 23.066536 31.662953
 206.600000 0.299263 21.696966 31.662953
 206.800000 0.302339 21.053779 31.662953
 207.000000 0.318741 18.332384 31.662953
 207.200000 0.316168 19.536179 31.662953
 207.400000 0.309275 20.464350 31.662953
 207.600000 0.288335 24.231118 31.662953
 207.800000 0.284640 24.876583 31.662953
 208.000000 0.282167 25.239754 31.662953
 208.200000 0.269795 26.829307 31.662953
 208.400000 0.256236 28.220015 31.662953
 208.600000 0.249194 29.095657 31.662953
 208.800000 0.237253 29.881628 31.662953
 209.000000 0.254573 28.441334 31.662953
 209.200000 0.259825 28.214387 31.662953
 209.400000 0.260555 28.116522 31.662953
 209.600000 0.259582 28.247392 31.662953
 209.800000 0.248983 29.577470 31.662953
 210.000000 0.252332 29.219624 31.688728
 210.200000 0.240056 30.395925 31.688728
 210.400000 0.227459 30.890486 31.688728
 210.600000 0.236437 30.430600 31.688728
 210.800000 0.245221 30.278707 31.688728
 211.000000 0.258380 28.851842 31.688728
 211.200000 0.251630 30.215634 31.688728
 211.400000 0.241262 30.633721 31.688728
 211.600000 0.239056 30.615607 31.688728
 211.800000 0.262338 28.734867 31.688728
 212.000000 0.257839 29.416811 31.688728
 212.200000 0.240016 30.857155 31.688728
 212.400000 0.237729 30.795219 31.688728
 212.600000 0.241440 30.893863 31.688728
 212.800000 0.221191 31.788404 31.688728
 213.000000 0.207321 33.967354 31.688728
 213.200000 0.213803 33.368463 31.688728
 213.400000 0.227611 31.148573 31.688728
 213.600000 0.227514 31.158048 31.688728
 213.800000 0.206203 34.485324 31.688728
 214.000000 0.208905 34.143808 31.688728
 214.200000 0.213455 33.793984 31.688728
 214.400000 0.218680 32.793907 31.688728
 214.600000 0.224979 31.669235 31.688728
 214.800000 0.230066 31.094640 31.688728
 215.000000 0.225318 31.619262 32.129398
 215.200000 0.225557 32.012706 32.129398
 215.400000 0.229771 31.526727 32.129398
 215.600000 0.242323 31.193642 32.129398
 215.800000 0.238562 31.203484 32.129398
 216.000000 0.228186 31.682406 32.129398
 216.200000 0.236392 31.587057 32.129398
 216.400000 0.244734 31.393796 32.129398
 216.600000 0.243794 31.426771 32.129398
 216.800000 0.226131 32.355383 32.129398
 217.000000 0.202844 35.404891 32.129398
 217.200000 0.223776 32.828615 32.129398
 217.400000 0.220532 33.397708 32.129398
 217.600000 0.236612 31.609373 32.129398
 217.800000 0.243008 31.459237 32.129398
 218.000000 0.249615 31.085364 32.129398
 218.200000 0.237227 31.903380 32.129398
 218.400000 0.239646 31.887935 32.129398
 218.600000 0.244504 31.822822 32.129398
 218.800000 0.238737 31.892607 32.129398
 219.000000 0.224627 32.799330 32.129398
 219.200000 0.235362 32.244409 32.129398
 219.400000 0.243712 32.023283 32.129398
 219.600000 0.262596 29.510658 32.129398
 219.800000 0.258119 30.350346 32.129398
 220.000000 0.268371 28.493230 32.558273
 220.200000 0.294168 23.652977 32.558273
 220.400000 0.290876 24.507240 32.558273
 220.600000 0.287266 25.424775 32.558273
 220.800000 0.287194 25.442512 32.558273
 221.000000 0.297067 22.927259 32.558273
 221.200000 0.287837 25.804760 32.558273
 221.400000 0.283141 26.790910 32.558273
 221.600000 0.272856 28.431415 32.558273
 221.800000 0.271009 28.695741 32.558273
 222.000000 0.268999 28.990708 32.558273
 222.200000 0.263809 30.262289 32.558273
 222.400000 0.257496 31.218128 32.558273
 222.600000 0.279476 27.816349 32.558273
 222.800000 0.301030 22.684027 32.558273
 223.000000 0.296370 23.817321 32.558273
 223.200000 0.278524 28.283922 32.558273
 223.400000 0.262748 30.474764 32.558273
 223.600000 0.257335 31.260070 32.558273
 223.800000 0.237928 32.288730 32.558273
 224.000000 0.207130 35.678802 32.558273
 224.200000 0.193054 36.129073 32.558273
 224.400000 0.190357 36.013767 32.558273
 224.600000 0.209857 35.779278 32.558273
 224.800000 0.216375 34.836728 32.558273
 225.000000 0.241610 32.302527 32.805791
 225.200000 0.256817 31.578307 32.805791
 225.400000 0.259930 31.088270 32.805791
 225.600000 0.257737 31.438091 32.805791
 225.800000 0.262632 30.646900 32.805791
 226.000000 0.256386 31.642243 32.805791
 226.200000 0.249946 32.792378 32.805791
 226.400000 0.244344 32.991488 32.805791
 226.600000 0.259789 31.527720 32.805791
 226.800000 0.274584 29.083608 32.805791
 227.000000 0.291034 25.808606 32.805791
 227.200000 0.295828 25.101255 32.805791
 227.400000 0.278565 28.831702 32.805791
 227.600000 0.267668 30.344783 32.805791
 227.800000 0.255142 32.275898 32.805791
 228.000000 0.271776 29.764263 32.805791
 228.200000 0.267353 30.836647 32.805791
 228.400000 0.247473 33.059530 32.805791
 228.600000 0.234944 32.950588 32.805791
 228.800000 0.262175 31.582551 32.805791
 229.000000 0.277312 29.446246 32.805791
 229.200000 0.288514 27.579724 32.805791
 229.400000 0.293816 26.055195 32.805791
 229.600000 0.296280 25.312220 32.805791
 229.800000 0.279748 29.522067 32.805791
 230.000000 0.263936 31.642507 32.918521
 230.200000 0.284711 28.690390 32.918521
 230.400000 0.305819 22.634391 32.918521
 230.600000 0.311170 21.377944 32.918521
 230.800000 0.302051 23.640514 32.918521
 231.000000 0.286790 28.161452 32.918521
 231.200000 0.265474 32.054761 32.918521
 231.400000 0.275178 30.918334 32.918521
 231.600000 0.295460 26.028174 32.918521
 231.800000 0.313603 20.942929 32.918521
 232.000000 0.297725 25.293648 32.918521
 232.200000 0.289631 28.352334 32.918521
 232.400000 0.314366 21.071861 32.918521
 232.600000 0.305508 23.437695 32.918521
 232.800000 0.306979 23.016355 32.918521
 233.000000 0.278992 30.604013 32.918521
 233.200000 0.257518 33.073336 32.918521
 233.400000 0.266652 32.308445 32.918521
 233.600000 0.268527 32.150198 32.918521
 233.800000 0.262152 32.692618 32.918521
 234.000000 0.247895 33.426719 32.918521
 234.200000 0.264418 32.713142 32.918521
 234.400000 0.278934 31.105950 32.918521
 234.600000 0.286342 29.614156 32.918521
 234.800000 0.281104 30.746485 32.918521
 235.000000 0.295224 26.914859 33.029145
 235.200000 0.322429 18.970582 33.029145
 235.400000 0.358234 5.246511 33.029145
 235.600000 0.368533 3.526935 33.029145
 235.800000 0.356334 5.697955 33.029145
 236.000000 0.354376 6.218496 33.029145
 236.200000 0.339763 12.667921 33.029145
 236.400000 0.334899 14.642995 33.029145
 236.600000 0.343745 11.093882 33.029145
 236.800000 0.327164 17.574903 33.029145
 237.000000 0.318367 20.276332 33.029145
 237.200000 0.315534 21.746222 33.029145
 237.400000 0.315029 21.878510 33.029145
 237.600000 0.303735 24.969112 33.029145
 237.800000 0.297306 26.995489 33.029145
 238.000000 0.303209 25.128953 33.029145
 238.200000 0.312507 23.005708 33.029145
 238.400000 0.323040 19.833043 33.029145
 238.600000 0.297931 27.331997 33.029145
 238.800000 0.310085 23.684113 33.029145
 239.000000 0.326111 18.731866 33.029145
 239.200000 0.323891 20.289905 33.029145
 239.400000 0.333753 16.258379 33.029145
 239.600000 0.327585 18.922879 33.029145
 239.800000 0.300234 26.789631 33.029145
 240.000000 0.289905 29.662838 33.034841
 240.200000 0.308262 24.795616 33.034841
 240.400000 0.289229 30.291009 33.034841
 240.600000 0.254158 33.687421 33.034841
 240.800000 0.241401 33.585781 33.034841
 241.000000 0.243436 33.689910 33.034841
 241.200000 0.243228 34.070112 33.034841
 241.400000 0.248373 34.206147 33.034841
 241.600000 0.262687 33.212432 33.034841
 241.800000 0.269935 32.614309 33.034841
 242.000000 0.271962 32.478519 33.034841
 242.200000 0.270380 32.993348 33.034841
 242.400000 0.265207 33.352868 33.034841
 242.600000 0.257415 33.982272 33.034841
 242.800000 0.242446 34.088847 33.034841
 243.000000 0.240174 33.944013 33.034841
 243.200000 0.245536 34.612652 33.034841
 243.400000 0.245323 34.605470 33.034841
 243.600000 0.249882 34.640043 33.034841
 243.800000 0.247480 34.653836 33.034841
 244.000000 0.239336 34.274844 33.034841
 244.200000 0.243656 34.899362 33.034841
 244.400000 0.243973 34.912181 33.034841
 244.600000 0.213734 35.599090 33.034841
 244.800000 0.225295 34.386869 33.034841
 245.000000 0.221492 34.711941 33.462172
 245.200000 0.230300 34.549430 33.462172
 245.400000 0.246474 35.070048 33.462172
 245.600000 0.231199 34.547059 33.462172
 245.800000 0.215568 35.735389 33.462172
 246.000000 0.224231 34.829344 33.462172
 246.200000 0.221943 35.405417 33.462172
 246.400000 0.239920 35.082305 33.462172
 246.600000 0.239321 35.060918 33.462172
 246.800000 0.220448 35.554285 33.462172
 247.000000 0.225674 35.091024 33.462172
 247.200000 0.232577 35.208638 33.462172
 247.400000 0.235678 35.228590 33.462172
 247.600000 0.234901 35.217850 33.462172
 247.800000 0.234795 35.216654 33.462172
 248.000000 0.213818 36.476258 33.462172
 248.200000 0.216850 36.568880 33.462172
 248.400000 0.219429 36.316246 33.462172
 248.600000 0.246707 35.357291 33.462172
 248.800000 0.247703 35.320386 33.462172
 249.000000 0.243430 35.410327 33.462172
 249.200000 0.249899 35.529595 33.462172
 249.400000 0.231811 35.649356 33.462172
 249.600000 0.221340 36.241655 33.462172
 249.800000 0.234342 35.647759 33.462172
 250.000000 0.232870 35.643107 34.102585
 250.200000 0.231151 36.013312 34.102585
 250.400000 0.237731 36.040038 34.102585
 250.600000 0.220279 36.589781 34.102585
 250.800000 0.231933 36.005160 34.102585
 251.000000 0.241595 36.067072 34.102585
 251.200000 0.230080 36.293233 34.102585
 251.400000 0.237284 36.371161 34.102585
 251.600000 0.230727 36.289416 34.102585
 251.800000 0.249297 36.076858 34.102585
 252.000000 0.239975 36.412031 34.102585
 252.200000 0.242477 36.753772 34.102585
 252.400000 0.239672 36.754546 34.102585
 252.600000 0.239533 36.752895 34.102585
 252.800000 0.240626 36.761972 34.102585
 253.000000 0.224126 36.680002 34.102585
 253.200000 0.227714 36.914702 34.102585
 253.400000 0.235193 36.918925 34.102585
 253.600000 0.243425 36.884696 34.102585
 253.800000 0.260255 34.692005 34.102585
 254.000000 0.272221 33.095648 34.102585
 254.200000 0.287956 31.055509 34.102585
 254.400000 0.304705 25.882201 34.102585
 254.600000 0.307788 24.973076 34.102585
 254.800000 0.293951 29.332964 34.102585
 255.000000 0.284845 31.772124 34.562288
 255.200000 0.251798 36.313418 34.562288
 255.400000 0.245568 36.873131 34.562288
 255.600000 0.254102 36.004342 34.562288
 255.800000 0.270943 33.899392 34.562288
 256.000000 0.302085 26.918577 34.562288
 256.200000 0.305639 26.275671 34.562288
 256.400000 0.319184 22.141110 34.562288
 256.600000 0.304733 26.569102 34.562288
 256.800000 0.288382 31.707320 34.562288
 257.000000 0.305869 26.201971 34.562288
 257.200000 0.303434 27.533280 34.562288
 257.400000 0.303832 27.404072 34.562288
 257.600000 0.294294 30.437949 34.562288
 257.800000 0.310565 25.266632 34.562288
 258.000000 0.353025 8.136430 34.562288
 258.200000 0.331153 18.071154 34.562288
 258.400000 0.328896 19.017186 34.562288
 258.600000 0.323018 21.285272 34.562288
 258.800000 0.332715 17.399754 34.562288
 259.000000 0.354319 8.944393 34.562288
 259.200000 0.355554 9.734717 34.562288
 259.400000 0.355958 9.609417 34.562288
 259.600000 0.363873 7.199490 34.562288
 259.800000 0.370139 5.408837 34.562288
 260.000000 0.376473 3.816879 34.551649
 260.200000 0.360549 9.038496 34.551649
 260.400000 0.344727 13.416354 34.551649
 260.600000 0.339246 15.334686 34.551649
 260.800000 0.345573 13.141275 34.551649
 261.000000 0.348831 12.137712 34.551649
 261.200000 0.362228 9.314135 34.551649
 261.400000 0.374625 5.949351 34.551649
 261.600000 0.390411 2.336249 34.551649
 261.800000 0.396370 1.362271 34.551649
 262.000000 0.374410 6.004551 34.551649
 262.200000 0.363946 9.880712 34.551649
 262.400000 0.347151 13.911936 34.551649
 262.600000 0.331425 18.871563 34.551649
 262.800000 0.312833 24.671893 34.551649
 263.000000 0.342625 15.199842 34.551649
 263.200000 0.360821 11.024844 34.551649
 263.400000 0.361807 10.765050 34.551649
 263.600000 0.356761 12.106493 34.551649
 263.800000 0.357035 12.032805 34.551649
 264.000000 0.350445 13.831792 34.551649
 264.200000 0.360152 11.967655 34.551649
 264.400000 0.356447 13.063076 34.551649
 264.600000 0.352902 14.085827 34.551649
 264.800000 0.369398 9.198966 34.551649
 265.000000 0.365910 10.243953 34.522239
 265.200000 0.362543 12.334697 34.522239
 265.400000 0.348772 15.815791 34.522239
 265.600000 0.333452 19.516617 34.522239
 265.800000 0.322154 22.437459 34.522239
 266.000000 0.318879 23.269023 34.522239
 266.200000 0.309391 26.291955 34.522239
 266.400000 0.316720 24.432032 34.522239
 266.600000 0.325746 22.078816 34.522239
 266.800000 0.314302 25.035695 34.522239
 267.000000 0.306320 27.124045 34.522239
 267.200000 0.309684 26.724763 34.522239
 267.400000 0.317442 24.648335 34.522239
 267.600000 0.305803 27.790873 34.522239
 267.800000 0.315880 25.067848 34.522239
 268.000000 0.313500 25.703162 34.522239
 268.200000 0.303671 28.838985 34.522239
 268.400000 0.308778 27.500245 34.522239
 268.600000 0.293370 31.439191 34.522239
 268.800000 0.289170 32.309511 34.522239
 269.000000 0.280638 33.444578 34.522239
 269.200000 0.291797 32.084327 34.522239
 269.400000 0.290621 32.345035 34.522239
 269.600000 0.291793 32.085248 34.522239
 269.800000 0.279471 33.930563 34.522239
 270.000000 0.265707 34.688499 34.632565
 270.200000 0.273376 34.578089 34.632565
 270.400000 0.266829 34.973010 34.632565
 270.600000 0.260389 35.601164 34.632565
 270.800000 0.255036 36.255444 34.632565
 271.000000 0.256909 36.026690 34.632565
 271.200000 0.277003 34.507019 34.632565
 271.400000 0.300340 29.910119 34.632565
 271.600000 0.284033 33.726428 34.632565
 271.800000 0.283472 33.808741 34.632565
 272.000000 0.267200 35.223285 34.632565
 272.200000 0.297996 30.607124 34.632565
 272.400000 0.316205 25.553531 34.632565
 272.600000 0.317852 25.089502 34.632565
 272.800000 0.327103 22.274523 34.632565
 273.000000 0.307481 27.934760 34.632565
 273.200000 0.284681 33.969023 34.632565
 273.400000 0.273494 35.133736 34.632565
 273.600000 0.281939 34.356053 34.632565
 273.800000 0.310549 27.593699 34.632565
 274.000000 0.306745 28.640889 34.632565
 274.200000 0.286820 33.809646 34.632565
 274.400000 0.282822 34.376964 34.632565
 274.600000 0.300547 30.783600 34.632565
 274.800000 0.301778 30.462698 34.632565
 275.000000 0.318878 25.524498 34.825445
 275.200000 0.337193 19.477218 34.825445
 275.400000 0.361384 12.681135 34.825445
 275.600000 0.377912 7.455197 34.825445
 275.800000 0.367343 10.922385 34.825445
 276.000000 0.357859 13.653751 34.825445
 276.200000 0.357555 14.688197 34.825445
 276.400000 0.346722 17.309462 34.825445
 276.600000 0.366610 11.950466 34.825445
 276.800000 0.385424 5.097852 34.825445
 277.000000 0.388345 4.131090 34.825445
 277.200000 0.376523 9.433923 34.825445
 277.400000 0.375449 9.776657 34.825445
 277.600000 0.363332 13.374661 34.825445
 277.800000 0.349954 16.609011 34.825445
 278.000000 0.335666 20.321238 34.825445
 278.200000 0.315382 27.479121 34.825445
 278.400000 0.308393 29.250129 34.825445
 278.600000 0.300191 31.175148 34.825445
 278.800000 0.308418 29.244061 34.825445
 279.000000 0.300650 31.069788 34.825445
 279.200000 0.311481 28.831789 34.825445
 279.400000 0.307401 29.884072 34.825445
 279.600000 0.295088 32.721047 34.825445
 279.800000 0.296232 32.483911 34.825445
 280.000000 0.299242 31.828201 34.848201
 280.200000 0.315795 27.860222 34.848201
 280.400000 0.334046 21.616434 34.848201
 280.600000 0.327817 23.793315 34.848201
 280.800000 0.335253 21.214108 34.848201
 281.000000 0.314751 28.178682 34.848201
 281.200000 0.291754 33.893147 34.848201
 281.400000 0.271096 35.474146 34.848201
 281.600000 0.282184 34.952384 34.848201
 281.800000 0.283415 34.861049 34.848201
 282.000000 0.301648 32.035514 34.848201
 282.200000 0.318409 27.744017 34.848201
 282.400000 0.324082 25.662872 34.848201
 282.600000 0.345409 18.290667 34.848201
 282.800000 0.357219 15.203887 34.848201
 283.000000 0.349695 17.158951 34.848201
 283.200000 0.389600 5.215518 34.848201
 283.400000 0.402567 1.893081 34.848201
 283.600000 0.390148 5.044315 34.848201
 283.800000 0.377226 9.371571 34.848201
 284.000000 0.360936 14.800189 34.848201
 284.200000 0.365850 14.081199 34.848201
 284.400000 0.385111 6.924677 34.848201
 284.600000 0.382598 7.846981 34.848201
 284.800000 0.375266 10.617153 34.848201
 285.000000 0.360038 15.980857 34.860098
 285.200000 0.340248 21.164340 34.860098
 285.400000 0.337941 21.693162 34.860098
 285.600000 0.320769 27.076273 34.860098
 285.800000 0.317954 28.015505 34.860098
 286.000000 0.334827 22.497162 34.860098
 286.200000 0.348450 19.994391 34.860098
 286.400000 0.341448 21.491853 34.860098
 286.600000 0.344716 20.781808 34.860098
 286.800000 0.327936 25.205244 34.860098
 287.000000 0.315534 29.068087 34.860098
 287.200000 0.324340 26.758236 34.860098
 287.400000 0.333114 23.864876 34.860098
 287.600000 0.325883 26.238025 34.860098
 287.800000 0.326753 25.944328 34.860098
 288.000000 0.312957 30.262999 34.860098
 288.200000 0.307952 31.933591 34.860098
 288.400000 0.314156 30.389923 34.860098
 288.600000 0.323429 27.419679 34.860098
 288.800000 0.328494 25.624293 34.860098
 289.000000 0.342341 21.455549 34.860098
 289.200000 0.360656 17.120105 34.860098
 289.400000 0.338660 23.046701 34.860098
 289.600000 0.318465 29.285499 34.860098
 289.800000 0.308452 31.873567 34.860098
 290.000000 0.307460 32.084991 34.894418
 290.200000 0.339310 22.922247 34.894418
 290.400000 0.340880 22.518454 34.894418
 290.600000 0.333729 24.510749 34.894418
 290.800000 0.311833 31.497692 34.894418
 291.000000 0.327986 26.392803 34.894418
 291.200000 0.326956 27.285238 34.894418
 291.400000 0.310152 32.172786 34.894418
 291.600000 0.297625 34.217858 34.894418
 291.800000 0.300235 33.885479 34.894418
 292.000000 0.325372 27.824017 34.894418
 292.200000 0.358898 17.832789 34.894418
 292.400000 0.359422 17.647090 34.894418
 292.600000 0.348868 20.942469 34.894418
 292.800000 0.345327 21.923346 34.894418
 293.000000 0.347664 21.276756 34.894418
 293.200000 0.300702 33.955445 34.894418
 293.400000 0.282192 35.338939 34.894418
 293.600000 0.280813 35.370783 34.894418
 293.800000 0.289920 34.987003 34.894418
 294.000000 0.298112 34.257051 34.894418
 294.200000 0.292296 35.163990 34.894418
 294.400000 0.284247 35.524471 34.894418
 294.600000 0.270862 35.641511 34.894418
 294.800000 0.249785 37.306271 34.894418
 295.000000 0.250104 37.287780 35.048979
 295.200000 0.262199 36.393892 35.048979
 295.400000 0.267337 35.949842 35.048979
 295.600000 0.252834 37.413951 35.048979
 295.800000 0.273026 35.703123 35.048979
 296.000000 0.272837 35.707687 35.048979
 296.200000 0.264170 36.501902 35.048979
 296.400000 0.273532 36.048024 35.048979
 296.600000 0.271766 36.093165 35.048979
 296.800000 0.267979 36.247718 35.048979
 297.000000 0.289941 35.508522 35.048979
 297.200000 0.294548 35.457725 35.048979
 297.400000 0.263717 36.616388 35.048979
 297.600000 0.241178 37.702674 35.048979
 297.800000 0.262212 36.734503 35.048979
 298.000000 0.261880 36.762595 35.048979
 298.200000 0.274525 36.477429 35.048979
 298.400000 0.269274 36.624967 35.048979
 298.600000 0.269022 36.635565 35.048979
 298.800000 0.269599 36.611817 35.048979
 299.000000 0.272694 36.515617 35.048979
 299.200000 0.276382 36.779865 35.048979
 299.400000 0.256703 37.761510 35.048979
 299.600000 0.261425 37.401574 35.048979
 299.800000 0.249431 38.115217 35.048979
 300.000000 0.249669 38.111418 35.506951
