#! FIELDS time d metad.bias metad.rct
 0.000000 0.201194 0.000000 0.000000
 0.200000 0.190592 0.000000 0.000000
 0.400000 0.174931 0.000000 0.000000
 0.600000 0.166758 0.000000 0.000000
 0.800000 0.177873 0.000000 0.000000
 1.000000 0.184604 0.000000 0.000000
 1.200000 0.174677 1.405144 0.000000
 1.400000 0.160762 0.492352 0.000000
 1.600000 0.154767 0.239087 0.000000
 1.800000 0.166908 0.870907 0.000000
 2.000000 0.194186 1.426373 0.000000
 2.200000 0.212551 1.080225 0.000000
 2.400000 0.200962 2.446817 0.000000
 2.600000 0.174701 2.111132 0.000000
 2.800000 0.179733 2.691098 0.000000
 3.000000 0.163934 0.887174 0.000000
 3.200000 0.176775 3.527515 0.000000
 3.400000 0.175328 3.447996 0.000000
 3.600000 0.169025 3.006679 0.000000
 3.800000 0.161322 2.325220 0.000000
 4.000000 0.160026 2.200469 0.000000
 4.200000 0.160584 3.839938 0.000000
 4.400000 0.161935 3.957269 0.000000
 4.600000 0.141055 1.257498 0.000000
 4.800000 0.155759 3.304385 0.000000
 5.000000 0.161924 3.956358 1.464293
 5.200000 0.160617 5.304611 1.464293
 5.400000 0.143161 2.191076 1.464293
 5.600000 0.140564 1.730209 1.464293
 5.800000 0.148582 3.274817 1.464293
 6.000000 0.166649 5.644890 1.464293
 6.200000 0.183554 5.434080 1.464293
 6.400000 0.171266 6.882007 1.464293
 6.600000 0.146342 3.357861 1.464293
 6.800000 0.139256 1.774547 1.464293
 7.000000 0.150695 4.479473 1.464293
 7.200000 0.163875 7.865238 1.464293
 7.400000 0.170043 7.571153 1.464293
 7.600000 0.174645 6.994884 1.464293
 7.800000 0.177904 6.491973 1.464293
 8.000000 0.179001 6.314108 1.464293
 8.200000 0.192796 4.906287 1.464293
 8.400000 0.183664 6.801871 1.464293
 8.600000 0.189505 5.614873 1.464293
 8.800000 0.186437 6.253290 1.464293
 9.000000 0.207641 1.913797 1.464293
 9.200000 0.207501 3.543692 1.464293
 9.400000 0.197320 5.190540 1.464293
 9.600000 0.183574 7.260532 1.464293
 9.800000 0.185782 6.939400 1.464293
 10.000000 0.210684 3.025176 3.676751
 10.200000 0.197790 6.172711 3.676751
 10.400000 0.186068 7.293037 3.676751
 10.600000 0.175879 8.371796 3.676751
 10.800000 0.182273 7.697981 3.676751
 11.000000 0.186366 7.262336 3.676751
 11.200000 0.192545 7.825878 3.676751
 11.400000 0.203377 6.241511 3.676751
 11.600000 0.191195 7.990963 3.676751
 11.800000 0.186532 8.511539 3.676751
 12.000000 0.195027 7.504947 3.676751
 12.200000 0.214492 4.661786 3.676751
 12.400000 0.224101 2.428658 3.676751
 12.600000 0.210340 5.704056 3.676751
 12.800000 0.216237 4.226306 3.676751
 13.000000 0.237083 0.602942 3.676751
 13.200000 0.228209 3.104675 3.676751
 13.400000 0.219843 4.235833 3.676751
 13.600000 0.227338 3.200510 3.676751
 13.800000 0.216292 4.862672 3.676751
 14.000000 0.203035 7.511750 3.676751
 14.200000 0.193214 10.015900 3.676751
 14.400000 0.184956 10.274706 3.676751
 14.600000 0.179936 10.243134 3.676751
 14.800000 0.185008 10.274537 3.676751
 15.000000 0.197332 9.636060 6.072324
 15.200000 0.196735 10.842254 6.072324
 15.400000 0.212082 7.436489 6.072324
 15.600000 0.236192 2.522846 6.072324
 15.800000 0.234150 2.744309 6.072324
 16.000000 0.230381 3.218123 6.072324
 16.200000 0.211856 8.208077 6.072324
 16.400000 0.234337 4.187583 6.072324
 16.600000 0.228221 5.042822 6.072324
 16.800000 0.231440 4.586683 6.072324
 17.000000 0.209838 8.678358 6.072324
 17.200000 0.194875 11.822368 6.072324
 17.400000 0.194338 11.826788 6.072324
 17.600000 0.210037 9.821079 6.072324
 17.800000 0.241394 3.305231 6.072324
 18.000000 0.252056 1.637891 6.072324
 18.200000 0.245508 4.104293 6.072324
 18.400000 0.233953 5.349173 6.072324
 18.600000 0.242025 4.500208 6.072324
 18.800000 0.244783 4.189727 6.072324
 19.000000 0.246473 3.987856 6.072324
 19.200000 0.253514 4.376056 6.072324
 19.400000 0.256005 3.912500 6.072324
 19.600000 0.251431 4.736575 6.072324
 19.800000 0.241520 5.941984 6.072324
 20.000000 0.228971 6.695963 7.032086
